index,case,kind,generation_seed,embedding_family,designed_crossings,grid_size,expected_genus,seed_nodes,seed_edges,radius_vox,completed,overall_pass,timing_error,git_branch,git_commit,python_version,platform,processor,voxelization_seconds,input_topology_check_seconds,skeletonization_seconds,graph_extraction_seconds,voxel_to_world_seconds,contract_short_edges_seconds,remove_leaf_nodes_seconds,simplify_edges_seconds,smooth_edges_seconds,final_ensure_embedding_seconds,graph_cleanup_seconds,recovery_total_seconds,abstract_isomorphism_seconds,true_yamada_seconds,recovered_yamada_seconds,yamada_total_seconds,serialize_recovered_graph_seconds,fingerprint_seconds,volume_to_yamada_seconds,synthetic_end_to_end_seconds,case_total_seconds
0,control_trivial_theta,control,20260824,baseline_control,0,200,2,2,3,9.948977890074238,True,True,,perf/incremental-yamada-frontier-order,1d8374f42cccbb16d78d44100a65ca603d7d1997,3.14.7,macOS-26.6.2-arm64-arm-64bit-Mach-O,arm,0.04303812503349036,0.1626407919684425,0.1607097500236705,0.006346415961161256,0.004336209036409855,0.008451084024272859,1.4415942132472992e-05,0.0046359580010175705,0.004964583087712526,0.00040316698141396046,0.01846920803654939,0.18987666605971754,5.8999983593821526e-05,0.11319908301811665,0.007665207958780229,0.12086429097689688,1.4167046174407005e-05,7.975008338689804e-05,0.19754187401849777,0.4032207910204306,0.5205874160164967
1,control_trefoil_theta,control,20260824,knotted_crossing_control,0,200,2,2,3,10.724698531143337,True,True,,perf/incremental-yamada-frontier-order,1d8374f42cccbb16d78d44100a65ca603d7d1997,3.14.7,macOS-26.6.2-arm64-arm-64bit-Mach-O,arm,0.08326445904094726,0.15061670797877014,0.0745811250526458,0.005626290920190513,0.005275042029097676,0.010379667044617236,1.6332953236997128e-05,0.005412832950241864,0.0056968750432133675,0.0005695000290870667,0.02207520802039653,0.1075714590260759,5.195790436118841e-05,0.15751962491776794,0.012763166916556656,0.1702827918343246,1.2082979083061218e-05,8.754199370741844e-05,0.12033462594263256,0.35421579296234995,0.5158612080849707
2,control_k4_genus3,control,20260824,spatial_control,0,200,3,4,6,7.511368806672497,True,True,,perf/incremental-yamada-frontier-order,1d8374f42cccbb16d78d44100a65ca603d7d1997,3.14.7,macOS-26.6.2-arm64-arm-64bit-Mach-O,arm,0.03803300007712096,0.1470227079698816,0.03828312503173947,0.005958333029411733,0.004922708962112665,0.009660791023634374,2.220796886831522e-05,0.005094541935250163,0.005132042104378343,0.00042508309707045555,0.02033466612920165,0.06951808393932879,9.499990846961737e-05,0.12044075003359467,0.006728625041432679,0.12716937507502735,1.6167061403393745e-05,5.312508437782526e-05,0.07624670898076147,0.261302417027764,0.385752874892205
3,random_0000,random_cycle_chord,20260824,baseline,0,200,3,11,13,4.099776194019209,True,True,,perf/incremental-yamada-frontier-order,1d8374f42cccbb16d78d44100a65ca603d7d1997,3.14.7,macOS-26.6.2-arm64-arm-64bit-Mach-O,arm,0.03138670895714313,0.15072083403356373,0.01715237507596612,0.0065893749706447124,0.006626834045164287,0.013034125091508031,2.154102548956871e-05,0.0067711250158026814,0.006964333006180823,0.0005569159984588623,0.027348040137439966,0.05773704103194177,7.29589955881238e-05,0.16769579204265028,0.008736917050555348,0.17643270909320563,1.6125035472214222e-05,6.779097020626068e-05,0.06647395808249712,0.24858150107320398,0.4204365418991074
4,random_0001,random_cycle_chord,20260824,baseline,0,200,4,13,16,4.565325347618296,True,True,,perf/incremental-yamada-frontier-order,1d8374f42cccbb16d78d44100a65ca603d7d1997,3.14.7,macOS-26.6.2-arm64-arm-64bit-Mach-O,arm,0.041266415966674685,0.14795020793098956,0.025904125068336725,0.007432208047248423,0.007719916990026832,0.015219083055853844,2.9999995604157448e-05,0.007890832959674299,0.008148625027388334,0.000725707970559597,0.03201424900908023,0.07309679198078811,8.729193359613419e-05,0.20637479203287512,0.011285540997050703,0.21766033302992582,1.8457998521625996e-05,8.204090408980846e-05,0.08438233297783881,0.27359895687550306,0.4842873750021681
5,random_0002,random_cycle_chord,20260824,crossing_rich,4,200,5,8,12,6.6036482789631945,True,True,,perf/incremental-yamada-frontier-order,1d8374f42cccbb16d78d44100a65ca603d7d1997,3.14.7,macOS-26.6.2-arm64-arm-64bit-Mach-O,arm,0.04294062510598451,0.14940658304840326,0.06439316703472286,0.009649874991737306,0.010623999987728894,0.020873915986157954,3.975001163780689e-05,0.010878917062655091,0.011633999994955957,0.0014082079287618399,0.04483479098416865,0.12953954096883535,0.00016062497161328793,0.16360062500461936,0.027305208961479366,0.19090583396609873,2.4916022084653378e-05,0.00015195808373391628,0.15684474993031472,0.3491919580847025,0.5176348329987377
6,random_0003,random_cycle_chord,20260824,baseline,0,200,4,11,14,4.11028561192136,True,True,,perf/incremental-yamada-frontier-order,1d8374f42cccbb16d78d44100a65ca603d7d1997,3.14.7,macOS-26.6.2-arm64-arm-64bit-Mach-O,arm,0.03408437501639128,0.1480586250545457,0.020750332972966135,0.0074990830617025495,0.0076999160228297114,0.015182750066742301,2.891593612730503e-05,0.007860083016566932,0.008113541989587247,0.0007314590038731694,0.031916750012896955,0.06789295910857618,7.42500415071845e-05,0.18002633308060467,0.011148250079713762,0.19117458316031843,1.8208986148238182e-05,8.183298632502556e-05,0.07904120918828994,0.2611842092592269,0.44548250001389533
7,random_0004,random_cycle_chord,20260824,baseline,0,200,4,10,13,4.683058528605245,True,True,,perf/incremental-yamada-frontier-order,1d8374f42cccbb16d78d44100a65ca603d7d1997,3.14.7,macOS-26.6.2-arm64-arm-64bit-Mach-O,arm,0.0342896250076592,0.14822175004519522,0.02278791693970561,0.0075014999601989985,0.007691457984037697,0.015113250003196299,2.975005190819502e-05,0.0078941669780761,0.008133749943226576,0.0007734580431133509,0.03194437501952052,0.06995258398819715,7.187493611127138e-05,0.15787145809736103,0.011872875038534403,0.16974433313589543,1.9083963707089424e-05,8.825003169476986e-05,0.08182545902673155,0.26433683407958597,0.4265138329938054
8,random_0005,random_cycle_chord,20260824,crossing_rich,6,200,6,11,16,5.22107890211272,True,True,,perf/incremental-yamada-frontier-order,1d8374f42cccbb16d78d44100a65ca603d7d1997,3.14.7,macOS-26.6.2-arm64-arm-64bit-Mach-O,arm,0.045839917031116784,0.1489409579662606,0.051435917033813894,0.011362791992723942,0.013305833097547293,0.026259917067363858,4.479195922613144e-05,0.013608791050501168,0.014461958082392812,0.00167841708753258,0.05605387524701655,0.1321993339806795,9.849993512034416e-05,0.21511975000612438,0.03296024992596358,0.24807999993208796,2.933293581008911e-05,0.00018462492153048515,0.1651595839066431,0.3599404589040205,0.5803065419895574
9,random_0006,random_cycle_chord,20260824,baseline,0,200,3,10,12,5.62151146390269,True,True,,perf/incremental-yamada-frontier-order,1d8374f42cccbb16d78d44100a65ca603d7d1997,3.14.7,macOS-26.6.2-arm64-arm-64bit-Mach-O,arm,0.03630383394192904,0.14820254198275506,0.026127916993573308,0.006832208018749952,0.006983540952205658,0.013817167025990784,2.208305522799492e-05,0.00712800002656877,0.007299209013581276,0.0005542499711737037,0.02882070909254253,0.06878345797304064,6.304203998297453e-05,0.15364037500694394,0.00885400001425296,0.1624943750211969,1.4874967746436596e-05,7.279193960130215e-05,0.0776374579872936,0.2621438339119777,0.4199330830015242
10,random_0007,random_cycle_chord,20260824,baseline,0,200,4,11,14,4.0425228010655365,True,True,,perf/incremental-yamada-frontier-order,1d8374f42cccbb16d78d44100a65ca603d7d1997,3.14.7,macOS-26.6.2-arm64-arm-64bit-Mach-O,arm,0.03422758402302861,0.1477255830541253,0.023403165978379548,0.00767433294095099,0.008226417005062103,0.016305082943290472,3.350002225488424e-05,0.008444917039014399,0.008728542015887797,0.0007494590245187283,0.03426150104496628,0.07359183405060321,8.045800495892763e-05,0.18040583399124444,0.011519125080667436,0.19192495907191187,1.850002445280552e-05,8.50410433486104e-05,0.08511095913127065,0.26706412620842457,0.4517622090643272
11,random_0008,random_cycle_chord,20260824,baseline,0,200,3,8,10,6.139995598227568,True,True,,perf/incremental-yamada-frontier-order,1d8374f42cccbb16d78d44100a65ca603d7d1997,3.14.7,macOS-26.6.2-arm64-arm-64bit-Mach-O,arm,0.03236641606781632,0.14809529099147767,0.033989665913395584,0.006628041039220989,0.006676167016848922,0.013143791002221406,2.183311153203249e-05,0.006789874983951449,0.007024041027761996,0.000565374968573451,0.027544915094040334,0.07485833403188735,5.579204298555851e-05,0.12853295798413455,0.009132083971053362,0.13766504195518792,1.5290919691324234e-05,7.150007877498865e-05,0.08399041800294071,0.2644521250622347,0.39710679196286947
12,random_0009,random_cycle_chord,20260824,baseline,0,200,3,9,11,5.3600776851905865,True,True,,perf/incremental-yamada-frontier-order,1d8374f42cccbb16d78d44100a65ca603d7d1997,3.14.7,macOS-26.6.2-arm64-arm-64bit-Mach-O,arm,0.032207790995016694,0.1475421660579741,0.02628212491981685,0.006387499975971878,0.006737999967299402,0.013252667034976184,2.1915999241173267e-05,0.006850791978649795,0.007043250021524727,0.0005407920107245445,0.027709417045116425,0.06713612505700439,6.729201413691044e-05,0.14127183298114687,0.008615250000730157,0.14988708298187703,1.3542012311518192e-05,6.3000014051795e-05,0.07575137505773455,0.25550133211072534,0.40087579109240323
13,random_0010,random_cycle_chord,20260824,baseline,0,200,3,9,11,5.39001619618171,True,True,,perf/incremental-yamada-frontier-order,1d8374f42cccbb16d78d44100a65ca603d7d1997,3.14.7,macOS-26.6.2-arm64-arm-64bit-Mach-O,arm,0.03198579093441367,0.1477606249973178,0.0287353330058977,0.006594249978661537,0.006975374999456108,0.013734958018176258,2.2249994799494743e-05,0.007142749964259565,0.0072297920705750585,0.0005215829005464911,0.028651332948356867,0.07097479200456291,5.99580816924572e-05,0.14151529199443758,0.008297084015794098,0.14981237601023167,1.3625016435980797e-05,6.512494292110205e-05,0.07927187602035701,0.2590182919520885,0.40465241705533117
14,random_0011,random_cycle_chord,20260824,crossing_rich,3,200,4,8,11,4.172939003587893,True,True,,perf/incremental-yamada-frontier-order,1d8374f42cccbb16d78d44100a65ca603d7d1997,3.14.7,macOS-26.6.2-arm64-arm-64bit-Mach-O,arm,0.027870249934494495,0.14799712505191565,0.03744970797561109,0.009014458046294749,0.010154750081710517,0.020044625038281083,3.14170029014349e-05,0.010314792045392096,0.010729541070759296,0.0009452078957110643,0.042065583053044975,0.09871475002728403,7.479195483028889e-05,0.2352617080323398,0.02465024997945875,0.25991195801179856,1.950003206729889e-05,0.00010724994353950024,0.12336500000674278,0.2992323749931529,0.5382907920284197
15,random_0012,random_cycle_chord,20260824,crossing_rich,4,200,5,9,13,6.077208470709339,True,True,,perf/incremental-yamada-frontier-order,1d8374f42cccbb16d78d44100a65ca603d7d1997,3.14.7,macOS-26.6.2-arm64-arm-64bit-Mach-O,arm,0.04214387503452599,0.14944691699929535,0.06369579106103629,0.00941683305427432,0.010339041007682681,0.0203191249165684,4.058307968080044e-05,0.010582708055153489,0.01127124996855855,0.0012984169879928231,0.04351208300795406,0.12699945899657905,9.054201655089855e-05,0.17532945796847343,0.02515979192685336,0.2004892498953268,2.3832893930375576e-05,0.00014020793605595827,0.1521592509234324,0.34375004295725375,0.5235739590134472
16,random_0013,random_cycle_chord,20260824,baseline,0,200,3,11,13,5.229702979573282,True,True,,perf/incremental-yamada-frontier-order,1d8374f42cccbb16d78d44100a65ca603d7d1997,3.14.7,macOS-26.6.2-arm64-arm-64bit-Mach-O,arm,0.03693641605786979,0.14797691605053842,0.024060415918938816,0.006783791002817452,0.007103915908373892,0.013966750004328787,2.1499930880963802e-05,0.00721008307300508,0.007425833027809858,0.000555708073079586,0.029179874109104276,0.06714699999429286,6.491690874099731e-05,0.16724683402571827,0.009023040998727083,0.17626987502444535,1.3749930076301098e-05,7.049995474517345e-05,0.07617004099301994,0.26108337310142815,0.4324499579379335
17,random_0014,random_cycle_chord,20260824,crossing_rich,8,200,7,12,18,4.876096776192993,True,True,,perf/incremental-yamada-frontier-order,1d8374f42cccbb16d78d44100a65ca603d7d1997,3.14.7,macOS-26.6.2-arm64-arm-64bit-Mach-O,arm,0.048802000004798174,0.14906933391466737,0.052822416997514665,0.015829209005460143,0.014926707954145968,0.029689832939766347,7.825007196515799e-05,0.015168541925959289,0.01622637500986457,0.002081915969029069,0.06324491591658443,0.1468849170487374,0.00026241596788167953,0.2548646670766175,0.04753229103516787,0.30239695811178535,3.3541000448167324e-05,0.0002168749924749136,0.19441720808390528,0.3922885420033708,0.6525703329825774
18,random_0015,random_cycle_chord,20260824,crossing_rich,6,200,6,12,17,4.880517712536488,True,True,,perf/incremental-yamada-frontier-order,1d8374f42cccbb16d78d44100a65ca603d7d1997,3.14.7,macOS-26.6.2-arm64-arm-64bit-Mach-O,arm,0.04584262508433312,0.15372208296321332,0.047828624956309795,0.012269000057131052,0.013924541999585927,0.027976916986517608,0.00011420901864767075,0.014685041969642043,0.015445124940015376,0.001872749999165535,0.06009404291398823,0.13419687503483146,0.00013929198030382395,0.33115058299154043,0.04470683401450515,0.3758574170060456,2.920802216976881e-05,0.00017775001469999552,0.1789037090493366,0.37846841709688306,0.7136499170446768
19,random_0016,random_cycle_chord,20260824,baseline,0,200,3,11,13,4.121772190727345,True,True,,perf/incremental-yamada-frontier-order,1d8374f42cccbb16d78d44100a65ca603d7d1997,3.14.7,macOS-26.6.2-arm64-arm-64bit-Mach-O,arm,0.03138950001448393,0.14807604206725955,0.016517417039722204,0.00707508297637105,0.006624541943892837,0.012892583035863936,2.2833002731204033e-05,0.006736250012181699,0.006900875014252961,0.0005556250689551234,0.027108166133984923,0.05735099990852177,7.39159295335412e-05,0.16765487508382648,0.008891917066648602,0.17654679215047508,1.4042016118764877e-05,7.058295886963606e-05,0.06624291697517037,0.24570845905691385,0.41751962492708117
20,random_0017,random_cycle_chord,20260824,crossing_rich,3,200,5,10,14,5.624436438950143,True,True,,perf/incremental-yamada-frontier-order,1d8374f42cccbb16d78d44100a65ca603d7d1997,3.14.7,macOS-26.6.2-arm64-arm-64bit-Mach-O,arm,0.043260541977360845,0.15873562498018146,0.0495995000237599,0.00971816701348871,0.010176458046771586,0.019896000041626394,3.6958022974431515e-05,0.010297374916262925,0.010970041970722377,0.0012500419979915023,0.04245041694957763,0.1119809589581564,9.570806287229061e-05,0.18538541696034372,0.02193591697141528,0.207321333931759,2.4833017960190773e-05,0.00013950001448392868,0.1339168759295717,0.335913042887114,0.5258267079479992
21,random_0018,random_cycle_chord,20260824,baseline,0,200,3,10,12,4.641850867590307,True,True,,perf/incremental-yamada-frontier-order,1d8374f42cccbb16d78d44100a65ca603d7d1997,3.14.7,macOS-26.6.2-arm64-arm-64bit-Mach-O,arm,0.03150262497365475,0.14901900000404567,0.020931166014634073,0.006595917046070099,0.006966708926483989,0.013759208028204739,2.1124957129359245e-05,0.011847499990835786,0.007710625068284571,0.0005481250118464231,0.03388658305630088,0.0683997079031542,8.270901162177324e-05,0.15999066701624542,0.00828895892482251,0.16827962594106793,1.4249933883547783e-05,7.087504491209984e-05,0.0766886668279767,0.2572102918056771,0.4213825829792768
22,random_0019,random_cycle_chord,20260824,crossing_rich,4,200,5,11,15,5.221738083006809,True,True,,perf/incremental-yamada-frontier-order,1d8374f42cccbb16d78d44100a65ca603d7d1997,3.14.7,macOS-26.6.2-arm64-arm-64bit-Mach-O,arm,0.042979834019206464,0.1494872090406716,0.04614783404394984,0.009904374950565398,0.010968416929244995,0.02153195906430483,5.0749978981912136e-05,0.011197332991287112,0.011753250029869378,0.0012856250395998359,0.045818917104043067,0.11288541706744581,8.77920538187027e-05,0.20093937509227544,0.025134957977570593,0.22607433306984603,2.3333006538450718e-05,0.00014345801901072264,0.1380203750450164,0.33048741810489446,0.5359097499167547
23,random_0020,random_cycle_chord,20260824,crossing_rich,3,200,4,11,14,5.036507738508234,True,True,,perf/incremental-yamada-frontier-order,1d8374f42cccbb16d78d44100a65ca603d7d1997,3.14.7,macOS-26.6.2-arm64-arm-64bit-Mach-O,arm,0.03903216705657542,0.1488799579674378,0.04128658305853605,0.00890320900361985,0.009615708026103675,0.019181667012162507,4.858302418142557e-05,0.009909291053190827,0.010395291959866881,0.001034958055242896,0.04056979110464454,0.10040366696193814,8.570798672735691e-05,0.18482212501112372,0.020043500000610948,0.20486562501173466,1.950003206729889e-05,0.00012283294927328825,0.12044716696254909,0.3083592919865623,0.4974657919956371
24,random_0021,random_cycle_chord,20260824,crossing_rich,3,200,5,10,14,5.09528309926177,True,True,,perf/incremental-yamada-frontier-order,1d8374f42cccbb16d78d44100a65ca603d7d1997,3.14.7,macOS-26.6.2-arm64-arm-64bit-Mach-O,arm,0.03935099998489022,0.14892629196401685,0.04215479095000774,0.009548749891109765,0.010437082964926958,0.02055520797148347,3.8958038203418255e-05,0.01074883306864649,0.011406083009205759,0.0012327500153332949,0.04398183210287243,0.10615925001911819,8.399994112551212e-05,0.17267733300104737,0.02086320798844099,0.19354054098948836,2.316699828952551e-05,0.00012600002810359,0.12702245800755918,0.31529974995646626,0.4924460829934105
25,random_0022,random_cycle_chord,20260824,baseline,0,200,4,15,18,4.046892779455942,True,True,,perf/incremental-yamada-frontier-order,1d8374f42cccbb16d78d44100a65ca603d7d1997,3.14.7,macOS-26.6.2-arm64-arm-64bit-Mach-O,arm,0.04371445800643414,0.1474587080301717,0.02339524996932596,0.00768495793454349,0.008195374975912273,0.01613358303438872,2.9582995921373367e-05,0.008347082999534905,0.008595333085395396,0.0007160839159041643,0.03382166603114456,0.07312433293554932,8.712499402463436e-05,0.23032504110597074,0.01121854200027883,0.24154358310624957,1.808302477002144e-05,7.887498941272497e-05,0.08434287493582815,0.275516040972434,0.5100959580158815
26,random_0023,random_cycle_chord,20260824,crossing_rich,2,200,4,10,13,5.120310153909821,True,True,,perf/incremental-yamada-frontier-order,1d8374f42cccbb16d78d44100a65ca603d7d1997,3.14.7,macOS-26.6.2-arm64-arm-64bit-Mach-O,arm,0.036582125001586974,0.14827583299484104,0.03954470902681351,0.008284208946861327,0.00872845808044076,0.017259666929021478,2.962502185255289e-05,0.008968499954789877,0.009313042042776942,0.0008847919525578618,0.03645562590099871,0.09304029203485698,7.320800796151161e-05,0.15985066606663167,0.016250416985712945,0.17610108305234462,1.8833903595805168e-05,9.904196485877037e-05,0.10929070902056992,0.29414866701699793,0.4582689580274746
27,random_0024,random_cycle_chord,20260824,crossing_rich,3,200,4,9,12,4.425070599859432,True,True,,perf/incremental-yamada-frontier-order,1d8374f42cccbb16d78d44100a65ca603d7d1997,3.14.7,macOS-26.6.2-arm64-arm-64bit-Mach-O,arm,0.03061670798342675,0.14822783402632922,0.03816370805725455,0.008861042093485594,0.009722416056320071,0.01930400007404387,2.9916991479694843e-05,0.010000124922953546,0.010504833073355258,0.00099174992647022,0.04083062498830259,0.09760320908389986,6.949994713068008e-05,0.15899095800705254,0.019315416924655437,0.17830637493170798,1.937500201165676e-05,0.00011337501928210258,0.1169186260085553,0.29576316801831126,0.4590272919740528
28,random_0025,random_cycle_chord,20260824,crossing_rich,5,200,6,11,16,4.620279139706771,True,True,,perf/incremental-yamada-frontier-order,1d8374f42cccbb16d78d44100a65ca603d7d1997,3.14.7,macOS-26.6.2-arm64-arm-64bit-Mach-O,arm,0.042247208999469876,0.14833250001538545,0.044660957995802164,0.01111291698180139,0.012588000041432679,0.024846874992363155,4.39999857917428e-05,0.012955665937624872,0.013671083026565611,0.0015627919929102063,0.05308041593525559,0.12148179195355624,9.283400140702724e-05,0.21520645800046623,0.030360708013176918,0.24556716601364315,2.7499976567924023e-05,0.0001665409654378891,0.15184249996673316,0.3424222089815885,0.5622607920086011
29,random_0026,random_cycle_chord,20260824,crossing_rich,4,200,5,10,14,5.5033902245081805,True,True,,perf/incremental-yamada-frontier-order,1d8374f42cccbb16d78d44100a65ca603d7d1997,3.14.7,macOS-26.6.2-arm64-arm-64bit-Mach-O,arm,0.04242587508633733,0.14844745793379843,0.05328779201954603,0.009808917064219713,0.011034499970264733,0.021720958990044892,3.666698466986418e-05,0.011248458991758525,0.011928334017284214,0.0013128749560564756,0.04624729393981397,0.12041145807597786,7.925007957965136e-05,0.21504620800260454,0.024441582965664566,0.2394877909682691,2.3458036594092846e-05,0.00014695804566144943,0.14485304104164243,0.3357263740617782,0.5552424170309678
30,random_0027,random_cycle_chord,20260824,crossing_rich,5,200,6,11,16,4.661804662117212,True,True,,perf/incremental-yamada-frontier-order,1d8374f42cccbb16d78d44100a65ca603d7d1997,3.14.7,macOS-26.6.2-arm64-arm-64bit-Mach-O,arm,0.042196584050543606,0.14860654203221202,0.045486166956834495,0.01094079203903675,0.012342749978415668,0.024517207988537848,5.154090467840433e-05,0.012802832992747426,0.013645750004798174,0.001656290958635509,0.05267362284939736,0.12148754205554724,9.070895612239838e-05,0.21346766699571162,0.030751041951589286,0.2442187089473009,2.7374946512281895e-05,0.00017537502571940422,0.15223858400713652,0.34304171008989215,0.5611412080470473
31,random_0028,random_cycle_chord,20260824,baseline,0,200,4,12,15,4.873823982263714,True,True,,perf/incremental-yamada-frontier-order,1d8374f42cccbb16d78d44100a65ca603d7d1997,3.14.7,macOS-26.6.2-arm64-arm-64bit-Mach-O,arm,0.03984354203566909,0.14788162498734891,0.025151958921924233,0.007828708039596677,0.008514083921909332,0.0167583751026541,2.9333052225410938e-05,0.008721582940779626,0.00890912499744445,0.0007207499584183097,0.0351391660515219,0.07666020793840289,7.520802319049835e-05,0.19373462500516325,0.0108795000705868,0.20461412507575005,1.7625046893954277e-05,7.812504190951586e-05,0.08753970800898969,0.2752648750320077,0.47325200005434453
32,random_0029,random_cycle_chord,20260824,crossing_rich,3,200,5,11,15,4.6665850732929695,True,True,,perf/incremental-yamada-frontier-order,1d8374f42cccbb16d78d44100a65ca603d7d1997,3.14.7,macOS-26.6.2-arm64-arm-64bit-Mach-O,arm,0.03914866701234132,0.1481593339703977,0.039159334031865,0.00966508302371949,0.010639249929226935,0.0209757499396801,3.7375022657215595e-05,0.010920666973106563,0.011578666977584362,0.0012157500023022294,0.04472820891533047,0.10422483296133578,8.42920271679759e-05,0.19678387499880046,0.021917250007390976,0.21870112500619143,2.354104071855545e-05,0.00013525004032999277,0.12614208296872675,0.3134500839514658,0.5146964170271531
33,random_0030,random_cycle_chord,20260824,crossing_rich,3,200,5,11,15,4.964856986106345,True,True,,perf/incremental-yamada-frontier-order,1d8374f42cccbb16d78d44100a65ca603d7d1997,3.14.7,macOS-26.6.2-arm64-arm-64bit-Mach-O,arm,0.04134229198098183,0.14835504197981209,0.047377250040881336,0.009797290898859501,0.010931040975265205,0.021617374964989722,4.6749948523938656e-05,0.011160457972437143,0.011690624989569187,0.0012351250043138862,0.04575033287983388,0.11389429192058742,8.329108823090792e-05,0.19545304193161428,0.021558667067438364,0.21701170899905264,2.316699828952551e-05,0.00013204198330640793,0.13545295898802578,0.3251502929488197,0.525064375018701
34,random_0031,random_cycle_chord,20260824,crossing_rich,6,200,6,10,15,5.621054727246577,True,True,,perf/incremental-yamada-frontier-order,1d8374f42cccbb16d78d44100a65ca603d7d1997,3.14.7,macOS-26.6.2-arm64-arm-64bit-Mach-O,arm,0.04568866698537022,0.14865237497724593,0.05867000005673617,0.01148416695650667,0.013543832930736244,0.026754916994832456,4.4915941543877125e-05,0.013861792045645416,0.014651624951511621,0.001606290927156806,0.056919540860690176,0.14065700001083314,0.0002281669294461608,0.2922237920574844,0.031930916011333466,0.32415470806881785,2.8916983865201473e-05,0.00016537494957447052,0.1725879160221666,0.36692895798478276,0.6635821249801666
35,random_0032,random_cycle_chord,20260824,crossing_rich,7,200,7,13,19,4.431285769090507,True,True,,perf/incremental-yamada-frontier-order,1d8374f42cccbb16d78d44100a65ca603d7d1997,3.14.7,macOS-26.6.2-arm64-arm-64bit-Mach-O,arm,0.049064583028666675,0.148580375011079,0.04920262505766004,0.015620292047969997,0.015031708986498415,0.02974824991542846,6.733392365276814e-05,0.015242459019646049,0.016154292039573193,0.001890541985630989,0.06310287688393146,0.1430136669659987,0.00010750000365078449,0.2618618329288438,0.03786829102318734,0.29973012395203114,3.258301876485348e-05,0.000195541069842875,0.18088195798918605,0.37852691602893174,0.6457224170444533
36,random_0033,random_cycle_chord,20260824,baseline,0,200,3,10,12,4.680518207546593,True,True,,perf/incremental-yamada-frontier-order,1d8374f42cccbb16d78d44100a65ca603d7d1997,3.14.7,macOS-26.6.2-arm64-arm-64bit-Mach-O,arm,0.031032916042022407,0.1483810000354424,0.02016354096122086,0.006664416985586286,0.006611624965444207,0.013037916971370578,2.1415995433926582e-05,0.006746249971911311,0.006929707946255803,0.0005381660303100944,0.027273456915281713,0.06073183298576623,6.329210009425879e-05,0.15184129099361598,0.008700832957401872,0.16054212395101786,1.3792072422802448e-05,6.408302579075098e-05,0.0694326659431681,0.24884658202063292,0.40479787497315556
37,random_0034,random_cycle_chord,20260824,crossing_rich,8,200,7,13,19,4.567059946038525,True,True,,perf/incremental-yamada-frontier-order,1d8374f42cccbb16d78d44100a65ca603d7d1997,3.14.7,macOS-26.6.2-arm64-arm-64bit-Mach-O,arm,0.04968808393459767,0.14918225002475083,0.04724312492180616,0.014652541023679078,0.015801499946974218,0.03129474993329495,6.77499920129776e-05,0.016037333058193326,0.017196625005453825,0.002201791969127953,0.06679824995808303,0.14455137494951487,0.00011237501166760921,0.26900641701649874,0.046015959000214934,0.3150223760167137,3.2458920031785965e-05,0.0002146249171346426,0.1905673339497298,0.3894376679090783,0.6641255409922451
38,random_0035,random_cycle_chord,20260824,crossing_rich,5,200,5,9,13,4.365260710302114,True,True,,perf/incremental-yamada-frontier-order,1d8374f42cccbb16d78d44100a65ca603d7d1997,3.14.7,macOS-26.6.2-arm64-arm-64bit-Mach-O,arm,0.03321554197464138,0.14814025000669062,0.04385670810006559,0.010645332979038358,0.012285458971746266,0.024327958934009075,3.666698466986418e-05,0.012538040988147259,0.013254208024591208,0.0014014160260558128,0.05155829095747322,0.11837795795872808,7.89170153439045e-05,0.17554337496403605,0.029337125015445054,0.2048804999794811,2.4250010028481483e-05,0.00015091709792613983,0.14771508297417313,0.32907087495550513,0.509523042012006
39,random_0036,random_cycle_chord,20260824,crossing_rich,4,200,5,10,14,5.396143710204601,True,True,,perf/incremental-yamada-frontier-order,1d8374f42cccbb16d78d44100a65ca603d7d1997,3.14.7,macOS-26.6.2-arm64-arm-64bit-Mach-O,arm,0.04148495802655816,0.14880795893259346,0.051398125011473894,0.009679666953161359,0.010912332916632295,0.021563125075772405,3.7041958421468735e-05,0.011145791038870811,0.011859791935421526,0.0013187499716877937,0.045924499980174005,0.117948625003919,8.383404929190874e-05,0.27740804199129343,0.024131834041327238,0.30153987603262067,2.3499946109950542e-05,0.0001420419430360198,0.14208045904524624,0.33237337600439787,0.6139864580472931
40,random_0037,random_cycle_chord,20260824,baseline,0,200,3,12,14,4.880287240666901,True,True,,perf/incremental-yamada-frontier-order,1d8374f42cccbb16d78d44100a65ca603d7d1997,3.14.7,macOS-26.6.2-arm64-arm-64bit-Mach-O,arm,0.03762624994851649,0.1559167499653995,0.022445957991294563,0.007061291951686144,0.007053084089420736,0.013857749989256263,2.245791256427765e-05,0.0071888749953359365,0.007382082985714078,0.000560707994736731,0.029011873877607286,0.06559345801360905,7.1333022788167e-05,0.16475687501952052,0.00878762488719076,0.17354449990671128,1.5625031664967537e-05,7.208297029137611e-05,0.07438108290079981,0.2679240828147158,0.43691158399451524
41,random_0038,random_cycle_chord,20260824,baseline,0,200,3,11,13,5.229601814781233,True,True,,perf/incremental-yamada-frontier-order,1d8374f42cccbb16d78d44100a65ca603d7d1997,3.14.7,macOS-26.6.2-arm64-arm-64bit-Mach-O,arm,0.03760220797266811,0.14774187502916902,0.024686583084985614,0.006378166959621012,0.006541499984450638,0.012884416966699064,2.174999099224806e-05,0.0066758330212906,0.006870625074952841,0.0005572090158239007,0.027009834069758654,0.06463508307933807,7.995800115168095e-05,0.16830625000875443,0.009053750080056489,0.17736000008881092,1.4082994312047958e-05,7.366598583757877e-05,0.07368883315939456,0.2590329161612317,0.4315002500079572
42,random_0039,random_cycle_chord,20260824,baseline,0,200,3,11,13,4.031730454158889,True,True,,perf/incremental-yamada-frontier-order,1d8374f42cccbb16d78d44100a65ca603d7d1997,3.14.7,macOS-26.6.2-arm64-arm-64bit-Mach-O,arm,0.0318343749968335,0.1477995829191059,0.021837707958184183,0.006455749971792102,0.006642082938924432,0.013134291977621615,2.1208077669143677e-05,0.006772708031348884,0.006939542014151812,0.0005233329720795155,0.02739108307287097,0.062345084035769105,6.941601168364286e-05,0.1660510830115527,0.008309333003126085,0.17436041601467878,1.3625016435980797e-05,6.749993190169334e-05,0.07065441703889519,0.2502883749548346,0.4204905830556527
43,random_0040,random_cycle_chord,20260824,crossing_rich,5,200,5,10,14,4.058116449620693,True,True,,perf/incremental-yamada-frontier-order,1d8374f42cccbb16d78d44100a65ca603d7d1997,3.14.7,macOS-26.6.2-arm64-arm-64bit-Mach-O,arm,0.03496458299923688,0.14904049993492663,0.03855941607616842,0.010387583053670824,0.011923874961212277,0.023578374995850027,3.704207483679056e-05,0.01215429196599871,0.012938749976456165,0.0014425840927287936,0.050151043105870485,0.11105462501291186,8.095894008874893e-05,0.17742304096464068,0.029300292022526264,0.20672333298716694,2.37500062212348e-05,0.00015650002751499414,0.14035491703543812,0.32435999996960163,0.506222959025763
44,random_0041,random_cycle_chord,20260824,baseline,0,200,3,10,12,4.650636884985661,True,True,,perf/incremental-yamada-frontier-order,1d8374f42cccbb16d78d44100a65ca603d7d1997,3.14.7,macOS-26.6.2-arm64-arm-64bit-Mach-O,arm,0.031259916024282575,0.14802145899739116,0.020917833084240556,0.006411709007807076,0.0063002920942381024,0.012447832967154682,2.13750172406435e-05,0.006484249955974519,0.006698583951219916,0.0005557090044021606,0.02620775089599192,0.05985654192045331,6.125005893409252e-05,0.15320991701446474,0.008912416989915073,0.1621223340043798,1.391698606312275e-05,6.791693158447742e-05,0.06876895891036838,0.24805033393204212,0.40538720798213035
45,random_0042,random_cycle_chord,20260824,crossing_rich,2,200,4,9,12,5.925186282349186,True,True,,perf/incremental-yamada-frontier-order,1d8374f42cccbb16d78d44100a65ca603d7d1997,3.14.7,macOS-26.6.2-arm64-arm-64bit-Mach-O,arm,0.03775287501048297,0.14904050005134195,0.05166254204232246,0.008275958010926843,0.008826207951642573,0.017400374985300004,2.8916052542626858e-05,0.009032500092871487,0.009451000019907951,0.0009336250368505716,0.03684641618747264,0.10563800006639212,6.979110185056925e-05,0.15717416699044406,0.017005124944262207,0.17417929193470627,1.8417020328342915e-05,0.00010583305265754461,0.12264312501065433,0.30943650007247925,0.4708674589637667
46,random_0043,random_cycle_chord,20260824,crossing_rich,2,200,4,9,12,5.836994272037099,True,True,,perf/incremental-yamada-frontier-order,1d8374f42cccbb16d78d44100a65ca603d7d1997,3.14.7,macOS-26.6.2-arm64-arm-64bit-Mach-O,arm,0.03803674993105233,0.14874679106287658,0.05019137496128678,0.008090500021353364,0.008473749971017241,0.016660875058732927,2.9415939934551716e-05,0.008618958992883563,0.009029834065586329,0.0009302080143243074,0.03526929207146168,0.10205245797988027,6.78329961374402e-05,0.15737545804586262,0.016665209084749222,0.17404066713061184,1.8874998204410076e-05,0.00010437495075166225,0.1187176670646295,0.3055012080585584,0.4671328749973327
47,random_0044,random_cycle_chord,20260824,crossing_rich,3,200,5,10,14,4.909097542814352,True,True,,perf/incremental-yamada-frontier-order,1d8374f42cccbb16d78d44100a65ca603d7d1997,3.14.7,macOS-26.6.2-arm64-arm-64bit-Mach-O,arm,0.03853324998635799,0.14849308296106756,0.04890466597862542,0.009550249902531505,0.01045687508303672,0.02067600004374981,3.7207966670393944e-05,0.010688874986954033,0.011313750059343874,0.0012211250141263008,0.04393695807084441,0.11288195801898837,8.170900400727987e-05,0.17036975000519305,0.02250758302398026,0.19287733302917331,2.2958964109420776e-05,0.00013279193080961704,0.13538954104296863,0.3224158739903942,0.497240083059296
48,random_0045,random_cycle_chord,20260824,baseline,0,200,4,14,17,4.292586267132964,True,True,,perf/incremental-yamada-frontier-order,1d8374f42cccbb16d78d44100a65ca603d7d1997,3.14.7,macOS-26.6.2-arm64-arm-64bit-Mach-O,arm,0.04204341699369252,0.15097458404488862,0.019825875060632825,0.008025457966141403,0.008889624965377152,0.017061375081539154,4.16669063270092e-05,0.008963542059063911,0.00904037500731647,0.0007260829443112016,0.035833041998557746,0.0726145840017125,9.308301378041506e-05,0.22100975003559142,0.010569542064331472,0.2315792920999229,1.8457998521625996e-05,8.133403025567532e-05,0.08318412606604397,0.2762021271046251,0.5015518330037594
49,random_0046,random_cycle_chord,20260824,crossing_rich,8,200,7,13,19,4.2966109226748435,True,True,,perf/incremental-yamada-frontier-order,1d8374f42cccbb16d78d44100a65ca603d7d1997,3.14.7,macOS-26.6.2-arm64-arm-64bit-Mach-O,arm,0.04874949995428324,0.1486176250036806,0.05157399992458522,0.015569624956697226,0.016480666934512556,0.0325701660476625,6.966700311750174e-05,0.01660270895808935,0.017604541964828968,0.0020144579466432333,0.06886154192034155,0.15254258294589818,0.0001051250146701932,0.26411562506109476,0.04265829094219953,0.3067739160032943,3.716698847711086e-05,0.00021720794029533863,0.1952008738880977,0.3925679988460615,0.6622484589461237
50,random_0047,random_cycle_chord,20260824,crossing_rich,2,200,4,8,11,6.458778741196255,True,True,,perf/incremental-yamada-frontier-order,1d8374f42cccbb16d78d44100a65ca603d7d1997,3.14.7,macOS-26.6.2-arm64-arm-64bit-Mach-O,arm,0.03899312496650964,0.15793337498325855,0.05988866707775742,0.00838374998420477,0.00859066704288125,0.016985082998871803,2.9916060157120228e-05,0.008787625003606081,0.009224749985150993,0.0008981670252978802,0.03592554107308388,0.11281583306845278,6.562494672834873e-05,0.14552708296105266,0.015933874994516373,0.16146095795556903,1.9249971956014633e-05,0.00010462501086294651,0.12874970806296915,0.32567620801273733,0.47550487506669015
51,random_0048,random_cycle_chord,20260824,crossing_rich,2,200,4,9,12,6.08182176125494,True,True,,perf/incremental-yamada-frontier-order,1d8374f42cccbb16d78d44100a65ca603d7d1997,3.14.7,macOS-26.6.2-arm64-arm-64bit-Mach-O,arm,0.038462291937321424,0.14746554207522422,0.04780545795802027,0.008182749967090786,0.008637957973405719,0.017066540895029902,3.0125025659799576e-05,0.008826375007629395,0.009235166944563389,0.0008937920210883021,0.03605199989397079,0.10070404200814664,6.962497718632221e-05,0.15579320793040097,0.015616999939084053,0.17141020786948502,1.845892984420061e-05,9.900005534291267e-05,0.1163210419472307,0.30224887595977634,0.4622979999985546
52,random_0049,random_cycle_chord,20260824,baseline,0,200,3,13,15,4.566996018149891,True,True,,perf/incremental-yamada-frontier-order,1d8374f42cccbb16d78d44100a65ca603d7d1997,3.14.7,macOS-26.6.2-arm64-arm-64bit-Mach-O,arm,0.03808974998537451,0.1477770000929013,0.02140720805618912,0.00692983390763402,0.007036375114694238,0.01386583293788135,2.1125073544681072e-05,0.007190083037130535,0.007391874911263585,0.0005497080273926258,0.029018623987212777,0.06441070907749236,6.975000724196434e-05,0.19212737493216991,0.008798666996881366,0.20092604192905128,1.491699367761612e-05,7.499998901039362e-05,0.07320937607437372,0.2590761261526495,0.4553615410113707
53,random_0050,random_cycle_chord,20260824,crossing_rich,11,200,8,15,22,4.046148728732399,True,True,,perf/incremental-yamada-frontier-order,1d8374f42cccbb16d78d44100a65ca603d7d1997,3.14.7,macOS-26.6.2-arm64-arm-64bit-Mach-O,arm,0.05525041604414582,0.14907724992372096,0.05154504196252674,0.016900582937523723,0.01927408401388675,0.037937500048428774,7.295806426554918e-05,0.019590292009525,0.020956416032277048,0.0024072499945759773,0.08096441614907235,0.16874541598372161,0.0001282920129597187,0.3137569159734994,0.05791162501554936,0.3716685409890488,4.645891021937132e-05,0.00024949992075562477,0.22665704099927098,0.43098470696713775,0.7502304579829797
54,random_0051,random_cycle_chord,20260824,baseline,0,200,4,14,17,4.295411099392394,True,True,,perf/incremental-yamada-frontier-order,1d8374f42cccbb16d78d44100a65ca603d7d1997,3.14.7,macOS-26.6.2-arm64-arm-64bit-Mach-O,arm,0.04193199996370822,0.14802283397875726,0.020517333992756903,0.0075421660440042615,0.007690666941925883,0.015206749900244176,2.8208945877850056e-05,0.007899667019955814,0.008139875018969178,0.0007438749307766557,0.032018375815823674,0.0677946659270674,8.187501225620508e-05,0.2402520419564098,0.011669832980260253,0.25192187493667006,1.937500201165676e-05,9.166705422103405e-05,0.07946449890732765,0.26941933284979314,0.5139701250009239
55,random_0052,random_cycle_chord,20260824,crossing_rich,4,200,5,12,16,4.876997070197719,True,True,,perf/incremental-yamada-frontier-order,1d8374f42cccbb16d78d44100a65ca603d7d1997,3.14.7,macOS-26.6.2-arm64-arm-64bit-Mach-O,arm,0.043776458012871444,0.1484526670537889,0.042748042033053935,0.009926083963364363,0.010916750063188374,0.02176283299922943,5.0541944801807404e-05,0.011349292006343603,0.012097167083993554,0.0013651670888066292,0.046625001123175025,0.11024883307982236,9.437499102205038e-05,0.21095095807686448,0.02536616602446884,0.23631712410133332,2.474989742040634e-05,0.0001478339545428753,0.1356149991042912,0.32784412417095155,0.5433067079866305
56,random_0053,random_cycle_chord,20260824,baseline,0,200,3,14,16,4.290398415383268,True,True,,perf/incremental-yamada-frontier-order,1d8374f42cccbb16d78d44100a65ca603d7d1997,3.14.7,macOS-26.6.2-arm64-arm-64bit-Mach-O,arm,0.0400086659938097,0.1478037079796195,0.021541832946240902,0.006764040910638869,0.006809792015701532,0.013446541968733072,2.1125073544681072e-05,0.006962915998883545,0.0071913329884409904,0.0005613330285996199,0.02818324905820191,0.06331791600678116,8.25000461190939e-05,0.2049954580143094,0.008402875042520463,0.21339833305682987,1.4457968063652515e-05,7.195794023573399e-05,0.07172079104930162,0.2595331650227308,0.46868433395866305
57,random_0054,random_cycle_chord,20260824,crossing_rich,4,200,5,10,14,5.621685019046552,True,True,,perf/incremental-yamada-frontier-order,1d8374f42cccbb16d78d44100a65ca603d7d1997,3.14.7,macOS-26.6.2-arm64-arm-64bit-Mach-O,arm,0.04260129097383469,0.14849329099524766,0.05195624998304993,0.009673041990026832,0.0106863749679178,0.02101666701491922,3.7458958104252815e-05,0.010931917000561953,0.01163070893380791,0.0012858749832957983,0.044902626890689135,0.1172510840697214,8.100003469735384e-05,0.1849563749274239,0.024698790977708995,0.2096551659051329,2.6667024940252304e-05,0.00014212506357580423,0.1419498750474304,0.33304445701651275,0.5226684579392895
58,random_0055,random_cycle_chord,20260824,crossing_rich,5,200,5,10,14,4.339696459257426,True,True,,perf/incremental-yamada-frontier-order,1d8374f42cccbb16d78d44100a65ca603d7d1997,3.14.7,macOS-26.6.2-arm64-arm-64bit-Mach-O,arm,0.03583537496160716,0.1485832919133827,0.0412644159514457,0.010483042104169726,0.012015582993626595,0.023714957991614938,3.875000402331352e-05,0.01227345794904977,0.01292329200077802,0.0013637919910252094,0.05031424993649125,0.11411295901052654,8.1458012573421e-05,0.2994050000561401,0.033981582964770496,0.3333865830209106,2.4416949599981308e-05,0.00014945899602025747,0.14809454197529703,0.3325132088502869,0.6357862079748884
59,random_0056,random_cycle_chord,20260824,baseline,0,200,3,13,15,4.564154385250104,True,True,,perf/incremental-yamada-frontier-order,1d8374f42cccbb16d78d44100a65ca603d7d1997,3.14.7,macOS-26.6.2-arm64-arm-64bit-Mach-O,arm,0.03848962497431785,0.14792666700668633,0.024505750043317676,0.006792208994738758,0.007082958007231355,0.013856624951586127,2.10409052670002e-05,0.007162000052630901,0.0073321249801665545,0.000530292047187686,0.02890208293683827,0.06730145798064768,7.016700692474842e-05,0.19133841700386256,0.008459499920718372,0.19979791692458093,1.3542012311518192e-05,6.674998439848423e-05,0.07576095790136606,0.26217724988237023,0.457646333030425
60,random_0057,random_cycle_chord,20260824,crossing_rich,4,200,5,11,15,4.637240065050111,True,True,,perf/incremental-yamada-frontier-order,1d8374f42cccbb16d78d44100a65ca603d7d1997,3.14.7,macOS-26.6.2-arm64-arm-64bit-Mach-O,arm,0.039299707976169884,0.1575574999442324,0.04371799994260073,0.010352832963690162,0.011149417026899755,0.02190612500999123,4.045793320983648e-05,0.011386250029318035,0.011962957913056016,0.0012795840157195926,0.04657537490129471,0.1118312090402469,8.570798672735691e-05,0.1987611660733819,0.024719832930713892,0.2234809990040958,2.4791923351585865e-05,0.00014558294788002968,0.1365510419709608,0.3334082498913631,0.5367794999619946
61,random_0058,random_cycle_chord,20260824,baseline,0,200,4,15,18,4.049122048379719,True,True,,perf/incremental-yamada-frontier-order,1d8374f42cccbb16d78d44100a65ca603d7d1997,3.14.7,macOS-26.6.2-arm64-arm-64bit-Mach-O,arm,0.043756416998803616,0.1473994170082733,0.019469749997369945,0.007884458056651056,0.008528165984898806,0.016830791952088475,2.879102248698473e-05,0.0086817080155015,0.008944750064983964,0.0007318749558180571,0.03521791601087898,0.07112624996807426,8.433300536125898e-05,0.23079574992880225,0.011505582951940596,0.24230133288074285,1.816696021705866e-05,8.337502367794514e-05,0.08263183292001486,0.2737876669270918,0.5088807909050956
62,random_0059,random_cycle_chord,20260824,crossing_rich,3,200,5,11,15,4.604027389799067,True,True,,perf/incremental-yamada-frontier-order,1d8374f42cccbb16d78d44100a65ca603d7d1997,3.14.7,macOS-26.6.2-arm64-arm-64bit-Mach-O,arm,0.03912970796227455,0.1482987500494346,0.03949624998494983,0.009583125007338822,0.01047275005839765,0.020660541020333767,4.7042034566402435e-05,0.010643874993547797,0.011168333003297448,0.0011899999808520079,0.04370979103259742,0.10330004093702883,8.19589477032423e-05,0.19665008294396102,0.021332458942197263,0.2179825418861583,2.345896791666746e-05,0.0001302079763263464,0.12463249987922609,0.31206095789093524,0.5131633749697357
63,random_0060,random_cycle_chord,20260824,baseline,0,200,3,12,14,4.879931629633968,True,True,,perf/incremental-yamada-frontier-order,1d8374f42cccbb16d78d44100a65ca603d7d1997,3.14.7,macOS-26.6.2-arm64-arm-64bit-Mach-O,arm,0.03699787496589124,0.1482292499858886,0.02205866703297943,0.006678125006146729,0.006729707936756313,0.013366625062189996,2.1792016923427582e-05,0.006887041963636875,0.007120208931155503,0.0005854580085724592,0.02798112598247826,0.06346616602968425,6.704102270305157e-05,0.17587312497198582,0.00898283300921321,0.18485595798119903,1.3750046491622925e-05,6.991694681346416e-05,0.07244899903889745,0.2576761239906773,0.4376721669686958
64,random_0061,random_cycle_chord,20260824,baseline,0,200,4,15,18,4.047660933398457,True,True,,perf/incremental-yamada-frontier-order,1d8374f42cccbb16d78d44100a65ca603d7d1997,3.14.7,macOS-26.6.2-arm64-arm-64bit-Mach-O,arm,0.043175083003006876,0.14770995907019824,0.021299791987985373,0.007634750101715326,0.00780666689388454,0.01544987503439188,4.333304241299629e-05,0.008271125028841197,0.008310375036671758,0.0007578330114483833,0.032832541153766215,0.0696010000538081,9.933300316333771e-05,0.23733245790936053,0.01183483307249844,0.24916729098185897,1.89170241355896e-05,8.937506936490536e-05,0.08143583312630653,0.27232087519951165,0.5139642499852926
65,random_0062,random_cycle_chord,20260824,baseline,0,200,4,14,17,4.289959876169119,True,True,,perf/incremental-yamada-frontier-order,1d8374f42cccbb16d78d44100a65ca603d7d1997,3.14.7,macOS-26.6.2-arm64-arm-64bit-Mach-O,arm,0.0423465829808265,0.14865712507162243,0.023085875087417662,0.007607458042912185,0.007775624981150031,0.015289417002350092,2.8999987989664078e-05,0.00795508292503655,0.008233333006501198,0.0007469579577445984,0.0322537908796221,0.07074908295180649,7.987499702721834e-05,0.21804412500932813,0.011491499957628548,0.22953562496695668,1.7750076949596405e-05,8.808297570794821e-05,0.08224058290943503,0.27324429096188396,0.4956305830273777
66,random_0063,random_cycle_chord,20260824,crossing_rich,2,200,4,9,12,6.080918979866955,True,True,,perf/incremental-yamada-frontier-order,1d8374f42cccbb16d78d44100a65ca603d7d1997,3.14.7,macOS-26.6.2-arm64-arm-64bit-Mach-O,arm,0.03861050005070865,0.14859841705765575,0.04921141697559506,0.008300708956085145,0.008800416020676494,0.017316124984063208,3.1542032957077026e-05,0.008978499914519489,0.009379124967381358,0.0009309160523116589,0.03663620795123279,0.10297841602005064,6.999995093792677e-05,0.15679825004190207,0.01633687491994351,0.17313512496184558,1.9249971956014633e-05,0.00010812492109835148,0.11931529093999416,0.30652420804835856,0.4675977089209482
67,random_0064,random_cycle_chord,20260824,crossing_rich,3,200,4,10,13,5.625930512976503,True,True,,perf/incremental-yamada-frontier-order,1d8374f42cccbb16d78d44100a65ca603d7d1997,3.14.7,macOS-26.6.2-arm64-arm-64bit-Mach-O,arm,0.03916962491348386,0.14846570801455528,0.04697358293924481,0.008624917012639344,0.009477750048972666,0.018725499976426363,2.9082992114126682e-05,0.0096616669325158,0.010111208073794842,0.0009315829956904054,0.03945904097054154,0.10456141596660018,7.199996616691351e-05,0.1594254169613123,0.017891707946546376,0.17731712490785867,1.8666964024305344e-05,0.00010720803402364254,0.12245312391314656,0.3100884568411857,0.47402216598857194
68,random_0065,random_cycle_chord,20260824,baseline,0,200,3,11,13,4.09597422930165,True,True,,perf/incremental-yamada-frontier-order,1d8374f42cccbb16d78d44100a65ca603d7d1997,3.14.7,macOS-26.6.2-arm64-arm-64bit-Mach-O,arm,0.03201999992597848,0.14732141699641943,0.020726374932564795,0.006702750106342137,0.007111540995538235,0.013952458975836635,2.1249987185001373e-05,0.007228084024973214,0.007403666968457401,0.0005331250140443444,0.029138584970496595,0.06369837501551956,6.824999582022429e-05,0.16754575003869832,0.008668666006997228,0.17621441604569554,1.3999990187585354e-05,6.704207044094801e-05,0.07236704102251679,0.2517084579449147,0.42336662497837096
69,random_0066,random_cycle_chord,20260824,crossing_rich,2,200,4,10,13,5.62450426117343,True,True,,perf/incremental-yamada-frontier-order,1d8374f42cccbb16d78d44100a65ca603d7d1997,3.14.7,macOS-26.6.2-arm64-arm-64bit-Mach-O,arm,0.03889641701243818,0.14838166697882116,0.04685729101765901,0.008447665954008698,0.009098167065531015,0.01792441599536687,2.912490162998438e-05,0.009263457963243127,0.009659708011895418,0.0008954580407589674,0.03777216491289437,0.10220166703220457,7.30839092284441e-05,0.2374813329661265,0.015382708050310612,0.2528640410164371,1.8457998521625996e-05,9.824999142438173e-05,0.11758437508251518,0.3048624590737745,0.546380624989979
70,random_0067,random_cycle_chord,20260824,baseline,0,200,3,11,13,4.063869887871233,True,True,,perf/incremental-yamada-frontier-order,1d8374f42cccbb16d78d44100a65ca603d7d1997,3.14.7,macOS-26.6.2-arm64-arm-64bit-Mach-O,arm,0.03188904107082635,0.14783908298704773,0.019685582956299186,0.006437832955271006,0.0064370420295745134,0.012606333941221237,2.095801755785942e-05,0.0065642079571262,0.006728749955072999,0.0005251660477370024,0.026445415918715298,0.059025665977969766,6.708304863423109e-05,0.1661679589888081,0.008257791982032359,0.17442575097084045,1.4167046174407005e-05,6.645801477134228e-05,0.06728345796000212,0.2470115820178762,0.41731099993921816
71,random_0068,random_cycle_chord,20260824,baseline,0,200,3,12,14,4.875359063665131,True,True,,perf/incremental-yamada-frontier-order,1d8374f42cccbb16d78d44100a65ca603d7d1997,3.14.7,macOS-26.6.2-arm64-arm-64bit-Mach-O,arm,0.037485457956790924,0.14844683289993554,0.022968666977249086,0.006881041917949915,0.007101124967448413,0.014031750033609569,2.0875013433396816e-05,0.0072810830315575,0.007463499903678894,0.0005725410301238298,0.02936974901240319,0.06633924995549023,6.720796227455139e-05,0.17939950001891702,0.009132334031164646,0.18853183405008167,1.425005029886961e-05,7.258309051394463e-05,0.07547158398665488,0.26140387484338135,0.44493720901664346
72,random_0069,random_cycle_chord,20260824,baseline,0,200,3,10,12,4.672832104443778,True,True,,perf/incremental-yamada-frontier-order,1d8374f42cccbb16d78d44100a65ca603d7d1997,3.14.7,macOS-26.6.2-arm64-arm-64bit-Mach-O,arm,0.03135141602251679,0.14769962499849498,0.01954358397051692,0.006443083053454757,0.006641666986979544,0.013059249962680042,2.095801755785942e-05,0.006774457986466587,0.006978207966312766,0.0005465000867843628,0.027379374019801617,0.06002674996852875,6.812496576458216e-05,0.14328349998686463,0.008680625003762543,0.15196412499062717,1.425005029886961e-05,6.762496195733547e-05,0.06870737497229129,0.24775841599330306,0.39517770905513316
73,random_0070,random_cycle_chord,20260824,crossing_rich,2,200,4,9,12,6.084512021877084,True,True,,perf/incremental-yamada-frontier-order,1d8374f42cccbb16d78d44100a65ca603d7d1997,3.14.7,macOS-26.6.2-arm64-arm-64bit-Mach-O,arm,0.038484749966301024,0.1480695839272812,0.050579290953464806,0.00826770905405283,0.008936750004068017,0.017605750006623566,2.950010821223259e-05,0.009135624975897372,0.00956783292349428,0.0009188749827444553,0.037257582996971905,0.1050677919993177,7.12500186637044e-05,0.15763324999716133,0.016818582895211875,0.1744518328923732,1.8582912161946297e-05,0.00010337505955249071,0.12188637489452958,0.3084407087881118,0.4703173750312999
74,random_0071,random_cycle_chord,20260824,crossing_rich,11,200,8,15,22,4.046107014438829,True,True,,perf/incremental-yamada-frontier-order,1d8374f42cccbb16d78d44100a65ca603d7d1997,3.14.7,macOS-26.6.2-arm64-arm-64bit-Mach-O,arm,0.05398083396721631,0.14874324994161725,0.051288750022649765,0.01722562499344349,0.01937287498731166,0.038342708023265004,7.158296648412943e-05,0.019769332953728735,0.021111999987624586,0.002497415989637375,0.08179303992073983,0.16973945905920118,0.00011979101691395044,0.3121246249647811,0.05621858290396631,0.3683432078687474,3.8041966035962105e-05,0.0002611670643091202,0.2259580419631675,0.42868212587200105,0.7462192500242963
75,random_0072,random_cycle_chord,20260824,baseline,0,200,3,14,16,4.296001689248705,True,True,,perf/incremental-yamada-frontier-order,1d8374f42cccbb16d78d44100a65ca603d7d1997,3.14.7,macOS-26.6.2-arm64-arm-64bit-Mach-O,arm,0.03973920794669539,0.14782895904500037,0.0182544169947505,0.006843250012025237,0.006846375064924359,0.013500083005055785,2.050003968179226e-05,0.007017749943770468,0.007267292006872594,0.0005295830778777599,0.0283352080732584,0.06029783398844302,7.337494753301144e-05,0.20434950001072139,0.008316666004247963,0.21266616601496935,1.391698606312275e-05,6.858306005597115e-05,0.06861449999269098,0.25618266698438674,0.4646837500622496
76,random_0073,random_cycle_chord,20260824,crossing_rich,9,200,7,14,20,4.297405095040499,True,True,,perf/incremental-yamada-frontier-order,1d8374f42cccbb16d78d44100a65ca603d7d1997,3.14.7,macOS-26.6.2-arm64-arm-64bit-Mach-O,arm,0.05106341699138284,0.14934462495148182,0.04726795793976635,0.014913541032001376,0.01690437493380159,0.03315483406186104,7.029192056506872e-05,0.01707120891660452,0.01815912500023842,0.002176583046093583,0.07063204294536263,0.14977683289907873,0.00011529098264873028,0.2565159579971805,0.05059629201423377,0.3071122500114143,3.533309791237116e-05,0.00023137498646974564,0.2003731249133125,0.40078116685617715,0.6623102499870583
77,random_0074,random_cycle_chord,20260824,crossing_rich,2,200,4,10,13,5.608094971929429,True,True,,perf/incremental-yamada-frontier-order,1d8374f42cccbb16d78d44100a65ca603d7d1997,3.14.7,macOS-26.6.2-arm64-arm-64bit-Mach-O,arm,0.038813040941022336,0.14890862500760704,0.047051041037775576,0.008346042013727129,0.008651750045828521,0.017058499972335994,2.8875074349343777e-05,0.008867459022440016,0.009286290965974331,0.0009141250047832727,0.03615525003988296,0.10023008403368294,7.154198829084635e-05,0.16862012492492795,0.015992957982234657,0.1846130829071626,1.85410026460886e-05,0.00010837498120963573,0.1162230420159176,0.303944707964547,0.47683937498368323
78,random_0075,random_cycle_chord,20260824,crossing_rich,2,200,4,9,12,6.074229116809655,True,True,,perf/incremental-yamada-frontier-order,1d8374f42cccbb16d78d44100a65ca603d7d1997,3.14.7,macOS-26.6.2-arm64-arm-64bit-Mach-O,arm,0.03874416695907712,0.14855020795948803,0.05246658297255635,0.008165584062226117,0.008735999930649996,0.017167541082017124,2.9125018045306206e-05,0.008934083976782858,0.009328874992206693,0.0009229580173268914,0.03638258308637887,0.1057764160213992,6.77499920129776e-05,0.1567710409872234,0.016407708986662328,0.17317874997388572,1.85410026460886e-05,0.00010449998080730438,0.12218412500806153,0.3094784999266267,0.4705147909699008
79,random_0076,random_cycle_chord,20260824,crossing_rich,5,200,6,15,20,4.048928012604849,True,True,,perf/incremental-yamada-frontier-order,1d8374f42cccbb16d78d44100a65ca603d7d1997,3.14.7,macOS-26.6.2-arm64-arm-64bit-Mach-O,arm,0.04851791705004871,0.14857245900202543,0.03606466599740088,0.011442875023931265,0.013003499945625663,0.02569041703827679,5.583302117884159e-05,0.013235583901405334,0.014003542019054294,0.0015525419730693102,0.05453791795298457,0.11509333399590105,0.00010279205162078142,0.2659480420406908,0.030528750037774444,0.2964767920784652,2.775003667920828e-05,0.00016329099889844656,0.1456220840336755,0.3427124600857496,0.613342666067183
80,random_0077,random_cycle_chord,20260824,crossing_rich,4,200,5,11,15,4.61034505427365,True,True,,perf/incremental-yamada-frontier-order,1d8374f42cccbb16d78d44100a65ca603d7d1997,3.14.7,macOS-26.6.2-arm64-arm-64bit-Mach-O,arm,0.03924708301201463,0.15715258300770074,0.044976042001508176,0.010621291934512556,0.01139258302282542,0.02243008289951831,3.912497777491808e-05,0.011676292051561177,0.012241624994203448,0.001273375004529953,0.04766049992758781,0.11469012498855591,8.875003550201654e-05,0.19855283305514604,0.02436737495008856,0.2229202080052346,2.5957939215004444e-05,0.00014862511307001114,0.13905749993864447,0.33545716595835984,0.5386507080402225
81,random_0078,random_cycle_chord,20260824,baseline,0,200,4,14,17,4.292995539544082,True,True,,perf/incremental-yamada-frontier-order,1d8374f42cccbb16d78d44100a65ca603d7d1997,3.14.7,macOS-26.6.2-arm64-arm-64bit-Mach-O,arm,0.04257433395832777,0.14803841698449105,0.022302416968159378,0.007402666960842907,0.007611291017383337,0.014949042000807822,2.912490162998438e-05,0.007749667041935027,0.008006167015992105,0.0007153749465942383,0.031449375906959176,0.06879162497352809,8.045905269682407e-05,0.21779645804781467,0.010761165991425514,0.22855762403924018,1.8249964341521263e-05,8.249992970377207e-05,0.0795527909649536,0.2701655419077724,0.49226041696965694
82,random_0079,random_cycle_chord,20260824,crossing_rich,5,200,6,12,17,4.043717535385501,True,True,,perf/incremental-yamada-frontier-order,1d8374f42cccbb16d78d44100a65ca603d7d1997,3.14.7,macOS-26.6.2-arm64-arm-64bit-Mach-O,arm,0.04143858305178583,0.14849745796527714,0.04789533407893032,0.011145958909764886,0.012671457952819765,0.024996458902023733,4.3459003791213036e-05,0.01296645903494209,0.013773125014267862,0.0015561670297756791,0.05333566898480058,0.12508849997539073,9.67090018093586e-05,0.3348767909919843,0.03211404092144221,0.3669908319134265,2.870894968509674e-05,0.00015979190357029438,0.15720254089683294,0.3471385819138959,0.6863260419340804
83,random_0080,random_cycle_chord,20260824,crossing_rich,5,200,6,11,16,4.586816940116728,True,True,,perf/incremental-yamada-frontier-order,1d8374f42cccbb16d78d44100a65ca603d7d1997,3.14.7,macOS-26.6.2-arm64-arm-64bit-Mach-O,arm,0.04126879095565528,0.1491155830444768,0.046455625095404685,0.010966292000375688,0.012397749931551516,0.024482915992848575,4.349998198449612e-05,0.012682209024205804,0.013545542024075985,0.0016006670193746686,0.05235483404248953,0.12221362499985844,9.370897896587849e-05,0.21412204205989838,0.031149209011346102,0.24527125107124448,2.8125010430812836e-05,0.00017083308193832636,0.15336283401120454,0.3437472080113366,0.5624374999897555
84,random_0081,random_cycle_chord,20260824,baseline,0,200,3,13,15,4.564334338860598,True,True,,perf/incremental-yamada-frontier-order,1d8374f42cccbb16d78d44100a65ca603d7d1997,3.14.7,macOS-26.6.2-arm64-arm-64bit-Mach-O,arm,0.038099832949228585,0.14760762499645352,0.021773625048808753,0.006573083926923573,0.006619375082664192,0.013113332912325859,2.179096918553114e-05,0.006809792015701532,0.006999665987677872,0.0005634579574689269,0.02750803984235972,0.06249300006311387,6.962497718632221e-05,0.19143866701051593,0.009112125029787421,0.20055079204030335,1.383305061608553e-05,7.054198067635298e-05,0.07160512509290129,0.2573125830385834,0.4528892080998048
85,random_0082,random_cycle_chord,20260824,crossing_rich,4,200,5,11,15,4.758171412633622,True,True,,perf/incremental-yamada-frontier-order,1d8374f42cccbb16d78d44100a65ca603d7d1997,3.14.7,macOS-26.6.2-arm64-arm-64bit-Mach-O,arm,0.040278583066537976,0.14846754202153534,0.04110654105897993,0.01019950001500547,0.0115073750494048,0.0226072920486331,4.170800093561411e-05,0.011775917024351656,0.012251792009919882,0.0012594580184668303,0.04793616710230708,0.11078958306461573,9.004201274365187e-05,0.20183475001249462,0.0245574580039829,0.22639220801647753,2.4208100512623787e-05,0.0001372080296278,0.13534704106859863,0.32409316615667194,0.5307701249839738
86,random_0083,random_cycle_chord,20260824,crossing_rich,6,200,6,13,18,4.378113839348448,True,True,,perf/incremental-yamada-frontier-order,1d8374f42cccbb16d78d44100a65ca603d7d1997,3.14.7,macOS-26.6.2-arm64-arm-64bit-Mach-O,arm,0.04618104198016226,0.14880604099016637,0.04338920803274959,0.013814167003147304,0.014179416000843048,0.02798454207368195,6.279197987169027e-05,0.014356125029735267,0.015095958020538092,0.0017007500864565372,0.05920016719028354,0.13063420809339732,0.00010391697287559509,0.24396945897024125,0.03477312496397644,0.2787425839342177,2.7708010748028755e-05,0.0001806250074878335,0.16540733305737376,0.3603944160277024,0.6094431249657646
87,random_0084,random_cycle_chord,20260824,crossing_rich,2,200,4,10,13,5.624117309423912,True,True,,perf/incremental-yamada-frontier-order,1d8374f42cccbb16d78d44100a65ca603d7d1997,3.14.7,macOS-26.6.2-arm64-arm-64bit-Mach-O,arm,0.03915074991527945,0.14829000004101545,0.0469523339997977,0.008276207954622805,0.008538958034478128,0.01684558391571045,2.9582995921373367e-05,0.008767625084146857,0.009102208074182272,0.0008782910881564021,0.035623291158117354,0.09941691695712507,7.904204539954662e-05,0.16856779193039984,0.015144458040595055,0.1837122499709949,1.8874998204410076e-05,9.883299935609102e-05,0.11456137499772012,0.302002124954015,0.4748257918981835
88,random_0085,random_cycle_chord,20260824,baseline,0,200,4,15,18,4.046901681535816,True,True,,perf/incremental-yamada-frontier-order,1d8374f42cccbb16d78d44100a65ca603d7d1997,3.14.7,macOS-26.6.2-arm64-arm-64bit-Mach-O,arm,0.04382966703269631,0.148180834017694,0.019145417027175426,0.007425833027809858,0.007784374989569187,0.015269167022779584,2.9041897505521774e-05,0.007955125067383051,0.008231124957092106,0.0007614579517394304,0.03224591689649969,0.06662825006060302,8.391693700104952e-05,0.23021175002213567,0.011611375026404858,0.24182312504854053,1.7625046893954277e-05,8.645805064588785e-05,0.07823962508700788,0.2702501261373982,0.5047457501059398
89,random_0086,random_cycle_chord,20260824,crossing_rich,5,200,6,12,17,4.037108091781537,True,True,,perf/incremental-yamada-frontier-order,1d8374f42cccbb16d78d44100a65ca603d7d1997,3.14.7,macOS-26.6.2-arm64-arm-64bit-Mach-O,arm,0.04166483401786536,0.14812999998684973,0.04134233307559043,0.011107792030088603,0.012525541009381413,0.024689082987606525,4.895904567092657e-05,0.012815332971513271,0.0135315420338884,0.0015670839929953218,0.052652001031674445,0.11767220799811184,9.558303281664848e-05,0.22538870805874467,0.029576416010968387,0.25496512406971306,2.8292066417634487e-05,0.0001650420017540455,0.14724862400908023,0.3370434580137953,0.5672189170727506
90,random_0087,random_cycle_chord,20260824,baseline,0,200,3,12,14,4.869684970306047,True,True,,perf/incremental-yamada-frontier-order,1d8374f42cccbb16d78d44100a65ca603d7d1997,3.14.7,macOS-26.6.2-arm64-arm-64bit-Mach-O,arm,0.037984290975145996,0.14869225001893938,0.02571670908946544,0.006963124964386225,0.007078916998580098,0.013947708066552877,2.2833002731204033e-05,0.007257082965224981,0.007300875033251941,0.0005460419924929738,0.029074541060253978,0.06885304197203368,7.275003008544445e-05,0.1670253750635311,0.008602124988101423,0.17562750005163252,1.4332938008010387e-05,7.116689812391996e-05,0.0774551669601351,0.2641317079542205,0.4354315409436822
91,random_0088,random_cycle_chord,20260824,crossing_rich,6,200,6,12,17,4.165146455751351,True,True,,perf/incremental-yamada-frontier-order,1d8374f42cccbb16d78d44100a65ca603d7d1997,3.14.7,macOS-26.6.2-arm64-arm-64bit-Mach-O,arm,0.04220291704405099,0.14853074995335191,0.04698341595940292,0.013598707970231771,0.01396554196253419,0.02755045797675848,4.420790355652571e-05,0.01428833301179111,0.015140207950025797,0.0016412080731242895,0.0586644149152562,0.13325245899613947,9.504100307822227e-05,0.3194124170113355,0.041522416984662414,0.3609348339959979,2.983398735523224e-05,0.0001748749054968357,0.17477487598080188,0.3655085429782048,0.6895024589030072
92,random_0089,random_cycle_chord,20260824,baseline,0,200,3,13,15,4.5618601474584075,True,True,,perf/incremental-yamada-frontier-order,1d8374f42cccbb16d78d44100a65ca603d7d1997,3.14.7,macOS-26.6.2-arm64-arm-64bit-Mach-O,arm,0.03835145791526884,0.14800158294383436,0.022930667037144303,0.007091041887179017,0.007332625100389123,0.014480500016361475,2.1708081476390362e-05,0.007447707932442427,0.007689916994422674,0.0005645829951390624,0.03020441601984203,0.06757816707249731,6.870902143418789e-05,0.19134533300530165,0.008841084083542228,0.20018641708884388,1.4458084478974342e-05,7.920793723315e-05,0.07641925115603954,0.26277229201514274,0.45828908297698945
93,random_0090,random_cycle_chord,20260824,crossing_rich,3,200,4,10,13,4.022754673401632,True,True,,perf/incremental-yamada-frontier-order,1d8374f42cccbb16d78d44100a65ca603d7d1997,3.14.7,macOS-26.6.2-arm64-arm-64bit-Mach-O,arm,0.031949250027537346,0.1485268750693649,0.03373754094354808,0.008825249969959259,0.009733374929055572,0.01908745791297406,2.8416048735380173e-05,0.00991195801179856,0.01041379093658179,0.0009937500581145287,0.04043537296820432,0.09275774995330721,7.095793262124062e-05,0.17019891703967005,0.018483166000805795,0.18868208304047585,1.9582919776439667e-05,0.0001128750154748559,0.111240915954113,0.29171704105101526,0.46620370796881616
94,random_0091,random_cycle_chord,20260824,crossing_rich,2,200,4,10,13,5.434355318582439,True,True,,perf/incremental-yamada-frontier-order,1d8374f42cccbb16d78d44100a65ca603d7d1997,3.14.7,macOS-26.6.2-arm64-arm-64bit-Mach-O,arm,0.03852224990259856,0.1486715410137549,0.04848262504674494,0.008155583986081183,0.008415292017161846,0.01657916698604822,2.9082992114126682e-05,0.0086005839984864,0.00908187497407198,0.0009920420125126839,0.03528275096323341,0.10036316607147455,7.262500002980232e-05,0.16893387504387647,0.017543083988130093,0.18647695903200656,1.9042054191231728e-05,0.00011033297050744295,0.11790625005960464,0.3051000409759581,0.47828658402431756
95,random_0092,random_cycle_chord,20260824,baseline,0,200,3,13,15,4.56244961150921,True,True,,perf/incremental-yamada-frontier-order,1d8374f42cccbb16d78d44100a65ca603d7d1997,3.14.7,macOS-26.6.2-arm64-arm-64bit-Mach-O,arm,0.03843845799565315,0.14796366693917662,0.02251666598021984,0.006816499982960522,0.006768624996766448,0.013367832987569273,2.1292013116180897e-05,0.006882000016048551,0.007102916948497295,0.000540125067345798,0.027914167032577097,0.06403500004671514,7.02079851180315e-05,0.1910096249775961,0.008387541980482638,0.19939716695807874,1.383305061608553e-05,6.895791739225388e-05,0.07242254202719778,0.25882466696202755,0.4539742498891428
96,random_0093,random_cycle_chord,20260824,crossing_rich,4,200,5,12,16,4.880745124788217,True,True,,perf/incremental-yamada-frontier-order,1d8374f42cccbb16d78d44100a65ca603d7d1997,3.14.7,macOS-26.6.2-arm64-arm-64bit-Mach-O,arm,0.04321295802947134,0.18131174996960908,0.0434501669369638,0.009902332909405231,0.0107830420602113,0.021214792039245367,4.9999915063381195e-05,0.010993708041496575,0.011582750012166798,0.0013410421088337898,0.04518229211680591,0.10935879196040332,8.779100608080626e-05,0.21043149998877198,0.025438792072236538,0.2358702920610085,2.3707980290055275e-05,0.00014937494415789843,0.13479758403263986,0.3593222920317203,0.5742326669860631
97,random_0094,random_cycle_chord,20260824,baseline,0,200,3,14,16,4.295415962061426,True,True,,perf/incremental-yamada-frontier-order,1d8374f42cccbb16d78d44100a65ca603d7d1997,3.14.7,macOS-26.6.2-arm64-arm-64bit-Mach-O,arm,0.0397177500417456,0.1478925000410527,0.018641334027051926,0.006479874951764941,0.006564041948877275,0.012973249889910221,2.1000043489038944e-05,0.006750624976120889,0.0069093749625608325,0.0005564159946516156,0.027210665866732597,0.05891445802990347,7.120799273252487e-05,0.18924283399246633,0.008674707962200046,0.19791754195466638,1.3833981938660145e-05,6.833299994468689e-05,0.06758916599210352,0.2551994160749018,0.44858608301728964
98,random_0095,random_cycle_chord,20260824,baseline,0,200,4,14,17,4.292743201794593,True,True,,perf/incremental-yamada-frontier-order,1d8374f42cccbb16d78d44100a65ca603d7d1997,3.14.7,macOS-26.6.2-arm64-arm-64bit-Mach-O,arm,0.04235783300828189,0.1478942499961704,0.021317166974768043,0.007571374997496605,0.008001375012099743,0.015810417011380196,2.8916983865201473e-05,0.008189583895727992,0.008396249962970614,0.0007136251078918576,0.03313879296183586,0.07005487498827279,8.333299774676561e-05,0.21900874993298203,0.01095725002232939,0.22996599995531142,1.858395989984274e-05,8.200004231184721e-05,0.08101212501060218,0.27126420801505446,0.49454854207579046
99,random_0096,random_cycle_chord,20260824,crossing_rich,5,200,6,14,19,4.295505310441275,True,True,,perf/incremental-yamada-frontier-order,1d8374f42cccbb16d78d44100a65ca603d7d1997,3.14.7,macOS-26.6.2-arm64-arm-64bit-Mach-O,arm,0.047698042006231844,0.14843433303758502,0.04071000008843839,0.011295666918158531,0.013052541995421052,0.025724333012476563,4.370801616460085e-05,0.013371665962040424,0.014138082973659039,0.0015550829702988267,0.054832872934639454,0.11993170797359198,0.00010570790618658066,0.34949449996929616,0.029747166903689504,0.37924166687298566,2.8333044610917568e-05,0.00016554200556129217,0.1496788748772815,0.34581124992109835,0.6995705830631778
100,random_0097,random_cycle_chord,20260824,crossing_rich,4,200,6,12,17,4.014569200091867,True,True,,perf/incremental-yamada-frontier-order,1d8374f42cccbb16d78d44100a65ca603d7d1997,3.14.7,macOS-26.6.2-arm64-arm-64bit-Mach-O,arm,0.04202774993609637,0.15751870803069323,0.038158708019182086,0.011517832987010479,0.012426375062204897,0.024412040947936475,5.891697946935892e-05,0.012679708073846996,0.01328712492249906,0.0014589159982278943,0.051896706921979785,0.11404750007204711,9.716604836285114e-05,0.2261188339907676,0.032054917071945965,0.25817375106271356,3.0207913368940353e-05,0.0001574170310050249,0.14610241714399308,0.3456488751107827,0.5764891249127686
101,random_0098,random_cycle_chord,20260824,crossing_rich,4,200,5,11,15,5.225497872805873,True,True,,perf/incremental-yamada-frontier-order,1d8374f42cccbb16d78d44100a65ca603d7d1997,3.14.7,macOS-26.6.2-arm64-arm-64bit-Mach-O,arm,0.04324112506583333,0.14891574997454882,0.04507504205685109,0.009935084031894803,0.010902000009082258,0.021472707972861826,4.2208004742860794e-05,0.011161125032231212,0.01167649996932596,0.0012750419555231929,0.04562758293468505,0.11157733399886638,8.812500163912773e-05,0.19958462507929653,0.024378124973736703,0.22396275005303323,2.345792017877102e-05,0.000141416909173131,0.13595545897260308,0.32811233401298523,0.5325087920064107
102,random_0099,random_cycle_chord,20260824,baseline,0,200,4,13,16,4.570487479523393,True,True,,perf/incremental-yamada-frontier-order,1d8374f42cccbb16d78d44100a65ca603d7d1997,3.14.7,macOS-26.6.2-arm64-arm-64bit-Mach-O,arm,0.04094583308324218,0.14823708299081773,0.02169279207009822,0.007788665941916406,0.00821266695857048,0.016113833989948034,2.8916983865201473e-05,0.00832629099022597,0.008585958043113351,0.0007146670250222087,0.033769667032174766,0.07148979196790606,8.287501987069845e-05,0.20514141698367894,0.010926333023235202,0.21606775000691414,1.7666025087237358e-05,8.19589477032423e-05,0.08241612499114126,0.27159904106520116,0.48101224994752556
103,random_0100,random_cycle_chord,20260824,crossing_rich,2,200,5,11,15,4.115986298613852,True,True,,perf/incremental-yamada-frontier-order,1d8374f42cccbb16d78d44100a65ca603d7d1997,3.14.7,macOS-26.6.2-arm64-arm-64bit-Mach-O,arm,0.037055207998491824,0.14786683302372694,0.03503475000616163,0.009287124965339899,0.010228915954940021,0.020227165892720222,3.683299291878939e-05,0.01048491697292775,0.010994166019372642,0.001121582929044962,0.042864664806984365,0.09744775004219264,8.549995254725218e-05,0.19776841695420444,0.01919929205905646,0.2169677090132609,2.2916938178241253e-05,0.00011820800136774778,0.1166470421012491,0.30156908312346786,0.5037355839740485
104,random_0101,random_cycle_chord,20260824,baseline,0,200,4,15,18,4.046931512124425,True,True,,perf/incremental-yamada-frontier-order,1d8374f42cccbb16d78d44100a65ca603d7d1997,3.14.7,macOS-26.6.2-arm64-arm-64bit-Mach-O,arm,0.043505624984391034,0.14800770801957697,0.02024587499909103,0.007696749991737306,0.008226332953199744,0.016290000057779253,2.875004429370165e-05,0.008450624998658895,0.00868412503041327,0.0007493749726563692,0.03420287510380149,0.07039808307308704,8.312507998198271e-05,0.23078308394178748,0.011386000085622072,0.24216908402740955,1.766590867191553e-05,8.44169408082962e-05,0.08178408315870911,0.2732974161626771,0.5083527079550549
105,random_0102,random_cycle_chord,20260824,baseline,0,200,3,12,14,4.879021331872589,True,True,,perf/incremental-yamada-frontier-order,1d8374f42cccbb16d78d44100a65ca603d7d1997,3.14.7,macOS-26.6.2-arm64-arm-64bit-Mach-O,arm,0.03718841704539955,0.14809345896355808,0.022275083931162953,0.006706541986204684,0.00679066707380116,0.013455500011332333,2.274999860674143e-05,0.0069738749880343676,0.007160041015595198,0.0005495829973369837,0.028161749010905623,0.0639533749781549,7.429206743836403e-05,0.17943041597027332,0.008785082958638668,0.18821549892891198,1.425005029886961e-05,6.937503349035978e-05,0.07273845793679357,0.2580203339457512,0.4416030419524759
106,random_0103,random_cycle_chord,20260824,crossing_rich,4,200,5,11,15,5.229188391282602,True,True,,perf/incremental-yamada-frontier-order,1d8374f42cccbb16d78d44100a65ca603d7d1997,3.14.7,macOS-26.6.2-arm64-arm-64bit-Mach-O,arm,0.044060250045731664,0.14848620793782175,0.04564070899505168,0.010049000033177435,0.011278041987679899,0.022256416035816073,3.654090687632561e-05,0.011517917038872838,0.012191666988655925,0.0012723749969154596,0.04727491596713662,0.11427525000181049,8.366699330508709e-05,0.19685099995695055,0.023446207982487977,0.22029720793943852,2.3124972358345985e-05,0.0001379579771310091,0.13772145798429847,0.3302679159678519,0.5315701670479029
107,random_0104,random_cycle_chord,20260824,crossing_rich,2,200,4,11,14,4.999741351834933,True,True,,perf/incremental-yamada-frontier-order,1d8374f42cccbb16d78d44100a65ca603d7d1997,3.14.7,macOS-26.6.2-arm64-arm-64bit-Mach-O,arm,0.03863045899197459,0.14870050002355129,0.03851070802193135,0.008637708029709756,0.009361332980915904,0.01846966694574803,3.8541038520634174e-05,0.009517333004623652,0.009853834053501487,0.0008940839907154441,0.03877345903310925,0.0953151669818908,7.3749921284616e-05,0.1828522499417886,0.01599845802411437,0.19885070796590298,1.8125050701200962e-05,0.0001011659624055028,0.11131362500600517,0.29864458402153105,0.4857575000496581
108,random_0105,random_cycle_chord,20260824,crossing_rich,5,200,6,12,17,4.064418170154768,True,True,,perf/incremental-yamada-frontier-order,1d8374f42cccbb16d78d44100a65ca603d7d1997,3.14.7,macOS-26.6.2-arm64-arm-64bit-Mach-O,arm,0.041859791963361204,0.14865258301142603,0.043418333982117474,0.011141457944177091,0.012641082983464003,0.024877082905732095,5.4333009757101536e-05,0.01271204196382314,0.013508041971363127,0.0015171249397099018,0.052668624790385365,0.11991487501654774,9.337509982287884e-05,0.22962858399841934,0.030461334041319788,0.26008991803973913,2.729194238781929e-05,0.00015679106581956148,0.15037620905786753,0.34088858403265476,0.5756294580642134
109,random_0106,random_cycle_chord,20260824,crossing_rich,5,200,6,12,17,4.476621788167238,True,True,,perf/incremental-yamada-frontier-order,1d8374f42cccbb16d78d44100a65ca603d7d1997,3.14.7,macOS-26.6.2-arm64-arm-64bit-Mach-O,arm,0.04389487497974187,0.14881162496749312,0.04554166691377759,0.011280750040896237,0.012696207966655493,0.025075749959796667,4.441593773663044e-05,0.013012083014473319,0.01395333290565759,0.0016495829913765192,0.053735164809040725,0.12329462496563792,9.40409954637289e-05,0.22515750001184642,0.030718790949322283,0.2558762909611687,2.8041889891028404e-05,0.00017283402848988771,0.1540134159149602,0.3467199158621952,0.5764816249720752
110,random_0107,random_cycle_chord,20260824,crossing_rich,3,200,5,11,15,4.972654388217962,True,True,,perf/incremental-yamada-frontier-order,1d8374f42cccbb16d78d44100a65ca603d7d1997,3.14.7,macOS-26.6.2-arm64-arm-64bit-Mach-O,arm,0.04136254207696766,0.14831225003581494,0.04201816697604954,0.009816749952733517,0.010946874972432852,0.021590332966297865,3.795791417360306e-05,0.01118658296763897,0.01179637503810227,0.0012247919803485274,0.045836040866561234,0.10865170799661428,8.337502367794514e-05,0.19558754190802574,0.02176779101137072,0.21735533291939646,2.2416003048419952e-05,0.0001309579238295555,0.130419499007985,0.3200942911207676,0.5201340839266777
111,random_0108,random_cycle_chord,20260824,baseline,0,200,3,13,15,4.563169799555131,True,True,,perf/incremental-yamada-frontier-order,1d8374f42cccbb16d78d44100a65ca603d7d1997,3.14.7,macOS-26.6.2-arm64-arm-64bit-Mach-O,arm,0.03811983298510313,0.14802016702014953,0.022498875041492283,0.006626709015108645,0.00657695799600333,0.013053458067588508,2.1292013116180897e-05,0.006772124907001853,0.006918500061146915,0.0005224579945206642,0.02728783304337412,0.06300937500782311,6.975000724196434e-05,0.19257566600572318,0.008204667014069855,0.20078033301979303,1.366704236716032e-05,6.583402864634991e-05,0.07121404202189296,0.2573540420271456,0.4540459170239046
112,random_0109,random_cycle_chord,20260824,crossing_rich,9,200,7,14,20,4.293948302057691,True,True,,perf/incremental-yamada-frontier-order,1d8374f42cccbb16d78d44100a65ca603d7d1997,3.14.7,macOS-26.6.2-arm64-arm-64bit-Mach-O,arm,0.05043820897117257,0.14930862502660602,0.0466549169505015,0.014626874937675893,0.016676540952175856,0.03296091593801975,6.791704799979925e-05,0.01690337504260242,0.017971458029933274,0.002102250000461936,0.07000591605901718,0.148020250024274,0.00011270795948803425,0.2747084579896182,0.049677041941322386,0.32438549993094057,3.350002225488424e-05,0.00021908397320657969,0.19769729196559638,0.397444125963375,0.6774470420787111
113,random_0110,random_cycle_chord,20260824,crossing_rich,2,200,4,11,14,5.223317906508876,True,True,,perf/incremental-yamada-frontier-order,1d8374f42cccbb16d78d44100a65ca603d7d1997,3.14.7,macOS-26.6.2-arm64-arm-64bit-Mach-O,arm,0.0399106660624966,0.149262584047392,0.04673925007227808,0.008606708026491106,0.00925762508995831,0.01830949995201081,2.875004429370165e-05,0.009504666086286306,0.009864457999356091,0.0008730830159038305,0.03858045709785074,0.10321041604038328,8.058303501456976e-05,0.1824021670036018,0.015459957998245955,0.19786212500184774,1.837499439716339e-05,9.987503290176392e-05,0.11867037403862923,0.30784362414851785,0.49452962493523955
114,random_0111,random_cycle_chord,20260824,crossing_rich,6,200,6,12,17,4.871722454015456,True,True,,perf/incremental-yamada-frontier-order,1d8374f42cccbb16d78d44100a65ca603d7d1997,3.14.7,macOS-26.6.2-arm64-arm-64bit-Mach-O,arm,0.04636329191271216,0.14886891597416252,0.04959245794452727,0.014091791003011167,0.013899291050620377,0.027510167099535465,4.441698547452688e-05,0.014176958939060569,0.015135458903387189,0.0017244169721379876,0.05859141889959574,0.1362148750340566,9.641703218221664e-05,0.33140287501737475,0.04545149998739362,0.37685437500476837,2.8333044610917568e-05,0.000177707988768816,0.18166637502145022,0.3768985829083249,0.7122260829200968
115,random_0112,random_cycle_chord,20260824,crossing_rich,6,200,6,12,17,4.876993544323168,True,True,,perf/incremental-yamada-frontier-order,1d8374f42cccbb16d78d44100a65ca603d7d1997,3.14.7,macOS-26.6.2-arm64-arm-64bit-Mach-O,arm,0.04631833406165242,0.14867774990852922,0.04739320802036673,0.013601458980701864,0.013681208016350865,0.02688270795624703,6.287498399615288e-05,0.01387020805850625,0.014678874984383583,0.0016454580472782254,0.05714012403041124,0.13186666707042605,9.637500625103712e-05,0.2264495830750093,0.032156707951799035,0.2586062910268083,2.8125010430812836e-05,0.00017462496180087328,0.16402337502222508,0.3590194589924067,0.590141125023365
116,random_0113,random_cycle_chord,20260824,baseline,0,200,3,15,17,4.047449544363884,True,True,,perf/incremental-yamada-frontier-order,1d8374f42cccbb16d78d44100a65ca603d7d1997,3.14.7,macOS-26.6.2-arm64-arm-64bit-Mach-O,arm,0.041950250044465065,0.14732333295978606,0.019521500100381672,0.006704500061459839,0.00686220801435411,0.013485000003129244,2.150004729628563e-05,0.006978291901759803,0.007208666065707803,0.0005530000198632479,0.028246458037756383,0.06135366600938141,8.30420758575201e-05,0.2193497500848025,0.008986125001683831,0.22833587508648634,1.391698606312275e-05,7.06670107319951e-05,0.07033979101106524,0.25961337401531637,0.48313808301463723
117,random_0114,random_cycle_chord,20260824,crossing_rich,8,200,7,14,20,4.289345421003061,True,True,,perf/incremental-yamada-frontier-order,1d8374f42cccbb16d78d44100a65ca603d7d1997,3.14.7,macOS-26.6.2-arm64-arm-64bit-Mach-O,arm,0.0499892090447247,0.14881862502079457,0.05268850002903491,0.015592833049595356,0.015913499984890223,0.03142524999566376,5.324999801814556e-05,0.01629229204263538,0.017335582990199327,0.0020115829538553953,0.06711795798037201,0.15136066603008658,0.00011562497820705175,0.2569426669506356,0.04451191704720259,0.3014545839978382,3.3041927963495255e-05,0.0002096670214086771,0.19587258307728916,0.39468041714280844,0.6570789590477943
118,random_0115,random_cycle_chord,20260824,crossing_rich,4,200,5,11,15,5.226566881689719,True,True,,perf/incremental-yamada-frontier-order,1d8374f42cccbb16d78d44100a65ca603d7d1997,3.14.7,macOS-26.6.2-arm64-arm-64bit-Mach-O,arm,0.04296833404805511,0.14861416700296104,0.05055549996905029,0.010040665976703167,0.011515624937601388,0.022669750032946467,3.712496254593134e-05,0.011802625027485192,0.012367416056804359,0.0012497080024331808,0.04812662408221513,0.12027104198932648,8.833396714180708e-05,0.19694249995518476,0.02303041599225253,0.2199729159474373,2.304092049598694e-05,0.00013808300718665123,0.143301457981579,0.33488395903259516,0.5363221250008792
119,random_0116,random_cycle_chord,20260824,crossing_rich,7,200,7,13,19,4.091775506169442,True,True,,perf/incremental-yamada-frontier-order,1d8374f42cccbb16d78d44100a65ca603d7d1997,3.14.7,macOS-26.6.2-arm64-arm-64bit-Mach-O,arm,0.047040582983754575,0.14909770898520947,0.0477294169832021,0.014284458942711353,0.015061500016599894,0.02971875004004687,5.304103251546621e-05,0.015394249930977821,0.01638245803769678,0.0019228330347687006,0.06347133207600564,0.140593915944919,0.00011041597463190556,0.26087679096963257,0.04088612494524568,0.30176291591487825,3.2708048820495605e-05,0.00019875005818903446,0.18148004089016467,0.3776183328591287,0.6440807919716462
120,random_0117,random_cycle_chord,20260824,crossing_rich,5,200,6,12,17,4.395856907194555,True,True,,perf/incremental-yamada-frontier-order,1d8374f42cccbb16d78d44100a65ca603d7d1997,3.14.7,macOS-26.6.2-arm64-arm-64bit-Mach-O,arm,0.043761457898654044,0.15741275006439537,0.04575124999973923,0.011766667012125254,0.012566791963763535,0.02472033293452114,4.68340003862977e-05,0.012823333032429218,0.013635249924845994,0.001594332978129387,0.052820082870312035,0.1229520000051707,9.68750100582838e-05,0.32654633291531354,0.04691945796366781,0.37346579087898135,3.0249939300119877e-05,0.00017270806711167097,0.1698714579688385,0.3710456659318879,0.7015298749320209
121,random_0118,random_cycle_chord,20260824,baseline,0,200,4,15,18,4.048036292485917,True,True,,perf/incremental-yamada-frontier-order,1d8374f42cccbb16d78d44100a65ca603d7d1997,3.14.7,macOS-26.6.2-arm64-arm-64bit-Mach-O,arm,0.04380116693209857,0.14841541706118733,0.023014499922282994,0.007354583009146154,0.007580416975542903,0.014890082995407283,2.879102248698473e-05,0.007720541092567146,0.00796874996740371,0.0007289170753210783,0.0313370821531862,0.06931195908691734,8.01250571385026e-05,0.23249225004110485,0.011108541977591813,0.24360079201869667,1.754099503159523e-05,8.220796007663012e-05,0.08042050106450915,0.27263708505779505,0.5094478329410776
122,random_0119,random_cycle_chord,20260824,crossing_rich,4,200,5,13,17,4.571024660151329,True,True,,perf/incremental-yamada-frontier-order,1d8374f42cccbb16d78d44100a65ca603d7d1997,3.14.7,macOS-26.6.2-arm64-arm-64bit-Mach-O,arm,0.044058458996005356,0.1486012500245124,0.04142562497872859,0.010098334052599967,0.011221082997508347,0.022097375011071563,3.6792014725506306e-05,0.011421457980759442,0.012051583034917712,0.0013003749772906303,0.046907583018764853,0.10968500003218651,8.866691496223211e-05,0.22425179206766188,0.024793125106953084,0.24904491717461497,2.3542088456451893e-05,0.00014162505976855755,0.1344781251391396,0.32713783415965736,0.5560549580259249
123,random_0120,random_cycle_chord,20260824,crossing_rich,3,200,5,11,15,5.028952301172117,True,True,,perf/incremental-yamada-frontier-order,1d8374f42cccbb16d78d44100a65ca603d7d1997,3.14.7,macOS-26.6.2-arm64-arm-64bit-Mach-O,arm,0.04147383407689631,0.14843920804560184,0.04432250000536442,0.009457500069402158,0.010334291029721498,0.020302292075939476,3.745791036635637e-05,0.01055054203607142,0.011138292029500008,0.0012053329264745116,0.04323391697835177,0.10738158400636166,8.404196705669165e-05,0.19616983295418322,0.021202250034548342,0.21737208298873156,2.266594674438238e-05,0.00013166700955480337,0.12858383404091,0.31849687616340816,0.5191136669600382
124,random_0121,random_cycle_chord,20260824,crossing_rich,5,200,6,12,17,4.013654361651658,True,True,,perf/incremental-yamada-frontier-order,1d8374f42cccbb16d78d44100a65ca603d7d1997,3.14.7,macOS-26.6.2-arm64-arm-64bit-Mach-O,arm,0.04205533291678876,0.1482832080218941,0.04103445797227323,0.011184917064383626,0.012712874915450811,0.025131333037279546,4.479195922613144e-05,0.01301762496586889,0.01384854200296104,0.0016039169859141111,0.05364620895124972,0.11861716606654227,9.608303662389517e-05,0.22627645800821483,0.031483708997257054,0.2577601670054719,2.8333044610917568e-05,0.0001669169869273901,0.15010087506379932,0.3404394160024822,0.5715284590842202
125,random_0122,random_cycle_chord,20260824,crossing_rich,3,200,5,11,15,4.62649086578886,True,True,,perf/incremental-yamada-frontier-order,1d8374f42cccbb16d78d44100a65ca603d7d1997,3.14.7,macOS-26.6.2-arm64-arm-64bit-Mach-O,arm,0.039268458960577846,0.14814754098188132,0.039749540970660746,0.009468375006690621,0.010188875021412969,0.0200957499910146,3.62499849870801e-05,0.010466499952599406,0.011055749957449734,0.0012300419621169567,0.04288429184816778,0.10232416703365743,8.287490345537663e-05,0.19772970804478973,0.022314082947559655,0.2200437909923494,2.2875028662383556e-05,0.00013537495397031307,0.12463824998121709,0.31205424992367625,0.5142311670351774
126,random_0123,random_cycle_chord,20260824,baseline,0,200,4,14,17,4.291401515208911,True,True,,perf/incremental-yamada-frontier-order,1d8374f42cccbb16d78d44100a65ca603d7d1997,3.14.7,macOS-26.6.2-arm64-arm-64bit-Mach-O,arm,0.04211458400823176,0.14796929201111197,0.022150416974909604,0.007396291010081768,0.007775833015330136,0.015318750054575503,2.8666923753917217e-05,0.007974374922923744,0.008203500066883862,0.0007441249908879399,0.032269416959024966,0.06961858400609344,8.591706864535809e-05,0.21712862502317876,0.011158999986946583,0.22828762501012534,1.7749960534274578e-05,8.220889139920473e-05,0.08077758399304003,0.27086146001238376,0.4922644170001149
127,random_0124,random_cycle_chord,20260824,crossing_rich,6,200,6,14,19,4.291346967626136,True,True,,perf/incremental-yamada-frontier-order,1d8374f42cccbb16d78d44100a65ca603d7d1997,3.14.7,macOS-26.6.2-arm64-arm-64bit-Mach-O,arm,0.04784558399114758,0.14877020800486207,0.0462047909386456,0.0134559579892084,0.013548290939070284,0.026665500015951693,4.3874955736100674e-05,0.013845957932062447,0.014793541049584746,0.0016612909967079759,0.05701016495004296,0.13025916705373675,0.00010241707786917686,0.2538444579113275,0.03518850007094443,0.2890329579822719,2.887495793402195e-05,0.0001752499956637621,0.16544766712468117,0.3620634591206908,0.6211025420343503
128,random_0125,random_cycle_chord,20260824,crossing_rich,2,200,4,10,13,5.617715995585077,True,True,,perf/incremental-yamada-frontier-order,1d8374f42cccbb16d78d44100a65ca603d7d1997,3.14.7,macOS-26.6.2-arm64-arm-64bit-Mach-O,arm,0.038935374934226274,0.14858487504534423,0.04969012504443526,0.008248000056482852,0.008560499991290271,0.016969333053566515,3.37500823661685e-05,0.008899958920665085,0.009230124996975064,0.0009046250488609076,0.03603779210243374,0.10256308305542916,7.241696584969759e-05,0.16768487496301532,0.016390584059990942,0.18407545902300626,1.8542050383985043e-05,9.891693480312824e-05,0.1189536671154201,0.3064739170949906,0.478394916979596
129,random_0126,random_cycle_chord,20260824,crossing_rich,5,200,6,12,17,4.047493376164131,True,True,,perf/incremental-yamada-frontier-order,1d8374f42cccbb16d78d44100a65ca603d7d1997,3.14.7,macOS-26.6.2-arm64-arm-64bit-Mach-O,arm,0.041520458995364606,0.14834633306600153,0.0398895830148831,0.011320334044285119,0.012807083083316684,0.025264750001952052,4.641595296561718e-05,0.01309162494726479,0.013866416993550956,0.0015621670754626393,0.053831374971196055,0.11789012490771711,9.304203558713198e-05,0.2281497080111876,0.03136391600128263,0.25951362401247025,2.7875066734850407e-05,0.00016608403529971838,0.14925404090899974,0.3391208329703659,0.5723167089745402
130,random_0127,random_cycle_chord,20260824,crossing_rich,6,200,6,12,17,4.877573276402427,True,True,,perf/incremental-yamada-frontier-order,1d8374f42cccbb16d78d44100a65ca603d7d1997,3.14.7,macOS-26.6.2-arm64-arm-64bit-Mach-O,arm,0.046083625056780875,0.14891470910515636,0.05758850008714944,0.013600250007584691,0.013660416007041931,0.026929125073365867,4.629208706319332e-05,0.013967290986329317,0.014735541073605418,0.0016100419452413917,0.05728829116560519,0.14217908401042223,0.00010208308231085539,0.33544379100203514,0.031650459044612944,0.3670942500466481,3.133306745439768e-05,0.00017370795831084251,0.17382954305503517,0.3688278772169724,0.70870354201179
131,random_0128,random_cycle_chord,20260824,crossing_rich,9,200,7,14,20,4.295888711174507,True,True,,perf/incremental-yamada-frontier-order,1d8374f42cccbb16d78d44100a65ca603d7d1997,3.14.7,macOS-26.6.2-arm64-arm-64bit-Mach-O,arm,0.05041154206264764,0.14920033398084342,0.04614679201040417,0.014529250096529722,0.016363666974939406,0.03222533408552408,6.854196544736624e-05,0.016694040969014168,0.017843417008407414,0.0021959999576210976,0.06902733398601413,0.14612312498502433,0.00011720892507582903,0.2743112500756979,0.05036012490745634,0.32467137498315424,3.566604573279619e-05,0.00023258302826434374,0.19648324989248067,0.39609512593597174,0.6758375829085708
132,random_0129,random_cycle_chord,20260824,baseline,0,200,4,15,18,4.051882747726204,True,True,,perf/incremental-yamada-frontier-order,1d8374f42cccbb16d78d44100a65ca603d7d1997,3.14.7,macOS-26.6.2-arm64-arm-64bit-Mach-O,arm,0.04327829193789512,0.1483384999446571,0.01871070801280439,0.007815332966856658,0.008397333091124892,0.01656316698063165,2.8499984182417393e-05,0.008586041978560388,0.008855874999426305,0.0007533750031143427,0.0347869589459151,0.06973645905964077,8.38330015540123e-05,0.23034737503621727,0.011428958037868142,0.24177633307408541,1.8040998838841915e-05,8.537503890693188e-05,0.08116541709750891,0.2727822089800611,0.5074182499665767
133,random_0130,random_cycle_chord,20260824,crossing_rich,6,200,6,13,18,4.140839408227843,True,True,,perf/incremental-yamada-frontier-order,1d8374f42cccbb16d78d44100a65ca603d7d1997,3.14.7,macOS-26.6.2-arm64-arm-64bit-Mach-O,arm,0.04446687502786517,0.14850395801477134,0.041056792018935084,0.01338662498164922,0.013814500067383051,0.02720116695854813,5.408306606113911e-05,0.014087458024732769,0.014872582978568971,0.0016757920384407043,0.05789108306635171,0.1261930000036955,9.641703218221664e-05,0.24355037498753518,0.034169709077104926,0.2777200840646401,2.8749927878379822e-05,0.00017583300359547138,0.16036270908080041,0.35333354212343693,0.6014938750304282
134,random_0131,random_cycle_chord,20260824,baseline,0,200,3,14,16,4.290176427936548,True,True,,perf/incremental-yamada-frontier-order,1d8374f42cccbb16d78d44100a65ca603d7d1997,3.14.7,macOS-26.6.2-arm64-arm-64bit-Mach-O,arm,0.03965799999423325,0.1479960000142455,0.02064045798033476,0.0069096669321879745,0.007150999968871474,0.014072208083234727,2.1666986867785454e-05,0.007275791955180466,0.007418291992507875,0.000516165979206562,0.029304124996997416,0.06402441707905382,7.279205601662397e-05,0.18898458301555365,0.008798249997198582,0.19778283301275223,1.4917110092937946e-05,7.14579364284873e-05,0.0728226670762524,0.26047666708473116,0.4536404579412192
135,random_0132,random_cycle_chord,20260824,crossing_rich,8,200,7,13,19,4.4453910134942305,True,True,,perf/incremental-yamada-frontier-order,1d8374f42cccbb16d78d44100a65ca603d7d1997,3.14.7,macOS-26.6.2-arm64-arm-64bit-Mach-O,arm,0.050590041908435524,0.14873687492217869,0.04837212502025068,0.015242707915604115,0.01560458296444267,0.031012874911539257,8.008303120732307e-05,0.01597145793493837,0.01677433296572417,0.0020556249655783176,0.06589437380898744,0.14517570799216628,0.00010933401063084602,0.26209279196336865,0.04649379092734307,0.3085865828907117,3.404205199331045e-05,0.00021604099310934544,0.19166949891950935,0.39099641575012356,0.6585346250794828
136,random_0133,random_cycle_chord,20260824,crossing_rich,4,200,5,12,16,4.571585762049141,True,True,,perf/incremental-yamada-frontier-order,1d8374f42cccbb16d78d44100a65ca603d7d1997,3.14.7,macOS-26.6.2-arm64-arm-64bit-Mach-O,arm,0.04187720804475248,0.14869599998928607,0.04534795798826963,0.009985792101360857,0.011014000046998262,0.021741167060099542,3.7041958421468735e-05,0.011261040926910937,0.011917707975953817,0.0012905839830636978,0.04624754190444946,0.11262949998490512,8.987507317215204e-05,0.2138867910252884,0.024728833930566907,0.2386156249558553,2.37500062212348e-05,0.00013916695024818182,0.13735833391547203,0.3279315419495106,0.5464894169708714
137,random_0134,random_cycle_chord,20260824,crossing_rich,4,200,5,11,15,5.223186204659375,True,True,,perf/incremental-yamada-frontier-order,1d8374f42cccbb16d78d44100a65ca603d7d1997,3.14.7,macOS-26.6.2-arm64-arm-64bit-Mach-O,arm,0.04315899999346584,0.14885825000237674,0.04409874998964369,0.010378665989264846,0.011622166028246284,0.02281370898708701,4.933401942253113e-05,0.011805791989900172,0.012388166971504688,0.0012819580733776093,0.04833896004129201,0.11447887495160103,8.599995635449886e-05,0.1989174170885235,0.024852583999745548,0.22377000108826905,2.3000058718025684e-05,0.00013533397577703,0.13933145895134658,0.33134870894718915,0.5347608750453219
138,random_0135,random_cycle_chord,20260824,crossing_rich,5,200,6,12,17,4.411171569751423,True,True,,perf/incremental-yamada-frontier-order,1d8374f42cccbb16d78d44100a65ca603d7d1997,3.14.7,macOS-26.6.2-arm64-arm-64bit-Mach-O,arm,0.04288850002922118,0.14835170900914818,0.0436873339349404,0.011654792004264891,0.013061332982033491,0.02560870803426951,6.641692016273737e-05,0.013222375069744885,0.013836207916028798,0.001563958008773625,0.05429766594897956,0.12275641597807407,9.537499863654375e-05,0.22701100003905594,0.03033058298751712,0.25734158302657306,2.804200630635023e-05,0.00016316701658070087,0.1530869989655912,0.34432720800396055,0.575967708020471
139,random_0136,random_cycle_chord,20260824,crossing_rich,5,200,6,13,18,4.566907047869194,True,True,,perf/incremental-yamada-frontier-order,1d8374f42cccbb16d78d44100a65ca603d7d1997,3.14.7,macOS-26.6.2-arm64-arm-64bit-Mach-O,arm,0.04747441690415144,0.14867791603319347,0.04321387491654605,0.011425707954913378,0.013091707951389253,0.025901874992996454,4.437495954334736e-05,0.013423209078609943,0.014203874976374209,0.0015972910914570093,0.05517062509898096,0.12294099992141128,9.949994273483753e-05,0.23767104092985392,0.030600416008383036,0.26827145693823695,2.7499976567924023e-05,0.00016695901285856962,0.1535414159297943,0.3496937488671392,0.5921773340087384
140,random_0137,random_cycle_chord,20260824,baseline,0,200,5,14,18,4.295669173660039,True,True,,perf/incremental-yamada-frontier-order,1d8374f42cccbb16d78d44100a65ca603d7d1997,3.14.7,macOS-26.6.2-arm64-arm-64bit-Mach-O,arm,0.045216667000204325,0.15643233293667436,0.02246916596777737,0.00906462490092963,0.009511291980743408,0.018772666924633086,3.724999260157347e-05,0.009718917077407241,0.010047583957202733,0.0009134580614045262,0.03948987601324916,0.08056816598400474,0.00010237493552267551,0.21438595792278647,0.013492333004251122,0.2278782909270376,2.3250002413988113e-05,9.845907334238291e-05,0.09406049898825586,0.29570949892513454,0.51461437495891
141,random_0138,random_cycle_chord,20260824,crossing_rich,5,200,6,12,17,4.0041546288456376,True,True,,perf/incremental-yamada-frontier-order,1d8374f42cccbb16d78d44100a65ca603d7d1997,3.14.7,macOS-26.6.2-arm64-arm-64bit-Mach-O,arm,0.0424087920691818,0.14860337495338172,0.04083512502256781,0.011212874902412295,0.012501333025284111,0.024664125056006014,4.3749925680458546e-05,0.012790917069651186,0.01355199993122369,0.0015567910159006715,0.05260758299846202,0.11719704105053097,9.741692338138819e-05,0.22703166701830924,0.02930008398834616,0.2563317510066554,2.8291018679738045e-05,0.0001634169602766633,0.14649712503887713,0.33750929206144065,0.5691260829335079
142,random_0139,random_cycle_chord,20260824,crossing_rich,9,200,7,14,20,4.295436931543328,True,True,,perf/incremental-yamada-frontier-order,1d8374f42cccbb16d78d44100a65ca603d7d1997,3.14.7,macOS-26.6.2-arm64-arm-64bit-Mach-O,arm,0.051537916995584965,0.14969183306675404,0.051306082983501256,0.014561875024810433,0.0163632920011878,0.032255625003017485,5.666597280651331e-05,0.016740957973524928,0.017873791977763176,0.0021011249627918005,0.0690281658899039,0.15131004096474499,0.00010904099326580763,0.2697210420155898,0.048874916043132544,0.3185959580587223,3.304204437881708e-05,0.00021958304569125175,0.20018495700787753,0.40141470707021654,0.6760861249640584
143,random_0140,random_cycle_chord,20260824,crossing_rich,3,200,5,11,15,4.602361921186695,True,True,,perf/incremental-yamada-frontier-order,1d8374f42cccbb16d78d44100a65ca603d7d1997,3.14.7,macOS-26.6.2-arm64-arm-64bit-Mach-O,arm,0.03886204201262444,0.14880370802711695,0.0397205000044778,0.009684792021289468,0.01058058300986886,0.020831124973483384,3.62499849870801e-05,0.010814999928697944,0.011353624984622002,0.0011784160742536187,0.04421441594604403,0.10423391696531326,9.012501686811447e-05,0.19645458401646465,0.0210208750795573,0.21747545909602195,2.2332998923957348e-05,0.00012679107021540403,0.12525479204487056,0.31292054208461195,0.5138244159752503
144,random_0141,random_cycle_chord,20260824,crossing_rich,9,200,7,14,20,4.293696563873924,True,True,,perf/incremental-yamada-frontier-order,1d8374f42cccbb16d78d44100a65ca603d7d1997,3.14.7,macOS-26.6.2-arm64-arm-64bit-Mach-O,arm,0.050982459099031985,0.14897241699509323,0.05246599996462464,0.01532541704364121,0.01727337494958192,0.034137082984671,6.816606037318707e-05,0.017497875029221177,0.01855849998537451,0.0020843329839408398,0.07234595704358071,0.15746637503616512,0.00011779204942286015,0.2784032500348985,0.046229666913859546,0.32463291694875807,3.300001844763756e-05,0.0002186669735237956,0.20369604195002466,0.4036509180441499,0.6879211249761283
145,random_0142,random_cycle_chord,20260824,crossing_rich,2,200,4,12,15,4.559346853140806,True,True,,perf/incremental-yamada-frontier-order,1d8374f42cccbb16d78d44100a65ca603d7d1997,3.14.7,macOS-26.6.2-arm64-arm-64bit-Mach-O,arm,0.03937458398286253,0.1481176670640707,0.041858957963995636,0.008279041037894785,0.008650542004033923,0.01702116592787206,2.975005190819502e-05,0.008818791946396232,0.009254000033251941,0.0009295840281993151,0.036053291987627745,0.09486883401405066,8.079200051724911e-05,0.19599895796272904,0.016465666005387902,0.21246462396811694,1.8249964341521263e-05,0.00010254199150949717,0.11133450001943856,0.2988267510663718,0.4990995420375839
146,random_0143,random_cycle_chord,20260824,baseline,0,200,4,15,18,4.045759407920302,True,True,,perf/incremental-yamada-frontier-order,1d8374f42cccbb16d78d44100a65ca603d7d1997,3.14.7,macOS-26.6.2-arm64-arm-64bit-Mach-O,arm,0.04286979197058827,0.14813820796553046,0.021437040995806456,0.0075815420132130384,0.007841582992114127,0.015392916975542903,2.875004429370165e-05,0.007962833042256534,0.008219041978009045,0.0007046670652925968,0.03230820910539478,0.06919416692107916,8.86659836396575e-05,0.22930916608311236,0.010460083023644984,0.23976924910675734,1.7415964975953102e-05,7.862504571676254e-05,0.07965424994472414,0.27066224988084286,0.5042623329209164
147,random_0144,random_cycle_chord,20260824,crossing_rich,2,200,4,10,13,5.1499066809601155,True,True,,perf/incremental-yamada-frontier-order,1d8374f42cccbb16d78d44100a65ca603d7d1997,3.14.7,macOS-26.6.2-arm64-arm-64bit-Mach-O,arm,0.03684008400887251,0.1484286671038717,0.04012783302459866,0.008369542076252401,0.008882874972186983,0.017576750018633902,2.9833056032657623e-05,0.009116166969761252,0.009580541984178126,0.0009429169585928321,0.03724620898719877,0.09465195902157575,7.191591430455446e-05,0.16079750005155802,0.017190749989822507,0.17798825004138052,1.9041006453335285e-05,0.00010504201054573059,0.11184270901139826,0.29711146012414247,0.4621690830681473
148,random_0145,random_cycle_chord,20260824,crossing_rich,2,200,4,10,13,5.5914946017363265,True,True,,perf/incremental-yamada-frontier-order,1d8374f42cccbb16d78d44100a65ca603d7d1997,3.14.7,macOS-26.6.2-arm64-arm-64bit-Mach-O,arm,0.038531624944880605,0.14836849994026124,0.05062029103282839,0.008352041942998767,0.009049374959431589,0.017848041956312954,3.004202153533697e-05,0.00922145799268037,0.009616667055524886,0.0008951670024544001,0.03761137602850795,0.1056602499447763,7.262500002980232e-05,0.2529223329620436,0.015896333032287657,0.26881866599433124,1.9083963707089424e-05,0.00010066700633615255,0.12155658297706395,0.3084567078622058,0.5654309170786291
149,random_0146,random_cycle_chord,20260824,crossing_rich,4,200,5,11,15,5.223209587784184,True,True,,perf/incremental-yamada-frontier-order,1d8374f42cccbb16d78d44100a65ca603d7d1997,3.14.7,macOS-26.6.2-arm64-arm-64bit-Mach-O,arm,0.04331049998290837,0.14839762495830655,0.0527066660579294,0.009987375000491738,0.011240791995078325,0.022282958030700684,3.658398054540157e-05,0.011534583056345582,0.012171125039458275,0.0012917079729959369,0.04731695808004588,0.12128487508744001,8.412497118115425e-05,0.19890141603536904,0.024939291994087398,0.22384070802945644,2.362497616559267e-05,0.00013908394612371922,0.1462241670815274,0.33793229202274233,0.5413124999031425
150,random_0147,random_cycle_chord,20260824,crossing_rich,9,200,7,15,21,4.039761983552414,True,True,,perf/incremental-yamada-frontier-order,1d8374f42cccbb16d78d44100a65ca603d7d1997,3.14.7,macOS-26.6.2-arm64-arm-64bit-Mach-O,arm,0.05145575001370162,0.14876554103102535,0.0485352500109002,0.016106041031889617,0.01732033398002386,0.03423683298751712,7.079099304974079e-05,0.017499000066891313,0.01855699997395277,0.0020970420446246862,0.07246066606603563,0.15447954193223268,0.00011012493632733822,0.2913704590173438,0.044372708071023226,0.33574316708836704,3.4250086173415184e-05,0.00022333406377583742,0.1988522500032559,0.39907354104798287,0.6955048750387505
151,random_0148,random_cycle_chord,20260824,baseline,0,200,5,15,19,4.046529343834296,True,True,,perf/incremental-yamada-frontier-order,1d8374f42cccbb16d78d44100a65ca603d7d1997,3.14.7,macOS-26.6.2-arm64-arm-64bit-Mach-O,arm,0.045989583944901824,0.14804791694041342,0.023123917053453624,0.008831792045384645,0.009794457932002842,0.01932304201181978,3.600004129111767e-05,0.010039582964964211,0.010316416970454156,0.0009194160811603069,0.04063445806968957,0.08241675002500415,9.437499102205038e-05,0.2433119589695707,0.013438958092592657,0.25675091706216335,2.1292013116180897e-05,9.537499863654375e-05,0.0958557081175968,0.28989320900291204,0.5376374999759719
152,random_0149,random_cycle_chord,20260824,baseline,0,200,3,14,16,4.295567457987001,True,True,,perf/incremental-yamada-frontier-order,1d8374f42cccbb16d78d44100a65ca603d7d1997,3.14.7,macOS-26.6.2-arm64-arm-64bit-Mach-O,arm,0.03926858294289559,0.14772641693707556,0.01950404094532132,0.006482917000539601,0.006448625004850328,0.012666792026720941,2.1583051420748234e-05,0.006564291077665985,0.0067621670896187425,0.0005518329562619328,0.02656666620168835,0.05902100005187094,7.145898416638374e-05,0.204639625037089,0.00884691602550447,0.21348654106259346,1.3582990504801273e-05,6.929098162800074e-05,0.06786791607737541,0.25486291595734656,0.4636442910414189
153,random_0150,random_cycle_chord,20260824,crossing_rich,6,200,6,13,18,4.27772688094093,True,True,,perf/incremental-yamada-frontier-order,1d8374f42cccbb16d78d44100a65ca603d7d1997,3.14.7,macOS-26.6.2-arm64-arm-64bit-Mach-O,arm,0.04559358407277614,0.14837879198603332,0.04995562508702278,0.011744749965146184,0.01349979208316654,0.026559999911114573,5.0208065658807755e-05,0.013794291066005826,0.014608750003390014,0.0016837500734254718,0.05669699911959469,0.131941958097741,9.850005153566599e-05,0.2437615420203656,0.0343715000199154,0.278133042040281,2.858403604477644e-05,0.00017595908138900995,0.1663134581176564,0.36028583417646587,0.6090219999896362
154,random_0151,random_cycle_chord,20260824,crossing_rich,2,200,4,10,13,5.6178774691231625,True,True,,perf/incremental-yamada-frontier-order,1d8374f42cccbb16d78d44100a65ca603d7d1997,3.14.7,macOS-26.6.2-arm64-arm-64bit-Mach-O,arm,0.03886195900849998,0.1480549160623923,0.04788429196923971,0.008572709048166871,0.009256458026356995,0.018243792001158,2.90420139208436e-05,0.009491708944551647,0.009794583078473806,0.0008892080513760448,0.03844833408948034,0.10418829205445945,7.112498860806227e-05,0.16807554196566343,0.015508791897445917,0.18358433386310935,1.8417020328342915e-05,9.933300316333771e-05,0.11969708395190537,0.30661395902279764,0.47893633402418345
155,random_0152,random_cycle_chord,20260824,crossing_rich,3,200,5,11,15,4.691160728639793,True,True,,perf/incremental-yamada-frontier-order,1d8374f42cccbb16d78d44100a65ca603d7d1997,3.14.7,macOS-26.6.2-arm64-arm-64bit-Mach-O,arm,0.0392683339305222,0.148145416053012,0.03995249990839511,0.009520999970845878,0.0105157500365749,0.020748917013406754,3.712496254593134e-05,0.010767083032988012,0.011375542031601071,0.0012133339187130332,0.0441420009592548,0.10416416695807129,8.729193359613419e-05,0.1972148750210181,0.021790666971355677,0.21900554199237376,2.337503246963024e-05,0.0001296249683946371,0.12595483392942697,0.3133685839129612,0.5150361249689013
156,random_0153,random_cycle_chord,20260824,crossing_rich,8,200,7,15,21,4.044004705800209,True,True,,perf/incremental-yamada-frontier-order,1d8374f42cccbb16d78d44100a65ca603d7d1997,3.14.7,macOS-26.6.2-arm64-arm-64bit-Mach-O,arm,0.05115708301309496,0.14908808295149356,0.04622758401092142,0.015422124997712672,0.016332540893927217,0.03224108391441405,6.745907012373209e-05,0.016681874985806644,0.01765641593374312,0.002023707958869636,0.06867054186295718,0.1467095409752801,0.00011141702998429537,0.28444170800503343,0.0418787079397589,0.32632041594479233,3.4208991564810276e-05,0.00021391594782471657,0.188588248915039,0.3888334148796275,0.6787359999725595
157,random_0154,random_cycle_chord,20260824,crossing_rich,7,200,7,14,20,4.293750623185373,True,True,,perf/incremental-yamada-frontier-order,1d8374f42cccbb16d78d44100a65ca603d7d1997,3.14.7,macOS-26.6.2-arm64-arm-64bit-Mach-O,arm,0.05025916709564626,0.14868483296595514,0.04617129091639072,0.014645749935880303,0.015432166983373463,0.030453250044956803,5.6040938943624496e-05,0.01577141706366092,0.01660375006031245,0.0018965830095112324,0.06478104111738503,0.14108133304398507,0.00010783295147120953,0.2676572499331087,0.03715637500863522,0.3048136249417439,3.462505992501974e-05,0.00019637506920844316,0.1782377080526203,0.3771817081142217,0.6497930830810219
158,random_0155,random_cycle_chord,20260824,baseline,0,200,3,15,17,4.046207992161876,True,True,,perf/incremental-yamada-frontier-order,1d8374f42cccbb16d78d44100a65ca603d7d1997,3.14.7,macOS-26.6.2-arm64-arm-64bit-Mach-O,arm,0.040950375027023256,0.1478669160278514,0.017624916974455118,0.006695332936942577,0.006690333015285432,0.013171499944292009,2.1290965378284454e-05,0.0068333749659359455,0.0070151250110939145,0.000543292029760778,0.02758458291646093,0.05861466599162668,7.52920750528574e-05,0.21598045795690268,0.008444375009275973,0.22442483296617866,1.3915938325226307e-05,6.704207044094801e-05,0.06705904100090265,0.2558763320557773,0.47599062509834766
159,random_0156,random_cycle_chord,20260824,crossing_rich,2,200,4,11,14,5.23004252054997,True,True,,perf/incremental-yamada-frontier-order,1d8374f42cccbb16d78d44100a65ca603d7d1997,3.14.7,macOS-26.6.2-arm64-arm-64bit-Mach-O,arm,0.03996404097415507,0.14808670792263,0.04350520798470825,0.008412999915890396,0.009146667085587978,0.01805437495931983,2.90420139208436e-05,0.009313083020970225,0.009767166920937598,0.0009434589883312583,0.038107125903479755,0.0991975839715451,8.37499974295497e-05,0.18173770897556096,0.016631667036563158,0.19836937601212412,1.837499439716339e-05,0.00010583305265754461,0.11582925100810826,0.30387999990489334,0.4898907080059871
160,random_0157,random_cycle_chord,20260824,crossing_rich,3,200,5,12,16,4.380321423499857,True,True,,perf/incremental-yamada-frontier-order,1d8374f42cccbb16d78d44100a65ca603d7d1997,3.14.7,macOS-26.6.2-arm64-arm-64bit-Mach-O,arm,0.04104516690131277,0.1562534999102354,0.04144937498494983,0.010307167074643075,0.011173124890774488,0.021971915964968503,4.8666028305888176e-05,0.01130841695703566,0.011806791997514665,0.0011751670390367508,0.04631095798686147,0.1092787500238046,9.362504351884127e-05,0.30267779203131795,0.0207208339124918,0.32339862594380975,2.62079993262887e-05,0.00012987502850592136,0.1299995839362964,0.3272982507478446,0.634261458995752
161,random_0158,random_cycle_chord,20260824,crossing_rich,3,200,5,11,15,5.006175147507171,True,True,,perf/incremental-yamada-frontier-order,1d8374f42cccbb16d78d44100a65ca603d7d1997,3.14.7,macOS-26.6.2-arm64-arm-64bit-Mach-O,arm,0.041594875045120716,0.14811491698492318,0.04353237489704043,0.009590334026142955,0.010475666960701346,0.020688166958279908,3.975001163780689e-05,0.010743957944214344,0.011267624911852181,0.0012485830811783671,0.04398808290716261,0.10762349993456155,8.800008799880743e-05,0.19712141691707075,0.02269116695970297,0.21981258387677372,2.3333006538450718e-05,0.0001324170734733343,0.13031466689426452,0.3200244589243084,0.5216028750874102
162,random_0159,random_cycle_chord,20260824,crossing_rich,3,200,5,11,15,4.36564313961794,True,True,,perf/incremental-yamada-frontier-order,1d8374f42cccbb16d78d44100a65ca603d7d1997,3.14.7,macOS-26.6.2-arm64-arm-64bit-Mach-O,arm,0.03788024990353733,0.14806954201776534,0.043520541046746075,0.009680042043328285,0.01059045793954283,0.020924082957208157,3.958400338888168e-05,0.010808167047798634,0.01134524994995445,0.0011855839984491467,0.04430266795679927,0.10812954197172076,8.274998981505632e-05,0.19632858294062316,0.021940458100289106,0.21826904104091227,2.3082946427166462e-05,0.0001280840951949358,0.13007000007200986,0.31601979199331254,0.5167821670183912
163,random_0160,random_cycle_chord,20260824,crossing_rich,4,200,5,11,15,5.223567655925333,True,True,,perf/incremental-yamada-frontier-order,1d8374f42cccbb16d78d44100a65ca603d7d1997,3.14.7,macOS-26.6.2-arm64-arm-64bit-Mach-O,arm,0.04279212490655482,0.15069683303590864,0.047848957940004766,0.01019904192071408,0.011385458055883646,0.022373249987140298,3.920809831470251e-05,0.011608417029492557,0.012164167012088,0.0012801249977201223,0.04746516712475568,0.11693491705227643,8.187501225620508e-05,0.20002654194831848,0.02470237493980676,0.22472891688812524,2.3374916054308414e-05,0.0001402499619871378,0.1416372919920832,0.33512624993454665,0.5399449580581859
164,random_0161,random_cycle_chord,20260824,crossing_rich,9,200,7,14,20,4.294335740866383,True,True,,perf/incremental-yamada-frontier-order,1d8374f42cccbb16d78d44100a65ca603d7d1997,3.14.7,macOS-26.6.2-arm64-arm-64bit-Mach-O,arm,0.0506120000500232,0.14958408300299197,0.049154834006913006,0.01552533300127834,0.017073875060305,0.033554541994817555,6.279093213379383e-05,0.017357375007122755,0.018296165973879397,0.002077208016999066,0.07134808192495257,0.15315312496386468,0.0001076249172911048,0.2709995419718325,0.04559429199434817,0.3165938339661807,3.275007475167513e-05,0.00022074999287724495,0.19874741695821285,0.398943500011228,0.6748683339683339
165,random_0162,random_cycle_chord,20260824,crossing_rich,3,200,5,11,15,4.410486446508878,True,True,,perf/incremental-yamada-frontier-order,1d8374f42cccbb16d78d44100a65ca603d7d1997,3.14.7,macOS-26.6.2-arm64-arm-64bit-Mach-O,arm,0.03833754104562104,0.14828679210040718,0.047127333004027605,0.00963062490336597,0.010510958032682538,0.020788082969374955,3.6334036849439144e-05,0.010735291987657547,0.011288917041383684,0.0011707079829648137,0.04401933401823044,0.11132037511561066,8.441705722361803e-05,0.19785166694782674,0.021825207979418337,0.21967687492724508,2.304196823388338e-05,0.00012620794586837292,0.133145583095029,0.3197699162410572,0.5220797499641776
166,random_0163,random_cycle_chord,20260824,crossing_rich,9,200,7,14,20,4.297807616898618,True,True,,perf/incremental-yamada-frontier-order,1d8374f42cccbb16d78d44100a65ca603d7d1997,3.14.7,macOS-26.6.2-arm64-arm-64bit-Mach-O,arm,0.05058716703206301,0.14913637505378574,0.047342375037260354,0.014555000001564622,0.01706504204776138,0.03359691600780934,5.4042087867856026e-05,0.017371041933074594,0.018529499997384846,0.0021360829705372453,0.07168758299667388,0.15069858403876424,0.00010891701094806194,0.27392808394506574,0.04677091597113758,0.3206989999162033,3.433309029787779e-05,0.000228791031986475,0.19746950000990182,0.39719304209575057,0.6766044170362875
167,random_0164,random_cycle_chord,20260824,crossing_rich,8,200,6,12,17,4.006912120547641,True,True,,perf/incremental-yamada-frontier-order,1d8374f42cccbb16d78d44100a65ca603d7d1997,3.14.7,macOS-26.6.2-arm64-arm-64bit-Mach-O,arm,0.042464833008125424,0.14900470909196883,0.043091375031508505,0.014006583951413631,0.01574295898899436,0.031163375009782612,4.741700831800699e-05,0.016146917012520134,0.016994250006973743,0.0017356669995933771,0.06608762603718787,0.13897095900028944,9.674998000264168e-05,0.23763666697777808,0.03875008306931704,0.2763867500470951,2.945796586573124e-05,0.00018641597125679255,0.17772104206960648,0.36919058416970074,0.6117189170327038
168,random_0165,random_cycle_chord,20260824,crossing_rich,4,200,5,12,16,4.54700905477296,True,True,,perf/incremental-yamada-frontier-order,1d8374f42cccbb16d78d44100a65ca603d7d1997,3.14.7,macOS-26.6.2-arm64-arm-64bit-Mach-O,arm,0.041262042010203004,0.1484894580207765,0.04139224998652935,0.01017549994867295,0.01137520803604275,0.022443166002631187,3.887503407895565e-05,0.011694333981722593,0.012241584016010165,0.0012591250706464052,0.04767708410508931,0.11065504199359566,8.529098704457283e-05,0.3412723750807345,0.0244657089933753,0.3657380840741098,2.3667002096772194e-05,0.000132082961499691,0.13512075098697096,0.3248722510179505,0.6702942920383066
169,random_0166,random_cycle_chord,20260824,crossing_rich,4,200,5,11,15,5.222917129161992,True,True,,perf/incremental-yamada-frontier-order,1d8374f42cccbb16d78d44100a65ca603d7d1997,3.14.7,macOS-26.6.2-arm64-arm-64bit-Mach-O,arm,0.04338687506970018,0.14892866602167487,0.047903957893140614,0.01010295795276761,0.011400209041312337,0.022554416907951236,3.62499849870801e-05,0.01168004097416997,0.012323583010584116,0.0012797090457752347,0.047873999923467636,0.11731433297973126,8.90420051291585e-05,0.1981064589926973,0.02459062507841736,0.22269708407111466,2.3166066966950893e-05,0.00013937510084360838,0.14190495805814862,0.3342204991495237,0.5367952090455219
170,random_0167,random_cycle_chord,20260824,crossing_rich,12,200,8,14,21,4.2926491777586016,True,True,,perf/incremental-yamada-frontier-order,1d8374f42cccbb16d78d44100a65ca603d7d1997,3.14.7,macOS-26.6.2-arm64-arm-64bit-Mach-O,arm,0.053452666965313256,0.149909415980801,0.056233000010252,0.016199875040911138,0.019362874911166728,0.038188250036910176,6.979203317314386e-05,0.019677915959618986,0.021119499928317964,0.002579792053438723,0.08163525001145899,0.17348929191939533,0.00036308402195572853,0.3063070831121877,0.06381449999753386,0.37012158310972154,5.037500523030758e-05,0.00027841702103614807,0.23730379191692919,0.4406658748630434,0.752930875052698
171,random_0168,random_cycle_chord,20260824,crossing_rich,5,200,6,14,19,4.296945004544336,True,True,,perf/incremental-yamada-frontier-order,1d8374f42cccbb16d78d44100a65ca603d7d1997,3.14.7,macOS-26.6.2-arm64-arm-64bit-Mach-O,arm,0.049134957953356206,0.14881845901254565,0.04204033291898668,0.01183950004633516,0.013451208011247218,0.026527707930654287,4.700000863522291e-05,0.013699582894332707,0.014527958002872765,0.0015874160453677177,0.0563896648818627,0.12376374995801598,0.00010366702917963266,0.36840416700579226,0.029937208048067987,0.39834137505386025,2.9459013603627682e-05,0.00017070805188268423,0.15370095800608397,0.3516543749719858,0.7242931659566239
172,random_0169,random_cycle_chord,20260824,baseline,0,200,3,15,17,4.044960445936868,True,True,,perf/incremental-yamada-frontier-order,1d8374f42cccbb16d78d44100a65ca603d7d1997,3.14.7,macOS-26.6.2-arm64-arm-64bit-Mach-O,arm,0.0410727079724893,0.14781291701365262,0.018170125083997846,0.006901042070239782,0.007058666902594268,0.013874416006729007,2.0875013433396816e-05,0.0071783330058678985,0.00736933306325227,0.0005241249455139041,0.028967082034796476,0.06111670797690749,7.441604975610971e-05,0.21675920789130032,0.008110333001241088,0.2248695408925414,1.3625016435980797e-05,6.820796988904476e-05,0.06922704097814858,0.2581126659642905,0.4788959170691669
173,random_0170,random_cycle_chord,20260824,crossing_rich,9,200,7,14,20,4.289890414080723,True,True,,perf/incremental-yamada-frontier-order,1d8374f42cccbb16d78d44100a65ca603d7d1997,3.14.7,macOS-26.6.2-arm64-arm-64bit-Mach-O,arm,0.05080616602208465,0.1493870000122115,0.04899479204323143,0.014689042000100017,0.017208124976605177,0.03405158407986164,5.066697485744953e-05,0.017625374952331185,0.01875120890326798,0.0020806670654565096,0.07255950197577477,0.15349787496961653,0.00011470902245491743,0.4263045000843704,0.06373029202222824,0.4900347921065986,3.350002225488424e-05,0.00021716603077948093,0.21722816699184477,0.41742133302614093,0.847675499971956
174,random_0171,random_cycle_chord,20260824,crossing_rich,4,200,6,12,17,4.53382855089594,True,True,,perf/incremental-yamada-frontier-order,1d8374f42cccbb16d78d44100a65ca603d7d1997,3.14.7,macOS-26.6.2-arm64-arm-64bit-Mach-O,arm,0.043751041986979544,0.14885404100641608,0.04386070906184614,0.01117483398411423,0.012689332943409681,0.025056582991965115,4.6332948841154575e-05,0.013032000046223402,0.013656458933837712,0.0014464169507846236,0.05323779187165201,0.12100499996449798,0.00010183302219957113,0.22559529193677008,0.02655729092657566,0.25215258286334574,2.691592089831829e-05,0.00014825002290308475,0.14756229089107364,0.34016737388446927,0.5702939169714227
175,random_0172,random_cycle_chord,20260824,crossing_rich,3,200,5,12,16,4.413229371823495,True,True,,perf/incremental-yamada-frontier-order,1d8374f42cccbb16d78d44100a65ca603d7d1997,3.14.7,macOS-26.6.2-arm64-arm-64bit-Mach-O,arm,0.04051512491423637,0.14835475001018494,0.04461320908740163,0.009582750033587217,0.010324541013687849,0.020351917017251253,4.15419926866889e-05,0.010572041966952384,0.011025915970094502,0.0011674580164253712,0.0431588749634102,0.10771762498188764,9.191699791699648e-05,0.21085333300288767,0.021242958027869463,0.23209629103075713,2.3124972358345985e-05,0.00012708303984254599,0.1289605830097571,0.3178304579341784,0.5330204999772832
176,random_0173,random_cycle_chord,20260824,baseline,0,200,3,14,16,4.2964316510716625,True,True,,perf/incremental-yamada-frontier-order,1d8374f42cccbb16d78d44100a65ca603d7d1997,3.14.7,macOS-26.6.2-arm64-arm-64bit-Mach-O,arm,0.03947204106952995,0.14806854201015085,0.018856249982491136,0.00674237497150898,0.006900249980390072,0.013599916943348944,2.191704697906971e-05,0.0070602078922092915,0.007207958027720451,0.000528082950040698,0.028418082860298455,0.060935292043723166,7.204106077551842e-05,0.20141095796134323,0.00818445801269263,0.20959541597403586,1.3542012311518192e-05,6.258406210690737e-05,0.0691197500564158,0.2566603331360966,0.4620851670624688
177,random_0174,random_cycle_chord,20260824,baseline,0,200,3,14,16,4.2922693236199985,True,True,,perf/incremental-yamada-frontier-order,1d8374f42cccbb16d78d44100a65ca603d7d1997,3.14.7,macOS-26.6.2-arm64-arm-64bit-Mach-O,arm,0.039443125016987324,0.14805554202757776,0.0189594590337947,0.006659707985818386,0.006840125075541437,0.013469291967339814,2.1792016923427582e-05,0.006935250014066696,0.007192332996055484,0.0005873329937458038,0.028205999988131225,0.06068500003311783,7.279205601662397e-05,0.20477999991271645,0.009437708067707717,0.21421770798042417,1.4040968380868435e-05,7.070798892527819e-05,0.07012270810082555,0.25762137514539063,0.4664256250252947
178,random_0175,random_cycle_chord,20260824,crossing_rich,2,200,4,10,13,5.6245445873132605,True,True,,perf/incremental-yamada-frontier-order,1d8374f42cccbb16d78d44100a65ca603d7d1997,3.14.7,macOS-26.6.2-arm64-arm-64bit-Mach-O,arm,0.0391742920037359,0.14836574997752905,0.051452791900373995,0.008337458013556898,0.008798874914646149,0.017276624916121364,2.8875074349343777e-05,0.008955541998147964,0.009455916937440634,0.0009876670083031058,0.03670462593436241,0.10531941696535796,7.137504871934652e-05,0.16910512500908226,0.0168868750333786,0.18599200004246086,1.9208062440156937e-05,0.00011124997399747372,0.12220629199873656,0.3097463339800015,0.4829962089424953
179,random_0176,random_cycle_chord,20260824,crossing_rich,4,200,5,11,15,5.227774734636688,True,True,,perf/incremental-yamada-frontier-order,1d8374f42cccbb16d78d44100a65ca603d7d1997,3.14.7,macOS-26.6.2-arm64-arm-64bit-Mach-O,arm,0.043376582907512784,0.14857374993152916,0.04481995804235339,0.010081625077873468,0.011571458075195551,0.02288229193072766,3.704207483679056e-05,0.011737541994079947,0.012427082983776927,0.0012922080932185054,0.04837616707663983,0.1148822910618037,8.258398156613111e-05,0.1985899170394987,0.02524829190224409,0.22383820894174278,2.3458036594092846e-05,0.00013762502931058407,0.1401305829640478,0.33208091580308974,0.5352155839791521
180,random_0177,random_cycle_chord,20260824,baseline,0,200,3,14,16,4.296864754168436,True,True,,perf/incremental-yamada-frontier-order,1d8374f42cccbb16d78d44100a65ca603d7d1997,3.14.7,macOS-26.6.2-arm64-arm-64bit-Mach-O,arm,0.04075120808556676,0.15670416690409184,0.020377457956783473,0.0071648749290034175,0.0068728330079466105,0.013487499905750155,2.4416018277406693e-05,0.006958124926313758,0.0070900419959798455,0.0005572499940171838,0.02811733284033835,0.06255258398596197,8.174998220056295e-05,0.2047272080089897,0.008858874905854464,0.21358608291484416,1.7124926671385765e-05,7.270800415426493e-05,0.07141145889181644,0.26886683388147503,0.47773650009185076
181,random_0178,random_cycle_chord,20260824,crossing_rich,3,200,5,12,16,4.375683173923444,True,True,,perf/incremental-yamada-frontier-order,1d8374f42cccbb16d78d44100a65ca603d7d1997,3.14.7,macOS-26.6.2-arm64-arm-64bit-Mach-O,arm,0.040494709042832255,0.14797491603530943,0.0417793330270797,0.009855999960564077,0.010695290984585881,0.02108604193199426,4.233303479850292e-05,0.010934374993667006,0.011453958926722407,0.0011732500279322267,0.0446899589151144,0.10705516708549112,8.649996016174555e-05,0.3138566669076681,0.037313499953597784,0.3511701668612659,2.4041044525802135e-05,0.0001300419680774212,0.1443686670390889,0.3328382921172306,0.6504275829065591
182,random_0179,random_cycle_chord,20260824,crossing_rich,8,200,7,14,20,4.296483355036822,True,True,,perf/incremental-yamada-frontier-order,1d8374f42cccbb16d78d44100a65ca603d7d1997,3.14.7,macOS-26.6.2-arm64-arm-64bit-Mach-O,arm,0.0502094590337947,0.14907870802562684,0.046366624999791384,0.0144099579192698,0.01604537502862513,0.032515833037905395,6.745895370841026e-05,0.016859250026755035,0.017646666965447366,0.002073915908113122,0.06916312489192933,0.14603275002446026,0.00011954200454056263,0.26847849995829165,0.0419863749993965,0.31046487495768815,3.5125063732266426e-05,0.0002220839960500598,0.18801912502385676,0.3873072920832783,0.6610880829393864
183,random_0180,random_cycle_chord,20260824,baseline,0,200,4,14,17,4.2950547238226315,True,True,,perf/incremental-yamada-frontier-order,1d8374f42cccbb16d78d44100a65ca603d7d1997,3.14.7,macOS-26.6.2-arm64-arm-64bit-Mach-O,arm,0.042629666975699365,0.1480180419748649,0.021850707940757275,0.007734208018518984,0.007829541922546923,0.015495667001232505,2.8832932002842426e-05,0.008193499990738928,0.008281541988253593,0.0007157080108299851,0.032715249923057854,0.07015537505503744,8.49580392241478e-05,0.21908412501215935,0.010872499900870025,0.22995662491302937,1.820793841034174e-05,8.37499974295497e-05,0.08102787495590746,0.27167558390647173,0.49492879200261086
184,random_0181,random_cycle_chord,20260824,baseline,0,200,5,15,19,4.0493248566423885,True,True,,perf/incremental-yamada-frontier-order,1d8374f42cccbb16d78d44100a65ca603d7d1997,3.14.7,macOS-26.6.2-arm64-arm-64bit-Mach-O,arm,0.04681991704273969,0.14828333305194974,0.02313937502913177,0.00878770905546844,0.00983350002206862,0.019258667016401887,3.766699228435755e-05,0.010004249983467162,0.010365209076553583,0.0009641250362619758,0.040629918104968965,0.08242366707418114,9.366602171212435e-05,0.24471729202196002,0.014269709005020559,0.2589870010269806,2.2290972992777824e-05,0.00010370800737291574,0.0966933760792017,0.2917966261738911,0.5408630419988185
185,random_0182,random_cycle_chord,20260824,baseline,0,200,3,14,16,4.294543010219189,True,True,,perf/incremental-yamada-frontier-order,1d8374f42cccbb16d78d44100a65ca603d7d1997,3.14.7,macOS-26.6.2-arm64-arm-64bit-Mach-O,arm,0.03974762500729412,0.14783575001638383,0.019809333025477827,0.006638749968260527,0.006512457970529795,0.012820208095945418,2.1374900825321674e-05,0.006624917034059763,0.006824207957834005,0.0005620410665869713,0.02685274905525148,0.059831916936673224,7.420789916068316e-05,0.20423712499905378,0.008965832996182144,0.21320295799523592,1.3999990187585354e-05,7.262500002980232e-05,0.06879774993285537,0.2563811249565333,0.46465112501755357
186,random_0183,random_cycle_chord,20260824,crossing_rich,6,200,6,12,17,4.879056532943647,True,True,,perf/incremental-yamada-frontier-order,1d8374f42cccbb16d78d44100a65ca603d7d1997,3.14.7,macOS-26.6.2-arm64-arm-64bit-Mach-O,arm,0.046184249920770526,0.1489485000493005,0.04812370799481869,0.012088041985407472,0.013386333012022078,0.027069250005297363,7.116701453924179e-05,0.013854332966729999,0.014666832983493805,0.0017750419210642576,0.057436624891124666,0.13108616694808006,0.00010733306407928467,0.23151833296287805,0.035415375023148954,0.266933707986027,3.0499999411404133e-05,0.00018666707910597324,0.16650154197122902,0.36163429194130003,0.5982364590745419
187,random_0184,random_cycle_chord,20260824,crossing_rich,4,200,6,13,18,4.051507152987461,True,True,,perf/incremental-yamada-frontier-order,1d8374f42cccbb16d78d44100a65ca603d7d1997,3.14.7,macOS-26.6.2-arm64-arm-64bit-Mach-O,arm,0.04456704203039408,0.1485471670748666,0.04707587498705834,0.011605084058828652,0.013144750031642616,0.02597720897756517,5.5541982874274254e-05,0.013375209062360227,0.01399349991697818,0.0015117920702323318,0.05491325201001018,0.1267840409418568,0.00010612490586936474,0.23816387506667525,0.028157333028502762,0.266321208095178,2.7582980692386627e-05,0.0001521250233054161,0.15494137397035956,0.34805558307562023,0.5907317909877747
188,random_0185,random_cycle_chord,20260824,crossing_rich,3,200,5,11,15,5.039915580509973,True,True,,perf/incremental-yamada-frontier-order,1d8374f42cccbb16d78d44100a65ca603d7d1997,3.14.7,macOS-26.6.2-arm64-arm-64bit-Mach-O,arm,0.04171045799739659,0.14839558291714638,0.04285987501498312,0.009744540904648602,0.010649790987372398,0.02105712506454438,3.6458950489759445e-05,0.010916208033449948,0.01147799997124821,0.0012022919254377484,0.044690083945170045,0.10797725000884384,9.162502828985453e-05,0.1962912919698283,0.021228958969004452,0.21752025093883276,2.3333006538450718e-05,0.000131291919387877,0.1292062089778483,0.31931224989239126,0.5199627500260249
189,random_0186,random_cycle_chord,20260824,crossing_rich,5,200,6,12,17,4.04238976353344,True,True,,perf/incremental-yamada-frontier-order,1d8374f42cccbb16d78d44100a65ca603d7d1997,3.14.7,macOS-26.6.2-arm64-arm-64bit-Mach-O,arm,0.04200391692575067,0.14868683298118412,0.043009000015445054,0.011434666928835213,0.013002833002246916,0.025702041923068464,4.425004590302706e-05,0.013317541917786002,0.014032291946932673,0.0015237090410664678,0.054619834874756634,0.12210562499240041,0.00010108400601893663,0.2264062500325963,0.028584916959516704,0.254991166992113,2.7999980375170708e-05,0.0001622919226065278,0.1506905419519171,0.3413812918588519,0.5724702500738204
190,random_0187,random_cycle_chord,20260824,crossing_rich,6,200,6,14,19,4.292644418013497,True,True,,perf/incremental-yamada-frontier-order,1d8374f42cccbb16d78d44100a65ca603d7d1997,3.14.7,macOS-26.6.2-arm64-arm-64bit-Mach-O,arm,0.047693499946035445,0.1490970840677619,0.04428587504662573,0.014267124934121966,0.013845540932379663,0.027235958026722074,4.404096398502588e-05,0.014134791912510991,0.015007124980911613,0.0016691670753061771,0.05809108295943588,0.1305292920442298,0.00010079203639179468,0.2513807920040563,0.033162917010486126,0.2845437090145424,2.845795825123787e-05,0.0001808329252526164,0.16369220905471593,0.3604827930685133,0.6166290830587968
191,random_0188,random_cycle_chord,20260824,crossing_rich,4,200,5,12,16,4.876805638993751,True,True,,perf/incremental-yamada-frontier-order,1d8374f42cccbb16d78d44100a65ca603d7d1997,3.14.7,macOS-26.6.2-arm64-arm-64bit-Mach-O,arm,0.043175750062800944,0.14861899998504668,0.04450329206883907,0.010212291032075882,0.011720584006980062,0.02369699999690056,6.258301436901093e-05,0.01221370801795274,0.012779582990333438,0.0013285409659147263,0.050081414985470474,0.11655304196756333,0.00010254210792481899,0.3005244170781225,0.023730666027404368,0.32425508310552686,2.3958971723914146e-05,0.00014179106801748276,0.1402837079949677,0.3320784580428153,0.6367168750148267
192,random_0189,random_cycle_chord,20260824,crossing_rich,4,200,5,14,18,4.291184004408097,True,True,,perf/incremental-yamada-frontier-order,1d8374f42cccbb16d78d44100a65ca603d7d1997,3.14.7,macOS-26.6.2-arm64-arm-64bit-Mach-O,arm,0.0449549580225721,0.1486867080675438,0.040309500065632164,0.01021237496752292,0.011756250052712858,0.02331045805476606,3.658304922282696e-05,0.012033583014272153,0.01263116707559675,0.0012693749740719795,0.04928116616792977,0.11159250000491738,8.937506936490536e-05,0.3808847499312833,0.03380787500645965,0.41469262493774295,2.320797648280859e-05,0.00013670895714312792,0.14540037501137704,0.33904204110149294,0.7236851670313627
193,random_0190,random_cycle_chord,20260824,crossing_rich,3,200,5,13,17,4.31676304895336,True,True,,perf/incremental-yamada-frontier-order,1d8374f42cccbb16d78d44100a65ca603d7d1997,3.14.7,macOS-26.6.2-arm64-arm-64bit-Mach-O,arm,0.044196999981068075,0.15414716699160635,0.04789320891723037,0.010365333990193903,0.01120545796584338,0.022426749928854406,5.766702815890312e-05,0.011441917042247951,0.011852875002659857,0.0012433750089257956,0.04702258401084691,0.11652649997267872,9.912496898323298e-05,0.2575347499223426,0.023210249957628548,0.28074499987997115,2.4041044525802135e-05,0.00014162505976855755,0.13973674993030727,0.3380809169029817,0.6001370409503579
194,random_0191,random_cycle_chord,20260824,crossing_rich,6,200,6,13,18,4.116056324467752,True,True,,perf/incremental-yamada-frontier-order,1d8374f42cccbb16d78d44100a65ca603d7d1997,3.14.7,macOS-26.6.2-arm64-arm-64bit-Mach-O,arm,0.0456129580270499,0.1482191669056192,0.047531999996863306,0.013937707990407944,0.014039042056538165,0.027632458950392902,5.470798350870609e-05,0.014222458004951477,0.015055750031024218,0.00163145805709064,0.05859683302696794,0.13415041705593467,9.762495756149292e-05,0.24466954194940627,0.034656082978472114,0.2793256249278784,2.8416980057954788e-05,0.0001772079849615693,0.16880650003440678,0.3626386249670759,0.6122962919762358
195,random_0192,random_cycle_chord,20260824,crossing_rich,3,200,4,10,13,4.702640600943084,True,True,,perf/incremental-yamada-frontier-order,1d8374f42cccbb16d78d44100a65ca603d7d1997,3.14.7,macOS-26.6.2-arm64-arm-64bit-Mach-O,arm,0.03439629205968231,0.1487096669152379,0.03914191701915115,0.009073166991584003,0.01003350003156811,0.01973145897500217,2.987496554851532e-05,0.010277500026859343,0.010654957965016365,0.0009564579231664538,0.04165024985559285,0.09992604097351432,7.216690573841333e-05,0.25060866598505527,0.026282125036232173,0.27689079102128744,1.8959050066769123e-05,0.00010470801498740911,0.1262081660097465,0.3093141249846667,0.5637395000085235
196,random_0193,random_cycle_chord,20260824,crossing_rich,4,200,5,11,15,5.05562383297021,True,True,,perf/incremental-yamada-frontier-order,1d8374f42cccbb16d78d44100a65ca603d7d1997,3.14.7,macOS-26.6.2-arm64-arm-64bit-Mach-O,arm,0.04243387503083795,0.148641207953915,0.04772058397065848,0.010025958996266127,0.011223125038668513,0.022097415989264846,3.841705620288849e-05,0.011476875049993396,0.012030833051539958,0.0012764999410137534,0.04692004108801484,0.1159252499928698,8.979195263236761e-05,0.20011762506328523,0.02448633301537484,0.22460395807866007,2.3582950234413147e-05,0.00014000001829117537,0.14041158300824463,0.3314866659929976,0.5362814590334892
197,random_0194,random_cycle_chord,20260824,crossing_rich,2,200,5,11,15,4.038042218175761,True,True,,perf/incremental-yamada-frontier-order,1d8374f42cccbb16d78d44100a65ca603d7d1997,3.14.7,macOS-26.6.2-arm64-arm-64bit-Mach-O,arm,0.036640499951317906,0.1479841669788584,0.0344618329545483,0.0094711659476161,0.010439499979838729,0.020509166992269456,3.658398054540157e-05,0.010600500041618943,0.011077750008553267,0.001057750079780817,0.043281751102767885,0.09768762497697026,8.095800876617432e-05,0.19706633302848786,0.017832999932579696,0.21489933296106756,2.2582942619919777e-05,0.0001157920341938734,0.11552062490954995,0.30014529183972627,0.501633207895793
198,random_0195,random_cycle_chord,20260824,crossing_rich,8,200,7,13,19,4.342748822992914,True,True,,perf/incremental-yamada-frontier-order,1d8374f42cccbb16d78d44100a65ca603d7d1997,3.14.7,macOS-26.6.2-arm64-arm-64bit-Mach-O,arm,0.047786207986064255,0.14873599994461983,0.04666600003838539,0.0148083750391379,0.01641079201363027,0.03228712501004338,8.558307308703661e-05,0.016362582915462554,0.01726845803204924,0.002025499939918518,0.06802924897056073,0.14598533301614225,0.00010783306788653135,0.2605147910071537,0.0451214590575546,0.3056362500647083,3.2833078876137733e-05,0.00020899996161460876,0.19110679207369685,0.38762900000438094,0.6536554590566084
199,random_0196,random_cycle_chord,20260824,crossing_rich,6,200,6,12,17,4.870689987107235,True,True,,perf/incremental-yamada-frontier-order,1d8374f42cccbb16d78d44100a65ca603d7d1997,3.14.7,macOS-26.6.2-arm64-arm-64bit-Mach-O,arm,0.04588545800652355,0.14935387496370822,0.04893216595519334,0.013776874984614551,0.013990291976369917,0.027640833985060453,4.3584033846855164e-05,0.014268416911363602,0.01514741696882993,0.001599165960215032,0.05869941785931587,0.13543883303645998,9.529199451208115e-05,0.33024275000207126,0.03230125003028661,0.36254400003235787,2.820801455527544e-05,0.0001610829494893551,0.1677400830667466,0.36297941603697836,0.6975048339227214
200,random_0197,random_cycle_chord,20260824,crossing_rich,6,200,6,13,18,4.268701786915765,True,True,,perf/incremental-yamada-frontier-order,1d8374f42cccbb16d78d44100a65ca603d7d1997,3.14.7,macOS-26.6.2-arm64-arm-64bit-Mach-O,arm,0.04614600003696978,0.15674637502525002,0.04249958391301334,0.012115332996472716,0.013415541965514421,0.02644649997819215,5.720905028283596e-05,0.013699083938263357,0.014435750083066523,0.0016701669665053487,0.056308710016310215,0.12438616598956287,0.00010587507858872414,0.24619462492410094,0.03354320803191513,0.27973783295601606,2.962502185255289e-05,0.0001828750828281045,0.157929374021478,0.3608217490836978,0.6123930420726538
201,random_0198,random_cycle_chord,20260824,crossing_rich,5,200,6,13,18,4.241892200068833,True,True,,perf/incremental-yamada-frontier-order,1d8374f42cccbb16d78d44100a65ca603d7d1997,3.14.7,macOS-26.6.2-arm64-arm-64bit-Mach-O,arm,0.045013624941930175,0.1484207910252735,0.041726125054992735,0.011519458028487861,0.012585958931595087,0.02479975007008761,6.987503729760647e-05,0.012658583000302315,0.013272707932628691,0.0015327080618590117,0.052333624102175236,0.11822225002106279,0.00010366691276431084,0.24100599996745586,0.03010145900771022,0.2711074589751661,2.7833040803670883e-05,0.00016437505837529898,0.148323709028773,0.3417581249959767,0.5877063329098746
202,random_0199,random_cycle_chord,20260824,crossing_rich,6,200,6,13,18,4.3446250689813075,True,True,,perf/incremental-yamada-frontier-order,1d8374f42cccbb16d78d44100a65ca603d7d1997,3.14.7,macOS-26.6.2-arm64-arm-64bit-Mach-O,arm,0.04576225008349866,0.14868645800743252,0.04343341710045934,0.013819416984915733,0.013781832996755838,0.027057291008532047,5.745899397879839e-05,0.013947500032372773,0.014744000043720007,0.0016205410938709974,0.05742679117247462,0.12850937503390014,0.00010604097042232752,0.24101358302868903,0.032912917085923254,0.2739265001146123,2.7999980375170708e-05,0.0001716669648885727,0.1614222921198234,0.3558710002107546,0.6018463340587914
203,random_0200,random_cycle_chord,20260824,crossing_rich,2,200,4,10,13,5.40521525691084,True,True,,perf/incremental-yamada-frontier-order,1d8374f42cccbb16d78d44100a65ca603d7d1997,3.14.7,macOS-26.6.2-arm64-arm-64bit-Mach-O,arm,0.03768162499181926,0.14808283292222768,0.04452091606799513,0.008107375004328787,0.008408708032220602,0.016516625066287816,2.975005190819502e-05,0.008596333093009889,0.009005457977764308,0.0009072920074686408,0.03505545819643885,0.09611845796462148,7.941701915115118e-05,0.1602360000833869,0.01653195801191032,0.17676795809529722,2.01669754460454e-05,9.69169195741415e-05,0.1126504159765318,0.29841487389057875,0.4628932500490919
204,random_0201,random_cycle_chord,20260824,crossing_rich,7,200,6,12,17,4.002434947844254,True,True,,perf/incremental-yamada-frontier-order,1d8374f42cccbb16d78d44100a65ca603d7d1997,3.14.7,macOS-26.6.2-arm64-arm-64bit-Mach-O,arm,0.042115333024412394,0.14870362496003509,0.04052091692574322,0.013298750040121377,0.014627124997787178,0.028867791057564318,4.370801616460085e-05,0.014931916957721114,0.015873749973252416,0.0017222909955307841,0.06143945700023323,0.12992629094514996,9.40409954637289e-05,0.3740750829456374,0.03666029102168977,0.4107353739673272,2.8999987989664078e-05,0.0001831249101087451,0.16658658196683973,0.3574055399512872,0.7358329580165446
205,random_0202,random_cycle_chord,20260824,crossing_rich,9,200,7,15,21,4.0488308381260785,True,True,,perf/incremental-yamada-frontier-order,1d8374f42cccbb16d78d44100a65ca603d7d1997,3.14.7,macOS-26.6.2-arm64-arm-64bit-Mach-O,arm,0.05196637497283518,0.1490228340262547,0.04150399996433407,0.015360416960902512,0.01720387500245124,0.03391012502834201,6.858306005597115e-05,0.01816316694021225,0.0190496250288561,0.0022011669352650642,0.07339266699273139,0.14751695899758488,0.00011912500485777855,0.2945266669848934,0.05001725000329316,0.34454391698818654,3.9624981582164764e-05,0.0002293330617249012,0.19753420900087804,0.39852341799996793,0.698488166090101
206,random_0203,random_cycle_chord,20260824,crossing_rich,6,200,6,13,18,4.22175787916019,True,True,,perf/incremental-yamada-frontier-order,1d8374f42cccbb16d78d44100a65ca603d7d1997,3.14.7,macOS-26.6.2-arm64-arm-64bit-Mach-O,arm,0.046784750069491565,0.14854737499263138,0.04301820800174028,0.01160387508571148,0.01329008408356458,0.02626000007148832,4.499999340623617e-05,0.013606416992843151,0.014452792005613446,0.0016396669670939445,0.0560038760304451,0.12395658297464252,0.00011079199612140656,0.24499812501017004,0.033543249941430986,0.27854137495160103,2.8458074666559696e-05,0.00017516594380140305,0.1574998329160735,0.35283195797819644,0.6025441670790315
207,random_0204,random_cycle_chord,20260824,crossing_rich,5,200,6,12,17,4.00766371877466,True,True,,perf/incremental-yamada-frontier-order,1d8374f42cccbb16d78d44100a65ca603d7d1997,3.14.7,macOS-26.6.2-arm64-arm-64bit-Mach-O,arm,0.041301541961729527,0.1481416670139879,0.04818945797160268,0.011683000018820167,0.01309224998112768,0.02569683303590864,6.374996155500412e-05,0.013245917041786015,0.013894999981857836,0.0015605411026626825,0.05446204112377018,0.12747929198667407,9.550002869218588e-05,0.2265557498903945,0.030117332935333252,0.25667308282572776,2.720800694078207e-05,0.00016616692300885916,0.15759662492200732,0.34703983389772475,0.5781832920620218
208,random_0205,random_cycle_chord,20260824,baseline,0,200,4,15,18,4.045769960649166,True,True,,perf/incremental-yamada-frontier-order,1d8374f42cccbb16d78d44100a65ca603d7d1997,3.14.7,macOS-26.6.2-arm64-arm-64bit-Mach-O,arm,0.04387833294458687,0.14818875002674758,0.020321791991591454,0.00784412503708154,0.008278416004031897,0.016330417012795806,2.9791961424052715e-05,0.008440291974693537,0.008713292074389756,0.0007416249718517065,0.03425541799515486,0.07072733400855213,8.337502367794514e-05,0.23075654194690287,0.011535917059518397,0.24229245900642127,1.7459038645029068e-05,8.587492629885674e-05,0.08226325106807053,0.274330334039405,0.5093681250000373
209,random_0206,random_cycle_chord,20260824,crossing_rich,9,200,7,15,21,4.021887127393637,True,True,,perf/incremental-yamada-frontier-order,1d8374f42cccbb16d78d44100a65ca603d7d1997,3.14.7,macOS-26.6.2-arm64-arm-64bit-Mach-O,arm,0.05234337504953146,0.15056891704443842,0.052000624942593277,0.0157503749942407,0.01731104194186628,0.03413895796984434,7.19169620424509e-05,0.01754566701129079,0.018583707977086306,0.0021158329909667373,0.07245608291123062,0.1575775829842314,0.00011291704140603542,0.29562383401207626,0.04855416598729789,0.34417799999937415,3.491691313683987e-05,0.00022220797836780548,0.2061317489715293,0.4090440410654992,0.7101937920087948
210,random_0207,random_cycle_chord,20260824,crossing_rich,7,200,6,14,19,4.283808279597645,True,True,,perf/incremental-yamada-frontier-order,1d8374f42cccbb16d78d44100a65ca603d7d1997,3.14.7,macOS-26.6.2-arm64-arm-64bit-Mach-O,arm,0.04755608306732029,0.15243575000204146,0.04658066597767174,0.014553667046129704,0.015152833075262606,0.029247333062812686,7.42500415071845e-05,0.015517542022280395,0.015926250023767352,0.0018588328966870904,0.06262420804705471,0.13898475002497435,0.00011570798233151436,0.2700780830346048,0.07322516699787229,0.3433032500324771,3.954197745770216e-05,0.00020637502893805504,0.21220991702284664,0.4122017500922084,0.6876512079034001
211,random_0208,random_cycle_chord,20260824,crossing_rich,4,200,5,13,17,4.566611422814691,True,True,,perf/incremental-yamada-frontier-order,1d8374f42cccbb16d78d44100a65ca603d7d1997,3.14.7,macOS-26.6.2-arm64-arm-64bit-Mach-O,arm,0.045346542028710246,0.1544395840028301,0.04133108397945762,0.010966083034873009,0.012426082976162434,0.024055249989032745,6.241700612008572e-05,0.01253766706213355,0.01336458302102983,0.0013315000105649233,0.051351417088881135,0.11613912496250123,0.00011433300096541643,0.23572212492581457,0.02541620808187872,0.2611383330076933,3.229198046028614e-05,0.00015495799016207457,0.14155533304437995,0.3413414590759203,0.5820518329273909
212,random_0209,random_cycle_chord,20260824,crossing_rich,12,200,8,15,22,4.045871000930136,True,True,,perf/incremental-yamada-frontier-order,1d8374f42cccbb16d78d44100a65ca603d7d1997,3.14.7,macOS-26.6.2-arm64-arm-64bit-Mach-O,arm,0.05824466701596975,0.15769862500019372,0.05919216701295227,0.01815304101910442,0.020398458000272512,0.039754082914441824,0.00011341704521328211,0.020710582961328328,0.022253790986724198,0.0026372079737484455,0.08546908188145608,0.18330054194666445,0.00014224997721612453,0.3368712500669062,0.06997029203921556,0.4068415421061218,5.829194560647011e-05,0.0002928749890998006,0.25327083398588,0.4692141260020435,0.811871208017692
213,random_0210,random_cycle_chord,20260824,crossing_rich,2,200,4,11,14,4.6073565191329555,True,True,,perf/incremental-yamada-frontier-order,1d8374f42cccbb16d78d44100a65ca603d7d1997,3.14.7,macOS-26.6.2-arm64-arm-64bit-Mach-O,arm,0.03704299998935312,0.1517379169818014,0.03790920798201114,0.008670666022226214,0.009053874993696809,0.01820358296390623,5.470798350870609e-05,0.009598709060810506,0.009957125061191618,0.0008999579586088657,0.038714083028025925,0.09437729197088629,8.66670161485672e-05,0.1897239580284804,0.01739779196213931,0.20712174999061972,2.5084009394049644e-05,0.00012037507258355618,0.1117750839330256,0.3005560009041801,0.49467037501744926
214,random_0211,random_cycle_chord,20260824,crossing_rich,5,200,6,14,19,4.295442062493406,True,True,,perf/incremental-yamada-frontier-order,1d8374f42cccbb16d78d44100a65ca603d7d1997,3.14.7,macOS-26.6.2-arm64-arm-64bit-Mach-O,arm,0.049814125057309866,0.1521095409989357,0.04183891694992781,0.011791833094321191,0.013430834049358964,0.026720832916907966,7.895892485976219e-05,0.013686333899386227,0.014595584012567997,0.0016712920041754842,0.05675300175789744,0.12388987501617521,0.00013637507800012827,0.36076908302493393,0.030644416925497353,0.3914134999504313,3.3374992199242115e-05,0.000175209017470479,0.15453429194167256,0.35645795799791813,0.7216766669880599
215,random_0212,random_cycle_chord,20260824,crossing_rich,8,200,7,14,20,4.295450579584771,True,True,,perf/incremental-yamada-frontier-order,1d8374f42cccbb16d78d44100a65ca603d7d1997,3.14.7,macOS-26.6.2-arm64-arm-64bit-Mach-O,arm,0.05117087496910244,0.1517397080315277,0.04625237500295043,0.015357333002611995,0.017830541939474642,0.03411562496330589,0.00010120798833668232,0.0185019999044016,0.018584708916023374,0.0021394999930635095,0.07344304176513106,0.15296345797833055,0.00013762502931058407,0.2826106249121949,0.04760816600173712,0.330218790913932,4.808406811207533e-05,0.0002275829901918769,0.20057162398006767,0.4034822069806978,0.6914912079228088
216,random_0213,random_cycle_chord,20260824,crossing_rich,3,200,5,12,16,4.598537092696389,True,True,,perf/incremental-yamada-frontier-order,1d8374f42cccbb16d78d44100a65ca603d7d1997,3.14.7,macOS-26.6.2-arm64-arm-64bit-Mach-O,arm,0.043005250045098364,0.15289475000463426,0.04140104108955711,0.010481458040885627,0.011200874927453697,0.02225879207253456,6.333307828754187e-05,0.011566833010874689,0.012105750036425889,0.0012976248981431127,0.04729233309626579,0.11043045902624726,0.0001376670552417636,0.21389004099182785,0.023083125008270144,0.236973166000098,2.333405427634716e-05,0.0001369159435853362,0.1335135840345174,0.32941358408425003,0.5480484999716282
217,random_0214,random_cycle_chord,20260824,crossing_rich,9,200,7,14,20,4.291438276862128,True,True,,perf/incremental-yamada-frontier-order,1d8374f42cccbb16d78d44100a65ca603d7d1997,3.14.7,macOS-26.6.2-arm64-arm-64bit-Mach-O,arm,0.05018650006968528,0.14892887498717755,0.047369749983772635,0.014968625036999583,0.01678654202260077,0.033217333955690265,5.583302117884159e-05,0.017250292003154755,0.018337749992497265,0.0021288749994710088,0.07099008397199214,0.15016533306334168,0.00011258304584771395,0.2769990829983726,0.0486031670589,0.3256022500572726,3.608304541558027e-05,0.00022616598289459944,0.19876850012224168,0.3978838751791045,0.680558625026606
218,random_0215,random_cycle_chord,20260824,crossing_rich,3,200,5,12,16,4.438349022837525,True,True,,perf/incremental-yamada-frontier-order,1d8374f42cccbb16d78d44100a65ca603d7d1997,3.14.7,macOS-26.6.2-arm64-arm-64bit-Mach-O,arm,0.04036637500394136,0.14886900002602488,0.0411766660399735,0.009760124958120286,0.01055274996906519,0.020745250047184527,4.616600926965475e-05,0.010735249961726367,0.011264667031355202,0.001195874996483326,0.04398720804601908,0.10551395802758634,8.804094977676868e-05,0.20820779190398753,0.021109833964146674,0.2293176258681342,2.3292028345167637e-05,0.00013145804405212402,0.12662379199173301,0.31585916702169925,0.5285476669669151
219,random_0216,random_cycle_chord,20260824,crossing_rich,6,200,6,14,19,4.295617457072879,True,True,,perf/incremental-yamada-frontier-order,1d8374f42cccbb16d78d44100a65ca603d7d1997,3.14.7,macOS-26.6.2-arm64-arm-64bit-Mach-O,arm,0.04731170798186213,0.14855641697067767,0.04295729205477983,0.013637833995744586,0.013979915995150805,0.027627374976873398,4.937499761581421e-05,0.014335667015984654,0.015003332984633744,0.0016140419756993651,0.058629791950806975,0.1292497089598328,9.92499990388751e-05,0.405637291027233,0.04247849993407726,0.44811579096131027,2.887495793402195e-05,0.00016933400183916092,0.17172820889391005,0.36759633384644985,0.777155457995832
220,random_0217,random_cycle_chord,20260824,crossing_rich,3,200,5,11,15,4.379036765578329,True,True,,perf/incremental-yamada-frontier-order,1d8374f42cccbb16d78d44100a65ca603d7d1997,3.14.7,macOS-26.6.2-arm64-arm-64bit-Mach-O,arm,0.03871891589369625,0.15659654198680073,0.04229637491516769,0.01016483292914927,0.010898791952058673,0.02136045799124986,3.825000021606684e-05,0.011068916996009648,0.011624166974797845,0.001174457953311503,0.04526624991558492,0.1086612909566611,8.458399679511786e-05,0.19724387500900775,0.021523250034078956,0.2187671250430867,2.4250010028481483e-05,0.00013441697228699923,0.13018454099074006,0.32549999887123704,0.5271738750161603
221,random_0218,random_cycle_chord,20260824,crossing_rich,6,200,6,14,19,4.292858682251861,True,True,,perf/incremental-yamada-frontier-order,1d8374f42cccbb16d78d44100a65ca603d7d1997,3.14.7,macOS-26.6.2-arm64-arm-64bit-Mach-O,arm,0.04860358405858278,0.1488136659609154,0.042885417002253234,0.01379470806568861,0.014095333055593073,0.027828791993670166,4.983297549188137e-05,0.01443025004118681,0.015199624933302402,0.0016565410187467933,0.05916504096239805,0.12998537498060614,0.00010012509301304817,0.2524548328947276,0.031531000044196844,0.28398583293892443,2.90420139208436e-05,0.00017283298075199127,0.16151637502480298,0.35893362504430115,0.616131583112292
222,random_0219,random_cycle_chord,20260824,crossing_rich,4,200,5,13,17,4.394562430239132,True,True,,perf/incremental-yamada-frontier-order,1d8374f42cccbb16d78d44100a65ca603d7d1997,3.14.7,macOS-26.6.2-arm64-arm-64bit-Mach-O,arm,0.04277833306696266,0.1482341670198366,0.03930745902471244,0.010426708031445742,0.011695125023834407,0.02310537500306964,5.3333002142608166e-05,0.011863832944072783,0.012344249989837408,0.0012970409588888288,0.04866383189801127,0.11013604199979454,8.704105857759714e-05,0.22295595810282975,0.02437491703312844,0.2473308751359582,2.304196823388338e-05,0.00013791699893772602,0.13451095903292298,0.32552345911972225,0.5528701250441372
223,random_0220,random_cycle_chord,20260824,crossing_rich,5,200,6,13,18,4.086704610429817,True,True,,perf/incremental-yamada-frontier-order,1d8374f42cccbb16d78d44100a65ca603d7d1997,3.14.7,macOS-26.6.2-arm64-arm-64bit-Mach-O,arm,0.04461370804347098,0.148801791947335,0.04084579204209149,0.011748916935175657,0.01328329206444323,0.026155333034694195,6.658292841166258e-05,0.013448583078570664,0.014095165999606252,0.0015527079813182354,0.05531837302260101,0.12125108297914267,0.0001027919352054596,0.2394234579987824,0.02993758302181959,0.269361041020602,2.8792070224881172e-05,0.00016591697931289673,0.15118866600096226,0.34460416599176824,0.5890032079769298
224,random_0221,random_cycle_chord,20260824,crossing_rich,3,200,5,12,16,4.504188310759512,True,True,,perf/incremental-yamada-frontier-order,1d8374f42cccbb16d78d44100a65ca603d7d1997,3.14.7,macOS-26.6.2-arm64-arm-64bit-Mach-O,arm,0.04086599999573082,0.14829937496688217,0.04755783302243799,0.009526916081085801,0.010322874994017184,0.020322833093814552,4.629208706319332e-05,0.010554041946306825,0.010981417028233409,0.0011702090268954635,0.04307479318231344,0.11052079207729548,8.958298712968826e-05,0.20939037494827062,0.021574041922576725,0.23096441687084734,2.2666994482278824e-05,0.00012629199773073196,0.1320948339998722,0.3212602089624852,0.5349774580681697
225,random_0222,random_cycle_chord,20260824,crossing_rich,6,200,6,13,18,4.313472757429698,True,True,,perf/incremental-yamada-frontier-order,1d8374f42cccbb16d78d44100a65ca603d7d1997,3.14.7,macOS-26.6.2-arm64-arm-64bit-Mach-O,arm,0.045155499945394695,0.1485601250315085,0.04473395796958357,0.014073082944378257,0.01401533407624811,0.02766895794775337,4.63749747723341e-05,0.014357791980728507,0.015136167057789862,0.0015834169462323189,0.05879270890727639,0.13165687501896173,9.787501767277718e-05,0.24118050001561642,0.03165033389814198,0.2728308339137584,2.8374954126775265e-05,0.0001694579841569066,0.1633072089171037,0.3570228338940069,0.6032647920073941
226,random_0223,random_cycle_chord,20260824,crossing_rich,6,200,6,13,18,4.57007891992362,True,True,,perf/incremental-yamada-frontier-order,1d8374f42cccbb16d78d44100a65ca603d7d1997,3.14.7,macOS-26.6.2-arm64-arm-64bit-Mach-O,arm,0.046834083972498775,0.14854479196947068,0.049049834022298455,0.013497542007826269,0.013859583996236324,0.027395165991038084,4.345795605331659e-05,0.014174290932714939,0.014993041986599565,0.0015946250641718507,0.058200581930577755,0.13464683305937797,9.750004392117262e-05,0.24129875004291534,0.029198833974078298,0.27049758401699364,2.9249931685626507e-05,0.0001669169869273901,0.16384566703345627,0.3592245429754257,0.605347832897678
227,random_0224,random_cycle_chord,20260824,crossing_rich,3,200,5,12,16,4.102998175666109,True,True,,perf/incremental-yamada-frontier-order,1d8374f42cccbb16d78d44100a65ca603d7d1997,3.14.7,macOS-26.6.2-arm64-arm-64bit-Mach-O,arm,0.039225707994773984,0.18153525004163384,0.03860295796766877,0.009666249970905483,0.010525665944442153,0.020249875029549003,6.500002928078175e-05,0.011133249965496361,0.011566916014999151,0.0012258329661563039,0.0442408740054816,0.10307941702194512,9.85830556601286e-05,0.21401487500406802,0.02227904205210507,0.2362939170561731,2.3250002413988113e-05,0.0001366669312119484,0.1253584590740502,0.346119417110458,0.5645228340290487
228,random_0225,random_cycle_chord,20260824,crossing_rich,2,200,4,11,14,5.07957833803787,True,True,,perf/incremental-yamada-frontier-order,1d8374f42cccbb16d78d44100a65ca603d7d1997,3.14.7,macOS-26.6.2-arm64-arm-64bit-Mach-O,arm,0.03933350008446723,0.14806499995756894,0.04009104100987315,0.008682875079102814,0.009305291925556958,0.01824170909821987,2.9416987672448158e-05,0.009442999958992004,0.009886416024528444,0.0009237499907612801,0.03852429206017405,0.09663074999116361,7.687497418373823e-05,0.1831129170022905,0.016081957961432636,0.19919487496372312,1.950003206729889e-05,0.00010679196566343307,0.11271270795259625,0.3001112079946324,0.4873957500094548
229,random_0226,random_cycle_chord,20260824,crossing_rich,6,200,6,13,18,4.562554874941132,True,True,,perf/incremental-yamada-frontier-order,1d8374f42cccbb16d78d44100a65ca603d7d1997,3.14.7,macOS-26.6.2-arm64-arm-64bit-Mach-O,arm,0.04732995806261897,0.1490433330181986,0.052504666964523494,0.014245583093725145,0.014026875025592744,0.02780424989759922,4.5082997530698776e-05,0.014432874973863363,0.015214540995657444,0.001612541964277625,0.05910929082892835,0.13992733403574675,9.904103353619576e-05,0.23971687501762062,0.03340654110070318,0.2731234161183238,2.820801455527544e-05,0.00017254205886274576,0.17333387513644993,0.3697071662172675,0.613945166929625
230,random_0227,random_cycle_chord,20260824,crossing_rich,5,200,6,14,19,4.293677166159861,True,True,,perf/incremental-yamada-frontier-order,1d8374f42cccbb16d78d44100a65ca603d7d1997,3.14.7,macOS-26.6.2-arm64-arm-64bit-Mach-O,arm,0.047448999946936965,0.1485214999411255,0.042950458941049874,0.011180542060174048,0.01281766698230058,0.025228874990716577,4.312500823289156e-05,0.013104375102557242,0.01394854101818055,0.0015656659379601479,0.05389058205764741,0.12087887502275407,0.00011058396194130182,0.35097174998372793,0.02808658394496888,0.3790583339286968,2.8624897822737694e-05,0.0001682080328464508,0.14896545896772295,0.34493595885578543,0.7000975420232862
231,random_0228,random_cycle_chord,20260824,baseline,0,200,3,15,17,4.04734131145759,True,True,,perf/incremental-yamada-frontier-order,1d8374f42cccbb16d78d44100a65ca603d7d1997,3.14.7,macOS-26.6.2-arm64-arm-64bit-Mach-O,arm,0.04066287504974753,0.14815412496682256,0.02224570803809911,0.006693999981507659,0.006880291039124131,0.013577334000729024,2.475001383572817e-05,0.007105457945726812,0.007298290962353349,0.0006047079805284739,0.028610540903173387,0.06444954208564013,7.887498941272497e-05,0.2206568339606747,0.009167541051283479,0.22982437501195818,1.3625016435980797e-05,7.30419997125864e-05,0.07361708313692361,0.2624340831534937,0.4871465000323951
232,random_0229,random_cycle_chord,20260824,crossing_rich,2,200,5,12,16,4.076461994374006,True,True,,perf/incremental-yamada-frontier-order,1d8374f42cccbb16d78d44100a65ca603d7d1997,3.14.7,macOS-26.6.2-arm64-arm-64bit-Mach-O,arm,0.0395427499897778,0.14873287500813603,0.036217208951711655,0.009389832965098321,0.010156334028579295,0.02003191690891981,3.825000021606684e-05,0.010440334095619619,0.010895749903284013,0.001115625025704503,0.04252187593374401,0.0983209169935435,9.291700553148985e-05,0.20897966693155468,0.019686667015776038,0.2286663339473307,2.2540916688740253e-05,0.00012183398939669132,0.11800758400931954,0.3062832090072334,0.5195964169688523
233,random_0230,random_cycle_chord,20260824,crossing_rich,3,200,5,12,16,4.538584194076947,True,True,,perf/incremental-yamada-frontier-order,1d8374f42cccbb16d78d44100a65ca603d7d1997,3.14.7,macOS-26.6.2-arm64-arm-64bit-Mach-O,arm,0.041775833000428975,0.1484504999825731,0.04451495804823935,0.010004958021454513,0.010978125035762787,0.022047666017897427,5.745794624090195e-05,0.011518417042680085,0.012064333073794842,0.001235291943885386,0.04692316602449864,0.11245891603175551,9.104202035814524e-05,0.21142004209104925,0.022969875019043684,0.23438991711009294,3.366603050380945e-05,0.00014858401846140623,0.1354287910507992,0.32565512403380126,0.5415340419858694
234,random_0231,random_cycle_chord,20260824,baseline,0,200,3,11,13,4.031008396285696,True,True,,perf/incremental-yamada-frontier-order,1d8374f42cccbb16d78d44100a65ca603d7d1997,3.14.7,macOS-26.6.2-arm64-arm-64bit-Mach-O,arm,0.03446887491736561,0.15401204209774733,0.018496000091545284,0.006941625033505261,0.007189458003267646,0.013425165903754532,2.962502185255289e-05,0.007213667035102844,0.008436333038844168,0.0005954579683020711,0.02970024896785617,0.0623673329828307,8.108397014439106e-05,0.22425262490287423,0.009133624960668385,0.23338624986354262,1.5083001926541328e-05,7.362500764429569e-05,0.07150095794349909,0.259981874958612,0.4885650830110535
235,random_0232,random_cycle_chord,20260824,crossing_rich,2,200,4,11,14,5.223413428952055,True,True,,perf/incremental-yamada-frontier-order,1d8374f42cccbb16d78d44100a65ca603d7d1997,3.14.7,macOS-26.6.2-arm64-arm-64bit-Mach-O,arm,0.041786291054449975,0.1528004159918055,0.04150033392943442,0.008871499914675951,0.009832833078689873,0.01824854197911918,3.204203676432371e-05,0.009453417034819722,0.009803207940421999,0.0009600829798728228,0.03849729197099805,0.09874991700053215,8.862500544637442e-05,0.18931029201485217,0.021280125016346574,0.21059041703119874,2.5999965146183968e-05,0.0001266660401597619,0.12003004201687872,0.3146167490631342,0.5082049580523744
236,random_0233,random_cycle_chord,20260824,crossing_rich,3,200,5,12,16,4.056632584331618,True,True,,perf/incremental-yamada-frontier-order,1d8374f42cccbb16d78d44100a65ca603d7d1997,3.14.7,macOS-26.6.2-arm64-arm-64bit-Mach-O,arm,0.04960179200861603,0.15198454190976918,0.037616292014718056,0.009750541066750884,0.010490332962945104,0.020585000049322844,3.98330157622695e-05,0.01072283391840756,0.011266750050708652,0.0011869169538840652,0.04380133398808539,0.10169570799916983,9.887502528727055e-05,0.22068270901218057,0.0209938749903813,0.24167658400256187,2.3082946427166462e-05,0.0001312500098720193,0.12268958298955113,0.32427591690793633,0.5493689159629866
237,random_0234,random_cycle_chord,20260824,crossing_rich,6,200,6,12,17,4.876289703748809,True,True,,perf/incremental-yamada-frontier-order,1d8374f42cccbb16d78d44100a65ca603d7d1997,3.14.7,macOS-26.6.2-arm64-arm-64bit-Mach-O,arm,0.046126959030516446,0.14903412503190339,0.04755566699896008,0.013497416977770627,0.014787542051635683,0.027753999922424555,6.333296187222004e-05,0.014282249961979687,0.015078374999575317,0.0016301670111715794,0.05880812485702336,0.13470820803195238,0.00010583305265754461,0.32793795806355774,0.03294004197232425,0.360878000035882,2.8875074349343777e-05,0.00017262506298720837,0.16764825000427663,0.36280933406669647,0.6949418340809643
238,random_0235,random_cycle_chord,20260824,baseline,0,200,4,15,18,4.0459413579403805,True,True,,perf/incremental-yamada-frontier-order,1d8374f42cccbb16d78d44100a65ca603d7d1997,3.14.7,macOS-26.6.2-arm64-arm-64bit-Mach-O,arm,0.04322300001513213,0.14792087499517947,0.023131375084631145,0.007697958964854479,0.008364040986634791,0.016486332984641194,2.9084039852023125e-05,0.00853833300061524,0.008760625030845404,0.0007286659674718976,0.03454304102342576,0.0737627079943195,8.337502367794514e-05,0.23004466597922146,0.011553207994438708,0.24159787397366017,1.8000020645558834e-05,8.475000504404306e-05,0.0853159159887582,0.2764597909990698,0.510695124976337
239,random_0236,random_cycle_chord,20260824,crossing_rich,6,200,6,13,18,4.566721024862351,True,True,,perf/incremental-yamada-frontier-order,1d8374f42cccbb16d78d44100a65ca603d7d1997,3.14.7,macOS-26.6.2-arm64-arm-64bit-Mach-O,arm,0.046861000009812415,0.1490337090799585,0.047642249963246286,0.011491541983559728,0.01324666605796665,0.026120750000700355,4.391605034470558e-05,0.013566124951466918,0.014429791015572846,0.0016905830707401037,0.05585116508882493,0.1282720419112593,9.708292782306671e-05,0.24194458406418562,0.03652154200244695,0.27846612606663257,2.820801455527544e-05,0.00018020893912762403,0.16479358391370624,0.36068829300347716,0.6072572499979287
240,random_0237,random_cycle_chord,20260824,crossing_rich,2,200,4,11,14,5.22645600987468,True,True,,perf/incremental-yamada-frontier-order,1d8374f42cccbb16d78d44100a65ca603d7d1997,3.14.7,macOS-26.6.2-arm64-arm-64bit-Mach-O,arm,0.04107266606297344,0.15655604097992182,0.04003387491684407,0.008806083933450282,0.009145125048235059,0.017996583017520607,2.9207905754446983e-05,0.009316541021689773,0.009717416949570179,0.0009809579933062196,0.038040706887841225,0.09605162497609854,7.958302740007639e-05,0.18341737508308142,0.016058541950769722,0.19947591703385115,2.0707957446575165e-05,0.00011054205242544413,0.11211016692686826,0.3097388739697635,0.4973972080042586
241,random_0238,random_cycle_chord,20260824,crossing_rich,9,200,7,15,21,4.048826637390126,True,True,,perf/incremental-yamada-frontier-order,1d8374f42cccbb16d78d44100a65ca603d7d1997,3.14.7,macOS-26.6.2-arm64-arm-64bit-Mach-O,arm,0.05302500003017485,0.1490236659301445,0.04145712498575449,0.01566595898475498,0.016868875012733042,0.033325167023576796,6.366695743054152e-05,0.017240208107978106,0.018302750075235963,0.002085041021928191,0.0710168331861496,0.14506087498739362,0.00011366710532456636,0.29237958299927413,0.049331124988384545,0.3417107079876587,3.474997356534004e-05,0.0002239580499008298,0.19439199997577816,0.3964406659360975,0.6938497918890789
242,random_0239,random_cycle_chord,20260824,crossing_rich,2,200,4,10,13,5.5017313970505075,True,True,,perf/incremental-yamada-frontier-order,1d8374f42cccbb16d78d44100a65ca603d7d1997,3.14.7,macOS-26.6.2-arm64-arm-64bit-Mach-O,arm,0.03795312496367842,0.14830629201605916,0.045388541999273,0.008353749988600612,0.008944000001065433,0.017656875075772405,2.9582995921373367e-05,0.009094333043321967,0.009468834032304585,0.0009036250412464142,0.037153250188566744,0.09986658301204443,7.337494753301144e-05,0.24405995896086097,0.016526416991837323,0.2605863759526983,2.0124949514865875e-05,0.00010016700252890587,0.11639300000388175,0.30265241698361933,0.55064220901113
243,random_0240,random_cycle_chord,20260824,crossing_rich,5,200,6,14,19,4.2933954597036745,True,True,,perf/incremental-yamada-frontier-order,1d8374f42cccbb16d78d44100a65ca603d7d1997,3.14.7,macOS-26.6.2-arm64-arm-64bit-Mach-O,arm,0.0482728750212118,0.14902408292982727,0.04767950007226318,0.011617041076533496,0.013423166004940867,0.026456666993908584,4.68340003862977e-05,0.013711833977140486,0.014583916985429823,0.0016266669845208526,0.056425918941386044,0.12918783305212855,0.00010916695464402437,0.2504724169848487,0.030676790978759527,0.2811492079636082,2.8499984182417393e-05,0.00017529097385704517,0.15986462403088808,0.35716158198192716,0.6123795829480514
244,random_0241,random_cycle_chord,20260824,crossing_rich,7,200,7,13,19,4.096108678706264,True,True,,perf/incremental-yamada-frontier-order,1d8374f42cccbb16d78d44100a65ca603d7d1997,3.14.7,macOS-26.6.2-arm64-arm-64bit-Mach-O,arm,0.046793875051662326,0.1489043750334531,0.0435226249974221,0.01447166595607996,0.015611249953508377,0.030827124952338636,6.820796988904476e-05,0.015808291034772992,0.016680374974384904,0.0018671660218387842,0.06525116495322436,0.1389130000025034,0.0001051250146701932,0.2596645829034969,0.03828979202080518,0.2979543749243021,3.204203676432371e-05,0.0001909160055220127,0.17720279202330858,0.372901042108424,0.6376518750330433
245,random_0242,random_cycle_chord,20260824,crossing_rich,6,200,6,13,18,4.398404139824935,True,True,,perf/incremental-yamada-frontier-order,1d8374f42cccbb16d78d44100a65ca603d7d1997,3.14.7,macOS-26.6.2-arm64-arm-64bit-Mach-O,arm,0.045920167001895607,0.14857320801820606,0.045881208032369614,0.013955125003121793,0.013986499980092049,0.027480833930894732,6.016693077981472e-05,0.014068125048652291,0.014818708994425833,0.0016514169983565807,0.05807925190310925,0.13195150007959455,0.00010558299254626036,0.24111924995668232,0.032090957975015044,0.27321020793169737,2.8499984182417393e-05,0.0001769170630723238,0.1640424580546096,0.35853583307471126,0.6044262079522014
246,random_0243,random_cycle_chord,20260824,crossing_rich,5,200,6,14,19,4.28920828002088,True,True,,perf/incremental-yamada-frontier-order,1d8374f42cccbb16d78d44100a65ca603d7d1997,3.14.7,macOS-26.6.2-arm64-arm-64bit-Mach-O,arm,0.04798929195385426,0.14891720796003938,0.049757624976336956,0.011292874929495156,0.012860332964919508,0.02541987504810095,4.458299372345209e-05,0.013224249938502908,0.01399283402133733,0.0015986249782145023,0.05428016697987914,0.128230958012864,0.00010591605678200722,0.24866912502329797,0.03103033301886171,0.2796994580421597,2.7082976885139942e-05,0.00016279204282909632,0.1592612910317257,0.35616779094561934,0.60930900007952
247,random_0244,random_cycle_chord,20260824,baseline,0,200,3,15,17,4.051312901570229,True,True,,perf/incremental-yamada-frontier-order,1d8374f42cccbb16d78d44100a65ca603d7d1997,3.14.7,macOS-26.6.2-arm64-arm-64bit-Mach-O,arm,0.04117170802783221,0.14779099996667355,0.016940833069384098,0.006756584043614566,0.007026916951872408,0.013873541029170156,2.087489701807499e-05,0.007180500077083707,0.007365417084656656,0.0005483339773491025,0.028988667065277696,0.059732249937951565,7.754191756248474e-05,0.2181606659432873,0.00888279196806252,0.22704345791134983,1.4291028492152691e-05,6.829202175140381e-05,0.06861504190601408,0.25757774990051985,0.47976700006984174
248,random_0245,random_cycle_chord,20260824,crossing_rich,2,200,4,11,14,5.051895248143253,True,True,,perf/incremental-yamada-frontier-order,1d8374f42cccbb16d78d44100a65ca603d7d1997,3.14.7,macOS-26.6.2-arm64-arm-64bit-Mach-O,arm,0.03906183294020593,0.14797725004609674,0.03826125001069158,0.008418458048254251,0.008899166947230697,0.017573166987858713,3.2415962778031826e-05,0.009109542006626725,0.0094835419440642,0.0008928750175982714,0.03709154191892594,0.0926995420595631,7.491710130125284e-05,0.18102062493562698,0.016636333079077303,0.1976569580147043,6.733310874551535e-05,0.0002564589958637953,0.1093358751386404,0.2963749581249431,0.48253279097843915
249,random_0246,random_cycle_chord,20260824,crossing_rich,6,200,6,13,18,4.477017066939742,True,True,,perf/incremental-yamada-frontier-order,1d8374f42cccbb16d78d44100a65ca603d7d1997,3.14.7,macOS-26.6.2-arm64-arm-64bit-Mach-O,arm,0.0792874590260908,0.14974850008729845,0.05171379097737372,0.014817042043432593,0.014239209005609155,0.028029375011101365,7.14579364284873e-05,0.014360041008330882,0.014996791956946254,0.001614334061741829,0.05907199997454882,0.13989887502975762,9.841704741120338e-05,0.24387283297255635,0.03173329110722989,0.27560612407978624,2.887495793402195e-05,0.00017362507060170174,0.1716321661369875,0.40066812525037676,0.649206249974668
250,random_0247,random_cycle_chord,20260824,crossing_rich,5,200,6,14,19,4.295979797189536,True,True,,perf/incremental-yamada-frontier-order,1d8374f42cccbb16d78d44100a65ca603d7d1997,3.14.7,macOS-26.6.2-arm64-arm-64bit-Mach-O,arm,0.08439979096874595,0.1497716250596568,0.040830375044606626,0.011647667037323117,0.01313858397770673,0.026030833018012345,4.416704177856445e-05,0.013427666970528662,0.014240291900932789,0.0015982079785317183,0.05534116690978408,0.12099741701968014,0.00010095804464071989,0.24792154098395258,0.030740957939997315,0.2786624989239499,2.7959002181887627e-05,0.00016616599168628454,0.15173837495967746,0.3859097909880802,0.6385623330716044
251,random_0248,random_cycle_chord,20260824,baseline,0,200,4,15,18,4.04648554569688,True,True,,perf/incremental-yamada-frontier-order,1d8374f42cccbb16d78d44100a65ca603d7d1997,3.14.7,macOS-26.6.2-arm64-arm-64bit-Mach-O,arm,0.04414383403491229,0.14819662494119257,0.021249167039059103,0.008044917020015419,0.008505249978043139,0.0168006659951061,2.8667040169239044e-05,0.008735582930967212,0.008926458074711263,0.0007222500862553716,0.03521362412720919,0.07303887500893325,8.291599806398153e-05,0.22911395807750523,0.010737749980762601,0.23985170805826783,1.779210288077593e-05,8.291704580187798e-05,0.08377662498969585,0.2761170839658007,0.5094002919504419
252,random_0249,random_cycle_chord,20260824,crossing_rich,2,200,4,11,14,5.222033918374475,True,True,,perf/incremental-yamada-frontier-order,1d8374f42cccbb16d78d44100a65ca603d7d1997,3.14.7,macOS-26.6.2-arm64-arm-64bit-Mach-O,arm,0.039946042001247406,0.1485093750525266,0.046115375007502735,0.008386541972868145,0.008860375033691525,0.017477457993663847,2.9999995604157448e-05,0.009099041926674545,0.009453417034819722,0.000909249996766448,0.03696916694752872,0.1003581250552088,7.583294063806534e-05,0.18226233404129744,0.01656970800831914,0.19883204204961658,1.89170241355896e-05,0.0001029579434543848,0.11692783306352794,0.30538325011730194,0.49180712492670864
253,random_0250,random_cycle_chord,20260824,crossing_rich,6,200,6,12,17,4.007983763327158,True,True,,perf/incremental-yamada-frontier-order,1d8374f42cccbb16d78d44100a65ca603d7d1997,3.14.7,macOS-26.6.2-arm64-arm-64bit-Mach-O,arm,0.04192020802292973,0.1488319580676034,0.04709624999668449,0.011703124968335032,0.013495834078639746,0.02669241710100323,4.437495954334736e-05,0.013772832928225398,0.014674208010546863,0.0016535830218344927,0.05683741602115333,0.12917320791166276,9.537499863654375e-05,0.23054258397314698,0.0326292080571875,0.2631717920303345,2.7916044928133488e-05,0.00017516606021672487,0.16180241596885026,0.3525545820593834,0.5881235420238227
254,random_0251,random_cycle_chord,20260824,baseline,0,200,3,13,15,4.573343185717652,True,True,,perf/incremental-yamada-frontier-order,1d8374f42cccbb16d78d44100a65ca603d7d1997,3.14.7,macOS-26.6.2-arm64-arm-64bit-Mach-O,arm,0.038521124981343746,0.14772408304270357,0.020771916024386883,0.0066524590365588665,0.006582333007827401,0.012891874997876585,2.129108179360628e-05,0.006706166896037757,0.006911749951541424,0.0005405419506132603,0.027071624877862632,0.06109774997457862,7.075001485645771e-05,0.19121962506324053,0.008689582929946482,0.199909207993187,1.3749930076301098e-05,6.862496957182884e-05,0.0697873329045251,0.2560325409285724,0.4512689169496298
255,random_0252,random_cycle_chord,20260824,baseline,0,200,5,15,19,4.0454822222304765,True,True,,perf/incremental-yamada-frontier-order,1d8374f42cccbb16d78d44100a65ca603d7d1997,3.14.7,macOS-26.6.2-arm64-arm-64bit-Mach-O,arm,0.046368374954909086,0.14800420799292624,0.02481458301190287,0.008382208063267171,0.008757333038374782,0.017225791001692414,3.566697705537081e-05,0.008983624982647598,0.009256874909624457,0.000891875009983778,0.03639383288100362,0.07838049996644258,0.00010291708167642355,0.2439380829455331,0.013318959041498601,0.2572570419870317,2.116698306053877e-05,9.341607801616192e-05,0.09169945900794119,0.2860720419557765,0.5343576660379767
256,random_0253,random_cycle_chord,20260824,baseline,0,200,4,15,18,4.050000439019254,True,True,,perf/incremental-yamada-frontier-order,1d8374f42cccbb16d78d44100a65ca603d7d1997,3.14.7,macOS-26.6.2-arm64-arm-64bit-Mach-O,arm,0.04386316705495119,0.1478501670062542,0.018261375022120774,0.007732667028903961,0.00851216702722013,0.016792832990176976,3.0417111702263355e-05,0.008706833003088832,0.008964417036622763,0.0007032919675111771,0.03519779210910201,0.06973083293996751,8.520809933543205e-05,0.2312564590247348,0.010562332929112017,0.2418187919538468,1.8165912479162216e-05,7.754110265523195e-05,0.08029316586907953,0.2720064999302849,0.5074091670103371
257,random_0254,random_cycle_chord,20260824,crossing_rich,6,200,6,13,18,4.351396579020999,True,True,,perf/incremental-yamada-frontier-order,1d8374f42cccbb16d78d44100a65ca603d7d1997,3.14.7,macOS-26.6.2-arm64-arm-64bit-Mach-O,arm,0.04584937496110797,0.1487081660889089,0.04391533392481506,0.01197750004939735,0.013700917013920844,0.026915041031315923,6.0999998822808266e-05,0.013827249989844859,0.014639166998676956,0.001682833069935441,0.057125291088595986,0.1267694579437375,9.879202116280794e-05,0.2540619580540806,0.03467708302196115,0.28873904107604176,3.14170029014349e-05,0.00018225004896521568,0.16144654096569866,0.35600408201571554,0.6153102919925004
258,random_0255,random_cycle_chord,20260824,crossing_rich,6,200,6,14,19,4.292047868884962,True,True,,perf/incremental-yamada-frontier-order,1d8374f42cccbb16d78d44100a65ca603d7d1997,3.14.7,macOS-26.6.2-arm64-arm-64bit-Mach-O,arm,0.04787733301054686,0.1488888330059126,0.043929832987487316,0.013644624967128038,0.013719749986194074,0.02704424993135035,4.412501584738493e-05,0.014080292079597712,0.014860749943181872,0.0016571249580010772,0.057686541927978396,0.12902029196266085,0.00010574993211776018,0.2551958329277113,0.03524699993431568,0.290442832862027,2.8458074666559696e-05,0.00017258396837860346,0.16426729189697653,0.361033457913436,0.6208180000539869
259,random_0256,random_cycle_chord,20260824,crossing_rich,7,200,6,13,18,4.158933946012067,True,True,,perf/incremental-yamada-frontier-order,1d8374f42cccbb16d78d44100a65ca603d7d1997,3.14.7,macOS-26.6.2-arm64-arm-64bit-Mach-O,arm,0.04437295801471919,0.1487963330000639,0.046341125038452446,0.013483499991707504,0.014613208011724055,0.02881370799150318,4.4166925363242626e-05,0.014884874923154712,0.0158604170428589,0.0017146249301731586,0.06131779181305319,0.13579524995293468,0.00010979198850691319,0.24475083407014608,0.03762562503106892,0.282376459101215,2.9458082281053066e-05,0.00018616602756083012,0.1734208749840036,0.3665901659987867,0.6161154580768198
260,random_0257,random_cycle_chord,20260824,crossing_rich,4,200,5,12,16,4.035965051333066,True,True,,perf/incremental-yamada-frontier-order,1d8374f42cccbb16d78d44100a65ca603d7d1997,3.14.7,macOS-26.6.2-arm64-arm-64bit-Mach-O,arm,0.04023854108527303,0.1590813749935478,0.04019870900083333,0.010641834000125527,0.011118958937004209,0.021257375017739832,4.529091529548168e-05,0.011113582993857563,0.011699791997671127,0.0012742499820888042,0.04539029090665281,0.10740054096095264,9.420793503522873e-05,0.22088066604919732,0.026172250043600798,0.2470529160927981,3.091699909418821e-05,0.00015516695566475391,0.13357279100455344,0.33289270708337426,0.5583397909067571
261,random_0258,random_cycle_chord,20260824,crossing_rich,4,200,5,12,16,4.123262600830696,True,True,,perf/incremental-yamada-frontier-order,1d8374f42cccbb16d78d44100a65ca603d7d1997,3.14.7,macOS-26.6.2-arm64-arm-64bit-Mach-O,arm,0.0414110419806093,0.14911337499506772,0.040340667008422315,0.010228500002995133,0.011363541940227151,0.022348708007484674,4.612491466104984e-05,0.011525583104230464,0.012158291996456683,0.0012893748935312033,0.047368082916364074,0.10933887504506856,8.766690734773874e-05,0.32032699999399483,0.026978000067174435,0.34730500006116927,2.575002145022154e-05,0.00014462496619671583,0.136316875112243,0.32684129208792,0.6512689999071881
262,random_0259,random_cycle_chord,20260824,crossing_rich,4,200,6,12,17,4.046761798182371,True,True,,perf/incremental-yamada-frontier-order,1d8374f42cccbb16d78d44100a65ca603d7d1997,3.14.7,macOS-26.6.2-arm64-arm-64bit-Mach-O,arm,0.0421519159572199,0.14857241697609425,0.04844754107762128,0.011799874948337674,0.0130697499262169,0.024518584017641842,6.874999962747097e-05,0.012987500056624413,0.013490915996953845,0.0014928749296814203,0.05255862500052899,0.1259517080616206,0.00011583301238715649,0.23171574994921684,0.02917820797301829,0.26089395792223513,3.504205960780382e-05,0.0001620840048417449,0.15512991603463888,0.345854248967953,0.5822080000070855
263,random_0260,random_cycle_chord,20260824,crossing_rich,8,200,7,14,20,4.291458296392403,True,True,,perf/incremental-yamada-frontier-order,1d8374f42cccbb16d78d44100a65ca603d7d1997,3.14.7,macOS-26.6.2-arm64-arm-64bit-Mach-O,arm,0.053119041956961155,0.1492697079665959,0.10891974996775389,0.016138333012349904,0.016536333016119897,0.031836541020311415,5.870801396667957e-05,0.016661792062222958,0.01817004196345806,0.0019882500637322664,0.06871533312369138,0.2103680419968441,0.00013137503992766142,0.28763695899397135,0.04340654204133898,0.33104350103531033,3.600004129111767e-05,0.00021829199977219105,0.2537745840381831,0.45616333396174014,0.7490441249683499
264,random_0261,random_cycle_chord,20260824,crossing_rich,6,200,6,14,19,4.0498558500918085,True,True,,perf/incremental-yamada-frontier-order,1d8374f42cccbb16d78d44100a65ca603d7d1997,3.14.7,macOS-26.6.2-arm64-arm-64bit-Mach-O,arm,0.04662691708654165,0.15061158395837992,0.03786712500732392,0.014895667089149356,0.014578624977730215,0.02876104204915464,7.29170860722661e-05,0.015107083017937839,0.015687832958064973,0.0017118749674409628,0.06134075007867068,0.1287407079944387,0.0001128750154748559,0.37600470799952745,0.034959458047524095,0.41096416604705155,3.0250055715441704e-05,0.00017970905173569918,0.1637001660419628,0.3609386670868844,0.7413252909900621
265,random_0262,random_cycle_chord,20260824,crossing_rich,9,200,7,14,20,4.295522229771095,True,True,,perf/incremental-yamada-frontier-order,1d8374f42cccbb16d78d44100a65ca603d7d1997,3.14.7,macOS-26.6.2-arm64-arm-64bit-Mach-O,arm,0.05089420801959932,0.1490889579290524,0.05871625000145286,0.04950512503273785,0.018924374948255718,0.03528195898979902,8.100003469735384e-05,0.018435667036101222,0.020837207906879485,0.002395499963313341,0.07703133393079042,0.20425820909440517,0.00013274990487843752,0.3249212088994682,0.05212387500796467,0.37704508390743285,4.166702274233103e-05,0.00023958401288837194,0.25638208410236984,0.4563652500510216,0.7867342079989612
266,random_0263,random_cycle_chord,20260824,crossing_rich,4,200,5,13,17,4.427342490566209,True,True,,perf/incremental-yamada-frontier-order,1d8374f42cccbb16d78d44100a65ca603d7d1997,3.14.7,macOS-26.6.2-arm64-arm-64bit-Mach-O,arm,0.045491207973100245,0.15776308393105865,0.039895375026389956,0.011553958058357239,0.012120709056034684,0.022791625000536442,8.220807649195194e-05,0.01206062501296401,0.01293520804028958,0.0013450420228764415,0.049214708153158426,0.1128749999916181,0.00010466692037880421,0.23911312501877546,0.02648058393970132,0.2655937089584768,2.8125010430812836e-05,0.00014829100109636784,0.13935558393131942,0.3426098758354783,0.5862055000616238
267,random_0264,random_cycle_chord,20260824,crossing_rich,2,200,4,10,13,5.036038249646342,True,True,,perf/incremental-yamada-frontier-order,1d8374f42cccbb16d78d44100a65ca603d7d1997,3.14.7,macOS-26.6.2-arm64-arm-64bit-Mach-O,arm,0.037774833966977894,0.1525653749704361,0.04439337505027652,0.009055875008925796,0.00892204197589308,0.017941582947969437,3.816594835370779e-05,0.009540915954858065,0.009759541950188577,0.001105832983739674,0.03838603978510946,0.10078483307734132,8.379202336072922e-05,0.1706218330655247,0.0173804999794811,0.1880023330450058,2.3125088773667812e-05,0.00011766701936721802,0.11816533305682242,0.3085055419942364,0.4834981670137495
268,random_0265,random_cycle_chord,20260824,crossing_rich,5,200,6,13,18,4.138484144462575,True,True,,perf/incremental-yamada-frontier-order,1d8374f42cccbb16d78d44100a65ca603d7d1997,3.14.7,macOS-26.6.2-arm64-arm-64bit-Mach-O,arm,0.04545308300293982,0.14879775000736117,0.045668834005482495,0.011549541959539056,0.01277316699270159,0.02506441599689424,5.570799112319946e-05,0.012932457961142063,0.013724207994528115,0.0015622499631717801,0.0533390399068594,0.12337670905981213,0.00010483304504305124,0.24046550004277378,0.02978508302476257,0.27025058306753635,2.7709058485925198e-05,0.00016245804727077484,0.1531617920845747,0.3474126250948757,0.5924250419484451
269,random_0266,random_cycle_chord,20260824,crossing_rich,2,200,4,12,15,4.542592877890366,True,True,,perf/incremental-yamada-frontier-order,1d8374f42cccbb16d78d44100a65ca603d7d1997,3.14.7,macOS-26.6.2-arm64-arm-64bit-Mach-O,arm,0.03957654198165983,0.14844074996653944,0.038229166995733976,0.008942332933656871,0.00944954203441739,0.018562625045888126,3.858399577438831e-05,0.009508333983831108,0.009796041995286942,0.0008949589682742953,0.03880054398905486,0.09545320796314627,7.991690654307604e-05,0.19696716708131135,0.014768415945582092,0.21173558302689344,1.9249971956014633e-05,0.00010300008580088615,0.11022162390872836,0.29823891585692763,0.49939212505705655
270,random_0267,random_cycle_chord,20260824,crossing_rich,6,200,6,14,19,4.290341046519521,True,True,,perf/incremental-yamada-frontier-order,1d8374f42cccbb16d78d44100a65ca603d7d1997,3.14.7,macOS-26.6.2-arm64-arm-64bit-Mach-O,arm,0.04768033290747553,0.14902899996377528,0.04270229092799127,0.013635250041261315,0.013981750002130866,0.027611040975898504,4.499999340623617e-05,0.014318417059257627,0.015300708007998765,0.0017547080060467124,0.059029874042607844,0.12938854203093797,0.00010291591752320528,0.25578741694334894,0.036868334049358964,0.2926557509927079,2.8417096473276615e-05,0.0001818749587982893,0.16625687608029693,0.36296620895154774,0.6233847920084372
271,random_0268,random_cycle_chord,20260824,crossing_rich,8,200,7,15,21,4.046250689093034,True,True,,perf/incremental-yamada-frontier-order,1d8374f42cccbb16d78d44100a65ca603d7d1997,3.14.7,macOS-26.6.2-arm64-arm-64bit-Mach-O,arm,0.05288658291101456,0.14915008295793086,0.040868000010959804,0.015569209004752338,0.016483791987411678,0.032515249913558364,5.1584094762802124e-05,0.016751416958868504,0.017914292053319514,0.00207895808853209,0.06931150110904127,0.14227983308956027,0.00011529098264873028,0.2876646670047194,0.04221495799720287,0.32987962500192225,3.358302637934685e-05,0.00021945906337350607,0.18449479108676314,0.38653145695570856,0.6796452910639346
272,random_0269,random_cycle_chord,20260824,crossing_rich,5,200,5,11,15,5.195400629478645,True,True,,perf/incremental-yamada-frontier-order,1d8374f42cccbb16d78d44100a65ca603d7d1997,3.14.7,macOS-26.6.2-arm64-arm-64bit-Mach-O,arm,0.0433041249634698,0.1485162500757724,0.04751891701016575,0.010432624956592917,0.011786332936026156,0.023233165964484215,3.608304541558027e-05,0.012047958094626665,0.012743250001221895,0.0013982499949634075,0.04945870710071176,0.11922966700512916,8.716701995581388e-05,0.20116945810150355,0.028328708023764193,0.22949816612526774,2.445909194648266e-05,0.00015524995978921652,0.14755837502889335,0.33937875006813556,0.5451323339948431
273,random_0270,random_cycle_chord,20260824,crossing_rich,6,200,6,14,19,4.296257562324655,True,True,,perf/incremental-yamada-frontier-order,1d8374f42cccbb16d78d44100a65ca603d7d1997,3.14.7,macOS-26.6.2-arm64-arm-64bit-Mach-O,arm,0.047629790962673724,0.1487246670294553,0.043859500088728964,0.013727375073358417,0.013950374908745289,0.02753345901146531,4.52499371021986e-05,0.014279249939136207,0.015199500019662082,0.001664999988861382,0.05872245889622718,0.1303003749344498,0.00010499998461455107,0.25475170800928026,0.03390133299399167,0.28865304100327194,2.8458074666559696e-05,0.00018041592556983232,0.16420170792844146,0.3605561659205705,0.6204385421006009
274,random_0271,random_cycle_chord,20260824,baseline,0,200,4,14,17,4.294042416739221,True,True,,perf/incremental-yamada-frontier-order,1d8374f42cccbb16d78d44100a65ca603d7d1997,3.14.7,macOS-26.6.2-arm64-arm-64bit-Mach-O,arm,0.04210454202257097,0.1482798750512302,0.02528283291030675,0.007974084001034498,0.00845550000667572,0.016689207986928523,2.8749927878379822e-05,0.008633083896711469,0.00891545892227441,0.0007487920811399817,0.035015292814932764,0.07675345800817013,9.008299093693495e-05,0.2177347500110045,0.011466666939668357,0.22920141695067286,1.837499439716339e-05,8.329201955348253e-05,0.08822012494783849,0.27860454202163965,0.5005020000971854
275,random_0272,random_cycle_chord,20260824,crossing_rich,4,200,5,13,17,4.393100588674193,True,True,,perf/incremental-yamada-frontier-order,1d8374f42cccbb16d78d44100a65ca603d7d1997,3.14.7,macOS-26.6.2-arm64-arm-64bit-Mach-O,arm,0.042615082929842174,0.14818645792547613,0.044751583016477525,0.010491000022739172,0.011680499999783933,0.023050290998071432,5.312496796250343e-05,0.011797542101703584,0.012295166030526161,0.0012893329840153456,0.048485457082279027,0.1154520841082558,9.324995335191488e-05,0.22229245805647224,0.02323966601397842,0.24553212407045066,2.316699828952551e-05,0.00013912504073232412,0.13869175012223423,0.32949329097755253,0.5563561669550836
276,random_0273,random_cycle_chord,20260824,crossing_rich,7,200,7,14,20,4.293079177991155,True,True,,perf/incremental-yamada-frontier-order,1d8374f42cccbb16d78d44100a65ca603d7d1997,3.14.7,macOS-26.6.2-arm64-arm-64bit-Mach-O,arm,0.05100862495601177,0.14915208402089775,0.04609895800240338,0.01447633292991668,0.015034415991976857,0.029712583986110985,6.749993190169334e-05,0.015287540969438851,0.01622858305927366,0.0019301250576972961,0.06322633300442249,0.13889204105362296,0.00010720896534621716,0.25025712500791997,0.039584957994520664,0.28984208300244063,3.2334006391465664e-05,0.00019983400125056505,0.17847699904814363,0.37863770802505314,0.6337286250200123
277,random_0274,random_cycle_chord,20260824,crossing_rich,6,200,6,12,17,4.875278302373489,True,True,,perf/incremental-yamada-frontier-order,1d8374f42cccbb16d78d44100a65ca603d7d1997,3.14.7,macOS-26.6.2-arm64-arm-64bit-Mach-O,arm,0.04587499995250255,0.14905804197769612,0.04886070906650275,0.01141720893792808,0.012824125005863607,0.025714625022374094,7.079204078763723e-05,0.013183083035983145,0.013877583085559309,0.0016984579851850867,0.05454454116988927,0.1276963329873979,9.716697968542576e-05,0.22735166596248746,0.03293966699857265,0.2602913329610601,2.862501423805952e-05,0.0001775000710040331,0.16063599998597056,0.3555690419161692,0.5874612500192598
278,random_0275,random_cycle_chord,20260824,crossing_rich,4,200,5,12,16,4.020292204790541,True,True,,perf/incremental-yamada-frontier-order,1d8374f42cccbb16d78d44100a65ca603d7d1997,3.14.7,macOS-26.6.2-arm64-arm-64bit-Mach-O,arm,0.03917637502308935,0.14835258305538446,0.037249208078719676,0.009887750027701259,0.010878583998419344,0.021462125005200505,3.700004890561104e-05,0.011172625003382564,0.011736375046893954,0.0012849170016124845,0.04569304210599512,0.10374133300501853,8.704198990017176e-05,0.21295175002887845,0.025067374925129116,0.23801912495400757,2.3916945792734623e-05,0.00014029198791831732,0.12880870793014765,0.31633766600862145,0.533665957977064
279,random_0276,random_cycle_chord,20260824,crossing_rich,6,200,6,13,18,4.569341922513409,True,True,,perf/incremental-yamada-frontier-order,1d8374f42cccbb16d78d44100a65ca603d7d1997,3.14.7,macOS-26.6.2-arm64-arm-64bit-Mach-O,arm,0.04702800000086427,0.14842950005549937,0.04540516599081457,0.013562875101342797,0.013976249960251153,0.02755749993957579,4.800001624971628e-05,0.014259499963372946,0.01505958300549537,0.0016685830196365714,0.058593165944330394,0.1315774170216173,9.63329803198576e-05,0.24010791606269777,0.031452583032660186,0.27156049909535795,2.8249924071133137e-05,0.00017849996220320463,0.16303000005427748,0.3584875001106411,0.6030997920315713
280,random_0277,random_cycle_chord,20260824,crossing_rich,5,200,6,12,17,4.035879443277338,True,True,,perf/incremental-yamada-frontier-order,1d8374f42cccbb16d78d44100a65ca603d7d1997,3.14.7,macOS-26.6.2-arm64-arm-64bit-Mach-O,arm,0.042400832986459136,0.1581645419355482,0.04609916696790606,0.011524374946020544,0.012548541999422014,0.024778750026598573,4.424992948770523e-05,0.012929499964229763,0.013697041082195938,0.0015634580049663782,0.053012999007478356,0.12322691699955612,9.341596160084009e-05,0.22468629200011492,0.029398250044323504,0.2540845420444384,2.9374961741268635e-05,0.0001705000177025795,0.15262516704387963,0.35319054196588695,0.5824652499286458
281,random_0278,random_cycle_chord,20260824,crossing_rich,5,200,6,13,18,4.271734326558323,True,True,,perf/incremental-yamada-frontier-order,1d8374f42cccbb16d78d44100a65ca603d7d1997,3.14.7,macOS-26.6.2-arm64-arm-64bit-Mach-O,arm,0.04578366701025516,0.14864408306311816,0.043098666006699204,0.011963291908614337,0.013680667034350336,0.026878417003899813,6.225006654858589e-05,0.013828792027197778,0.014423750108107924,0.0015561250038444996,0.0567493342095986,0.12554316699970514,9.912496898323298e-05,0.2871834170073271,0.03023891698103398,0.31742233398836106,2.9667047783732414e-05,0.00016458297614008188,0.15578208398073912,0.35020983405411243,0.642142542055808
282,random_0279,random_cycle_chord,20260824,crossing_rich,3,200,5,12,16,4.872211235996497,True,True,,perf/incremental-yamada-frontier-order,1d8374f42cccbb16d78d44100a65ca603d7d1997,3.14.7,macOS-26.6.2-arm64-arm-64bit-Mach-O,arm,0.04360370896756649,0.15394287509843707,0.04397741693537682,0.0101955410791561,0.011188375065103173,0.022035875008441508,3.8958038203418255e-05,0.011420167051255703,0.011989083024673164,0.0011632920941337943,0.04664737521670759,0.11204133392311633,8.504197467118502e-05,0.29053741600364447,0.0206330829532817,0.31117049895692617,2.550007775425911e-05,0.00013449997641146183,0.13267441687639803,0.3302210009424016,0.6250922500621527
283,random_0280,random_cycle_chord,20260824,crossing_rich,7,200,6,13,18,4.122220611558668,True,True,,perf/incremental-yamada-frontier-order,1d8374f42cccbb16d78d44100a65ca603d7d1997,3.14.7,macOS-26.6.2-arm64-arm-64bit-Mach-O,arm,0.044194458052515984,0.14862262492533773,0.043324084021151066,0.01436479203402996,0.014561375021003187,0.028789457981474698,4.6208035200834274e-05,0.014879291993565857,0.015861291904002428,0.0017762919887900352,0.06135254190303385,0.13364524999633431,0.00010166701395064592,0.2414186670212075,0.033844207995571196,0.2752628750167787,2.9542017728090286e-05,0.00019283301662653685,0.1674894579919055,0.3603065409697592,0.6066688329447061
284,random_0281,random_cycle_chord,20260824,baseline,0,200,3,13,15,4.568065036056608,True,True,,perf/incremental-yamada-frontier-order,1d8374f42cccbb16d78d44100a65ca603d7d1997,3.14.7,macOS-26.6.2-arm64-arm-64bit-Mach-O,arm,0.037964167073369026,0.15016170893795788,0.02192824997473508,0.007096125045791268,0.006893625017255545,0.014066458912566304,3.641704097390175e-05,0.007186707924120128,0.007639999967068434,0.0005858750082552433,0.02951545885298401,0.06545391702093184,8.67500202730298e-05,0.19429041596595198,0.009055624948814511,0.2033460409147665,1.4457968063652515e-05,7.500010542571545e-05,0.07450954196974635,0.26263541798107326,0.46103087498340756
285,random_0282,random_cycle_chord,20260824,crossing_rich,2,200,4,12,15,4.455689878091695,True,True,,perf/incremental-yamada-frontier-order,1d8374f42cccbb16d78d44100a65ca603d7d1997,3.14.7,macOS-26.6.2-arm64-arm-64bit-Mach-O,arm,0.03909425006713718,0.15061729098670185,0.03648983302991837,0.008718708995729685,0.009258792037144303,0.018156500067561865,3.266602288931608e-05,0.009452583035454154,0.009769166936166584,0.0008964170701801777,0.0383073331322521,0.09280424995813519,8.329097181558609e-05,0.19706349994521588,0.015896999975666404,0.21296049992088228,1.8333084881305695e-05,0.00010195898357778788,0.10870124993380159,0.2984127909876406,0.49965095799416304
286,random_0283,random_cycle_chord,20260824,crossing_rich,3,200,5,12,16,4.444900321726569,True,True,,perf/incremental-yamada-frontier-order,1d8374f42cccbb16d78d44100a65ca603d7d1997,3.14.7,macOS-26.6.2-arm64-arm-64bit-Mach-O,arm,0.041468000039458275,0.15163249999750406,0.04213045793585479,0.009795374935492873,0.010729667032137513,0.02117516694124788,3.7416000850498676e-05,0.010960790910758078,0.011534375022165477,0.0011740829795598984,0.04488183185458183,0.10757087508682162,8.929206524044275e-05,0.3845440420554951,0.02349708299152553,0.4080411250470206,2.8582988306879997e-05,0.00013983401004225016,0.13106795807834715,0.3241684581153095,0.7131599999265745
287,random_0284,random_cycle_chord,20260824,crossing_rich,5,200,6,13,18,4.037112435215888,True,True,,perf/incremental-yamada-frontier-order,1d8374f42cccbb16d78d44100a65ca603d7d1997,3.14.7,macOS-26.6.2-arm64-arm-64bit-Mach-O,arm,0.04756229103077203,0.16792212496511638,0.042973792064003646,0.011931832996197045,0.01345600001513958,0.026644165976904333,5.4875039495527744e-05,0.013798457919619977,0.014417749946005642,0.0015732080210000277,0.05648845690302551,0.12489658303093165,0.00010666705202311277,0.24744800000917166,0.029353707912378013,0.2768017079215497,2.916704397648573e-05,0.00016979197971522808,0.15425029094330966,0.3697347069391981,0.6218534590443596
288,random_0285,random_cycle_chord,20260824,crossing_rich,2,200,4,10,13,5.514613331016121,True,True,,perf/incremental-yamada-frontier-order,1d8374f42cccbb16d78d44100a65ca603d7d1997,3.14.7,macOS-26.6.2-arm64-arm-64bit-Mach-O,arm,0.03837820899207145,0.14881979196798056,0.04827491706237197,0.008974875090643764,0.009229875053279102,0.01889933308120817,7.154198829084635e-05,0.010590416961349547,0.010269417078234255,0.0009535420686006546,0.04078425117768347,0.10731495800428092,0.00010479195043444633,0.1620332089951262,0.016287332982756197,0.17832054197788239,1.8874998204410076e-05,0.00010483304504305124,0.12360229098703712,0.31080029194708914,0.4771976249758154
289,random_0286,random_cycle_chord,20260824,crossing_rich,5,200,6,14,19,4.29041686011607,True,True,,perf/incremental-yamada-frontier-order,1d8374f42cccbb16d78d44100a65ca603d7d1997,3.14.7,macOS-26.6.2-arm64-arm-64bit-Mach-O,arm,0.0479690000647679,0.16915099998004735,0.045610458008013666,0.012606582953594625,0.014337458997033536,0.027006124961189926,0.00010145897977054119,0.013974832952953875,0.014534916030243039,0.0015754159539937973,0.05719274887815118,0.12982391705736518,0.00011341704521328211,0.4148958339355886,0.029570500017143786,0.4444663339527324,3.0458089895546436e-05,0.0001723329769447446,0.15939441707450897,0.3765144171193242,0.7959172909613699
290,random_0287,random_cycle_chord,20260824,crossing_rich,7,200,6,13,18,4.079686684821603,True,True,,perf/incremental-yamada-frontier-order,1d8374f42cccbb16d78d44100a65ca603d7d1997,3.14.7,macOS-26.6.2-arm64-arm-64bit-Mach-O,arm,0.04564991593360901,0.15286541695240885,0.04457937506958842,0.01560929196421057,0.015378959011286497,0.02926808304619044,9.200000204145908e-05,0.014848708058707416,0.015576125006191432,0.0017781249480322003,0.06156304106116295,0.1372114160330966,0.00011037499643862247,0.2526006659027189,0.03533133398741484,0.28793199989013374,3.1250063329935074e-05,0.00018854206427931786,0.17254275002051145,0.3710580829065293,0.6284582919906825
291,random_0288,random_cycle_chord,20260824,baseline,0,200,3,15,17,4.047947358100227,True,True,,perf/incremental-yamada-frontier-order,1d8374f42cccbb16d78d44100a65ca603d7d1997,3.14.7,macOS-26.6.2-arm64-arm-64bit-Mach-O,arm,0.04068720794748515,0.14742962503805757,0.019901708932593465,0.00675508298445493,0.006753457942977548,0.013260124949738383,2.1583051420748234e-05,0.006869416101835668,0.007035791990347207,0.0005316669121384621,0.02771858300548047,0.061147957923822105,8.091703057289124e-05,0.21994033304508775,0.008708709036000073,0.22864904208108783,1.4249933883547783e-05,7.187505252659321e-05,0.06985666695982218,0.2579734999453649,0.48210424999706447
292,random_0289,random_cycle_chord,20260824,crossing_rich,6,200,6,13,18,4.56641455156372,True,True,,perf/incremental-yamada-frontier-order,1d8374f42cccbb16d78d44100a65ca603d7d1997,3.14.7,macOS-26.6.2-arm64-arm-64bit-Mach-O,arm,0.047240667045116425,0.14922904106788337,0.05019970808643848,0.014194582938216627,0.014497207943350077,0.02854974998626858,6.445799954235554e-05,0.014649916905909777,0.015414125053212047,0.0017572080250829458,0.060435457970015705,0.1393836250063032,0.00011516700033098459,0.2455802500480786,0.033623291994445026,0.2792035420425236,3.0708033591508865e-05,0.0001847919775173068,0.17300691700074822,0.369476625113748,0.620009916019626
293,random_0290,random_cycle_chord,20260824,crossing_rich,4,200,5,12,16,4.877683465413825,True,True,,perf/incremental-yamada-frontier-order,1d8374f42cccbb16d78d44100a65ca603d7d1997,3.14.7,macOS-26.6.2-arm64-arm-64bit-Mach-O,arm,0.043186667026020586,0.14887141704093665,0.08364716696087271,0.019553417107090354,0.01254962501116097,0.02267741598188877,6.104109343141317e-05,0.011614625109359622,0.01218883297406137,0.0013261670246720314,0.04786808218341321,0.16367245803121477,0.00010233395732939243,0.22020425007212907,0.025958540965802968,0.24616279103793204,3.062502946704626e-05,0.00016020797193050385,0.18963099899701774,0.381689083063975,0.6067316250409931
294,random_0291,random_cycle_chord,20260824,crossing_rich,3,200,5,12,16,4.500816719762668,True,True,,perf/incremental-yamada-frontier-order,1d8374f42cccbb16d78d44100a65ca603d7d1997,3.14.7,macOS-26.6.2-arm64-arm-64bit-Mach-O,arm,0.04431616701185703,0.15520649997051805,0.04505925008561462,0.01013145805336535,0.0110847920877859,0.021523999981582165,4.891701973974705e-05,0.011118666967377067,0.011543167056515813,0.0011833339231088758,0.04541808494832367,0.11174841702450067,0.00010054104495793581,0.20971983310300857,0.02097366692032665,0.23069350002333522,2.316699828952551e-05,0.00013170798774808645,0.13272208394482732,0.3322447509272024,0.5467348750680685
295,random_0292,random_cycle_chord,20260824,crossing_rich,4,200,5,13,17,4.253184745646625,True,True,,perf/incremental-yamada-frontier-order,1d8374f42cccbb16d78d44100a65ca603d7d1997,3.14.7,macOS-26.6.2-arm64-arm-64bit-Mach-O,arm,0.042828541016206145,0.14842833403963596,0.03907829103991389,0.010534457978792489,0.01178287505172193,0.02315224998164922,5.1875016652047634e-05,0.01186154200695455,0.012375874910503626,0.0012403749860823154,0.04868191690184176,0.11012062500230968,9.10409726202488e-05,0.22353833308443427,0.023769750026986003,0.24730808311142027,2.2999942302703857e-05,0.00014129106421023607,0.13389037502929568,0.3251472500851378,0.5531908340053633
296,random_0293,random_cycle_chord,20260824,crossing_rich,2,200,4,11,14,5.158677880060531,True,True,,perf/incremental-yamada-frontier-order,1d8374f42cccbb16d78d44100a65ca603d7d1997,3.14.7,macOS-26.6.2-arm64-arm-64bit-Mach-O,arm,0.04208270797971636,0.15031375002581626,0.04529787506908178,0.008778417017310858,0.009325291961431503,0.018359499983489513,2.9250048100948334e-05,0.009555958095006645,0.009916790993884206,0.0008838750654831529,0.038745374185964465,0.10217316693160683,7.85409938544035e-05,0.1838596670422703,0.015891000046394765,0.19975066708866507,1.9749975763261318e-05,0.00010345806367695332,0.1180641669780016,0.3104606249835342,0.49866299994755536
297,random_0294,random_cycle_chord,20260824,crossing_rich,9,200,7,15,21,4.045838673617188,True,True,,perf/incremental-yamada-frontier-order,1d8374f42cccbb16d78d44100a65ca603d7d1997,3.14.7,macOS-26.6.2-arm64-arm-64bit-Mach-O,arm,0.05312258400954306,0.14992133306805044,0.05304695898666978,0.015924999956041574,0.017416750080883503,0.034351916052401066,6.500002928078175e-05,0.01769108301959932,0.018797666998580098,0.002110250061377883,0.07301591616123915,0.15945941605605185,0.00011374999303370714,0.29212720901705325,0.05526333302259445,0.3473905420396477,3.683299291878939e-05,0.00022933399304747581,0.2147227490786463,0.4177666661562398,0.7149778329767287
298,random_0295,random_cycle_chord,20260824,baseline,0,200,4,15,18,4.047526232235855,True,True,,perf/incremental-yamada-frontier-order,1d8374f42cccbb16d78d44100a65ca603d7d1997,3.14.7,macOS-26.6.2-arm64-arm-64bit-Mach-O,arm,0.043093749904073775,0.14859774999786168,0.024077125010080636,0.007912292028777301,0.008892750018276274,0.01820654096081853,6.0542020946741104e-05,0.008915708982385695,0.009381584008224308,0.0008030829485505819,0.037367458920925856,0.0782940830104053,0.00010358402505517006,0.2387091249693185,0.011672041029669344,0.25038116599898785,1.8249964341521263e-05,9.275006595999002e-05,0.08996612404007465,0.2816576239420101,0.5246917500626296
299,random_0296,random_cycle_chord,20260824,crossing_rich,6,200,6,13,18,4.316523883413994,True,True,,perf/incremental-yamada-frontier-order,1d8374f42cccbb16d78d44100a65ca603d7d1997,3.14.7,macOS-26.6.2-arm64-arm-64bit-Mach-O,arm,0.04559608397539705,0.1498123750789091,0.042658708058297634,0.013669249950908124,0.014106999966315925,0.027753959060646594,6.379198748618364e-05,0.01445533405058086,0.015126625075936317,0.001633874955587089,0.05903358513023704,0.1295197909930721,0.00011879100929945707,0.24562358297407627,0.029975958983413875,0.27559954195749015,2.8666923753917217e-05,0.00017529202159494162,0.15949574997648597,0.3549042090307921,0.6054327499587089
300,random_0297,random_cycle_chord,20260824,crossing_rich,12,200,8,15,22,4.045992981969559,True,True,,perf/incremental-yamada-frontier-order,1d8374f42cccbb16d78d44100a65ca603d7d1997,3.14.7,macOS-26.6.2-arm64-arm-64bit-Mach-O,arm,0.05656312499195337,0.15882987505756319,0.047656290931627154,0.016958374995738268,0.020856832969002426,0.041148749995045364,7.158401422202587e-05,0.02125216694548726,0.022248417022638023,0.0025064159417524934,0.08722733391914517,0.17275637504644692,0.00013054197188466787,0.3148789170663804,0.07808445894625038,0.39296337601263076,4.63330652564764e-05,0.0002680419711396098,0.2508408339926973,0.46623383404221386,0.7863620000425726
301,random_0298,random_cycle_chord,20260824,baseline,0,200,4,15,18,4.054454449185941,True,True,,perf/incremental-yamada-frontier-order,1d8374f42cccbb16d78d44100a65ca603d7d1997,3.14.7,macOS-26.6.2-arm64-arm-64bit-Mach-O,arm,0.044610874960199,0.15397124993614852,0.01898487494327128,0.008422542014159262,0.008518625050783157,0.01696000003721565,5.266699008643627e-05,0.008932707947678864,0.008950834046117961,0.0007644169963896275,0.03566062601748854,0.07163233403116465,0.00010533304885029793,0.24065170797985047,0.02698391699232161,0.2676356249721721,2.8957962058484554e-05,0.0001044590026140213,0.09861625102348626,0.2971983759198338,0.542595083010383
302,random_0299,random_cycle_chord,20260824,crossing_rich,3,200,5,11,15,4.400536903272992,True,True,,perf/incremental-yamada-frontier-order,1d8374f42cccbb16d78d44100a65ca603d7d1997,3.14.7,macOS-26.6.2-arm64-arm-64bit-Mach-O,arm,0.05073662498034537,0.15390841697808355,0.042545750038698316,0.01041645894292742,0.010914249927736819,0.021542708040215075,3.854196984320879e-05,0.011112665990367532,0.011729000019840896,0.0012057919520884752,0.04562870797235519,0.10954079206567258,8.908298332244158e-05,0.1978797500487417,0.022265042061917484,0.22014479211065918,2.6332912966609e-05,0.00012912496458739042,0.13180583412759006,0.336450876086019,0.5387316249543801
303,random_0300,random_cycle_chord,20260824,crossing_rich,2,200,4,11,14,4.883641404564493,True,True,,perf/incremental-yamada-frontier-order,1d8374f42cccbb16d78d44100a65ca603d7d1997,3.14.7,macOS-26.6.2-arm64-arm-64bit-Mach-O,arm,0.038913417025469244,0.15153808402828872,0.03879429108928889,0.008697291952557862,0.009142415947280824,0.01800462498795241,3.529200330376625e-05,0.009604417020455003,0.009689708007499576,0.0009039579890668392,0.038238000008277595,0.09489974996540695,8.579099085181952e-05,0.18477749999146909,0.015831500058993697,0.20060900005046278,1.9208993762731552e-05,0.00010645901784300804,0.11073125002440065,0.3011827510781586,0.49015204107854515
304,random_0301,random_cycle_chord,20260824,crossing_rich,6,200,6,13,18,4.230682368212705,True,True,,perf/incremental-yamada-frontier-order,1d8374f42cccbb16d78d44100a65ca603d7d1997,3.14.7,macOS-26.6.2-arm64-arm-64bit-Mach-O,arm,0.04768624994903803,0.19598320906516165,0.06714458402711898,0.014868833008222282,0.015528290998190641,0.11336941609624773,0.00011925003491342068,0.015466082957573235,0.015609833062626421,0.0017255418933928013,0.1462901240447536,0.24395725002977997,0.00012208300177007914,0.24872800009325147,0.03495016694068909,0.28367816703394055,4.5166932977735996e-05,0.00019608403090387583,0.27890741697046906,0.5225768759846687,0.7767445410136133
305,random_0302,random_cycle_chord,20260824,crossing_rich,3,200,5,11,15,5.013653623880632,True,True,,perf/incremental-yamada-frontier-order,1d8374f42cccbb16d78d44100a65ca603d7d1997,3.14.7,macOS-26.6.2-arm64-arm-64bit-Mach-O,arm,0.045049625099636614,0.15344725002069026,0.04895829199813306,0.00963737501297146,0.010329667013138533,0.020072416053153574,4.020810592919588e-05,0.010394458076916635,0.010919708060100675,0.0012080000014975667,0.04263479029759765,0.11160441604442894,9.224994573742151e-05,0.20003670908045024,0.0214251660509035,0.22146187513135374,2.3041036911308765e-05,0.0001365839270874858,0.13302958209533244,0.3315264572156593,0.5360250829253346
306,random_0303,random_cycle_chord,20260824,crossing_rich,2,200,4,11,14,4.345778548711768,True,True,,perf/incremental-yamada-frontier-order,1d8374f42cccbb16d78d44100a65ca603d7d1997,3.14.7,macOS-26.6.2-arm64-arm-64bit-Mach-O,arm,0.035842749988660216,0.14868262503296137,0.04915033292490989,0.010391750023700297,0.012019207933917642,0.019662250066176057,7.333396933972836e-05,0.009896417031995952,0.010214000009000301,0.0009737079963088036,0.04081970907282084,0.1124496660195291,0.0001092919846996665,0.1882891251007095,0.01714545802678913,0.20543458312749863,1.9749975763261318e-05,0.00010979198850691319,0.12959512404631823,0.3141204990679398,0.5066490420140326
307,random_0304,random_cycle_chord,20260824,crossing_rich,2,200,4,11,14,4.586823720728899,True,True,,perf/incremental-yamada-frontier-order,1d8374f42cccbb16d78d44100a65ca603d7d1997,3.14.7,macOS-26.6.2-arm64-arm-64bit-Mach-O,arm,0.03611316706519574,0.1494830419542268,0.039778250036761165,0.008931374992243946,0.008954291930422187,0.022470040945336223,5.466700531542301e-05,0.011039957986213267,0.009741291985847056,0.0009420419810339808,0.04424799990374595,0.1019445420242846,9.220791980624199e-05,0.1877773340092972,0.016108667012304068,0.20388600102160126,1.9208993762731552e-05,0.00010816706344485283,0.11805320903658867,0.3036494180560112,0.49563987494912
308,random_0305,random_cycle_chord,20260824,crossing_rich,6,200,6,14,19,4.290774856474062,True,True,,perf/incremental-yamada-frontier-order,1d8374f42cccbb16d78d44100a65ca603d7d1997,3.14.7,macOS-26.6.2-arm64-arm-64bit-Mach-O,arm,0.04765779199078679,0.1509002079255879,0.044809416052885354,0.011738457949832082,0.013421708950772882,0.026541874976828694,4.445796366780996e-05,0.013748500030487776,0.014738791971467435,0.0017566250171512365,0.05683024995960295,0.12684041704051197,0.00010820792522281408,0.2594200000166893,0.03540099994279444,0.29482099995948374,3.108300734311342e-05,0.0001872909488156438,0.1622414169833064,0.3607994168996811,0.6248342500766739
309,random_0306,random_cycle_chord,20260824,crossing_rich,4,200,5,12,16,4.035148299252182,True,True,,perf/incremental-yamada-frontier-order,1d8374f42cccbb16d78d44100a65ca603d7d1997,3.14.7,macOS-26.6.2-arm64-arm-64bit-Mach-O,arm,0.03894891601521522,0.1489109160611406,0.04083987500052899,0.010417958023026586,0.011646000086329877,0.022921041934750974,3.954209387302399e-05,0.011854915996082127,0.012407333008013666,0.0012287079589441419,0.04845154099166393,0.11139120801817626,8.704198990017176e-05,0.3411713329842314,0.03179579193238169,0.3729671249166131,2.316699828952551e-05,0.00013187492731958628,0.14318699995055795,0.33104683202691376,0.6759745000163093
310,random_0307,random_cycle_chord,20260824,crossing_rich,6,200,6,13,18,4.3937364491199435,True,True,,perf/incremental-yamada-frontier-order,1d8374f42cccbb16d78d44100a65ca603d7d1997,3.14.7,macOS-26.6.2-arm64-arm-64bit-Mach-O,arm,0.04550441703759134,0.1489242089446634,0.04517766693606973,0.012019749963656068,0.013579459046013653,0.026802374981343746,6.104202475398779e-05,0.013733499916270375,0.01447412499692291,0.0016584160039201379,0.05672945792321116,0.1275570000289008,9.704206604510546e-05,0.24971929099410772,0.034198875073343515,0.28391816606745124,3.091699909418821e-05,0.00018370803445577621,0.16175587510224432,0.35618450108449906,0.6104442499345168
311,random_0308,random_cycle_chord,20260824,crossing_rich,9,200,7,14,20,4.295581287403506,True,True,,perf/incremental-yamada-frontier-order,1d8374f42cccbb16d78d44100a65ca603d7d1997,3.14.7,macOS-26.6.2-arm64-arm-64bit-Mach-O,arm,0.05098783306311816,0.14906374993734062,0.0467707080533728,0.014406207948923111,0.01660279103089124,0.03248404199257493,5.441601388156414e-05,0.017132790992036462,0.01834241603501141,0.002226457931101322,0.07024012296460569,0.14806649996899068,0.00011966703459620476,0.2600839170627296,0.051024749991483986,0.3111086670542136,3.658398054540157e-05,0.0002341249492019415,0.19909124996047467,0.39914283296093345,0.6643227920867503
312,random_0309,random_cycle_chord,20260824,crossing_rich,3,200,5,12,16,4.869197394768877,True,True,,perf/incremental-yamada-frontier-order,1d8374f42cccbb16d78d44100a65ca603d7d1997,3.14.7,macOS-26.6.2-arm64-arm-64bit-Mach-O,arm,0.042724582948721945,0.15115333395078778,0.04328045807778835,0.009834708063863218,0.010630208067595959,0.0209198750089854,4.724995233118534e-05,0.010808957973495126,0.011337707983329892,0.0012457499979063869,0.04435954091604799,0.10814454196952283,8.73330282047391e-05,0.21190049999859184,0.022496875026263297,0.23439737502485514,2.3417058400809765e-05,0.00014108303003013134,0.13064141699578613,0.32451933389529586,0.5408427499933168
313,random_0310,random_cycle_chord,20260824,baseline,0,200,3,15,17,4.04578468894211,True,True,,perf/incremental-yamada-frontier-order,1d8374f42cccbb16d78d44100a65ca603d7d1997,3.14.7,macOS-26.6.2-arm64-arm-64bit-Mach-O,arm,0.040637207916006446,0.1482633330160752,0.01989712507929653,0.0066411669831722975,0.006679333979263902,0.013127333018928766,2.1249987185001373e-05,0.00678629195317626,0.0069589579943567514,0.0005530000198632479,0.027446832973510027,0.060683416086249053,7.795903366059065e-05,0.2167391669936478,0.008989457972347736,0.22572862496599555,1.4082994312047958e-05,6.925000343471766e-05,0.06967287405859679,0.25857341499067843,0.47936154098715633
314,random_0311,random_cycle_chord,20260824,crossing_rich,6,200,6,13,18,4.5690792375326135,True,True,,perf/incremental-yamada-frontier-order,1d8374f42cccbb16d78d44100a65ca603d7d1997,3.14.7,macOS-26.6.2-arm64-arm-64bit-Mach-O,arm,0.046608708100393414,0.14856533298734576,0.04960354103241116,0.013640250079333782,0.014227082952857018,0.02806604199577123,4.3958076275885105e-05,0.014535958063788712,0.015398540999740362,0.001637208042666316,0.059681707178242505,0.137192124966532,9.808305185288191e-05,0.2384444170165807,0.030968416947871447,0.26941283396445215,2.812489401549101e-05,0.00018141698092222214,0.16816054191440344,0.3633345830021426,0.6064107079291716
315,random_0312,random_cycle_chord,20260824,crossing_rich,3,200,5,12,16,4.04883918956306,True,True,,perf/incremental-yamada-frontier-order,1d8374f42cccbb16d78d44100a65ca603d7d1997,3.14.7,macOS-26.6.2-arm64-arm-64bit-Mach-O,arm,0.039621333009563386,0.14840750000439584,0.03725708299316466,0.009778124978765845,0.010758541990071535,0.0212054590228945,3.766699228435755e-05,0.010939124971628189,0.011482708039693534,0.0011627089697867632,0.044827667996287346,0.10265366698149592,9.041593875735998e-05,0.2103676659753546,0.02068458404392004,0.23105225001927465,2.2999942302703857e-05,0.0001247080508619547,0.12333825102541596,0.3113670840393752,0.526074834051542
316,random_0313,random_cycle_chord,20260824,crossing_rich,5,200,6,13,18,4.029966653044399,True,True,,perf/incremental-yamada-frontier-order,1d8374f42cccbb16d78d44100a65ca603d7d1997,3.14.7,macOS-26.6.2-arm64-arm-64bit-Mach-O,arm,0.04405937495175749,0.1485396249918267,0.04448350006714463,0.011612000060267746,0.013478790991939604,0.02661883400287479,6.12499425187707e-05,0.013683457975275815,0.014388125040568411,0.0015916669508442283,0.056343333912082016,0.12596754101105034,0.000108166947029531,0.23952037503477186,0.03135895903687924,0.2708793340716511,2.7209054678678513e-05,0.00016779103316366673,0.15732650004792958,0.3499254999915138,0.5941186249256134
317,random_0314,random_cycle_chord,20260824,crossing_rich,4,200,5,12,16,4.877613215340674,True,True,,perf/incremental-yamada-frontier-order,1d8374f42cccbb16d78d44100a65ca603d7d1997,3.14.7,macOS-26.6.2-arm64-arm-64bit-Mach-O,arm,0.04376699996646494,0.14871220791246742,0.048308625002391636,0.010046749957837164,0.011094250017777085,0.02194845792837441,4.575005732476711e-05,0.011352208093740046,0.011999458074569702,0.0013608330627903342,0.04670670721679926,0.11619387508835644,9.3833077698946e-05,0.20989908406045288,0.02512354194186628,0.23502262600231916,2.37500062212348e-05,0.00014695909339934587,0.14131741703022271,0.33379662490915507,0.5480979999992996
318,random_0315,random_cycle_chord,20260824,crossing_rich,5,200,6,12,17,4.083148699540026,True,True,,perf/incremental-yamada-frontier-order,1d8374f42cccbb16d78d44100a65ca603d7d1997,3.14.7,macOS-26.6.2-arm64-arm-64bit-Mach-O,arm,0.04258729191496968,0.1488815420307219,0.04262004105839878,0.01137687498703599,0.012614250066690147,0.024739749962463975,6.020907312631607e-05,0.012800583033822477,0.013429749989882112,0.0015072079841047525,0.05253750004339963,0.11919800005853176,9.495799895375967e-05,0.22610066703055054,0.02817712491378188,0.2542777919443324,2.8165988624095917e-05,0.00015824998263269663,0.14737512497231364,0.33884395891800523,0.5694303750060499
319,random_0316,random_cycle_chord,20260824,crossing_rich,5,200,6,12,17,4.879645001622816,True,True,,perf/incremental-yamada-frontier-order,1d8374f42cccbb16d78d44100a65ca603d7d1997,3.14.7,macOS-26.6.2-arm64-arm-64bit-Mach-O,arm,0.046714458032511175,0.1489305420545861,0.045759459026157856,0.011571791023015976,0.01293758291285485,0.02559270802885294,6.091594696044922e-05,0.01312116696499288,0.013768667005933821,0.0015843750443309546,0.054127832991071045,0.12444720801431686,9.695801418274641e-05,0.32380587491206825,0.028607500018551946,0.3524133749306202,2.816703636199236e-05,0.00016370892990380526,0.1530547080328688,0.3486997081199661,0.6766823331126943
320,random_0317,random_cycle_chord,20260824,crossing_rich,9,200,7,15,21,4.04733955190949,True,True,,perf/incremental-yamada-frontier-order,1d8374f42cccbb16d78d44100a65ca603d7d1997,3.14.7,macOS-26.6.2-arm64-arm-64bit-Mach-O,arm,0.05205470905639231,0.15713029203470796,0.04306916706264019,0.01580208307132125,0.0163133341120556,0.032146124984137714,5.1166978664696217e-05,0.01670870801899582,0.01784004201181233,0.0020992920035496354,0.0688453339971602,0.14407641696743667,0.0001115420600399375,0.2956418329849839,0.0521984159713611,0.347840248956345,3.99160198867321e-05,0.0002259579487144947,0.19627483293879777,0.40545983402989805,0.7067458750680089
321,random_0318,random_cycle_chord,20260824,crossing_rich,3,200,5,14,18,4.293216575331262,True,True,,perf/incremental-yamada-frontier-order,1d8374f42cccbb16d78d44100a65ca603d7d1997,3.14.7,macOS-26.6.2-arm64-arm-64bit-Mach-O,arm,0.04549929196946323,0.14827587502077222,0.038196375011466444,0.010396832949481905,0.011366290971636772,0.02250087505672127,3.533298149704933e-05,0.011675165966153145,0.012211749912239611,0.0011915420182049274,0.047614665934816,0.1076062909560278,8.949998300522566e-05,0.3310748341027647,0.020575208007358015,0.35165004211012274,2.4125096388161182e-05,0.00013212498743087053,0.12818149896338582,0.32195666595362127,0.657128749997355
322,random_0319,random_cycle_chord,20260824,crossing_rich,5,200,6,14,19,4.290873405438565,True,True,,perf/incremental-yamada-frontier-order,1d8374f42cccbb16d78d44100a65ca603d7d1997,3.14.7,macOS-26.6.2-arm64-arm-64bit-Mach-O,arm,0.047612415975891054,0.14852554199751467,0.04305354203097522,0.011245166999287903,0.0128479590639472,0.025441332953050733,4.329090006649494e-05,0.01317379204556346,0.013995541958138347,0.0015907500637695193,0.05424470792058855,0.12143079203087837,0.00010366702917963266,0.25300804199650884,0.031319124973379076,0.2843271669698879,2.675002906471491e-05,0.00016729207709431648,0.15274991700425744,0.34888787497766316,0.6064231250202283
323,random_0320,random_cycle_chord,20260824,crossing_rich,7,200,7,14,20,4.2961736191660345,True,True,,perf/incremental-yamada-frontier-order,1d8374f42cccbb16d78d44100a65ca603d7d1997,3.14.7,macOS-26.6.2-arm64-arm-64bit-Mach-O,arm,0.05073366605211049,0.14892733306623995,0.043882125057280064,0.014176999917253852,0.015140834031626582,0.030040958081372082,7.083301898092031e-05,0.015383917023427784,0.016309708007611334,0.0019464170327410102,0.06375183316413313,0.13701095897704363,0.00010674993973225355,0.25175362499430776,0.039741374901495874,0.29149499989580363,3.3208983950316906e-05,0.00020066695287823677,0.1767523338785395,0.37641333299688995,0.6328483750112355
324,random_0321,random_cycle_chord,20260824,baseline,0,200,3,15,17,4.047370912512971,True,True,,perf/incremental-yamada-frontier-order,1d8374f42cccbb16d78d44100a65ca603d7d1997,3.14.7,macOS-26.6.2-arm64-arm-64bit-Mach-O,arm,0.04120820900425315,0.14823466702364385,0.020031041000038385,0.006776917027309537,0.0068214579951018095,0.01344795897603035,2.1666986867785454e-05,0.006968582980334759,0.00722966599278152,0.0005556669784709811,0.028223541914485395,0.061872332938946784,7.42089468985796e-05,0.21752254199236631,0.00905266695190221,0.22657520894426852,1.395796425640583e-05,6.874999962747097e-05,0.070924999890849,0.260367875918746,0.48192295897752047
325,random_0322,random_cycle_chord,20260824,crossing_rich,5,200,6,13,18,4.070115121940381,True,True,,perf/incremental-yamada-frontier-order,1d8374f42cccbb16d78d44100a65ca603d7d1997,3.14.7,macOS-26.6.2-arm64-arm-64bit-Mach-O,arm,0.04422745807096362,0.1489415830001235,0.04309033404570073,0.01133458293043077,0.012811040971428156,0.025255459011532366,4.624994471669197e-05,0.013207165990024805,0.014016208006069064,0.0015727500431239605,0.05409783299546689,0.12137520802207291,0.00010050006676465273,0.23906762502156198,0.030906375031918287,0.26997400005348027,2.762500662356615e-05,0.0001664160517975688,0.1522815830539912,0.3454506241250783,0.589008333045058
326,random_0323,random_cycle_chord,20260824,crossing_rich,2,200,4,11,14,5.031419323764203,True,True,,perf/incremental-yamada-frontier-order,1d8374f42cccbb16d78d44100a65ca603d7d1997,3.14.7,macOS-26.6.2-arm64-arm-64bit-Mach-O,arm,0.0391137080732733,0.14813195797614753,0.04457862500566989,0.008210708037950099,0.008577791973948479,0.016977500054053962,2.8292066417634487e-05,0.008789166924543679,0.009208042058162391,0.000917874975129962,0.03592087607830763,0.09731383307371289,7.962493691593409e-05,0.18284687492996454,0.015871500014327466,0.198718374944292,1.829105895012617e-05,0.00010324991308152676,0.11318533308804035,0.3004309991374612,0.4874280409421772
327,random_0324,random_cycle_chord,20260824,crossing_rich,6,200,6,12,17,4.876297943026225,True,True,,perf/incremental-yamada-frontier-order,1d8374f42cccbb16d78d44100a65ca603d7d1997,3.14.7,macOS-26.6.2-arm64-arm-64bit-Mach-O,arm,0.045996833010576665,0.14897054200991988,0.05302025005221367,0.013580208993516862,0.013784291921183467,0.02716045791748911,6.0125021263957024e-05,0.01399279199540615,0.01474520901683718,0.0016771249938756227,0.05763570894487202,0.13807095808442682,9.808398317545652e-05,0.3229401670396328,0.0330401670653373,0.3559803341049701,2.962502185255289e-05,0.0001765410415828228,0.17111112514976412,0.36607850017026067,0.693431458901614
328,random_0325,random_cycle_chord,20260824,crossing_rich,7,200,6,13,18,4.083561119604458,True,True,,perf/incremental-yamada-frontier-order,1d8374f42cccbb16d78d44100a65ca603d7d1997,3.14.7,macOS-26.6.2-arm64-arm-64bit-Mach-O,arm,0.045334041002206504,0.14915304095484316,0.047153166960924864,0.014153041993267834,0.014628834091126919,0.028610041947104037,5.420797970145941e-05,0.01481912494637072,0.01569512509740889,0.0017353750299662352,0.06091387500055134,0.13689408404752612,9.862496517598629e-05,0.24633824999909848,0.03700975002720952,0.283348000026308,2.8540962375700474e-05,0.0001840420300140977,0.17390383407473564,0.3683909160317853,0.6197505829622969
329,random_0326,random_cycle_chord,20260824,crossing_rich,4,200,6,14,19,4.291288944409737,True,True,,perf/incremental-yamada-frontier-order,1d8374f42cccbb16d78d44100a65ca603d7d1997,3.14.7,macOS-26.6.2-arm64-arm-64bit-Mach-O,arm,0.047775084036402404,0.14909637498203665,0.04199745808728039,0.011497250059619546,0.012965249945409596,0.025547125027514994,4.454201553016901e-05,0.013255208032205701,0.014052916085347533,0.0014884580159559846,0.05438824917655438,0.12088837497867644,0.00010212499182671309,0.2538875410100445,0.02843649999704212,0.28232404100708663,2.862501423805952e-05,0.00015887501649558544,0.14932487497571856,0.3461963339941576,0.6046602500136942
330,random_0327,random_cycle_chord,20260824,crossing_rich,3,200,5,12,16,4.491201661580026,True,True,,perf/incremental-yamada-frontier-order,1d8374f42cccbb16d78d44100a65ca603d7d1997,3.14.7,macOS-26.6.2-arm64-arm-64bit-Mach-O,arm,0.04086683294735849,0.1527082909597084,0.04239558300469071,0.010003957897424698,0.010987875051796436,0.021631083101965487,3.7125078961253166e-05,0.011260583996772766,0.01179579203017056,0.001216457923874259,0.045941042131744325,0.10936204204335809,9.975000284612179e-05,0.2120409170165658,0.022247334010899067,0.23428825102746487,2.404092811048031e-05,0.00014004192780703306,0.13160937605425715,0.32518449996132404,0.5416413340717554
331,random_0328,random_cycle_chord,20260824,crossing_rich,5,200,6,13,18,4.071703627582836,True,True,,perf/incremental-yamada-frontier-order,1d8374f42cccbb16d78d44100a65ca603d7d1997,3.14.7,macOS-26.6.2-arm64-arm-64bit-Mach-O,arm,0.043951582978479564,0.14942262507975101,0.043647582991980016,0.011837707948870957,0.013251167023554444,0.026273334049619734,9.033398237079382e-05,0.013475999934598804,0.013995499932207167,0.0015112500404939055,0.055346417939290404,0.12413704104255885,0.00011366605758666992,0.24006816593464464,0.029420375009067357,0.269488540943712,2.8499984182417393e-05,0.00016041600611060858,0.1535574160516262,0.3469316241098568,0.5915261670015752
332,random_0329,random_cycle_chord,20260824,crossing_rich,2,200,4,11,14,4.968980777790653,True,True,,perf/incremental-yamada-frontier-order,1d8374f42cccbb16d78d44100a65ca603d7d1997,3.14.7,macOS-26.6.2-arm64-arm-64bit-Mach-O,arm,0.038367750006727874,0.15026716701686382,0.04102000000420958,0.008396958000957966,0.00891329103615135,0.017629249952733517,3.2625044696033e-05,0.009086624952033162,0.009449834004044533,0.0009115829598158598,0.037109916913323104,0.0954687079647556,8.191599044948816e-05,0.18265187495853752,0.016104415990412235,0.19875629094894975,1.9041006453335285e-05,0.00010800000745803118,0.11157312395516783,0.3002080409787595,0.4870420000515878
333,random_0330,random_cycle_chord,20260824,crossing_rich,8,200,7,15,21,4.047535749696944,True,True,,perf/incremental-yamada-frontier-order,1d8374f42cccbb16d78d44100a65ca603d7d1997,3.14.7,macOS-26.6.2-arm64-arm-64bit-Mach-O,arm,0.05170941702090204,0.14956183300819248,0.04212862497661263,0.016369791002944112,0.015833582961931825,0.031087999930605292,5.208409857004881e-05,0.016074333107098937,0.017284000059589744,0.0020468749571591616,0.06654529215302318,0.14092508400790393,0.00011383299715816975,0.2902835829881951,0.04569987510330975,0.33598345809150487,3.604101948440075e-05,0.0002196670975536108,0.18662495911121368,0.3878962091403082,0.6835028330096975
334,random_0331,random_cycle_chord,20260824,crossing_rich,8,200,7,14,20,4.2641111623514325,True,True,,perf/incremental-yamada-frontier-order,1d8374f42cccbb16d78d44100a65ca603d7d1997,3.14.7,macOS-26.6.2-arm64-arm-64bit-Mach-O,arm,0.050495582981966436,0.15016045805532485,0.05016450001858175,0.014598666923120618,0.016003833967261016,0.03165695909410715,7.041706703603268e-05,0.016172833973541856,0.01714145892765373,0.0019923329818993807,0.06703400204423815,0.14786045905202627,0.00010862504132091999,0.25317633291706443,0.045753082958981395,0.2989294158760458,3.5958015359938145e-05,0.00021316600032150745,0.19361354201100767,0.39426958304829895,0.652237500064075
335,random_0332,random_cycle_chord,20260824,baseline,0,200,3,15,17,4.046236854905481,True,True,,perf/incremental-yamada-frontier-order,1d8374f42cccbb16d78d44100a65ca603d7d1997,3.14.7,macOS-26.6.2-arm64-arm-64bit-Mach-O,arm,0.04092875006608665,0.14797508297488093,0.017449207953177392,0.006593958009034395,0.006484125042334199,0.012717916979454458,2.1792016923427582e-05,0.0067169590620324016,0.006890499964356422,0.0005872090114280581,0.026934377034194767,0.057481209049001336,8.595804683864117e-05,0.22214262501802295,0.009329500026069582,0.23147212504409254,1.4042016118764877e-05,7.733306847512722e-05,0.06681070907507092,0.2557145421160385,0.4819254159228876
336,random_0333,random_cycle_chord,20260824,crossing_rich,6,200,6,14,19,4.295498463355288,True,True,,perf/incremental-yamada-frontier-order,1d8374f42cccbb16d78d44100a65ca603d7d1997,3.14.7,macOS-26.6.2-arm64-arm-64bit-Mach-O,arm,0.04782033304218203,0.14920737501233816,0.046143417013809085,0.013441708055324852,0.01430137490388006,0.028149709105491638,4.68340003862977e-05,0.014574832981452346,0.015374999959021807,0.0016399580053985119,0.0597863340517506,0.13371608301531523,0.00010050006676465273,0.35325037501752377,0.04269391705747694,0.3959442920750007,3.245798870921135e-05,0.00017662497702986002,0.17641000007279217,0.37343770812731236,0.7305304170586169
337,random_0334,random_cycle_chord,20260824,baseline,0,200,3,14,16,4.295935222471373,True,True,,perf/incremental-yamada-frontier-order,1d8374f42cccbb16d78d44100a65ca603d7d1997,3.14.7,macOS-26.6.2-arm64-arm-64bit-Mach-O,arm,0.03972441598307341,0.14831145794596523,0.019306582980789244,0.006547458004206419,0.006598667008802295,0.013035999960266054,2.2000051103532314e-05,0.006732832989655435,0.006948333000764251,0.0005453750491142273,0.0272845410509035,0.05975541705265641,7.362500764429569e-05,0.19072558300103992,0.008743499987758696,0.19946908298879862,1.4125020243227482e-05,7.079192437231541e-05,0.06849891704041511,0.25653479096945375,0.45130700001027435
338,random_0335,random_cycle_chord,20260824,crossing_rich,4,200,5,12,16,4.545727016548484,True,True,,perf/incremental-yamada-frontier-order,1d8374f42cccbb16d78d44100a65ca603d7d1997,3.14.7,macOS-26.6.2-arm64-arm-64bit-Mach-O,arm,0.04269641696009785,0.14897487498819828,0.04465487494599074,0.010171334026381373,0.011190207907930017,0.02198025002144277,4.191696643829346e-05,0.011429957929067314,0.011995166074484587,0.0013015000149607658,0.04674879100639373,0.11280825000721961,9.087496437132359e-05,0.21357925003394485,0.02536016597878188,0.23893941601272672,2.3792032152414322e-05,0.0001419170293956995,0.1381684159860015,0.3298397079342976,0.5480256249429658
339,random_0336,random_cycle_chord,20260824,baseline,0,200,4,15,18,4.046404881037522,True,True,,perf/incremental-yamada-frontier-order,1d8374f42cccbb16d78d44100a65ca603d7d1997,3.14.7,macOS-26.6.2-arm64-arm-64bit-Mach-O,arm,0.04366566694807261,0.14832395792473108,0.02141275000758469,0.007939208066090941,0.008552166051231325,0.016876958077773452,2.8499984182417393e-05,0.008707541041076183,0.008979124948382378,0.0007098750211298466,0.03530199907254428,0.07323316601105034,8.133298251777887e-05,0.23194745799992234,0.011170459096319973,0.2431179170962423,1.8249964341521263e-05,8.054205682128668e-05,0.08440362510737032,0.276393249980174,0.5125279169296846
340,random_0337,random_cycle_chord,20260824,crossing_rich,6,200,6,14,19,4.296061309146255,True,True,,perf/incremental-yamada-frontier-order,1d8374f42cccbb16d78d44100a65ca603d7d1997,3.14.7,macOS-26.6.2-arm64-arm-64bit-Mach-O,arm,0.04914141702465713,0.15769604104571044,0.04143812507390976,0.012462958111427724,0.013705666060559452,0.027026625000871718,6.279197987169027e-05,0.013836459023877978,0.01455862505827099,0.0016742500010877848,0.05715875106398016,0.12481795798521489,0.0001128750154748559,0.2546067909570411,0.03402970905881375,0.28863650001585484,3.041699528694153e-05,0.0001804170897230506,0.15884766704402864,0.3656851251143962,0.6254426660016179
341,random_0338,random_cycle_chord,20260824,crossing_rich,6,200,6,13,18,4.567076224675358,True,True,,perf/incremental-yamada-frontier-order,1d8374f42cccbb16d78d44100a65ca603d7d1997,3.14.7,macOS-26.6.2-arm64-arm-64bit-Mach-O,arm,0.04772675002459437,0.14972424996085465,0.045748458011075854,0.011967124999500811,0.013643000042065978,0.027039458975195885,4.4334097765386105e-05,0.013934209011495113,0.014829166932031512,0.001695042010396719,0.057542211026884615,0.1289414579514414,0.00010024989023804665,0.24243308394216,0.034561250009573996,0.276994333951734,2.912490162998438e-05,0.00017791695427149534,0.1635027079610154,0.3609537079464644,0.6080225000623614
342,random_0339,random_cycle_chord,20260824,crossing_rich,6,200,6,13,18,4.567482963914263,True,True,,perf/incremental-yamada-frontier-order,1d8374f42cccbb16d78d44100a65ca603d7d1997,3.14.7,macOS-26.6.2-arm64-arm-64bit-Mach-O,arm,0.04662133299279958,0.1489619999192655,0.04400325007736683,0.013460000045597553,0.013907750020734966,0.027480166987515986,4.337495192885399e-05,0.014217957970686257,0.015037584002129734,0.0016127920243889093,0.05839187593664974,0.12980279210023582,9.945896454155445e-05,0.2406035829335451,0.033550666994415224,0.27415424992796034,3.054190892726183e-05,0.00017462496180087328,0.16335345909465104,0.35893679200671613,0.6041275840252638
343,random_0340,random_cycle_chord,20260824,crossing_rich,3,200,5,13,17,4.055702405126079,True,True,,perf/incremental-yamada-frontier-order,1d8374f42cccbb16d78d44100a65ca603d7d1997,3.14.7,macOS-26.6.2-arm64-arm-64bit-Mach-O,arm,0.04145704093389213,0.1489014580147341,0.03750012500677258,0.009560540900565684,0.010395915945991874,0.02050504193175584,3.741704858839512e-05,0.010630124947056174,0.011263750027865171,0.0012249170104041696,0.04366125096566975,0.10115037497598678,8.825003169476986e-05,0.22400054102763534,0.022714250022545457,0.2467147910501808,2.2332998923957348e-05,0.00013266701716929674,0.12386462499853224,0.31422312394715846,0.5425731249852106
344,random_0341,random_cycle_chord,20260824,crossing_rich,4,200,6,13,18,4.082378315273557,True,True,,perf/incremental-yamada-frontier-order,1d8374f42cccbb16d78d44100a65ca603d7d1997,3.14.7,macOS-26.6.2-arm64-arm-64bit-Mach-O,arm,0.04432929202448577,0.1492532080737874,0.038218958070501685,0.011228458024561405,0.012599249952472746,0.02489491703454405,5.51670091226697e-05,0.012821250013075769,0.013492792029865086,0.001443041954189539,0.052707168040797114,0.11480187508277595,0.0001152919139713049,0.24089999997522682,0.026649957988411188,0.267549957963638,2.775003667920828e-05,0.0001509999856352806,0.14145183307118714,0.3350343331694603,0.580485500046052
345,random_0342,random_cycle_chord,20260824,crossing_rich,6,200,6,14,19,4.290666055065601,True,True,,perf/incremental-yamada-frontier-order,1d8374f42cccbb16d78d44100a65ca603d7d1997,3.14.7,macOS-26.6.2-arm64-arm-64bit-Mach-O,arm,0.04789699998218566,0.14879949996247888,0.04868054192047566,0.014139582985080779,0.01428624999243766,0.028255416080355644,4.3917098082602024e-05,0.014586042030714452,0.01537604199256748,0.0016459169564768672,0.059907334158197045,0.13705391704570502,0.00010720896534621716,0.3671921669738367,0.03061825002077967,0.3978104169946164,2.8957962058484554e-05,0.00018154107965528965,0.1676721670664847,0.3643686670111492,0.7359865410253406
346,random_0343,random_cycle_chord,20260824,crossing_rich,3,200,5,12,16,4.443493527332024,True,True,,perf/incremental-yamada-frontier-order,1d8374f42cccbb16d78d44100a65ca603d7d1997,3.14.7,macOS-26.6.2-arm64-arm-64bit-Mach-O,arm,0.04081787494942546,0.14833895792253315,0.046163291903212667,0.00981033407151699,0.010874124942347407,0.02150904096197337,3.7125078961253166e-05,0.011106041027233005,0.011607125052250922,0.0011713749263435602,0.04543070704676211,0.11231179197784513,8.870800957083702e-05,0.24618404090870172,0.02122858294751495,0.26741262385621667,2.3707980290055275e-05,0.00013270799536257982,0.13354037492536008,0.3226972077973187,0.5732553750276566
347,random_0344,random_cycle_chord,20260824,crossing_rich,6,200,6,14,19,4.290384209337144,True,True,,perf/incremental-yamada-frontier-order,1d8374f42cccbb16d78d44100a65ca603d7d1997,3.14.7,macOS-26.6.2-arm64-arm-64bit-Mach-O,arm,0.04829908302053809,0.14984458300750703,0.04569025000091642,0.01379025005735457,0.013736083055846393,0.027137125027365983,4.4874963350594044e-05,0.013990000006742775,0.014993750024586916,0.0017083329148590565,0.057874082936905324,0.13113066693767905,0.00010133301839232445,0.2557360829086974,0.035512874950654805,0.29124895785935223,3.1374976970255375e-05,0.00018554192502051592,0.16664354188833386,0.364787207916379,0.6256804590811953
348,random_0345,random_cycle_chord,20260824,crossing_rich,3,200,5,11,15,4.431037705436102,True,True,,perf/incremental-yamada-frontier-order,1d8374f42cccbb16d78d44100a65ca603d7d1997,3.14.7,macOS-26.6.2-arm64-arm-64bit-Mach-O,arm,0.03851795895025134,0.14850266696885228,0.039559333003126085,0.009565790998749435,0.010375416022725403,0.020474000019021332,4.099996294826269e-05,0.010808333987370133,0.011344750062562525,0.0012080409796908498,0.0438761250115931,0.10340849997010082,8.224998600780964e-05,0.1984378749039024,0.02225412498228252,0.22069199988618493,2.3333006538450718e-05,0.00013416691217571497,0.12566262495238334,0.31268325087148696,0.5154668749310076
349,random_0346,random_cycle_chord,20260824,crossing_rich,8,200,7,15,21,4.030474404973866,True,True,,perf/incremental-yamada-frontier-order,1d8374f42cccbb16d78d44100a65ca603d7d1997,3.14.7,macOS-26.6.2-arm64-arm-64bit-Mach-O,arm,0.05189820798113942,0.14949066704139113,0.05089945800136775,0.015525707975029945,0.015970583073794842,0.03141358296852559,7.062498480081558e-05,0.01615337491966784,0.017054042080417275,0.0019513749284669757,0.0666429998818785,0.1490978340152651,0.0001154160127043724,0.29109704098664224,0.04241399990860373,0.33351104089524597,3.570900298655033e-05,0.00020316708832979202,0.19151183392386883,0.3929007089463994,0.6890602499479428
350,random_0347,random_cycle_chord,20260824,crossing_rich,3,200,5,12,16,4.035528778174831,True,True,,perf/incremental-yamada-frontier-order,1d8374f42cccbb16d78d44100a65ca603d7d1997,3.14.7,macOS-26.6.2-arm64-arm-64bit-Mach-O,arm,0.03905504196882248,0.14852820907253772,0.04348812508396804,0.009722582995891571,0.01053924998268485,0.02082233305554837,3.670796286314726e-05,0.010789833962917328,0.011385458055883646,0.0012148329988121986,0.04424916603602469,0.10803154099266976,8.616596460342407e-05,0.210294249933213,0.022140791988931596,0.2324350419221446,2.3542088456451893e-05,0.00013633293565362692,0.13017233298160136,0.31775558402296156,0.532409125007689
351,random_0348,random_cycle_chord,20260824,crossing_rich,4,200,5,12,16,4.875384141544571,True,True,,perf/incremental-yamada-frontier-order,1d8374f42cccbb16d78d44100a65ca603d7d1997,3.14.7,macOS-26.6.2-arm64-arm-64bit-Mach-O,arm,0.04304787504952401,0.1491470419568941,0.046615166938863695,0.01034295791760087,0.011549290968105197,0.022616124944761395,5.462497938424349e-05,0.011650374974124134,0.012163667008280754,0.0013008750975131989,0.047785667004063725,0.11633691599126905,8.987495675683022e-05,0.29912404192145914,0.03349225001875311,0.33261629194021225,2.3792032152414322e-05,0.00013570801820605993,0.14982916601002216,0.3420240830164403,0.644938874989748
352,random_0349,random_cycle_chord,20260824,baseline,0,200,3,14,16,4.293356567225842,True,True,,perf/incremental-yamada-frontier-order,1d8374f42cccbb16d78d44100a65ca603d7d1997,3.14.7,macOS-26.6.2-arm64-arm-64bit-Mach-O,arm,0.03984658292029053,0.14828091592062265,0.019938583951443434,0.0064902500016614795,0.006938250036910176,0.013351166970096529,2.4417066015303135e-05,0.006933916942216456,0.007130749989300966,0.0005865420680493116,0.028026793035678566,0.06142387504223734,7.620803080499172e-05,0.20608908298891038,0.00931508291978389,0.21540416590869427,1.4417106285691261e-05,7.591699250042439e-05,0.07073895796202123,0.2588664568029344,0.46900716598611325
353,random_0350,random_cycle_chord,20260824,crossing_rich,6,200,6,14,19,4.290123317735541,True,True,,perf/incremental-yamada-frontier-order,1d8374f42cccbb16d78d44100a65ca603d7d1997,3.14.7,macOS-26.6.2-arm64-arm-64bit-Mach-O,arm,0.04768308391794562,0.14984754205215722,0.04497083299793303,0.013854249962605536,0.014061624999158084,0.027723832987248898,4.7165900468826294e-05,0.01438887498807162,0.015276040998287499,0.0017206670017912984,0.05915658187586814,0.13208595907781273,0.00010058400221168995,0.23847908398602158,0.03614679106976837,0.27462587505578995,2.879102248698473e-05,0.00018287496641278267,0.1682327501475811,0.36576337611768395,0.6091908329399303
354,random_0351,random_cycle_chord,20260824,crossing_rich,7,200,6,12,17,4.01463720100526,True,True,,perf/incremental-yamada-frontier-order,1d8374f42cccbb16d78d44100a65ca603d7d1997,3.14.7,macOS-26.6.2-arm64-arm-64bit-Mach-O,arm,0.0420694169588387,0.14847108302637935,0.036681166966445744,0.014091167016886175,0.01494587492197752,0.029411916970275342,7.025001104921103e-05,0.015199832967482507,0.015849582967348397,0.0016913750441744924,0.06222295796032995,0.12799779104534537,9.624997619539499e-05,0.23268470796756446,0.036797833046875894,0.26948254101444036,2.9165996238589287e-05,0.0001807080116122961,0.16479562409222126,0.3553361240774393,0.5930147080216557
355,random_0352,random_cycle_chord,20260824,baseline,0,200,4,15,18,4.046430361559622,True,True,,perf/incremental-yamada-frontier-order,1d8374f42cccbb16d78d44100a65ca603d7d1997,3.14.7,macOS-26.6.2-arm64-arm-64bit-Mach-O,arm,0.04352137504611164,0.14815483300480992,0.019260333036072552,0.007696499931626022,0.00782533292658627,0.015440082992427051,2.879102248698473e-05,0.007977625005878508,0.008183875004760921,0.0007053749868646264,0.03233574901241809,0.06714474991895258,8.608296047896147e-05,0.22916033398360014,0.010561249917373061,0.2397215839009732,1.77919864654541e-05,7.958302740007639e-05,0.07770599983632565,0.2693822078872472,0.5027010829653591
356,random_0353,random_cycle_chord,20260824,crossing_rich,4,200,5,12,16,4.858354317557494,True,True,,perf/incremental-yamada-frontier-order,1d8374f42cccbb16d78d44100a65ca603d7d1997,3.14.7,macOS-26.6.2-arm64-arm-64bit-Mach-O,arm,0.04296550003346056,0.14853970799595118,0.048614875064231455,0.010069917072542012,0.01104712497908622,0.021756500005722046,6.474996916949749e-05,0.011193042038939893,0.011745000025257468,0.001350125065073371,0.046109417104162276,0.11588654201477766,9.316601790487766e-05,0.21275587496347725,0.026363249984569848,0.2391191249480471,2.420798409730196e-05,0.00015008298214524984,0.1422497919993475,0.33375500002875924,0.5510918750660494
357,random_0354,random_cycle_chord,20260824,crossing_rich,4,200,6,13,18,4.128407957904034,True,True,,perf/incremental-yamada-frontier-order,1d8374f42cccbb16d78d44100a65ca603d7d1997,3.14.7,macOS-26.6.2-arm64-arm-64bit-Mach-O,arm,0.04392054199706763,0.14844116708263755,0.03952374996151775,0.011341625009663403,0.012774541974067688,0.025215750094503164,5.454209167510271e-05,0.013023874955251813,0.013683500001206994,0.0014825830003246665,0.05346025014296174,0.11714458290953189,9.941693861037493e-05,0.2374191670678556,0.02749370806850493,0.2649128751363605,2.6292051188647747e-05,0.0001562919933348894,0.14463829097803682,0.337000000057742,0.5789227499626577
358,random_0355,random_cycle_chord,20260824,crossing_rich,7,200,7,13,19,4.250281386894437,True,True,,perf/incremental-yamada-frontier-order,1d8374f42cccbb16d78d44100a65ca603d7d1997,3.14.7,macOS-26.6.2-arm64-arm-64bit-Mach-O,arm,0.0474503340665251,0.14885766699444503,0.04873987496830523,0.01432154094800353,0.015014250064268708,0.02956116700079292,8.03748844191432e-05,0.015071667032316327,0.01591395796276629,0.0018919589929282665,0.06251912587322295,0.14066087501123548,0.00011000002268701792,0.26003362494520843,0.03984541702084243,0.29987904196605086,3.5375007428228855e-05,0.00019683409482240677,0.1805062920320779,0.37681429309304804,0.6421277499757707
359,random_0356,random_cycle_chord,20260824,crossing_rich,5,200,6,13,18,4.273499371396128,True,True,,perf/incremental-yamada-frontier-order,1d8374f42cccbb16d78d44100a65ca603d7d1997,3.14.7,macOS-26.6.2-arm64-arm-64bit-Mach-O,arm,0.04536774998996407,0.14852799999061972,0.04656666691880673,0.013685041107237339,0.014472916955128312,0.026877083000726998,9.412493091076612e-05,0.013789874967187643,0.013713125023059547,0.0015457500703632832,0.05601995799224824,0.13085474993567914,0.00011841708328574896,0.2445244579575956,0.029875332955271006,0.2743997909128666,3.079208545386791e-05,0.00016495806630700827,0.16073008289095014,0.35462583287153393,0.603877832996659
360,random_0357,random_cycle_chord,20260824,crossing_rich,2,200,4,11,14,5.062369906056591,True,True,,perf/incremental-yamada-frontier-order,1d8374f42cccbb16d78d44100a65ca603d7d1997,3.14.7,macOS-26.6.2-arm64-arm-64bit-Mach-O,arm,0.040673208073712885,0.16052429203409702,0.04046604095492512,0.009130749967880547,0.009071124950423837,0.017817291081883013,2.9375078156590462e-05,0.00922129093669355,0.00957833300344646,0.0008912499761208892,0.0375375400763005,0.0962331669870764,7.983297109603882e-05,0.1860058750025928,0.01572387502528727,0.20172975002788007,2.025009598582983e-05,0.00010520895011723042,0.11195704201236367,0.3131545421201736,0.5034263340057805
361,random_0358,random_cycle_chord,20260824,crossing_rich,3,200,5,12,16,4.4848369404884485,True,True,,perf/incremental-yamada-frontier-order,1d8374f42cccbb16d78d44100a65ca603d7d1997,3.14.7,macOS-26.6.2-arm64-arm-64bit-Mach-O,arm,0.041883874917402864,0.148839250090532,0.04494612501002848,0.00995966698974371,0.010966666974127293,0.021577458013780415,4.700000863522291e-05,0.01111670897807926,0.011579166981391609,0.0012267500860616565,0.04554708406794816,0.11146345804445446,8.854188490658998e-05,0.2105414579855278,0.02188345801550895,0.23242491600103676,2.3333006538450718e-05,0.00013620802201330662,0.1333469160599634,0.3240700410678983,0.5390132090542465
362,random_0359,random_cycle_chord,20260824,crossing_rich,6,200,6,14,19,4.295380836193347,True,True,,perf/incremental-yamada-frontier-order,1d8374f42cccbb16d78d44100a65ca603d7d1997,3.14.7,macOS-26.6.2-arm64-arm-64bit-Mach-O,arm,0.048295625019818544,0.14938474993687123,0.04256799991708249,0.013525583082810044,0.014252000022679567,0.028052749927155674,5.183299072086811e-05,0.01476454094517976,0.015615166979841888,0.0017960829427465796,0.06028037378564477,0.13066895899828523,9.933300316333771e-05,0.23819120903499424,0.03620133292861283,0.2743925419636071,3.270898014307022e-05,0.00019875005818903446,0.16687029192689806,0.36455066688358784,0.6076803330797702
363,random_0360,random_cycle_chord,20260824,crossing_rich,6,200,6,14,19,4.291279419929926,True,True,,perf/incremental-yamada-frontier-order,1d8374f42cccbb16d78d44100a65ca603d7d1997,3.14.7,macOS-26.6.2-arm64-arm-64bit-Mach-O,arm,0.05251049995422363,0.15621791710145772,0.05688895808998495,0.01490349997766316,0.01591099996585399,0.028894874965772033,9.937502909451723e-05,0.014974958030506968,0.015359333017840981,0.0017152089858427644,0.061043750029057264,0.1488289999542758,0.00012037495616823435,0.274761209031567,0.036473458050750196,0.3112346670823172,3.812497016042471e-05,0.00020937493536621332,0.18530245800502598,0.39403087506070733,0.6739782920340076
364,random_0361,random_cycle_chord,20260824,crossing_rich,4,200,5,12,16,4.134238645865602,True,True,,perf/incremental-yamada-frontier-order,1d8374f42cccbb16d78d44100a65ca603d7d1997,3.14.7,macOS-26.6.2-arm64-arm-64bit-Mach-O,arm,0.04154241702053696,0.1530869579873979,0.03894258406944573,0.010915084043517709,0.012326250085607171,0.024396167020313442,7.420906331390142e-05,0.012097124941647053,0.012588707963004708,0.001273375004529953,0.05042958399280906,0.11266766604967415,9.529199451208115e-05,0.21495941607281566,0.026227249996736646,0.2411866660695523,3.604206722229719e-05,0.00016120797954499722,0.1388949160464108,0.33352429105434567,0.5530082080513239
365,random_0362,random_cycle_chord,20260824,crossing_rich,6,200,6,13,18,4.131496369665975,True,True,,perf/incremental-yamada-frontier-order,1d8374f42cccbb16d78d44100a65ca603d7d1997,3.14.7,macOS-26.6.2-arm64-arm-64bit-Mach-O,arm,0.04594370804261416,0.15016316703986377,0.045082250027917325,0.012300417060032487,0.013571875053457916,0.02685250004287809,6.620795466005802e-05,0.013946708058938384,0.01479545806068927,0.0017211249796673656,0.05738199909683317,0.12838945793919265,0.00011212495155632496,0.2501831669360399,0.03527995804324746,0.2854631249792874,3.095809370279312e-05,0.0001818749587982893,0.16366941598244011,0.35977629106491804,0.6145395840285346
366,random_0363,random_cycle_chord,20260824,crossing_rich,6,200,6,14,19,4.29113751005408,True,True,,perf/incremental-yamada-frontier-order,1d8374f42cccbb16d78d44100a65ca603d7d1997,3.14.7,macOS-26.6.2-arm64-arm-64bit-Mach-O,arm,0.04907624993938953,0.15123441710602492,0.0439287080662325,0.01517279096879065,0.014426999958232045,0.028588874964043498,8.962501306086779e-05,0.015375834074802697,0.015946416999213398,0.001783125102519989,0.06178387615364045,0.1353673340054229,0.00013345794286578894,0.27249849995132536,0.04416083300020546,0.3166593329515308,4.658300895243883e-05,0.00019645795691758394,0.17952816700562835,0.3798388340510428,0.657470625010319
367,random_0364,random_cycle_chord,20260824,crossing_rich,4,200,5,12,16,4.880583099610271,True,True,,perf/incremental-yamada-frontier-order,1d8374f42cccbb16d78d44100a65ca603d7d1997,3.14.7,macOS-26.6.2-arm64-arm-64bit-Mach-O,arm,0.053331124945543706,0.16895970900077373,0.04542979202233255,0.011033458984456956,0.011935124988667667,0.024648208054713905,0.0001736249541863799,0.01423729199450463,0.021026749978773296,0.008403750020079315,0.06848962500225753,0.13694441702682525,0.0001273748930543661,0.28746220900211483,0.028082999982871115,0.31554520898498595,2.9832939617335796e-05,0.00021158310119062662,0.16502741700969636,0.3873182509560138,0.6796051659621298
368,random_0365,random_cycle_chord,20260824,crossing_rich,2,200,4,11,14,4.5910797054473935,True,True,,perf/incremental-yamada-frontier-order,1d8374f42cccbb16d78d44100a65ca603d7d1997,3.14.7,macOS-26.6.2-arm64-arm-64bit-Mach-O,arm,0.052257084054872394,0.19723158399574459,0.04154837492387742,0.009061458054929972,0.010758584016002715,0.021443041041493416,6.0832942835986614e-05,0.011027875007130206,0.011091833002865314,0.0030615839641541243,0.04668516595847905,0.10811020899564028,0.00010449998080730438,0.20529258309397846,0.01776437507942319,0.22305695817340165,2.2582942619919777e-05,0.00011466699652373791,0.12587458407506347,0.37536325212568045,0.5857005419675261
369,random_0366,random_cycle_chord,20260824,crossing_rich,5,200,6,14,19,4.295734954230839,True,True,,perf/incremental-yamada-frontier-order,1d8374f42cccbb16d78d44100a65ca603d7d1997,3.14.7,macOS-26.6.2-arm64-arm-64bit-Mach-O,arm,0.050250915926881135,0.15478908305522054,0.044949374976567924,0.012273750035092235,0.015144999953918159,0.029403749969787896,7.408391684293747e-05,0.014751208014786243,0.01534033298958093,0.0016584580298513174,0.06122783292084932,0.13366558402776718,0.00012995803263038397,0.2801362919854,0.03542341699358076,0.3155597089789808,5.24159986525774e-05,0.0002192090032622218,0.16908900102134794,0.3741290000034496,0.6601392080774531
370,random_0367,random_cycle_chord,20260824,crossing_rich,5,200,6,15,20,4.045456848399945,True,True,,perf/incremental-yamada-frontier-order,1d8374f42cccbb16d78d44100a65ca603d7d1997,3.14.7,macOS-26.6.2-arm64-arm-64bit-Mach-O,arm,0.05972837493754923,0.17508754204027355,0.047706417040899396,0.013644249993376434,0.01437674998305738,0.028608041000552475,0.00010425003711134195,0.014746041968464851,0.014822500059381127,0.0016821250319480896,0.059962958097457886,0.13577508402522653,0.00013533397577703,0.30507570796180516,0.03150145907420665,0.3365771670360118,4.129100125283003e-05,0.0001835830044001341,0.16727654309943318,0.40209246007725596,0.7123165840748698
371,random_0368,random_cycle_chord,20260824,crossing_rich,3,200,5,12,16,4.566189736781964,True,True,,perf/incremental-yamada-frontier-order,1d8374f42cccbb16d78d44100a65ca603d7d1997,3.14.7,macOS-26.6.2-arm64-arm-64bit-Mach-O,arm,0.059002374997362494,0.1781819589668885,0.045247667003422976,0.010401709005236626,0.011750917066819966,0.022768250084482133,8.337502367794514e-05,0.013085250044241548,0.012304708012379706,0.0012261250521987677,0.0494677082169801,0.11692145792767406,0.00010212499182671309,0.23572145798243582,0.024783916072919965,0.2605053740553558,2.8791953809559345e-05,0.0002258330350741744,0.14170537400059402,0.378889707964845,0.6193450420396402
372,random_0369,random_cycle_chord,20260824,crossing_rich,3,200,5,12,16,4.508077583376512,True,True,,perf/incremental-yamada-frontier-order,1d8374f42cccbb16d78d44100a65ca603d7d1997,3.14.7,macOS-26.6.2-arm64-arm-64bit-Mach-O,arm,0.052107666968367994,0.15493408299516886,0.053090207977220416,0.010472666006535292,0.011350083048455417,0.028769457945600152,0.00011200003791600466,0.015239791944622993,0.013935917057096958,0.0015979580348357558,0.059655125020071864,0.13463524996768683,0.0001420410117134452,0.24747683305758983,0.022982791997492313,0.27045962505508214,2.6791938580572605e-05,0.00014600006397813559,0.15761804196517915,0.364659791928716,0.6169099590042606
373,random_0370,random_cycle_chord,20260824,crossing_rich,4,200,5,12,16,4.874487075362484,True,True,,perf/incremental-yamada-frontier-order,1d8374f42cccbb16d78d44100a65ca603d7d1997,3.14.7,macOS-26.6.2-arm64-arm-64bit-Mach-O,arm,0.04660079209133983,0.172063541947864,0.044772124965675175,0.010568207944743335,0.012206666986458004,0.02478237496688962,5.1875016652047634e-05,0.013861750019714236,0.013701291987672448,0.0013562500244006515,0.053753542015329,0.12134612502995878,0.00014270900283008814,0.23163766704965383,0.026068249950185418,0.25770591699983925,3.0333991162478924e-05,0.0001504160463809967,0.1474143749801442,0.366078709019348,0.6023122909246013
374,random_0371,random_cycle_chord,20260824,crossing_rich,6,200,6,13,18,4.567578380112761,True,True,,perf/incremental-yamada-frontier-order,1d8374f42cccbb16d78d44100a65ca603d7d1997,3.14.7,macOS-26.6.2-arm64-arm-64bit-Mach-O,arm,0.049353707931004465,0.1523118750192225,0.04517133394256234,0.014181041973643005,0.014421291998587549,0.0278417500667274,8.808297570794821e-05,0.014580207993276417,0.018719332991167903,0.0018264170503243804,0.06305579107720405,0.13690399995539337,0.00023391703143715858,0.28544191701803356,0.043970833998173475,0.32941275101620704,4.804192576557398e-05,0.0002245830837637186,0.18087483395356685,0.3825404169037938,0.6731855830876157
375,random_0372,random_cycle_chord,20260824,crossing_rich,5,200,6,13,18,4.569281167178362,True,True,,perf/incremental-yamada-frontier-order,1d8374f42cccbb16d78d44100a65ca603d7d1997,3.14.7,macOS-26.6.2-arm64-arm-64bit-Mach-O,arm,0.0600248749833554,0.2175024999305606,0.04669745801948011,0.012465000036172569,0.014689750038087368,0.029055375023745,8.679204620420933e-05,0.014736625016666949,0.01496458298061043,0.0017682500183582306,0.06061162508558482,0.13451887504197657,0.00012387498281896114,0.26683237508405,0.039047832950018346,0.30588020803406835,3.791600465774536e-05,0.00018716591876000166,0.17356670799199492,0.4510940829059109,0.7230037079425529
376,random_0373,random_cycle_chord,20260824,crossing_rich,9,200,7,15,21,4.047824366380793,True,True,,perf/incremental-yamada-frontier-order,1d8374f42cccbb16d78d44100a65ca603d7d1997,3.14.7,macOS-26.6.2-arm64-arm-64bit-Mach-O,arm,0.06106062501203269,0.17895445902831852,0.0904836670961231,0.023322457913309336,0.02746095904149115,0.17263308295514435,0.00020883395336568356,0.0342295829905197,0.03541954199317843,0.003944874973967671,0.24643591686617583,0.3878839999670163,0.00018087495118379593,0.48158075008541346,0.05604004196356982,0.5376207920489833,4.383304622024298e-05,0.00025595794431865215,0.4439240419305861,0.6839391259709373,1.1715920000569895
377,random_0374,random_cycle_chord,20260824,crossing_rich,2,200,4,11,14,5.018640019652303,True,True,,perf/incremental-yamada-frontier-order,1d8374f42cccbb16d78d44100a65ca603d7d1997,3.14.7,macOS-26.6.2-arm64-arm-64bit-Mach-O,arm,0.046048082993365824,0.2045080839889124,0.05784995900467038,0.009767459006980062,0.013841458014212549,0.02058941696304828,6.312492769211531e-05,0.011966082965955138,0.010393749922513962,0.0010175409261137247,0.04402991570532322,0.12554095906671137,9.874999523162842e-05,0.19029249995946884,0.0170769999967888,0.20736949995625764,2.0666047930717468e-05,0.00011195801198482513,0.14261795906350017,0.3931741260457784,0.5878660840680823
378,random_0375,random_cycle_chord,20260824,crossing_rich,2,200,4,11,14,5.03855545393336,True,True,,perf/incremental-yamada-frontier-order,1d8374f42cccbb16d78d44100a65ca603d7d1997,3.14.7,macOS-26.6.2-arm64-arm-64bit-Mach-O,arm,0.03861883410718292,0.14960712497122586,0.044923209003172815,0.008386999950744212,0.008925209054723382,0.04242195899132639,7.054198067635298e-05,0.08176979201380163,0.017094874987378716,0.0010980409570038319,0.14245520893018693,0.204731542035006,0.00011658400762826204,0.18970504100434482,0.016706750029698014,0.20641179103404284,2.0958948880434036e-05,0.00011079199612140656,0.221438292064704,0.4096642511431128,0.6037302919430658
379,random_0376,random_cycle_chord,20260824,crossing_rich,4,200,5,12,16,4.032609631028919,True,True,,perf/incremental-yamada-frontier-order,1d8374f42cccbb16d78d44100a65ca603d7d1997,3.14.7,macOS-26.6.2-arm64-arm-64bit-Mach-O,arm,0.040104208048433065,0.1584678329527378,0.04076358303427696,0.012793082976713777,0.016764375031925738,0.028609958011657,7.170799653977156e-05,0.013994500041007996,0.013526916969567537,0.0015257500344887376,0.05772883305326104,0.1281211250461638,0.00011350004933774471,0.5379343329695985,0.08535279205534607,0.6232871250249445,3.895792178809643e-05,0.00016804097685962915,0.21347391710150987,0.41204595810268074,0.9550013750558719
380,random_0377,random_cycle_chord,20260824,crossing_rich,6,200,6,12,17,4.082222089498501,True,True,,perf/incremental-yamada-frontier-order,1d8374f42cccbb16d78d44100a65ca603d7d1997,3.14.7,macOS-26.6.2-arm64-arm-64bit-Mach-O,arm,0.05010529200080782,0.17472666699904948,0.04353970801457763,0.01420474995393306,0.014311166945844889,0.027412833995185792,8.783303201198578e-05,0.014538708957843482,0.016396124963648617,0.001787374960258603,0.06022287590894848,0.13234233402181417,0.00016420893371105194,0.24296879197936505,0.034648042055778205,0.27761683403514326,3.1542032957077026e-05,0.00018037494737654924,0.16699037607759237,0.3918223350774497,0.6400222919182852
381,random_0378,random_cycle_chord,20260824,crossing_rich,2,200,4,10,13,5.6216435008689,True,True,,perf/incremental-yamada-frontier-order,1d8374f42cccbb16d78d44100a65ca603d7d1997,3.14.7,macOS-26.6.2-arm64-arm-64bit-Mach-O,arm,0.04066504200454801,0.1529537079622969,0.062261000042781234,0.009001458063721657,0.009183124988339841,0.021136041963472962,7.058295886963606e-05,0.009581957943737507,0.009908709092997015,0.0012562910560518503,0.04195358301512897,0.12244187493342906,0.0003054169937968254,0.2574294169899076,0.015594125026836991,0.2730235420167446,2.2834050469100475e-05,0.00010358309373259544,0.13803599996026605,0.33165474992711097,0.5935330420034006
382,random_0379,random_cycle_chord,20260824,crossing_rich,4,200,5,12,16,4.022833227529166,True,True,,perf/incremental-yamada-frontier-order,1d8374f42cccbb16d78d44100a65ca603d7d1997,3.14.7,macOS-26.6.2-arm64-arm-64bit-Mach-O,arm,0.040291375014930964,0.15617716708220541,0.04373341705650091,0.010920749977231026,0.011949291918426752,0.023955375072546303,8.062494453042746e-05,0.013050250010564923,0.013787458068691194,0.0013399169547483325,0.05221362505108118,0.11887391610071063,0.00011191691737622023,0.3709339170018211,0.035198750090785325,0.4061326670926064,3.5542063415050507e-05,0.0001443339278921485,0.15407266619149595,0.35054120828863233,0.7255127920070663
383,random_0380,random_cycle_chord,20260824,crossing_rich,7,200,7,15,21,4.0293729378614795,True,True,,perf/incremental-yamada-frontier-order,1d8374f42cccbb16d78d44100a65ca603d7d1997,3.14.7,macOS-26.6.2-arm64-arm-64bit-Mach-O,arm,0.05370820895768702,0.15125070803333074,0.05242145899683237,0.016130083007737994,0.01634279196150601,0.03146900003775954,9.937502909451723e-05,0.016122916946187615,0.017023875028826296,0.0019625420682132244,0.0666777091100812,0.15164895809721202,0.00012608303222805262,0.2906352919526398,0.04254749999381602,0.33318279194645584,3.641704097390175e-05,0.00020466698333621025,0.19419645809102803,0.3991553750820458,0.6946863749762997
384,random_0381,random_cycle_chord,20260824,crossing_rich,9,200,7,15,21,4.044205166607263,True,True,,perf/incremental-yamada-frontier-order,1d8374f42cccbb16d78d44100a65ca603d7d1997,3.14.7,macOS-26.6.2-arm64-arm-64bit-Mach-O,arm,0.05251199996564537,0.15021100000012666,0.0526302499929443,0.0160989579744637,0.017472791951149702,0.03465470892842859,5.241704639047384e-05,0.017910666996613145,0.0191328750224784,0.0021699999924749136,0.07392066798638552,0.16016995802056044,0.0001129169249907136,0.3123116670176387,0.047980458941310644,0.3602921259589493,4.733307287096977e-05,0.00023312494158744812,0.2081504169618711,0.4108734169276431,0.7282588749658316
385,random_0382,random_cycle_chord,20260824,crossing_rich,7,200,7,15,21,4.045230091402653,True,True,,perf/incremental-yamada-frontier-order,1d8374f42cccbb16d78d44100a65ca603d7d1997,3.14.7,macOS-26.6.2-arm64-arm-64bit-Mach-O,arm,0.053866667090915143,0.15489758306648582,0.046511624939739704,0.015692624961957335,0.01608158298768103,0.031485415995121,9.604194201529026e-05,0.015754666994325817,0.01724299998022616,0.0019669580506160855,0.06654608296230435,0.14491433301009238,0.0001413749996572733,0.3330494590336457,0.04245666600763798,0.37550612504128367,3.787491004914045e-05,0.00021004199516028166,0.18737099901773036,0.3961352491751313,0.7343515419634059
386,random_0383,random_cycle_chord,20260824,crossing_rich,6,200,6,14,19,4.295340896921471,True,True,,perf/incremental-yamada-frontier-order,1d8374f42cccbb16d78d44100a65ca603d7d1997,3.14.7,macOS-26.6.2-arm64-arm-64bit-Mach-O,arm,0.05001829098910093,0.15675375005230308,0.04564591695088893,0.019537666928954422,0.01531491696368903,0.029131749994121492,8.066603913903236e-05,0.014856082969345152,0.01572670799214393,0.0016692919889464974,0.0614644989836961,0.142031166004017,0.0001229170011356473,0.3581952090607956,0.030609625042416155,0.38880483410321176,2.9333052225410938e-05,0.00017404207028448582,0.17264079104643315,0.37941283208783716,0.7421267080353573
387,random_0384,random_cycle_chord,20260824,crossing_rich,6,200,6,13,18,4.563843938265551,True,True,,perf/incremental-yamada-frontier-order,1d8374f42cccbb16d78d44100a65ca603d7d1997,3.14.7,macOS-26.6.2-arm64-arm-64bit-Mach-O,arm,0.048135749995708466,0.15027458395343274,0.04827066697180271,0.018909916980192065,0.013955999980680645,0.02716641698498279,5.1749986596405506e-05,0.013930417015217245,0.01517604198306799,0.0017282499466091394,0.05805287591647357,0.13923220802098513,0.00014708295930176973,0.24455312499776483,0.03704300010576844,0.28159612510353327,3.1125033274292946e-05,0.00017812498845160007,0.17627520812675357,0.3746855420758948,0.6246492499485612
388,random_0385,random_cycle_chord,20260824,crossing_rich,2,200,4,11,14,5.018525182837241,True,True,,perf/incremental-yamada-frontier-order,1d8374f42cccbb16d78d44100a65ca603d7d1997,3.14.7,macOS-26.6.2-arm64-arm-64bit-Mach-O,arm,0.039770875009708107,0.14868104201741517,0.03843070799484849,0.008573750033974648,0.009131375001743436,0.01811549998819828,3.487500362098217e-05,0.009439749992452562,0.009964958066120744,0.000957291922532022,0.03851237497292459,0.09467695793136954,7.887498941272497e-05,0.18352912494447082,0.016417874954640865,0.1999469998991117,1.9000028260052204e-05,0.00010820804163813591,0.11109483288601041,0.2995467499131337,0.4872758750570938
389,random_0386,random_cycle_chord,20260824,crossing_rich,4,200,5,12,16,4.055961121097883,True,True,,perf/incremental-yamada-frontier-order,1d8374f42cccbb16d78d44100a65ca603d7d1997,3.14.7,macOS-26.6.2-arm64-arm-64bit-Mach-O,arm,0.039045333047397435,0.14929700002539903,0.036970583954826,0.010327541967853904,0.01155745901633054,0.022843874990940094,3.858294803649187e-05,0.011861917097121477,0.0123164999531582,0.0012206250103190541,0.04828149999957532,0.1071726669324562,0.00017074996139854193,0.21099808404687792,0.023103542043827474,0.2341016260907054,2.304196823388338e-05,0.00013100006617605686,0.13027620897628367,0.31861854204908013,0.5340556249720976
390,random_0387,random_cycle_chord,20260824,crossing_rich,5,200,6,14,19,4.297397448396378,True,True,,perf/incremental-yamada-frontier-order,1d8374f42cccbb16d78d44100a65ca603d7d1997,3.14.7,macOS-26.6.2-arm64-arm-64bit-Mach-O,arm,0.04807341704145074,0.15011187503114343,0.04381162498611957,0.01164937496650964,0.013331082998774946,0.026362875010818243,4.416704177856445e-05,0.013645500061102211,0.014482500031590462,0.0016057499451562762,0.05614079209044576,0.12497845897451043,0.00010083394590765238,0.24932195898145437,0.031561499927192926,0.2808834589086473,2.7999980375170708e-05,0.00017458305228501558,0.15653995890170336,0.3547252509742975,0.6086686250055209
391,random_0388,random_cycle_chord,20260824,crossing_rich,5,200,6,14,19,4.293800240738262,True,True,,perf/incremental-yamada-frontier-order,1d8374f42cccbb16d78d44100a65ca603d7d1997,3.14.7,macOS-26.6.2-arm64-arm-64bit-Mach-O,arm,0.047960416064597666,0.1483280829852447,0.04377849993761629,0.011859833961352706,0.01320491696242243,0.02591304201632738,7.591699250042439e-05,0.013126874924637377,0.013699625036679208,0.0015946669736877084,0.0544101259438321,0.12331645796075463,0.000106374965980649,0.34872137499041855,0.04328262503258884,0.3920040000230074,2.850010059773922e-05,0.0001710830256342888,0.16659908299334347,0.36288758204318583,0.7154417500132695
392,random_0389,random_cycle_chord,20260824,crossing_rich,5,200,6,12,17,4.054163581451647,True,True,,perf/incremental-yamada-frontier-order,1d8374f42cccbb16d78d44100a65ca603d7d1997,3.14.7,macOS-26.6.2-arm64-arm-64bit-Mach-O,arm,0.04173537506721914,0.14847995806485415,0.04354766593314707,0.011598665965721011,0.01303724991157651,0.02563204208854586,6.404193118214607e-05,0.013298582984134555,0.013938709045760334,0.0015917499549686909,0.054525126004591584,0.12276179203763604,0.0001051250146701932,0.22879754099994898,0.02976633294019848,0.25856387394014746,2.9000104404985905e-05,0.00016658403910696507,0.15252812497783452,0.3427434581099078,0.5760457500582561
393,random_0390,random_cycle_chord,20260824,crossing_rich,6,200,6,13,18,4.561830923290112,True,True,,perf/incremental-yamada-frontier-order,1d8374f42cccbb16d78d44100a65ca603d7d1997,3.14.7,macOS-26.6.2-arm64-arm-64bit-Mach-O,arm,0.046850709011778235,0.148287917021662,0.047361584031023085,0.012054207967594266,0.01373074995353818,0.026953166932798922,6.720807868987322e-05,0.013734917039982975,0.04292470798827708,0.0022687920136377215,0.08594879205338657,0.15915166691411287,0.00014816608745604753,0.24861612496897578,0.033704416011460125,0.2823205409804359,3.1374976970255375e-05,0.00017341598868370056,0.192856082925573,0.3879947089590132,0.6415607909439132
394,random_0391,random_cycle_chord,20260824,baseline,0,200,3,15,17,4.050943791762698,True,True,,perf/incremental-yamada-frontier-order,1d8374f42cccbb16d78d44100a65ca603d7d1997,3.14.7,macOS-26.6.2-arm64-arm-64bit-Mach-O,arm,0.04087170900311321,0.14826166699640453,0.01777958299499005,0.0066296670120209455,0.006816041888669133,0.013392374967224896,2.1458021365106106e-05,0.006940791965462267,0.007151167024858296,0.0005626670317724347,0.028068459010683,0.059312709025107324,7.487495895475149e-05,0.21709066699258983,0.009079249924980104,0.22616991691756994,1.4167046174407005e-05,7.245794404298067e-05,0.06839195895008743,0.25752533494960517,0.47867658303584903
395,random_0392,random_cycle_chord,20260824,crossing_rich,4,200,5,13,17,4.028748888255554,True,True,,perf/incremental-yamada-frontier-order,1d8374f42cccbb16d78d44100a65ca603d7d1997,3.14.7,macOS-26.6.2-arm64-arm-64bit-Mach-O,arm,0.04155720898415893,0.14856525009963661,0.03372624993789941,0.010350083000957966,0.011625500046648085,0.023036416969262064,5.266699008643627e-05,0.011956959031522274,0.012463042046874762,0.0012695000041276217,0.04877858504187316,0.1045194580219686,8.979195263236761e-05,0.22471095900982618,0.024348541046492755,0.24905950005631894,2.37500062212348e-05,0.00014045799616724253,0.12886799906846136,0.3189904581522569,0.5482888750266284
396,random_0393,random_cycle_chord,20260824,crossing_rich,3,200,4,11,14,4.005619275498385,True,True,,perf/incremental-yamada-frontier-order,1d8374f42cccbb16d78d44100a65ca603d7d1997,3.14.7,macOS-26.6.2-arm64-arm-64bit-Mach-O,arm,0.03427070798352361,0.14817316690459847,0.03401637508068234,0.008937082951888442,0.009931124979630113,0.01962766598444432,2.8957962058484554e-05,0.010162167018279433,0.010629541939124465,0.000994333066046238,0.04144266596995294,0.0943540409207344,7.595901843160391e-05,0.18532575003337115,0.019349458976648748,0.2046752090100199,1.9000028260052204e-05,0.00011591601651161909,0.11370349989738315,0.29614737478550524,0.48590583296027035
397,random_0394,random_cycle_chord,20260824,crossing_rich,8,200,7,15,21,4.045890193553977,True,True,,perf/incremental-yamada-frontier-order,1d8374f42cccbb16d78d44100a65ca603d7d1997,3.14.7,macOS-26.6.2-arm64-arm-64bit-Mach-O,arm,0.050910415942780674,0.14850266592111439,0.051213208003900945,0.015679040923714638,0.016890999977476895,0.033207957982085645,6.995792500674725e-05,0.017162167001515627,0.0180926660541445,0.0020348330726847053,0.07056758203543723,0.15441158309113234,0.00011450005695223808,0.2953625420341268,0.04226191597990692,0.33762445801403373,3.704207483679056e-05,0.0002146660117432475,0.19667349907103926,0.3960865809349343,0.6965662500588223
398,random_0395,random_cycle_chord,20260824,crossing_rich,3,200,5,12,16,4.5013524095080815,True,True,,perf/incremental-yamada-frontier-order,1d8374f42cccbb16d78d44100a65ca603d7d1997,3.14.7,macOS-26.6.2-arm64-arm-64bit-Mach-O,arm,0.041602332959882915,0.14841820893343538,0.0428043749416247,0.010050249984487891,0.011167207965627313,0.0221664160490036,4.508392885327339e-05,0.011529291979968548,0.012056250008754432,0.0011893330374732614,0.046986375004053116,0.11104125005658716,9.179208427667618e-05,0.21243941597640514,0.02239695901516825,0.2348363749915734,2.3333006538450718e-05,0.00012645905371755362,0.1334382090717554,0.3234587509650737,0.5402612910838798
399,random_0396,random_cycle_chord,20260824,crossing_rich,2,200,4,11,14,5.226627318987375,True,True,,perf/incremental-yamada-frontier-order,1d8374f42cccbb16d78d44100a65ca603d7d1997,3.14.7,macOS-26.6.2-arm64-arm-64bit-Mach-O,arm,0.04007745801936835,0.14835045905783772,0.04064562497660518,0.008594625047408044,0.009350458043627441,0.018438750063069165,2.9666931368410587e-05,0.009535624994896352,0.009916792041622102,0.0009242920204997063,0.038845126051455736,0.09746249997988343,7.712503429502249e-05,0.1811371670337394,0.01588687498588115,0.19702404201962054,1.866708043962717e-05,0.00010541605297476053,0.11334937496576458,0.30177729204297066,0.4870613330276683
400,random_0397,random_cycle_chord,20260824,crossing_rich,2,200,4,11,14,5.0613899810605405,True,True,,perf/incremental-yamada-frontier-order,1d8374f42cccbb16d78d44100a65ca603d7d1997,3.14.7,macOS-26.6.2-arm64-arm-64bit-Mach-O,arm,0.03956083406228572,0.15743733302224427,0.046089208917692304,0.008949500042945147,0.009225041954778135,0.018094667000696063,2.9666931368410587e-05,0.009402540978044271,0.009819624945521355,0.0009322080295532942,0.038278707885183394,0.10256941698025912,8.050003089010715e-05,0.18397808296140283,0.0173834579763934,0.20136154093779624,2.150004729628563e-05,0.00011141691356897354,0.11995287495665252,0.3169510420411825,0.5051701249321923
401,random_0398,random_cycle_chord,20260824,crossing_rich,5,200,6,13,18,4.053958848196169,True,True,,perf/incremental-yamada-frontier-order,1d8374f42cccbb16d78d44100a65ca603d7d1997,3.14.7,macOS-26.6.2-arm64-arm-64bit-Mach-O,arm,0.04474433301948011,0.14853800006676465,0.04277237493079156,0.011935917078517377,0.013511666911654174,0.026557624922133982,6.291596218943596e-05,0.013705500052310526,0.014434707933105528,0.001617542002350092,0.056378290872089565,0.12465008406434208,0.00010008295066654682,0.23883433395531029,0.02996866696048528,0.26880300091579556,2.8665992431342602e-05,0.00016487494576722383,0.15461875102482736,0.3479010841110721,0.5912605830235407
402,random_0399,random_cycle_chord,20260824,crossing_rich,3,200,5,12,16,4.357851128698048,True,True,,perf/incremental-yamada-frontier-order,1d8374f42cccbb16d78d44100a65ca603d7d1997,3.14.7,macOS-26.6.2-arm64-arm-64bit-Mach-O,arm,0.04035341693088412,0.14867758296895772,0.042983500054106116,0.009979958995245397,0.011071082903072238,0.021828333963640034,3.6125071346759796e-05,0.011288124951533973,0.0118259999435395,0.001192583004012704,0.04617116693407297,0.11023795802611858,0.00021095795091241598,0.21106270793825388,0.02285937499254942,0.2339220829308033,2.5416957214474678e-05,0.00013458309695124626,0.133097333018668,0.32212833291850984,0.5377400839934126
403,random_0400,random_cycle_chord,20260824,crossing_rich,3,200,5,12,16,4.3282120968891125,True,True,,perf/incremental-yamada-frontier-order,1d8374f42cccbb16d78d44100a65ca603d7d1997,3.14.7,macOS-26.6.2-arm64-arm-64bit-Mach-O,arm,0.04005112498998642,0.14816162502393126,0.04019941599108279,0.009810374933294952,0.010758541990071535,0.021883209003135562,5.908298771828413e-05,0.011289082933217287,0.011770833982154727,0.0012211670400574803,0.04622337594628334,0.1070252499775961,9.766698349267244e-05,0.21350204106420279,0.0219794170698151,0.23548145813401788,2.3166066966950893e-05,0.00013079203199595213,0.1290046670474112,0.3172174170613289,0.5350893749855459
404,random_0401,random_cycle_chord,20260824,crossing_rich,5,200,5,12,16,4.648556210880961,True,True,,perf/incremental-yamada-frontier-order,1d8374f42cccbb16d78d44100a65ca603d7d1997,3.14.7,macOS-26.6.2-arm64-arm-64bit-Mach-O,arm,0.04203758295625448,0.14876450004521757,0.045297542004846036,0.010344582959078252,0.011870082933455706,0.02343166701029986,3.6458950489759445e-05,0.01217837503645569,0.012898124987259507,0.001414499944075942,0.04995912592858076,0.1175047920551151,8.73330282047391e-05,0.21481137501541525,0.02761108404956758,0.24242245906498283,2.4333014152944088e-05,0.00015641702339053154,0.14511587610468268,0.33591795910615474,0.5554922909941524
405,random_0402,random_cycle_chord,20260824,crossing_rich,2,200,4,10,13,5.6209974730330154,True,True,,perf/incremental-yamada-frontier-order,1d8374f42cccbb16d78d44100a65ca603d7d1997,3.14.7,macOS-26.6.2-arm64-arm-64bit-Mach-O,arm,0.03882983303628862,0.14820120902732015,0.04620566591620445,0.00851883296854794,0.009193082922138274,0.018178749945946038,2.9459013603627682e-05,0.009385332930833101,0.00978454202413559,0.0008896250510588288,0.038267708965577185,0.10221141600050032,7.208401802927256e-05,0.1689324170583859,0.015364792081527412,0.18429720913991332,1.8208986148238182e-05,0.00010349997319281101,0.11757620808202773,0.3046072501456365,0.4776767500443384
406,random_0403,random_cycle_chord,20260824,crossing_rich,9,200,7,15,21,4.045838337115165,True,True,,perf/incremental-yamada-frontier-order,1d8374f42cccbb16d78d44100a65ca603d7d1997,3.14.7,macOS-26.6.2-arm64-arm-64bit-Mach-O,arm,0.05166212492622435,0.14857679093256593,0.05287841695826501,0.015534416073933244,0.016799125005491078,0.03310570796020329,6.479199510067701e-05,0.01711420901119709,0.018214959069155157,0.0021424590377137065,0.07064212707336992,0.15590820892248303,0.00011054100468754768,0.2879673750139773,0.05170879198703915,0.33967616700101644,3.345799632370472e-05,0.0002518750261515379,0.20761700090952218,0.40785591676831245,0.70089666696731
407,random_0404,random_cycle_chord,20260824,crossing_rich,5,200,5,12,16,4.058161802585335,True,True,,perf/incremental-yamada-frontier-order,1d8374f42cccbb16d78d44100a65ca603d7d1997,3.14.7,macOS-26.6.2-arm64-arm-64bit-Mach-O,arm,0.04006470902822912,0.14846612501423806,0.03842800005804747,0.011093833018094301,0.012489125016145408,0.024631832959130406,5.029095336794853e-05,0.012707292102277279,0.013277625082992017,0.001364916912280023,0.052031958010047674,0.11408324993681163,8.608296047896147e-05,0.21584508288651705,0.027903874986805022,0.24374895787332207,2.404197584837675e-05,0.00015074992552399635,0.14198712492361665,0.3305179589660838,0.5510211250511929
408,random_0405,random_cycle_chord,20260824,crossing_rich,5,200,5,11,15,4.009641766583746,True,True,,perf/incremental-yamada-frontier-order,1d8374f42cccbb16d78d44100a65ca603d7d1997,3.14.7,macOS-26.6.2-arm64-arm-64bit-Mach-O,arm,0.03729100001510233,0.15016237506642938,0.03644083300605416,0.01055800006724894,0.012143541011027992,0.024030875065363944,3.7416000850498676e-05,0.012440084014087915,0.013233083998784423,0.0013275420060381293,0.05106900108512491,0.1102473329519853,8.354103192687035e-05,0.201651000068523,0.027059584041126072,0.22871058410964906,2.362497616559267e-05,0.00014791707508265972,0.13730691699311137,0.3247602920746431,0.5308442499954253
409,random_0406,random_cycle_chord,20260824,crossing_rich,5,200,6,13,18,4.039281981795945,True,True,,perf/incremental-yamada-frontier-order,1d8374f42cccbb16d78d44100a65ca603d7d1997,3.14.7,macOS-26.6.2-arm64-arm-64bit-Mach-O,arm,0.04464658291544765,0.148439500015229,0.04182170797139406,0.01125012501142919,0.012684375047683716,0.025069374940358102,5.479191895574331e-05,0.012872125022113323,0.013609542045742273,0.0015321250539273024,0.053137958981096745,0.11893879203125834,0.00010533398017287254,0.23665945907123387,0.028401499963365495,0.26506095903459936,2.7708010748028755e-05,0.00016099994536489248,0.14734029199462384,0.3404263749253005,0.5817008750746027
410,random_0407,random_cycle_chord,20260824,crossing_rich,5,200,5,12,16,4.024609232278856,True,True,,perf/incremental-yamada-frontier-order,1d8374f42cccbb16d78d44100a65ca603d7d1997,3.14.7,macOS-26.6.2-arm64-arm-64bit-Mach-O,arm,0.03927058295812458,0.14814058295451105,0.035966375027783215,0.010574417072348297,0.012210999964736402,0.024128332966938615,3.733299672603607e-05,0.012503499980084598,0.013136207940988243,0.0012819579569622874,0.05108733184169978,0.10987254104111344,8.533289656043053e-05,0.3446245000232011,0.03449950006324798,0.3791240000864491,2.416700590401888e-05,0.00014258292503654957,0.14437204110436141,0.33178320701699704,0.6802784169558436
411,random_0408,random_cycle_chord,20260824,crossing_rich,4,200,5,12,16,4.32914128042223,True,True,,perf/incremental-yamada-frontier-order,1d8374f42cccbb16d78d44100a65ca603d7d1997,3.14.7,macOS-26.6.2-arm64-arm-64bit-Mach-O,arm,0.04046387504786253,0.14810737501829863,0.04324887506663799,0.010215833084657788,0.011566707980819046,0.022828667075373232,3.891601227223873e-05,0.01181295805145055,0.012373125064186752,0.0012714170152321458,0.04832508321851492,0.11339141603093594,8.737505413591862e-05,0.21080233296379447,0.02463141700718552,0.23543374997098,2.379098441451788e-05,0.0001372080296278,0.13802283303812146,0.3265940831042826,0.541851041954942
412,random_0409,random_cycle_chord,20260824,crossing_rich,5,200,6,14,19,4.291560632565297,True,True,,perf/incremental-yamada-frontier-order,1d8374f42cccbb16d78d44100a65ca603d7d1997,3.14.7,macOS-26.6.2-arm64-arm-64bit-Mach-O,arm,0.048227000050246716,0.14837933296803385,0.04415274993516505,0.01165750005748123,0.013540790998376906,0.02672341698780656,4.3082982301712036e-05,0.013859875034540892,0.014576875022612512,0.0015432080253958702,0.056746458052657545,0.12613624997902662,0.000101707992143929,0.24981624993961304,0.030876292032189667,0.2806925419718027,2.7709058485925198e-05,0.00016245804727077484,0.15701254201121628,0.35361887502949685,0.608060667058453
413,random_0410,random_cycle_chord,20260824,crossing_rich,6,200,6,13,18,4.5655949486538,True,True,,perf/incremental-yamada-frontier-order,1d8374f42cccbb16d78d44100a65ca603d7d1997,3.14.7,macOS-26.6.2-arm64-arm-64bit-Mach-O,arm,0.04648383299354464,0.14809675002470613,0.046340583940036595,0.014230416971258819,0.014344125054776669,0.028110707993619144,4.8083020374178886e-05,0.014574375003576279,0.015521541005000472,0.0016988330753520131,0.05995354009792209,0.13491525000426918,0.00010737509001046419,0.24405058298725635,0.03366358403582126,0.2777141670230776,3.1540985219180584e-05,0.00018029205966740847,0.16857883404009044,0.3631594170583412,0.6124478329438716
414,random_0411,random_cycle_chord,20260824,crossing_rich,5,200,6,14,19,4.292664328851661,True,True,,perf/incremental-yamada-frontier-order,1d8374f42cccbb16d78d44100a65ca603d7d1997,3.14.7,macOS-26.6.2-arm64-arm-64bit-Mach-O,arm,0.04729612509254366,0.1481288339709863,0.042281624977476895,0.01129687495995313,0.012817416922189295,0.02532570797484368,4.63749747723341e-05,0.013096290989778936,0.013852917007170618,0.0015450830105692148,0.05386637395713478,0.12030945904552937,0.00010025000665336847,0.2532513339538127,0.03039366693701595,0.28364500089082867,2.833409234881401e-05,0.00016950001008808613,0.15070312598254532,0.3461280850460753,0.6041978750145063
415,random_0412,random_cycle_chord,20260824,crossing_rich,3,200,5,12,16,4.559385850329023,True,True,,perf/incremental-yamada-frontier-order,1d8374f42cccbb16d78d44100a65ca603d7d1997,3.14.7,macOS-26.6.2-arm64-arm-64bit-Mach-O,arm,0.04145212494768202,0.14858954201918095,0.03997804201208055,0.009727959055453539,0.010820915922522545,0.02137187495827675,3.67090106010437e-05,0.011145709082484245,0.011536666075699031,0.001131374971009791,0.04522233409807086,0.10578220896422863,9.31670656427741e-05,0.33568054100032896,0.02748920803423971,0.36316974903456867,2.3041036911308765e-05,0.00011954200454056263,0.13327141699846834,0.3233130839653313,0.6628378330497071
416,random_0413,random_cycle_chord,20260824,crossing_rich,4,200,5,12,16,4.873648881948239,True,True,,perf/incremental-yamada-frontier-order,1d8374f42cccbb16d78d44100a65ca603d7d1997,3.14.7,macOS-26.6.2-arm64-arm-64bit-Mach-O,arm,0.043407041928730905,0.14866283303126693,0.04877658293116838,0.010039999964646995,0.011194374994374812,0.022102083079516888,4.9083027988672256e-05,0.01141012494917959,0.011907957959920168,0.0012469160137698054,0.04671616503037512,0.11676875001285225,9.208300616592169e-05,0.30963895900640637,0.024640540941618383,0.33427949994802475,2.4084001779556274e-05,0.000134957954287529,0.14140929095447063,0.33347916591446847,0.6474412910174578
417,random_0414,random_cycle_chord,20260824,crossing_rich,8,200,7,15,21,4.0451938210711615,True,True,,perf/incremental-yamada-frontier-order,1d8374f42cccbb16d78d44100a65ca603d7d1997,3.14.7,macOS-26.6.2-arm64-arm-64bit-Mach-O,arm,0.051617166958749294,0.14866733294911683,0.045385624980553985,0.015845416928641498,0.016756084049120545,0.03306941699702293,6.470899097621441e-05,0.01711254206020385,0.018117374973371625,0.0020157500403001904,0.0703797930618748,0.1484207499306649,0.00011283403728157282,0.2871265000430867,0.03893187502399087,0.3260583750670776,3.329198807477951e-05,0.00020779110491275787,0.18735262495465577,0.3876371248625219,0.6799544999375939
418,random_0415,random_cycle_chord,20260824,crossing_rich,5,200,6,13,18,4.412595422974887,True,True,,perf/incremental-yamada-frontier-order,1d8374f42cccbb16d78d44100a65ca603d7d1997,3.14.7,macOS-26.6.2-arm64-arm-64bit-Mach-O,arm,0.04566229204647243,0.14807679201476276,0.050205916981212795,0.011672833003103733,0.013166290940716863,0.025999167002737522,6.729201413691044e-05,0.0133413749281317,0.014006791985593736,0.0015844160225242376,0.054999041953124106,0.13010000006761402,0.00010470801498740911,0.23978733294643462,0.030859624966979027,0.27064695791341364,2.7542002499103546e-05,0.0001657500397413969,0.16095962503459305,0.35469870909582824,0.5991071249591187
419,random_0416,random_cycle_chord,20260824,baseline,0,200,3,15,17,4.052900246858165,True,True,,perf/incremental-yamada-frontier-order,1d8374f42cccbb16d78d44100a65ca603d7d1997,3.14.7,macOS-26.6.2-arm64-arm-64bit-Mach-O,arm,0.040910165989771485,0.14743233297485858,0.016151332994922996,0.006549124955199659,0.0064990000100806355,0.012770375004038215,2.174999099224806e-05,0.006618582992814481,0.0068410830572247505,0.0005604169564321637,0.026812208001501858,0.056031125015579164,7.383304182440042e-05,0.21876941609662026,0.009002291946671903,0.22777170804329216,1.4042016118764877e-05,7.050007116049528e-05,0.06503341696225107,0.25337591592688113,0.476296833017841
420,random_0417,random_cycle_chord,20260824,crossing_rich,5,200,6,13,18,4.313697193549275,True,True,,perf/incremental-yamada-frontier-order,1d8374f42cccbb16d78d44100a65ca603d7d1997,3.14.7,macOS-26.6.2-arm64-arm-64bit-Mach-O,arm,0.046247499994933605,0.15665716596413404,0.04691062506753951,0.011866250075399876,0.013341959100216627,0.026353207998909056,6.700004450976849e-05,0.013616791926324368,0.014313042047433555,0.0015640000347048044,0.05591404205188155,0.12807883403729647,9.770807810127735e-05,0.2433974170126021,0.02846225001849234,0.27185966703109443,3.2458105124533176e-05,0.00016670802142471075,0.15654108405578882,0.35944575001485646,0.6079145409166813
421,random_0418,random_cycle_chord,20260824,crossing_rich,6,200,6,14,19,4.295342083063842,True,True,,perf/incremental-yamada-frontier-order,1d8374f42cccbb16d78d44100a65ca603d7d1997,3.14.7,macOS-26.6.2-arm64-arm-64bit-Mach-O,arm,0.04945145803503692,0.14876979100517929,0.04275520797818899,0.013666125014424324,0.014259541989304125,0.028139707981608808,4.358298610895872e-05,0.01461558393202722,0.015460374997928739,0.0016858750022947788,0.059945124899968505,0.13066600007005036,0.00010116701014339924,0.37194199999794364,0.03426491701975465,0.4062069170176983,2.987496554851532e-05,0.00018012500368058681,0.164930917089805,0.3631521661300212,0.7394255839753896
422,random_0419,random_cycle_chord,20260824,crossing_rich,2,200,4,11,14,5.0216172967670625,True,True,,perf/incremental-yamada-frontier-order,1d8374f42cccbb16d78d44100a65ca603d7d1997,3.14.7,macOS-26.6.2-arm64-arm-64bit-Mach-O,arm,0.038548374897800386,0.14778629201464355,0.041119459085166454,0.0091121670557186,0.009323582984507084,0.018557250034064054,5.3582945838570595e-05,0.00958695902954787,0.009930375032126904,0.0009289160370826721,0.03905708307866007,0.09864737500902265,9.479199070483446e-05,0.18582754104863852,0.016134000034071505,0.20196154108271003,1.9416911527514458e-05,0.00010633294004946947,0.11478137504309416,0.3011160419555381,0.49112870800308883
423,random_0420,random_cycle_chord,20260824,crossing_rich,5,200,6,13,18,4.068940579483965,True,True,,perf/incremental-yamada-frontier-order,1d8374f42cccbb16d78d44100a65ca603d7d1997,3.14.7,macOS-26.6.2-arm64-arm-64bit-Mach-O,arm,0.04466299992054701,0.1513904999010265,0.04278441704809666,0.011626042076386511,0.01309450005646795,0.025717832962982357,5.124998278915882e-05,0.013307207962498069,0.014036042033694685,0.0015610409900546074,0.054673373932018876,0.12222420796751976,9.808293543756008e-05,0.2533979999134317,0.03562637499999255,0.28902437491342425,4.070799332112074e-05,0.00020237499848008156,0.1578505829675123,0.3539040827890858,0.6121198330074549
424,random_0421,random_cycle_chord,20260824,crossing_rich,2,200,4,11,14,5.075432869392634,True,True,,perf/incremental-yamada-frontier-order,1d8374f42cccbb16d78d44100a65ca603d7d1997,3.14.7,macOS-26.6.2-arm64-arm-64bit-Mach-O,arm,0.04816387500613928,0.1822330830618739,0.042334500001743436,0.008937375037930906,0.011184500064700842,0.019297709106467664,6.462493911385536e-05,0.009635915979743004,0.010799125069752336,0.0009412500075995922,0.04073862510267645,0.10328737506642938,9.02500469237566e-05,0.1928074579918757,0.017063957988284528,0.20987141598016024,2.2416003048419952e-05,0.00010954099707305431,0.1203513330547139,0.3507482911227271,0.5478707909351215
425,random_0422,random_cycle_chord,20260824,crossing_rich,2,200,4,13,16,4.565862522285616,True,True,,perf/incremental-yamada-frontier-order,1d8374f42cccbb16d78d44100a65ca603d7d1997,3.14.7,macOS-26.6.2-arm64-arm-64bit-Mach-O,arm,0.04480816703289747,0.15252958296332508,0.03892908291891217,0.008583082933910191,0.00892874994315207,0.01758566591888666,3.004202153533697e-05,0.009106207988224924,0.009493916993960738,0.0009119169553741813,0.03712774987798184,0.09359674993902445,8.195801638066769e-05,0.21932658401783556,0.017314458964392543,0.2366410429822281,2.2290972992777824e-05,0.00011025008279830217,0.11091120890341699,0.30824895889963955,0.5317902920069173
426,random_0423,random_cycle_chord,20260824,crossing_rich,5,200,5,12,16,4.092876103069123,True,True,,perf/incremental-yamada-frontier-order,1d8374f42cccbb16d78d44100a65ca603d7d1997,3.14.7,macOS-26.6.2-arm64-arm-64bit-Mach-O,arm,0.0397944999858737,0.14856570900883526,0.04065333295147866,0.010651665972545743,0.012368791969493032,0.024702875060029328,5.6040938943624496e-05,0.013469832949340343,0.01395337504800409,0.0014502910198643804,0.05363241501618177,0.11734004190657288,0.00010875007137656212,0.22473208303563297,0.02858079201541841,0.2533128750510514,2.3957923986017704e-05,0.0001568750012665987,0.1459208339219913,0.33428104291670024,0.5634140409529209
427,random_0424,random_cycle_chord,20260824,crossing_rich,5,200,5,13,17,4.046938214796679,True,True,,perf/incremental-yamada-frontier-order,1d8374f42cccbb16d78d44100a65ca603d7d1997,3.14.7,macOS-26.6.2-arm64-arm-64bit-Mach-O,arm,0.04168283403851092,0.14839275006670505,0.04026937496382743,0.010783875011838973,0.012494541006162763,0.024968499899841845,4.795799031853676e-05,0.012876208988018334,0.013505792012438178,0.0012854170054197311,0.052683875896036625,0.11626495898235589,9.545800276100636e-05,0.23045945900958031,0.02614466706290841,0.2566041260724887,2.3416941985487938e-05,0.00014320900663733482,0.1424096260452643,0.33248521015048027,0.5679292500717565
428,random_0425,random_cycle_chord,20260824,crossing_rich,5,200,6,14,19,4.297218959239334,True,True,,perf/incremental-yamada-frontier-order,1d8374f42cccbb16d78d44100a65ca603d7d1997,3.14.7,macOS-26.6.2-arm64-arm-64bit-Mach-O,arm,0.04824625002220273,0.14879620797000825,0.04268287506420165,0.013444833923131227,0.013286250061355531,0.060388749931007624,7.933296728879213e-05,0.013098625000566244,0.01395654201041907,0.0015776660293340683,0.0891009159386158,0.1585647080792114,0.00011858402285724878,0.2526627089828253,0.03157624998129904,0.2842389589641243,3.0250055715441704e-05,0.0001747499918565154,0.19014095806051046,0.38718341605272144,0.6449481669114903
429,random_0426,random_cycle_chord,20260824,crossing_rich,9,200,7,14,20,4.296421842758042,True,True,,perf/incremental-yamada-frontier-order,1d8374f42cccbb16d78d44100a65ca603d7d1997,3.14.7,macOS-26.6.2-arm64-arm-64bit-Mach-O,arm,0.05096229200717062,0.14959570800419897,0.0477069589542225,0.015014874981716275,0.016646042000502348,0.0331186669645831,5.437491927295923e-05,0.017096917028538883,0.018287832965143025,0.0021735000191256404,0.0707312918966636,0.15014762501232326,0.00011308398097753525,0.2728501659585163,0.0492341669742018,0.3220843329327181,3.504205960780382e-05,0.00023283297196030617,0.19938179198652506,0.39993979199789464,0.6778107089921832
430,random_0427,random_cycle_chord,20260824,crossing_rich,3,200,5,13,17,4.368123449695066,True,True,,perf/incremental-yamada-frontier-order,1d8374f42cccbb16d78d44100a65ca603d7d1997,3.14.7,macOS-26.6.2-arm64-arm-64bit-Mach-O,arm,0.04237937508150935,0.14866337494459003,0.039056124980561435,0.010062874993309379,0.011094292043708265,0.021891666925512254,3.6415993236005306e-05,0.011341374949552119,0.011959042050875723,0.001274041016586125,0.04650254093576223,0.10674887499772012,9.845895692706108e-05,0.22219312493689358,0.022987166070379317,0.2451802910072729,2.2916006855666637e-05,0.00014029094018042088,0.12973604106809944,0.3207787910941988,0.5473369159735739
431,random_0428,random_cycle_chord,20260824,crossing_rich,4,200,6,12,17,4.006615787680774,True,True,,perf/incremental-yamada-frontier-order,1d8374f42cccbb16d78d44100a65ca603d7d1997,3.14.7,macOS-26.6.2-arm64-arm-64bit-Mach-O,arm,0.040932417032308877,0.1484144169371575,0.041667958023026586,0.011140750022605062,0.012717958074063063,0.02488512499257922,5.679193418473005e-05,0.012663625064305961,0.01336291607003659,0.0014645420014858246,0.05243300006259233,0.11800262494944036,0.00010629207827150822,0.36193900008220226,0.0355036670807749,0.39744266716297716,3.9499951526522636e-05,0.0001693330705165863,0.15350629203021526,0.34285312599968165,0.7086179170291871
432,random_0429,random_cycle_chord,20260824,crossing_rich,2,200,4,11,14,5.024265099593082,True,True,,perf/incremental-yamada-frontier-order,1d8374f42cccbb16d78d44100a65ca603d7d1997,3.14.7,macOS-26.6.2-arm64-arm-64bit-Mach-O,arm,0.03995133389253169,0.14942229096777737,0.04072004195768386,0.008769500069320202,0.009308042004704475,0.01844137499574572,2.912490162998438e-05,0.00948995805811137,0.00987137493211776,0.0008978750556707382,0.03872970794327557,0.09755399997811764,7.866695523262024e-05,0.18664970807731152,0.015700042014941573,0.2023497500922531,1.8625054508447647e-05,0.00010312499944120646,0.11325404199305922,0.3026276668533683,0.493448166991584
433,random_0430,random_cycle_chord,20260824,crossing_rich,6,200,6,15,20,4.045754259463155,True,True,,perf/incremental-yamada-frontier-order,1d8374f42cccbb16d78d44100a65ca603d7d1997,3.14.7,macOS-26.6.2-arm64-arm-64bit-Mach-O,arm,0.04979025002103299,0.15044320898596197,0.04395429196301848,0.012432417017407715,0.013874624972231686,0.02727349998895079,5.487492308020592e-05,0.014142999891191721,0.015076874988153577,0.0017039170488715172,0.05825216684024781,0.12856083293445408,0.00010941596701741219,0.27261825010646135,0.03483591589611024,0.3074541660025716,2.9957969672977924e-05,0.00018129206728190184,0.16339674883056432,0.3636302078375593,0.6411430829903111
434,random_0431,random_cycle_chord,20260824,crossing_rich,6,200,6,13,18,4.563757595950354,True,True,,perf/incremental-yamada-frontier-order,1d8374f42cccbb16d78d44100a65ca603d7d1997,3.14.7,macOS-26.6.2-arm64-arm-64bit-Mach-O,arm,0.046124165994115174,0.1488266249652952,0.054396499996073544,0.015895499964244664,0.014900167006999254,0.028191582998260856,9.270792361348867e-05,0.014506582985632122,0.015582457999698818,0.0017003749962896109,0.060073706903494895,0.14535116602201015,0.00011775002349168062,0.24610445799771696,0.03207249997649342,0.2781769579742104,2.891593612730503e-05,0.00017854210454970598,0.17742366599850357,0.37237445695791394,0.6230956659419462
435,random_0432,random_cycle_chord,20260824,crossing_rich,4,200,5,12,16,4.154585776456942,True,True,,perf/incremental-yamada-frontier-order,1d8374f42cccbb16d78d44100a65ca603d7d1997,3.14.7,macOS-26.6.2-arm64-arm-64bit-Mach-O,arm,0.0397551660425961,0.14875870803371072,0.04287258395925164,0.010272666928358376,0.011654125060886145,0.022964415955357254,3.716698847711086e-05,0.011888082954101264,0.012448666035197675,0.0012102921027690172,0.04854862403590232,0.11338054190855473,8.612510282546282e-05,0.21203899988904595,0.022637167014181614,0.23467616690322757,2.320797648280859e-05,0.00013570894952863455,0.13601770892273635,0.32453158299904317,0.5408897079760209
436,random_0433,random_cycle_chord,20260824,crossing_rich,6,200,6,14,19,4.252181357432336,True,True,,perf/incremental-yamada-frontier-order,1d8374f42cccbb16d78d44100a65ca603d7d1997,3.14.7,macOS-26.6.2-arm64-arm-64bit-Mach-O,arm,0.04786883294582367,0.14868700003717095,0.04181104199960828,0.013586999964900315,0.013985709054395556,0.027692582923918962,6.104097701609135e-05,0.014153665979392827,0.014898958033882082,0.001618458074517548,0.05842470598872751,0.12785854190587997,0.00010099995415657759,0.3846566251013428,0.052178542013280094,0.4368351671146229,3.98330157622695e-05,0.00018670805729925632,0.18003708391916007,0.3765929169021547,0.7651130839949474
437,random_0434,random_cycle_chord,20260824,baseline,0,200,3,14,16,4.290749575513223,True,True,,perf/incremental-yamada-frontier-order,1d8374f42cccbb16d78d44100a65ca603d7d1997,3.14.7,macOS-26.6.2-arm64-arm-64bit-Mach-O,arm,0.04068558395374566,0.17632458300795406,0.019652292015962303,0.007315292023122311,0.0070839159889146686,0.014210416935384274,3.8790982216596603e-05,0.007246042019687593,0.007679707952775061,0.0005571249639615417,0.029732082854025066,0.06380308303050697,8.245802018791437e-05,0.2063237080583349,0.008883417001925409,0.2152071250602603,1.391698606312275e-05,7.708300836384296e-05,0.07268650003243238,0.2896966669941321,0.5001117920037359
438,random_0435,random_cycle_chord,20260824,crossing_rich,5,200,6,13,18,4.068793923921902,True,True,,perf/incremental-yamada-frontier-order,1d8374f42cccbb16d78d44100a65ca603d7d1997,3.14.7,macOS-26.6.2-arm64-arm-64bit-Mach-O,arm,0.04477612499613315,0.14889470802154392,0.04777395795099437,0.01186370791401714,0.013519250089302659,0.0264970000134781,6.35830219835043e-05,0.013599583064205945,0.014268375001847744,0.001602416974492371,0.056030958076007664,0.12923974997829646,0.00010054092854261398,0.24177812493871897,0.029923000023700297,0.27170112496241927,2.9499991796910763e-05,0.00017916702199727297,0.15916275000199676,0.3528335830196738,0.5991516669746488
439,random_0436,random_cycle_chord,20260824,baseline,0,200,3,15,17,4.0472881520692985,True,True,,perf/incremental-yamada-frontier-order,1d8374f42cccbb16d78d44100a65ca603d7d1997,3.14.7,macOS-26.6.2-arm64-arm-64bit-Mach-O,arm,0.04184283292852342,0.15094133408274502,0.020626166951842606,0.006750666070729494,0.007387334015220404,0.013630041969008744,5.3875031881034374e-05,0.0070112090324983,0.007111417013220489,0.0005737909814342856,0.028380334028042853,0.06318549998104572,9.09160589799285e-05,0.22755704203154892,0.008828540914691985,0.2363855829462409,1.4333054423332214e-05,7.629208266735077e-05,0.07201404089573771,0.26479820790700614,0.49718095804564655
440,random_0437,random_cycle_chord,20260824,crossing_rich,3,200,5,13,17,4.057448148432801,True,True,,perf/incremental-yamada-frontier-order,1d8374f42cccbb16d78d44100a65ca603d7d1997,3.14.7,macOS-26.6.2-arm64-arm-64bit-Mach-O,arm,0.042721500038169324,0.15737533301580697,0.04517487494740635,0.010585749987512827,0.011192291975021362,0.022101541981101036,5.262496415525675e-05,0.011395834037102759,0.011895750067196786,0.0012029580539092422,0.04664870910346508,0.11364504101220518,9.454099927097559e-05,0.22516670799814165,0.022576041985303164,0.2477427499834448,2.4582957848906517e-05,0.00013520801439881325,0.13622108299750835,0.33631791605148464,0.5659452499821782
441,random_0438,random_cycle_chord,20260824,crossing_rich,5,200,6,13,18,4.040421998295762,True,True,,perf/incremental-yamada-frontier-order,1d8374f42cccbb16d78d44100a65ca603d7d1997,3.14.7,macOS-26.6.2-arm64-arm-64bit-Mach-O,arm,0.043963750009424984,0.14871879201382399,0.05056308303028345,0.012112041004002094,0.013371541979722679,0.025890582939609885,7.40840332582593e-05,0.013675541966222227,0.014423166983760893,0.0015882919542491436,0.05565166787710041,0.13175587495788932,0.00011916703078895807,0.2502854169579223,0.0308571660425514,0.2811425830004737,3.0791969038546085e-05,0.00016595807392150164,0.16261304100044072,0.3552955830236897,0.6101800829637796
442,random_0439,random_cycle_chord,20260824,crossing_rich,3,200,5,13,17,4.3487643711676345,True,True,,perf/incremental-yamada-frontier-order,1d8374f42cccbb16d78d44100a65ca603d7d1997,3.14.7,macOS-26.6.2-arm64-arm-64bit-Mach-O,arm,0.04369295795913786,0.15041720808949322,0.039244084036909044,0.010094124940223992,0.011082917102612555,0.021980416029691696,4.8291985876858234e-05,0.011249040951952338,0.011797750019468367,0.001238207914866507,0.04631370690185577,0.10677329101599753,9.241700172424316e-05,0.2244207909097895,0.022384832962416112,0.24680562387220562,2.3707980290055275e-05,0.00013412500265985727,0.12915812397841364,0.3232682900270447,0.5521030840463936
443,random_0440,random_cycle_chord,20260824,crossing_rich,4,200,5,12,16,4.880403159639434,True,True,,perf/incremental-yamada-frontier-order,1d8374f42cccbb16d78d44100a65ca603d7d1997,3.14.7,macOS-26.6.2-arm64-arm-64bit-Mach-O,arm,0.043560832971706986,0.1486267918953672,0.04340916604269296,0.010282041970640421,0.011610625078901649,0.023043291992507875,3.833300434052944e-05,0.011874541989527643,0.012598874978721142,0.0013438750756904483,0.04889891704078764,0.11423404200468212,8.800008799880743e-05,0.2156911250203848,0.02619808295276016,0.24188920797314495,2.374988980591297e-05,0.00014416594058275223,0.14043212495744228,0.3326197498245165,0.5526942909928039
444,random_0441,random_cycle_chord,20260824,crossing_rich,6,200,6,14,19,4.28942052156004,True,True,,perf/incremental-yamada-frontier-order,1d8374f42cccbb16d78d44100a65ca603d7d1997,3.14.7,macOS-26.6.2-arm64-arm-64bit-Mach-O,arm,0.048716749995946884,0.1489122499478981,0.045754791935905814,0.014431833056733012,0.01452216599136591,0.02864520892035216,4.4042011722922325e-05,0.014841082971543074,0.015615208074450493,0.0016410830430686474,0.0607866250211373,0.13553595799021423,0.00011141598224639893,0.25160379195585847,0.03602474997751415,0.2876285419333726,3.0832947231829166e-05,0.00017729203682392836,0.17156070796772838,0.36918970791157335,0.6253867920022458
445,random_0442,random_cycle_chord,20260824,crossing_rich,4,200,5,12,16,4.8818048086434205,True,True,,perf/incremental-yamada-frontier-order,1d8374f42cccbb16d78d44100a65ca603d7d1997,3.14.7,macOS-26.6.2-arm64-arm-64bit-Mach-O,arm,0.04341033298987895,0.1495275830384344,0.04408258304465562,0.01006362505722791,0.011161875096149743,0.02203916700091213,3.724999260157347e-05,0.011443624971434474,0.012187874992378056,0.0014345420058816671,0.0471424589632079,0.11248308303765953,9.283400140702724e-05,0.21470079198479652,0.02763108303770423,0.24233187502250075,2.4583074264228344e-05,0.00015787500888109207,0.14011416607536376,0.3330520821036771,0.552145375055261
446,random_0443,random_cycle_chord,20260824,crossing_rich,3,200,5,12,16,4.494330659081517,True,True,,perf/incremental-yamada-frontier-order,1d8374f42cccbb16d78d44100a65ca603d7d1997,3.14.7,macOS-26.6.2-arm64-arm-64bit-Mach-O,arm,0.041239332989789546,0.14857854193542153,0.040059749968349934,0.0095211670268327,0.010424874955788255,0.020532083930447698,3.666698466986418e-05,0.010660999920219183,0.011256249970756471,0.0012200410710647702,0.043706041877157986,0.10374470893293619,8.695793803781271e-05,0.30884716694708914,0.021087583038024604,0.32993474998511374,2.5250017642974854e-05,0.0001342919422313571,0.1248322919709608,0.31465016689617187,0.6275783330202103
447,random_0444,random_cycle_chord,20260824,crossing_rich,4,200,5,13,17,4.566487785715172,True,True,,perf/incremental-yamada-frontier-order,1d8374f42cccbb16d78d44100a65ca603d7d1997,3.14.7,macOS-26.6.2-arm64-arm-64bit-Mach-O,arm,0.0443030419992283,0.15045329194981605,0.04188512498512864,0.01081945898476988,0.011480750050395727,0.022572790971025825,3.7082936614751816e-05,0.012598125031217933,0.012287332909181714,0.002001791028305888,0.04949712287634611,0.11371787509415299,0.00014012493193149567,0.22795670805498958,0.023323541041463614,0.2512802490964532,2.4041044525802135e-05,0.00014270900283008814,0.1370414161356166,0.33179775008466095,0.5645523329731077
448,random_0445,random_cycle_chord,20260824,crossing_rich,6,200,6,13,18,4.56290750940826,True,True,,perf/incremental-yamada-frontier-order,1d8374f42cccbb16d78d44100a65ca603d7d1997,3.14.7,macOS-26.6.2-arm64-arm-64bit-Mach-O,arm,0.04628295893780887,0.15300504094921052,0.0509863750776276,0.015259040985256433,0.014672290999442339,0.027787292026914656,6.554101128131151e-05,0.01426720805466175,0.014999583014287055,0.0016944169765338302,0.0588140410836786,0.1397949589882046,0.00010887498501688242,0.29440429201349616,0.03683324996381998,0.33123754197731614,3.200001083314419e-05,0.00019537494517862797,0.17662820895202458,0.375916208839044,0.6750516660977155
449,random_0446,random_cycle_chord,20260824,crossing_rich,9,200,7,15,21,4.046347905467134,True,True,,perf/incremental-yamada-frontier-order,1d8374f42cccbb16d78d44100a65ca603d7d1997,3.14.7,macOS-26.6.2-arm64-arm-64bit-Mach-O,arm,0.05285541608463973,0.14985658403020352,0.04648554197046906,0.014855707995593548,0.016579083050601184,0.0328437079442665,5.200004670768976e-05,0.016969084041193128,0.01814491709228605,0.0020949579775333405,0.0701046671019867,0.14807183295488358,0.00011100003030151129,0.2855298329377547,0.047305666957981884,0.3328354998957366,3.600004129111767e-05,0.00022425001952797174,0.19537749991286546,0.3980895000277087,0.688467999920249
450,random_0447,random_cycle_chord,20260824,crossing_rich,4,200,5,13,17,4.570518130393215,True,True,,perf/incremental-yamada-frontier-order,1d8374f42cccbb16d78d44100a65ca603d7d1997,3.14.7,macOS-26.6.2-arm64-arm-64bit-Mach-O,arm,0.04398858395870775,0.14880616695154458,0.04442325001582503,0.010286834090948105,0.011653791996650398,0.022936708061024547,3.9499951526522636e-05,0.012731583905406296,0.013600958045572042,0.0013139169896021485,0.050622666953131557,0.11702004203107208,0.00010983296670019627,0.23509654100053012,0.02384541602805257,0.2589419570285827,2.4999957531690598e-05,0.00013937498442828655,0.14086545805912465,0.333660208969377,0.5731716669397429
451,random_0448,random_cycle_chord,20260824,crossing_rich,9,200,7,15,21,4.046536122111102,True,True,,perf/incremental-yamada-frontier-order,1d8374f42cccbb16d78d44100a65ca603d7d1997,3.14.7,macOS-26.6.2-arm64-arm-64bit-Mach-O,arm,0.052768749999813735,0.15695637499447912,0.05196516704745591,0.015502708032727242,0.017807874944992363,0.03465049993246794,7.78330722823739e-05,0.01853645802475512,0.020098916022107005,0.002247041091322899,0.07561074814293534,0.16094933403655887,0.00013466703239828348,0.30481991602573544,0.04644474992528558,0.351264665951021,3.616698086261749e-05,0.00022720906417816877,0.20739408396184444,0.4171192089561373,0.7276008329354227
452,random_0449,random_cycle_chord,20260824,crossing_rich,5,200,6,14,19,4.290048536962872,True,True,,perf/incremental-yamada-frontier-order,1d8374f42cccbb16d78d44100a65ca603d7d1997,3.14.7,macOS-26.6.2-arm64-arm-64bit-Mach-O,arm,0.04877062502782792,0.14860912505537271,0.04375179100316018,0.011636583018116653,0.013053999980911613,0.025640249950811267,5.583406891673803e-05,0.013278291909955442,0.013983333948999643,0.0015742500545457006,0.05453195993322879,0.12302133394405246,0.0001003750367090106,0.25345170800574124,0.030550917028449476,0.2840026250341907,2.8250040486454964e-05,0.00016858300659805536,0.15357225097250193,0.35095200105570257,0.6089336660224944
453,random_0450,random_cycle_chord,20260824,crossing_rich,6,200,6,14,19,4.296399205708145,True,True,,perf/incremental-yamada-frontier-order,1d8374f42cccbb16d78d44100a65ca603d7d1997,3.14.7,macOS-26.6.2-arm64-arm-64bit-Mach-O,arm,0.048124374938197434,0.15164883306715637,0.0885864170268178,0.01792366593144834,0.014819207950495183,0.028961541946046054,7.708300836384296e-05,0.01581979193724692,0.015950834029354155,0.00172083405777812,0.06253008497878909,0.18392408406361938,0.00011562497820705175,0.38384733395650983,0.03289774991571903,0.41674508387222886,3.366696182638407e-05,0.00018554204143583775,0.2168218339793384,0.4165950419846922,0.8048561660107225
454,random_0451,random_cycle_chord,20260824,crossing_rich,6,200,6,15,20,4.047855892727188,True,True,,perf/incremental-yamada-frontier-order,1d8374f42cccbb16d78d44100a65ca603d7d1997,3.14.7,macOS-26.6.2-arm64-arm-64bit-Mach-O,arm,0.052483499981462955,0.150786624988541,0.04472137498669326,0.014329624944366515,0.014811041997745633,0.0284999170107767,7.283396553248167e-05,0.014935125014744699,0.015556667000055313,0.001704790978692472,0.060769333969801664,0.13469787500798702,0.00012450001668184996,0.27535291702952236,0.033118832972832024,0.3084717500023544,2.920802216976881e-05,0.00018016702961176634,0.16781670798081905,0.371086832950823,0.6510283329989761
455,random_0452,random_cycle_chord,20260824,crossing_rich,4,200,5,12,16,4.0528769306670975,True,True,,perf/incremental-yamada-frontier-order,1d8374f42cccbb16d78d44100a65ca603d7d1997,3.14.7,macOS-26.6.2-arm64-arm-64bit-Mach-O,arm,0.040476333000697196,0.15698487509507686,0.03864070796407759,0.010207499959506094,0.011282625026069582,0.022234707954339683,3.6708079278469086e-05,0.011545208049938083,0.012114666984416544,0.0012916249688714743,0.047222916036844254,0.10738670907448977,8.699996396899223e-05,0.211549666011706,0.025651667034253478,0.23720133304595947,2.3041036911308765e-05,0.00014366698451340199,0.13303837610874325,0.3304995842045173,0.5465628750389442
456,random_0453,random_cycle_chord,20260824,crossing_rich,6,200,6,13,18,4.568078860334581,True,True,,perf/incremental-yamada-frontier-order,1d8374f42cccbb16d78d44100a65ca603d7d1997,3.14.7,macOS-26.6.2-arm64-arm-64bit-Mach-O,arm,0.04708579194266349,0.14878795796539634,0.044258916983380914,0.01340266689658165,0.013894458068534732,0.02756170800421387,4.4082989916205406e-05,0.014276499976404011,0.015118040959350765,0.0016535409959033132,0.058653872925788164,0.13024945894721895,9.874999523162842e-05,0.2531102920183912,0.034865790978074074,0.28797608299646527,3.666698466986418e-05,0.0002055000513792038,0.16511524992529303,0.36098899983335286,0.6188447090098634
457,random_0454,random_cycle_chord,20260824,crossing_rich,4,200,6,13,18,4.024171180134986,True,True,,perf/incremental-yamada-frontier-order,1d8374f42cccbb16d78d44100a65ca603d7d1997,3.14.7,macOS-26.6.2-arm64-arm-64bit-Mach-O,arm,0.04571637499611825,0.14896070898976177,0.04277479206211865,0.011026334017515182,0.01235766604077071,0.024238332989625633,6.554194260388613e-05,0.012496208073571324,0.013100375072099268,0.0014602500014007092,0.05136070807930082,0.11756549996789545,0.00010695809032768011,0.24095520901028067,0.02756949991453439,0.26852470892481506,2.7250032871961594e-05,0.0001550830202177167,0.14513499988242984,0.33981208386830986,0.5853282080497593
458,random_0455,random_cycle_chord,20260824,crossing_rich,7,200,6,13,18,4.069444955784477,True,True,,perf/incremental-yamada-frontier-order,1d8374f42cccbb16d78d44100a65ca603d7d1997,3.14.7,macOS-26.6.2-arm64-arm-64bit-Mach-O,arm,0.04476454097311944,0.148598707979545,0.040757125010713935,0.014826041995547712,0.014485916937701404,0.028697874979116023,5.12079568579793e-05,0.014822916011326015,0.01575775002129376,0.0017143749864771962,0.06104412395507097,0.13115566596388817,0.00010154105257242918,0.24543650005944073,0.03749725001398474,0.28293375007342547,2.904096618294716e-05,0.00018675008323043585,0.1686529159778729,0.36201616493053734,0.6121339169330895
459,random_0456,random_cycle_chord,20260824,crossing_rich,5,200,6,15,20,4.050615632009759,True,True,,perf/incremental-yamada-frontier-order,1d8374f42cccbb16d78d44100a65ca603d7d1997,3.14.7,macOS-26.6.2-arm64-arm-64bit-Mach-O,arm,0.048891082988120615,0.1482373329345137,0.041678583016619086,0.013940665987320244,0.013524667010642588,0.026766000082716346,4.324992187321186e-05,0.013865000102669,0.014602083014324307,0.0014582909643650055,0.05673462408594787,0.12591783399693668,0.00010854192078113556,0.2640133330132812,0.028121207957156003,0.29213454097043723,2.7542002499103546e-05,0.00016200006939470768,0.15403904195409268,0.351167457876727,0.6199374169809744
460,random_0457,random_cycle_chord,20260824,crossing_rich,6,200,6,14,19,4.290964771715055,True,True,,perf/incremental-yamada-frontier-order,1d8374f42cccbb16d78d44100a65ca603d7d1997,3.14.7,macOS-26.6.2-arm64-arm-64bit-Mach-O,arm,0.04862829204648733,0.15774150006473064,0.04433937498833984,0.012247208971530199,0.01359112502541393,0.026569334091618657,5.470809992402792e-05,0.01376687502488494,0.014592958032153547,0.0016700830310583115,0.05665395827963948,0.12687820801511407,0.00010387494694441557,0.26034462498500943,0.03553741693031043,0.29588204191531986,3.3041927963495255e-05,0.0001861249329522252,0.1624156249454245,0.3687854170566425,0.6338427090086043
461,random_0458,random_cycle_chord,20260824,crossing_rich,5,200,6,13,18,4.0429056499913445,True,True,,perf/incremental-yamada-frontier-order,1d8374f42cccbb16d78d44100a65ca603d7d1997,3.14.7,macOS-26.6.2-arm64-arm-64bit-Mach-O,arm,0.04579733300488442,0.14894300000742078,0.041065874975174665,0.01190533407498151,0.01360308297444135,0.026906457962468266,4.783296026289463e-05,0.013937874929979444,0.014745500055141747,0.001621832954697311,0.05725949886254966,0.12387787504121661,0.00010187504813075066,0.2460232910234481,0.030100167030468583,0.2761234580539167,3.14170029014349e-05,0.00017704104539006948,0.1539780420716852,0.3487183750839904,0.5992975420085713
462,random_0459,random_cycle_chord,20260824,crossing_rich,4,200,5,12,16,4.8723320224398545,True,True,,perf/incremental-yamada-frontier-order,1d8374f42cccbb16d78d44100a65ca603d7d1997,3.14.7,macOS-26.6.2-arm64-arm-64bit-Mach-O,arm,0.04381941701285541,0.14888004201930016,0.04992554197087884,0.01034904201515019,0.011689167004078627,0.023163832956925035,3.74580267816782e-05,0.011983792064711452,0.0126170419389382,0.0013137500500306487,0.04911587503738701,0.12111183302477002,8.870894089341164e-05,0.2159875420620665,0.025458625052124262,0.24144616711419076,2.6541994884610176e-05,0.0001497080083936453,0.14657045807689428,0.33926991710904986,0.559700833982788
463,random_0460,random_cycle_chord,20260824,crossing_rich,3,200,5,12,16,4.519053263003731,True,True,,perf/incremental-yamada-frontier-order,1d8374f42cccbb16d78d44100a65ca603d7d1997,3.14.7,macOS-26.6.2-arm64-arm-64bit-Mach-O,arm,0.04189191700424999,0.1493513750610873,0.046391333104111254,0.009868958033621311,0.010889458004385233,0.02145404100883752,4.624994471669197e-05,0.011086708051152527,0.01153370807878673,0.001142375054769218,0.04526308213826269,0.11245179106481373,9.945896454155445e-05,0.3344914159970358,0.028543167049065232,0.36303458304610103,2.2666994482278824e-05,0.00012220791541039944,0.14099495811387897,0.33223825017921627,0.6704858749872074
464,random_0461,random_cycle_chord,20260824,crossing_rich,3,200,5,13,17,4.047269713703137,True,True,,perf/incremental-yamada-frontier-order,1d8374f42cccbb16d78d44100a65ca603d7d1997,3.14.7,macOS-26.6.2-arm64-arm-64bit-Mach-O,arm,0.04113662499003112,0.14804995898157358,0.03602662496268749,0.009815041907131672,0.01073375006671995,0.02117441699374467,4.7332956455647945e-05,0.010932958102785051,0.011404875083826482,0.0012035410618409514,0.044763124198652804,0.10137670894619077,9.570806287229061e-05,0.22984958300366998,0.023435333045199513,0.2532849160488695,2.804200630635023e-05,0.0001391660189256072,0.12481204199139029,0.313998625962995,0.5482460829662159
465,random_0462,random_cycle_chord,20260824,crossing_rich,6,200,6,13,18,4.564315392721172,True,True,,perf/incremental-yamada-frontier-order,1d8374f42cccbb16d78d44100a65ca603d7d1997,3.14.7,macOS-26.6.2-arm64-arm-64bit-Mach-O,arm,0.04906941705849022,0.18670900003053248,0.04499312490224838,0.014174415962770581,0.01459616597276181,0.028420791029930115,6.049999501556158e-05,0.014566625002771616,0.015590124996379018,0.0016386669594794512,0.06027670798357576,0.13408729201182723,0.00011691590771079063,0.24447629193309695,0.03273541701491922,0.27721170894801617,2.9708025977015495e-05,0.00017612497322261333,0.16682270902674645,0.40260112611576915,0.6523692089831457
466,random_0463,random_cycle_chord,20260824,crossing_rich,3,200,5,12,16,4.106802385637266,True,True,,perf/incremental-yamada-frontier-order,1d8374f42cccbb16d78d44100a65ca603d7d1997,3.14.7,macOS-26.6.2-arm64-arm-64bit-Mach-O,arm,0.04005499999038875,0.1480771250789985,0.037342917057685554,0.009726416901685297,0.010258833994157612,0.02021254098508507,4.962494131177664e-05,0.010465750005096197,0.010980624938383698,0.0011710000690072775,0.04287954093888402,0.1002474999986589,8.666596841067076e-05,0.21235983399674296,0.022015874972566962,0.23437570896930993,2.337503246963024e-05,0.0001329589867964387,0.12226337497122586,0.3103955000406131,0.5271250000223517
467,random_0464,random_cycle_chord,20260824,crossing_rich,5,200,6,13,18,4.295576124349558,True,True,,perf/incremental-yamada-frontier-order,1d8374f42cccbb16d78d44100a65ca603d7d1997,3.14.7,macOS-26.6.2-arm64-arm-64bit-Mach-O,arm,0.04502179101109505,0.1486982919741422,0.044014375074766576,0.011626749997958541,0.013362291036173701,0.02640720794443041,4.837499000132084e-05,0.013694374938495457,0.014334250008687377,0.0015787919983267784,0.056062999879941344,0.12510837498120964,9.858398698270321e-05,0.23885062499903142,0.031170667032711208,0.27002129203174263,3.287498839199543e-05,0.00017454195767641068,0.15627904201392084,0.3499991249991581,0.5934192079585046
468,random_0465,random_cycle_chord,20260824,crossing_rich,11,200,8,15,22,4.047652669568681,True,True,,perf/incremental-yamada-frontier-order,1d8374f42cccbb16d78d44100a65ca603d7d1997,3.14.7,macOS-26.6.2-arm64-arm-64bit-Mach-O,arm,0.05859520903322846,0.1554483340587467,0.05881929199676961,0.01718662492930889,0.0200400419998914,0.03859995899256319,0.00011370808351784945,0.020134708029218018,0.021312707918696105,0.0024241249775514007,0.08258520800154656,0.17873504105955362,0.0001445829402655363,0.32723149994853884,0.07064220798201859,0.39787370793055743,6.67079584673047e-05,0.0002738749608397484,0.2493772490415722,0.46342079213354737,0.796496249968186
469,random_0466,random_cycle_chord,20260824,crossing_rich,4,200,5,13,17,4.455045267659929,True,True,,perf/incremental-yamada-frontier-order,1d8374f42cccbb16d78d44100a65ca603d7d1997,3.14.7,macOS-26.6.2-arm64-arm-64bit-Mach-O,arm,0.046682416927069426,0.1506784160155803,0.041728417039848864,0.010097958031110466,0.011100958101451397,0.022260917001403868,6.733299233019352e-05,0.011257583973929286,0.01201816601678729,0.00134320801589638,0.04694720800034702,0.10990916704759002,0.00010716600809246302,0.22582699998747557,0.026377375004813075,0.25220437499228865,2.3208092898130417e-05,0.00015220791101455688,0.1362865420524031,0.3336473749950528,0.5640860419953242
470,random_0467,random_cycle_chord,20260824,crossing_rich,2,200,4,11,14,5.098659626438675,True,True,,perf/incremental-yamada-frontier-order,1d8374f42cccbb16d78d44100a65ca603d7d1997,3.14.7,macOS-26.6.2-arm64-arm-64bit-Mach-O,arm,0.03937433403916657,0.151796791004017,0.039872625027783215,0.008506584097631276,0.009002125007100403,0.0177743750391528,3.470794763416052e-05,0.00912783294916153,0.010023707989603281,0.0009533329866826534,0.037913956912234426,0.09533150005154312,9.754195343703032e-05,0.19059424998704344,0.017368500004522502,0.20796274999156594,2.1750107407569885e-05,0.00011037499643862247,0.11270000005606562,0.3038711250992492,0.4988475419813767
471,random_0468,random_cycle_chord,20260824,crossing_rich,6,200,6,13,18,4.564784822744738,True,True,,perf/incremental-yamada-frontier-order,1d8374f42cccbb16d78d44100a65ca603d7d1997,3.14.7,macOS-26.6.2-arm64-arm-64bit-Mach-O,arm,0.0503858330193907,0.15056629106402397,0.05196604202501476,0.012066208990290761,0.014110709074884653,0.02729720901697874,8.14999220892787e-05,0.013629791093990207,0.014432750060223043,0.001731583965010941,0.05717283405829221,0.1353801250224933,0.00011475000064820051,0.25307766697369516,0.036571458098478615,0.2896491250721738,3.212492447346449e-05,0.00018845894373953342,0.17195158312097192,0.3729037072043866,0.6309142089448869
472,random_0469,random_cycle_chord,20260824,crossing_rich,6,200,6,14,19,4.2940183303473685,True,True,,perf/incremental-yamada-frontier-order,1d8374f42cccbb16d78d44100a65ca603d7d1997,3.14.7,macOS-26.6.2-arm64-arm-64bit-Mach-O,arm,0.05069295910652727,0.1557490419363603,0.05165979091543704,0.015133000095374882,0.014682542067021132,0.030109375016763806,9.708304423838854e-05,0.015111207962036133,0.016114415950141847,0.0017582079162821174,0.06319028988946229,0.14473508403170854,0.0001218749675899744,0.2645242919679731,0.036867833929136395,0.3013921258971095,3.145798109471798e-05,0.00017491600010544062,0.18160291796084493,0.3880449190037325,0.6577049579937011
473,random_0470,random_cycle_chord,20260824,crossing_rich,9,200,7,15,21,4.0492945818376365,True,True,,perf/incremental-yamada-frontier-order,1d8374f42cccbb16d78d44100a65ca603d7d1997,3.14.7,macOS-26.6.2-arm64-arm-64bit-Mach-O,arm,0.05351020803209394,0.15258674998767674,0.041162290959618986,0.015381417004391551,0.01719475002028048,0.03348325006663799,8.020794484764338e-05,0.01685966702643782,0.018499125028029084,0.0021831250051036477,0.07110537507105619,0.14490750001277775,0.0001400840701535344,0.3019905830733478,0.051990709034726024,0.35398129210807383,3.729201853275299e-05,0.00023433298338204622,0.19689820904750377,0.40299516706727445,0.7106791250407696
474,random_0471,random_cycle_chord,20260824,crossing_rich,3,200,5,12,16,4.443083687279948,True,True,,perf/incremental-yamada-frontier-order,1d8374f42cccbb16d78d44100a65ca603d7d1997,3.14.7,macOS-26.6.2-arm64-arm-64bit-Mach-O,arm,0.04229095799382776,0.15142120805103332,0.045810500043444335,0.010152459028176963,0.010576833970844746,0.021077167009934783,4.825007636100054e-05,0.011044249986298382,0.01150433300063014,0.0012251249281689525,0.04489912500139326,0.11147629201877862,0.00010775006376206875,0.21946200006641448,0.02278925001155585,0.24225125007797033,2.7125002816319466e-05,0.00013895798474550247,0.13426554203033447,0.32797770807519555,0.5520335000474006
475,random_0472,random_cycle_chord,20260824,crossing_rich,2,200,4,11,14,5.0042014038759435,True,True,,perf/incremental-yamada-frontier-order,1d8374f42cccbb16d78d44100a65ca603d7d1997,3.14.7,macOS-26.6.2-arm64-arm-64bit-Mach-O,arm,0.04073549993336201,0.15091600001323968,0.03865266707725823,0.008691500057466328,0.009246582980267704,0.01860391697846353,5.52500132471323e-05,0.00982749997638166,0.010235500056296587,0.0009559999452903867,0.039678166969679296,0.09631108306348324,9.545800276100636e-05,0.18989483395125717,0.01703966606874019,0.20693450001999736,2.6082969270646572e-05,0.00011879205703735352,0.11335074913222343,0.3050022490788251,0.49936220794916153
476,random_0473,random_cycle_chord,20260824,crossing_rich,4,200,6,13,18,4.056953587164689,True,True,,perf/incremental-yamada-frontier-order,1d8374f42cccbb16d78d44100a65ca603d7d1997,3.14.7,macOS-26.6.2-arm64-arm-64bit-Mach-O,arm,0.04603954206686467,0.15308041591197252,0.042873249971307814,0.011988042038865387,0.015119833056814969,0.02746837493032217,9.066693019121885e-05,0.013108208077028394,0.013787209056317806,0.0015425418969243765,0.055997000890783966,0.12607812497299165,0.00014933396596461535,0.24958245898596942,0.028636374976485968,0.2782188339624554,3.0499999411404133e-05,0.00015133398119360209,0.1547144999494776,0.3538344579283148,0.6082522500073537
477,random_0474,random_cycle_chord,20260824,crossing_rich,9,200,7,15,21,4.048903339587101,True,True,,perf/incremental-yamada-frontier-order,1d8374f42cccbb16d78d44100a65ca603d7d1997,3.14.7,macOS-26.6.2-arm64-arm-64bit-Mach-O,arm,0.05521512508857995,0.15792154194787145,0.040864083101041615,0.015033458941616118,0.01747162500396371,0.03533349989447743,9.283307008445263e-05,0.017527832998894155,0.01867254206445068,0.0022150418953970075,0.07384174992330372,0.1472842909861356,0.00013349996879696846,0.31039716699160635,0.05620224995072931,0.36659941694233567,4.583294503390789e-05,0.00024383398704230785,0.2034865409368649,0.4166232079733163,0.7327620419673622
478,random_0475,random_cycle_chord,20260824,crossing_rich,6,200,6,13,18,4.093129009843569,True,True,,perf/incremental-yamada-frontier-order,1d8374f42cccbb16d78d44100a65ca603d7d1997,3.14.7,macOS-26.6.2-arm64-arm-64bit-Mach-O,arm,0.047294207965023816,0.15244949993211776,0.042910165968351066,0.014132999931462109,0.013936124974861741,0.02911958296317607,7.479102350771427e-05,0.014574165921658278,0.01663754100445658,0.0018750840099528432,0.062281164922751486,0.1333114589797333,0.00012345891445875168,0.2553045420208946,0.034847917035222054,0.29015245905611664,3.0667055398225784e-05,0.00018208404071629047,0.16815937601495534,0.3679030839120969,0.6281796250259504
479,random_0476,random_cycle_chord,20260824,crossing_rich,6,200,6,15,20,4.045794980301877,True,True,,perf/incremental-yamada-frontier-order,1d8374f42cccbb16d78d44100a65ca603d7d1997,3.14.7,macOS-26.6.2-arm64-arm-64bit-Mach-O,arm,0.05057591700460762,0.15185254195239395,0.04662220901809633,0.015301625011488795,0.015245583956129849,0.02925987506750971,7.491593714803457e-05,0.015147625003010035,0.015990541083738208,0.0016531250439584255,0.06212608213536441,0.13937662506941706,0.00011916691437363625,0.27303450007457286,0.03350866597611457,0.30654316605068743,2.7499976567924023e-05,0.00017329095862805843,0.17288529104553163,0.3753137500025332,0.6531005830038339
480,random_0477,random_cycle_chord,20260824,crossing_rich,4,200,5,13,17,4.566965466579443,True,True,,perf/incremental-yamada-frontier-order,1d8374f42cccbb16d78d44100a65ca603d7d1997,3.14.7,macOS-26.6.2-arm64-arm-64bit-Mach-O,arm,0.044697541976347566,0.1589477499946952,0.04494158294983208,0.010710875038057566,0.011178791988641024,0.021864417009055614,5.39170578122139e-05,0.011211499921046197,0.011633582995273173,0.0012836250243708491,0.04604704200755805,0.11292129207868129,9.550002869218588e-05,0.2263991660438478,0.033758957986719906,0.2601581240305677,4.600000102072954e-05,0.00016787508502602577,0.1466802500654012,0.35032554203644395,0.5818567919777706
481,random_0478,random_cycle_chord,20260824,crossing_rich,6,200,6,14,19,4.26568718407774,True,True,,perf/incremental-yamada-frontier-order,1d8374f42cccbb16d78d44100a65ca603d7d1997,3.14.7,macOS-26.6.2-arm64-arm-64bit-Mach-O,arm,0.05319875001441687,0.15101562498603016,0.04298733302857727,0.011830957955680788,0.013699749950319529,0.02699633303564042,4.437495954334736e-05,0.013947167084552348,0.014842042000964284,0.001652417005971074,0.05748233408667147,0.12604058301076293,0.00010199996177107096,0.45295725006144494,0.034264624933712184,0.4872218749951571,3.1791976653039455e-05,0.00018333294428884983,0.16030520794447511,0.36451958294492215,0.8228441249812022
482,random_0479,random_cycle_chord,20260824,crossing_rich,3,200,5,12,16,4.546829053725821,True,True,,perf/incremental-yamada-frontier-order,1d8374f42cccbb16d78d44100a65ca603d7d1997,3.14.7,macOS-26.6.2-arm64-arm-64bit-Mach-O,arm,0.04307554103434086,0.1483252919279039,0.04148637503385544,0.009791334043256938,0.010706915985792875,0.021097542019560933,3.645801916718483e-05,0.01091933308634907,0.011450125020928681,0.001190708950161934,0.0446941670961678,0.10671245900448412,8.558307308703661e-05,0.21056420798413455,0.02124808297958225,0.2318122909637168,2.2500054910779e-05,0.00013333302922546864,0.12796054198406637,0.3193613749463111,0.5344060829374939
483,random_0480,random_cycle_chord,20260824,crossing_rich,2,200,4,11,14,5.227590249577786,True,True,,perf/incremental-yamada-frontier-order,1d8374f42cccbb16d78d44100a65ca603d7d1997,3.14.7,macOS-26.6.2-arm64-arm-64bit-Mach-O,arm,0.03967154200654477,0.14812395896296948,0.0414744169684127,0.008494166075251997,0.008860041969455779,0.017446459038183093,2.933293581008911e-05,0.009049208019860089,0.009468624950386584,0.0008957909885793924,0.03688941593281925,0.09574374998919666,7.61660048738122e-05,0.18335704191122204,0.015697917086072266,0.1990549589972943,1.85410026460886e-05,0.00010437506716698408,0.11144166707526892,0.2992371680447832,0.48686479195021093
484,random_0481,random_cycle_chord,20260824,crossing_rich,8,200,7,15,21,4.029987755767921,True,True,,perf/incremental-yamada-frontier-order,1d8374f42cccbb16d78d44100a65ca603d7d1997,3.14.7,macOS-26.6.2-arm64-arm-64bit-Mach-O,arm,0.051124207908287644,0.14862037496641278,0.05132337496615946,0.015912416973151267,0.016534917056560516,0.032543167006224394,7.508404087275267e-05,0.016647167038172483,0.01764224993530661,0.0020022080279886723,0.06890987604856491,0.1527427090331912,0.00011462497059255838,0.29214437503833324,0.04228383407462388,0.3344282091129571,3.837491385638714e-05,0.00021479208953678608,0.1950265431078151,0.3947711259825155,0.6924391669454053
485,random_0482,random_cycle_chord,20260824,crossing_rich,3,200,5,12,16,4.535493474234666,True,True,,perf/incremental-yamada-frontier-order,1d8374f42cccbb16d78d44100a65ca603d7d1997,3.14.7,macOS-26.6.2-arm64-arm-64bit-Mach-O,arm,0.0414561660727486,0.14918954099994153,0.0438412920339033,0.009875166928395629,0.010945542016997933,0.02147012494970113,3.658293280750513e-05,0.011125707998871803,0.011728332960046828,0.0011662920005619526,0.04552704084198922,0.11022358306217939,9.054201655089855e-05,0.21043312503024936,0.02182279108092189,0.23225591611117125,2.287491224706173e-05,0.00012445799075067043,0.13204637414310127,0.3226920812157914,0.5376055419910699
486,random_0483,random_cycle_chord,20260824,crossing_rich,3,200,5,12,16,4.521116369498364,True,True,,perf/incremental-yamada-frontier-order,1d8374f42cccbb16d78d44100a65ca603d7d1997,3.14.7,macOS-26.6.2-arm64-arm-64bit-Mach-O,arm,0.041111083002761006,0.14823637495283037,0.042716459021903574,0.0098547920351848,0.010744917090050876,0.021116583957336843,4.1500083170831203e-05,0.01098208304028958,0.011486666975542903,0.0012039589928463101,0.04483079304918647,0.10818579199258238,0.00011204194743186235,0.21048329095356166,0.023355167009867728,0.2338384579634294,2.6499968953430653e-05,0.0001348330406472087,0.1315409590024501,0.3208884169580415,0.5358999170130119
487,random_0484,random_cycle_chord,20260824,crossing_rich,10,200,8,15,22,4.045224058262954,True,True,,perf/incremental-yamada-frontier-order,1d8374f42cccbb16d78d44100a65ca603d7d1997,3.14.7,macOS-26.6.2-arm64-arm-64bit-Mach-O,arm,0.05479770805686712,0.15217395906802267,0.05054433399345726,0.018729790928773582,0.019743542070500553,0.039194416953250766,0.00011775002349168062,0.020212207920849323,0.020985292037948966,0.002520916983485222,0.08303058391902596,0.1721625840291381,0.0001570410095155239,0.31364720896817744,0.05250870902091265,0.3661559179890901,3.945792559534311e-05,0.0002578749554231763,0.22467129305005074,0.4316429601749405,0.7507068749982864
488,random_0485,random_cycle_chord,20260824,crossing_rich,9,200,7,15,21,4.047824602959628,True,True,,perf/incremental-yamada-frontier-order,1d8374f42cccbb16d78d44100a65ca603d7d1997,3.14.7,macOS-26.6.2-arm64-arm-64bit-Mach-O,arm,0.05180845793802291,0.152077249949798,0.049883749918080866,0.01608750002924353,0.01732604205608368,0.03362645802553743,8.295802399516106e-05,0.017244582995772362,0.01831120904535055,0.00213425001129508,0.07139945810195059,0.15476199996192008,0.000130290980450809,0.29862154193688184,0.05380516697186977,0.3524267089087516,3.695790655910969e-05,0.00022966705728322268,0.20856716693378985,0.41245287482161075,0.7164789580274373
489,random_0486,random_cycle_chord,20260824,crossing_rich,7,200,7,15,21,4.0462888826116306,True,True,,perf/incremental-yamada-frontier-order,1d8374f42cccbb16d78d44100a65ca603d7d1997,3.14.7,macOS-26.6.2-arm64-arm-64bit-Mach-O,arm,0.05218195798806846,0.14893895806744695,0.0466651669703424,0.01497825002297759,0.01568020903505385,0.033342250040732324,0.00011875003110617399,0.016963292029686272,0.017010083072818816,0.0019902910571545362,0.06942466623149812,0.14680720900651067,0.00012741703540086746,0.3636668750550598,0.05447312502656132,0.4181400000816211,6.00829953327775e-05,0.0002460000105202198,0.201280334033072,0.4024012500885874,0.7731205829186365
490,random_0487,random_cycle_chord,20260824,crossing_rich,3,200,5,12,16,4.422435795547162,True,True,,perf/incremental-yamada-frontier-order,1d8374f42cccbb16d78d44100a65ca603d7d1997,3.14.7,macOS-26.6.2-arm64-arm-64bit-Mach-O,arm,0.054499250021763146,0.1539351249812171,0.042643167078495026,0.010582792107015848,0.01109600008931011,0.022021875018253922,6.658292841166258e-05,0.01149316702503711,0.011703499942086637,0.0011840419610962272,0.04646916687488556,0.11086670798249543,0.00010175001807510853,0.21329716604668647,0.02114166598767042,0.2344388320343569,2.404092811048031e-05,0.00013575004413723946,0.13200837397016585,0.3404427489731461,0.5583278329577297
491,random_0488,random_cycle_chord,20260824,crossing_rich,5,200,6,13,18,4.066063244299301,True,True,,perf/incremental-yamada-frontier-order,1d8374f42cccbb16d78d44100a65ca603d7d1997,3.14.7,macOS-26.6.2-arm64-arm-64bit-Mach-O,arm,0.045305749983526766,0.14861624990589917,0.048139541991986334,0.012103709043003619,0.013411708059720695,0.02612425002735108,6.837502587586641e-05,0.013396749971434474,0.014041499933227897,0.0016113329911604524,0.05524220794904977,0.12895383406430483,0.00010674993973225355,0.24251000001095235,0.03165395895484835,0.2741639589658007,2.8333975933492184e-05,0.00016891700215637684,0.16060779301915318,0.3545297929085791,0.6018965829862282
492,random_0489,random_cycle_chord,20260824,crossing_rich,5,200,6,14,19,4.2725090899003115,True,True,,perf/incremental-yamada-frontier-order,1d8374f42cccbb16d78d44100a65ca603d7d1997,3.14.7,macOS-26.6.2-arm64-arm-64bit-Mach-O,arm,0.04815362498629838,0.14892629208043218,0.04248937498778105,0.0116886249743402,0.0133264169562608,0.026291875052265823,4.566705320030451e-05,0.013579791993834078,0.014430209062993526,0.0016159580554813147,0.05596350121777505,0.12350891600362957,0.00010179192759096622,0.23835195798892528,0.03230724995955825,0.2706592079484835,2.9582995921373367e-05,0.00017116591334342957,0.1558161659631878,0.3528960830299184,0.5960994580527768
493,random_0490,random_cycle_chord,20260824,crossing_rich,4,200,5,13,17,4.567273296816759,True,True,,perf/incremental-yamada-frontier-order,1d8374f42cccbb16d78d44100a65ca603d7d1997,3.14.7,macOS-26.6.2-arm64-arm-64bit-Mach-O,arm,0.0441290830494836,0.1487089580623433,0.04456779093015939,0.010328957927413285,0.011723499977961183,0.02308737498242408,3.754196222871542e-05,0.011998333036899567,0.012613459024578333,0.0013358750147745013,0.0490725840209052,0.11572658293880522,9.287497960031033e-05,0.22608279110863805,0.026185124996118248,0.2522679161047563,3.4207943826913834e-05,0.0001622500130906701,0.14191170793492347,0.33474974904675037,0.5654481669189408
494,random_0491,random_cycle_chord,20260824,crossing_rich,8,200,7,15,21,4.051795663612077,True,True,,perf/incremental-yamada-frontier-order,1d8374f42cccbb16d78d44100a65ca603d7d1997,3.14.7,macOS-26.6.2-arm64-arm-64bit-Mach-O,arm,0.05231404094956815,0.15351849992293864,0.04391558398492634,0.014546582940965891,0.01707795902621001,0.03387029201257974,9.758304804563522e-05,0.01772000000346452,0.018869791994802654,0.002174625056795776,0.07273229211568832,0.14834587497171015,0.00012812495697289705,0.30615475005470216,0.045764542068354785,0.35191929212305695,4.437495954334736e-05,0.00022375001572072506,0.19411041704006493,0.39994295791257173,0.7118164589628577
495,random_0492,random_cycle_chord,20260824,crossing_rich,5,200,6,14,19,4.293860328725717,True,True,,perf/incremental-yamada-frontier-order,1d8374f42cccbb16d78d44100a65ca603d7d1997,3.14.7,macOS-26.6.2-arm64-arm-64bit-Mach-O,arm,0.04863158310763538,0.15197691693902016,0.04413041693624109,0.012418458005413413,0.013445415999740362,0.026665457990020514,0.00010312499944120646,0.013721665949560702,0.014286917052231729,0.0015727499267086387,0.05634991591796279,0.1263982499949634,0.00011695805005729198,0.38009324995800853,0.02898824994917959,0.4090814999071881,3.0082999728620052e-05,0.00016974995378404856,0.155386499944143,0.35599499999079853,0.7405805420130491
496,random_0493,random_cycle_chord,20260824,crossing_rich,9,200,7,15,21,4.04578955014128,True,True,,perf/incremental-yamada-frontier-order,1d8374f42cccbb16d78d44100a65ca603d7d1997,3.14.7,macOS-26.6.2-arm64-arm-64bit-Mach-O,arm,0.053284249966964126,0.15073345799464732,0.047705083969049156,0.015968249994330108,0.01808483398053795,0.034463000018149614,8.287501987069845e-05,0.018081291927956045,0.066733582993038,0.003933832980692387,0.12329458293970674,0.2051417080219835,0.00027645891532301903,0.33697566599585116,0.10814933304209262,0.4451249990379438,5.11660473421216e-05,0.00023370899725705385,0.3132910410640761,0.5173087490256876,0.8601838329341263
497,random_0494,random_cycle_chord,20260824,crossing_rich,4,200,5,12,16,4.039159252732046,True,True,,perf/incremental-yamada-frontier-order,1d8374f42cccbb16d78d44100a65ca603d7d1997,3.14.7,macOS-26.6.2-arm64-arm-64bit-Mach-O,arm,0.04185704106930643,0.15187250007875264,0.04143816593568772,0.010896374937146902,0.011559042031876743,0.022550125024281442,3.825000021606684e-05,0.011813541990704834,0.012403832981362939,0.001294249901548028,0.04809999989811331,0.11202904197853059,8.987495675683022e-05,0.21667724999133497,0.02833150001242757,0.24500875000376254,3.2667070627212524e-05,0.00016429193783551455,0.14036054199095815,0.3340900831390172,0.5556037910282612
498,random_0495,random_cycle_chord,20260824,baseline,0,200,3,15,17,4.045841291458585,True,True,,perf/incremental-yamada-frontier-order,1d8374f42cccbb16d78d44100a65ca603d7d1997,3.14.7,macOS-26.6.2-arm64-arm-64bit-Mach-O,arm,0.04326370800845325,0.15924012497998774,0.021899000043049455,0.007370666950009763,0.006701875012367964,0.013148833066225052,4.108308348804712e-05,0.006713499897159636,0.006917666993103921,0.000563542009331286,0.027384625049307942,0.06338420801330358,0.00010062498040497303,0.22718733304645866,0.010171166970394552,0.2373585000168532,1.9417027942836285e-05,8.816702757030725e-05,0.07355537498369813,0.2760592079721391,0.5080400829901919
499,random_0496,random_cycle_chord,20260824,crossing_rich,5,200,6,13,18,4.025207983523814,True,True,,perf/incremental-yamada-frontier-order,1d8374f42cccbb16d78d44100a65ca603d7d1997,3.14.7,macOS-26.6.2-arm64-arm-64bit-Mach-O,arm,0.04584958404302597,0.15580612502526492,0.042799541959539056,0.012057124986313283,0.013207833049818873,0.025876124971546233,5.8666104450821877e-05,0.013513999991118908,0.014704417088069022,0.0016103340312838554,0.05576354218646884,0.12387383298482746,0.0001377919688820839,0.254709041910246,0.03212220803834498,0.286831249948591,3.2625044696033e-05,0.00017041596584022045,0.15599604102317244,0.3576517500914633,0.6171638750238344
500,random_0497,random_cycle_chord,20260824,crossing_rich,9,200,7,15,21,4.046178404911598,True,True,,perf/incremental-yamada-frontier-order,1d8374f42cccbb16d78d44100a65ca603d7d1997,3.14.7,macOS-26.6.2-arm64-arm-64bit-Mach-O,arm,0.05269045801833272,0.1612222921103239,0.04739724996034056,0.016631500096991658,0.01740841707214713,0.033866917015984654,8.74579418450594e-05,0.017269958974793553,0.018527708016335964,0.0021328330039978027,0.07188487495295703,0.15339429199229926,0.00014395802281796932,0.29534754203632474,0.05128570809029043,0.34663325012661517,4.2375060729682446e-05,0.00022499996703118086,0.20468000008258969,0.4185927502112463,0.7192576660308987
501,random_0498,random_cycle_chord,20260824,crossing_rich,6,200,6,13,18,4.562266402594006,True,True,,perf/incremental-yamada-frontier-order,1d8374f42cccbb16d78d44100a65ca603d7d1997,3.14.7,macOS-26.6.2-arm64-arm-64bit-Mach-O,arm,0.04738875001203269,0.15040833305101842,0.05126954196020961,0.013153958017937839,0.014502624981105328,0.027392416959628463,7.49579630792141e-05,0.013829333009198308,0.014560249983333051,0.0016233330825343728,0.05748029099777341,0.13648083293810487,9.833299554884434e-05,0.2448110830737278,0.03404525003861636,0.27885633311234415,2.9208953492343426e-05,0.00017512496560811996,0.17052608297672123,0.36832316603977233,0.6183090000413358
502,random_0499,random_cycle_chord,20260824,crossing_rich,4,200,5,14,18,4.2930016414511645,True,True,,perf/incremental-yamada-frontier-order,1d8374f42cccbb16d78d44100a65ca603d7d1997,3.14.7,macOS-26.6.2-arm64-arm-64bit-Mach-O,arm,0.045211374992504716,0.14868075004778802,0.045371790998615324,0.01030137506313622,0.011448332923464477,0.02256125002168119,4.7874986194074154e-05,0.01165104191750288,0.01225387491285801,0.0013072920264676213,0.047821333864703774,0.11498120799660683,9.041605517268181e-05,0.23752854205667973,0.02743812499102205,0.2649666670477018,2.587493509054184e-05,0.00015062501188367605,0.14241933298762888,0.3363114580279216,0.5784298341022804
503,random_0500,random_cycle_chord,20260824,crossing_rich,6,200,6,14,19,4.294260654418928,True,True,,perf/incremental-yamada-frontier-order,1d8374f42cccbb16d78d44100a65ca603d7d1997,3.14.7,macOS-26.6.2-arm64-arm-64bit-Mach-O,arm,0.05127154104411602,0.16268891608342528,0.04860412504058331,0.016203541890718043,0.01639941695611924,0.028699625050649047,6.854208186268806e-05,0.014555874979123473,0.015383042045868933,0.0016807499341666698,0.06038783409167081,0.14167275000363588,0.0001142079709097743,0.2587634159717709,0.03221458301413804,0.2909779989859089,3.062502946704626e-05,0.0001800829777494073,0.17388733301777393,0.38784779014531523,0.6516750410664827
504,random_0501,random_cycle_chord,20260824,crossing_rich,2,200,4,13,16,4.08514027728585,True,True,,perf/incremental-yamada-frontier-order,1d8374f42cccbb16d78d44100a65ca603d7d1997,3.14.7,macOS-26.6.2-arm64-arm-64bit-Mach-O,arm,0.03999441605992615,0.16144533304031938,0.03755537502001971,0.009077291935682297,0.009591124951839447,0.01837454200722277,4.366703797131777e-05,0.009446416981518269,0.009968125028535724,0.0008866250282153487,0.03871937608346343,0.09498637507203966,9.074993431568146e-05,0.2131732499692589,0.015694290981628,0.2288675409508869,1.9083963707089424e-05,0.00010245805606245995,0.11068066605366766,0.3121204151539132,0.531790625071153
505,random_0502,random_cycle_chord,20260824,crossing_rich,4,200,5,12,16,4.878300906497432,True,True,,perf/incremental-yamada-frontier-order,1d8374f42cccbb16d78d44100a65ca603d7d1997,3.14.7,macOS-26.6.2-arm64-arm-64bit-Mach-O,arm,0.045310707995668054,0.153849457972683,0.045463250018656254,0.0117518330225721,0.012183540966361761,0.022417417028918862,4.1082967072725296e-05,0.011677375063300133,0.012612458085641265,0.0013197080697864294,0.048068041214719415,0.11751183401793242,0.00010608404409140348,0.21658562496304512,0.025833999970927835,0.24241962493397295,2.558401320129633e-05,0.00014741707127541304,0.14334583398886025,0.3425059999572113,0.5640912500675768
506,random_0503,random_cycle_chord,20260824,crossing_rich,6,200,6,14,19,4.290612677499346,True,True,,perf/incremental-yamada-frontier-order,1d8374f42cccbb16d78d44100a65ca603d7d1997,3.14.7,macOS-26.6.2-arm64-arm-64bit-Mach-O,arm,0.04838983400259167,0.14944933401420712,0.04487762495409697,0.014023207942955196,0.01411695801652968,0.027800458017736673,5.0459057092666626e-05,0.014533416950143874,0.015340541023761034,0.0017165830358862877,0.059441458084620535,0.13250549999065697,0.00010129192378371954,0.2557985840830952,0.03555787494406104,0.29135645902715623,2.9082992114126682e-05,0.00018595799338072538,0.168063374934718,0.3659025429515168,0.6264320000773296
507,random_0504,random_cycle_chord,20260824,crossing_rich,3,200,5,11,15,4.379207428538472,True,True,,perf/incremental-yamada-frontier-order,1d8374f42cccbb16d78d44100a65ca603d7d1997,3.14.7,macOS-26.6.2-arm64-arm-64bit-Mach-O,arm,0.03864124999381602,0.14777562499511987,0.039911125088110566,0.00948187499307096,0.01036466599907726,0.02041945804376155,3.658398054540157e-05,0.010586832999251783,0.011121375020593405,0.0012085828930139542,0.043372832937166095,0.10316341591533273,8.400005754083395e-05,0.1996322909835726,0.022379208938218653,0.22201149992179126,2.3166066966950893e-05,0.0001319999573752284,0.1255426248535514,0.3119594998424873,0.5160394998965785
508,random_0505,random_cycle_chord,20260824,crossing_rich,8,200,7,15,21,4.047165807969902,True,True,,perf/incremental-yamada-frontier-order,1d8374f42cccbb16d78d44100a65ca603d7d1997,3.14.7,macOS-26.6.2-arm64-arm-64bit-Mach-O,arm,0.05152120895218104,0.14852991700172424,0.045676291920244694,0.01528612500987947,0.01690874993801117,0.033364832983352244,6.474996916949749e-05,0.01718175003770739,0.018263125093653798,0.002053665928542614,0.07092812401242554,0.1488534159725532,0.00010945799294859171,0.2909532079938799,0.04771541606169194,0.33866862405557185,3.604206722229719e-05,0.00021604204084724188,0.19656883203424513,0.3966199579881504,0.6931501249782741
509,random_0506,random_cycle_chord,20260824,crossing_rich,3,200,5,12,16,4.877195418018477,True,True,,perf/incremental-yamada-frontier-order,1d8374f42cccbb16d78d44100a65ca603d7d1997,3.14.7,macOS-26.6.2-arm64-arm-64bit-Mach-O,arm,0.04268720804248005,0.1489790000487119,0.042997917043976486,0.010605290997773409,0.011965707992203534,0.023127874941565096,5.383300594985485e-05,0.012043416034430265,0.01223945792298764,0.0011621670564636588,0.048626748961396515,0.1142612500116229,0.00010200007818639278,0.29751066607423127,0.020014459034428,0.31752512510865927,2.562499139457941e-05,0.00012608407996594906,0.1342757090460509,0.32594191713724285,0.6276778749888763
510,random_0507,random_cycle_chord,20260824,crossing_rich,2,200,4,11,14,5.020585545175216,True,True,,perf/incremental-yamada-frontier-order,1d8374f42cccbb16d78d44100a65ca603d7d1997,3.14.7,macOS-26.6.2-arm64-arm-64bit-Mach-O,arm,0.03847645805217326,0.14785041706636548,0.03955375007353723,0.00855416595004499,0.009021415957249701,0.017768457997590303,3.91670037060976e-05,0.009165833005681634,0.009564667008817196,0.0009399999398738146,0.037478124955669045,0.09463966696057469,7.79579859226942e-05,0.18268950004130602,0.0167569579789415,0.19944645802024752,1.8959050066769123e-05,0.00010800000745803118,0.11139662493951619,0.2977235000580549,0.48471854196395725
511,random_0508,random_cycle_chord,20260824,crossing_rich,4,200,5,12,16,4.627259016696858,True,True,,perf/incremental-yamada-frontier-order,1d8374f42cccbb16d78d44100a65ca603d7d1997,3.14.7,macOS-26.6.2-arm64-arm-64bit-Mach-O,arm,0.04169429198373109,0.14792091702111065,0.04361370799597353,0.01001999992877245,0.011315625044517219,0.02234625001437962,3.774999640882015e-05,0.011530957999639213,0.012179417070001364,0.0013046669773757458,0.04739904205780476,0.11238208308350295,9.27080400288105e-05,0.212471584090963,0.024722417001612484,0.2371940010925755,2.3290980607271194e-05,0.00014120806008577347,0.13710450008511543,0.3267197090899572,0.543661208008416
512,random_0509,random_cycle_chord,20260824,baseline,0,200,3,14,16,4.290023032224696,True,True,,perf/incremental-yamada-frontier-order,1d8374f42cccbb16d78d44100a65ca603d7d1997,3.14.7,macOS-26.6.2-arm64-arm-64bit-Mach-O,arm,0.04077045898884535,0.14759983390104026,0.018802416045218706,0.006984832929447293,0.00746091699693352,0.014718750026077032,2.1707965061068535e-05,0.007614291971549392,0.0078123330604285,0.0005422080866992474,0.03070929110981524,0.06397712498437613,7.52090709283948e-05,0.206365582998842,0.008482875069603324,0.21484845806844532,1.4333054423332214e-05,6.691599264740944e-05,0.07246000005397946,0.26083029294386506,0.4713621250120923
513,random_0510,random_cycle_chord,20260824,crossing_rich,5,200,6,14,19,4.295693464408891,True,True,,perf/incremental-yamada-frontier-order,1d8374f42cccbb16d78d44100a65ca603d7d1997,3.14.7,macOS-26.6.2-arm64-arm-64bit-Mach-O,arm,0.04761833290103823,0.14850487501826137,0.046501916949637234,0.011353957932442427,0.013242834014818072,0.02615879091899842,4.4625019654631615e-05,0.01356379094067961,0.01428849995136261,0.0014949999749660492,0.05555070680566132,0.1266895829467103,0.00011500006075948477,0.2334312089951709,0.029123457963578403,0.2625546669587493,2.7666916139423847e-05,0.00015758397057652473,0.1558130409102887,0.3519362488295883,0.5904765840386972
514,random_0511,random_cycle_chord,20260824,crossing_rich,5,200,6,14,19,4.295939729066652,True,True,,perf/incremental-yamada-frontier-order,1d8374f42cccbb16d78d44100a65ca603d7d1997,3.14.7,macOS-26.6.2-arm64-arm-64bit-Mach-O,arm,0.04804429202340543,0.14872433291748166,0.04281174996867776,0.01133241702336818,0.012726332992315292,0.025088791036978364,4.695798270404339e-05,0.013056125026196241,0.013776332954876125,0.0015888750785961747,0.05355708207935095,0.12046925001777709,0.00012954208068549633,0.2502335000317544,0.030654000001959503,0.2808875000337139,2.804200630635023e-05,0.00016799999866634607,0.1511232500197366,0.3478918749606237,0.6032630830304697
515,random_0512,random_cycle_chord,20260824,crossing_rich,6,200,6,14,19,4.29299015683227,True,True,,perf/incremental-yamada-frontier-order,1d8374f42cccbb16d78d44100a65ca603d7d1997,3.14.7,macOS-26.6.2-arm64-arm-64bit-Mach-O,arm,0.047630875022150576,0.14828283293172717,0.043204666930250823,0.01375641708727926,0.01382650004234165,0.027402167092077434,5.025009158998728e-05,0.014184916974045336,0.015007250010967255,0.0016734160017222166,0.05831800017040223,0.12915020901709795,0.00010366598144173622,0.2531908330274746,0.033476958982646465,0.28666779201012105,3.0499999411404133e-05,0.00017716700676828623,0.16262716799974442,0.35854087595362216,0.6164347089361399
516,random_0513,random_cycle_chord,20260824,crossing_rich,4,200,5,12,16,4.880744041137513,True,True,,perf/incremental-yamada-frontier-order,1d8374f42cccbb16d78d44100a65ca603d7d1997,3.14.7,macOS-26.6.2-arm64-arm-64bit-Mach-O,arm,0.042932874988764524,0.14831020904239267,0.04759529104921967,0.010300916037522256,0.011772583005949855,0.023156250012107193,3.7041958421468735e-05,0.011960707954131067,0.012633292004466057,0.0012699579820036888,0.049057249911129475,0.11876387498341501,8.520798292011023e-05,0.2104782499372959,0.02407820802181959,0.2345564579591155,2.3250002413988113e-05,0.00013766600750386715,0.1428420830052346,0.3340851670363918,0.5492509580217302
517,random_0514,random_cycle_chord,20260824,crossing_rich,3,200,5,12,16,4.448135394686294,True,True,,perf/incremental-yamada-frontier-order,1d8374f42cccbb16d78d44100a65ca603d7d1997,3.14.7,macOS-26.6.2-arm64-arm-64bit-Mach-O,arm,0.040861790999770164,0.14849287504330277,0.04086770792491734,0.009717082954011858,0.010398583021014929,0.020536666037514806,4.541699308902025e-05,0.010669708019122481,0.011104541947133839,0.0012122499756515026,0.04356858297251165,0.10459274996537715,8.549995254725218e-05,0.20748150011058897,0.021236417000181973,0.22871791711077094,2.329191192984581e-05,0.00013899989426136017,0.12582916696555912,0.31518383300863206,0.5271443750243634
518,random_0515,random_cycle_chord,20260824,crossing_rich,3,200,5,12,16,4.046007470266136,True,True,,perf/incremental-yamada-frontier-order,1d8374f42cccbb16d78d44100a65ca603d7d1997,3.14.7,macOS-26.6.2-arm64-arm-64bit-Mach-O,arm,0.03987866698298603,0.1481188329635188,0.03650741698220372,0.009701792034320533,0.010489334003068507,0.020728374947793782,4.63330652564764e-05,0.010710708098486066,0.01128700003027916,0.0012202910147607327,0.043992707156576216,0.10072879202198237,8.579099085181952e-05,0.20926012506242841,0.021676374948583543,0.23093650001101196,2.2916938178241253e-05,0.0001325419871136546,0.12240516697056592,0.31040266691707075,0.5241431669564918
519,random_0516,random_cycle_chord,20260824,crossing_rich,3,200,5,12,16,4.396848772732259,True,True,,perf/incremental-yamada-frontier-order,1d8374f42cccbb16d78d44100a65ca603d7d1997,3.14.7,macOS-26.6.2-arm64-arm-64bit-Mach-O,arm,0.04058700008317828,0.14835887495428324,0.041706041898578405,0.009682208066806197,0.010513458983041346,0.020770999952219427,3.833300434052944e-05,0.010793833993375301,0.011344667058438063,0.0012119589373469353,0.044159792945720255,0.10609779192600399,8.520798292011023e-05,0.21064016700256616,0.0225863748928532,0.23322654189541936,2.491706982254982e-05,0.0001335000852122903,0.1286841668188572,0.3176300418563187,0.5327445829752833
520,random_0517,random_cycle_chord,20260824,crossing_rich,5,200,6,15,20,4.007539894453767,True,True,,perf/incremental-yamada-frontier-order,1d8374f42cccbb16d78d44100a65ca603d7d1997,3.14.7,macOS-26.6.2-arm64-arm-64bit-Mach-O,arm,0.04934841603972018,0.15564462495967746,0.043761083972640336,0.013581666979007423,0.013757625012658536,0.027110665920190513,4.483293741941452e-05,0.014007417019456625,0.014716790989041328,0.0015655000461265445,0.057445206912234426,0.12858704198151827,0.00010316597763448954,0.26556820899713784,0.030995124951004982,0.2965633339481428,2.8999987989664078e-05,0.00017100002150982618,0.15958216693252325,0.3645752079319209,0.6348938749870285
521,random_0518,random_cycle_chord,20260824,crossing_rich,7,200,6,13,18,4.566127526172595,True,True,,perf/incremental-yamada-frontier-order,1d8374f42cccbb16d78d44100a65ca603d7d1997,3.14.7,macOS-26.6.2-arm64-arm-64bit-Mach-O,arm,0.04725683305878192,0.1487398340832442,0.04827716597355902,0.01468745805323124,0.014534458052366972,0.028645207989029586,6.475008558481932e-05,0.014679291984066367,0.015387833933345973,0.001690667006187141,0.06046775099821389,0.13801962498109788,9.700004011392593e-05,0.24755783309228718,0.03766054206062108,0.28521837515290827,2.9459013603627682e-05,0.00018129195086658,0.17568016704171896,0.3716768341837451,0.6246602080063894
522,random_0519,random_cycle_chord,20260824,crossing_rich,7,200,6,11,16,4.016552319316133,True,True,,perf/incremental-yamada-frontier-order,1d8374f42cccbb16d78d44100a65ca603d7d1997,3.14.7,macOS-26.6.2-arm64-arm-64bit-Mach-O,arm,0.039570875000208616,0.14857383293565363,0.04140504205133766,0.013601416954770684,0.014846000005491078,0.02915054198820144,4.912493750452995e-05,0.015133833978325129,0.015972916968166828,0.001742082997225225,0.06204850086942315,0.13194612506777048,9.170803241431713e-05,0.2240447080694139,0.03769637504592538,0.2617410831153393,2.9624905437231064e-05,0.0001859589247033,0.16964250011369586,0.3577872080495581,0.5865674999076873
523,random_0520,random_cycle_chord,20260824,crossing_rich,3,200,5,12,16,4.341888284762767,True,True,,perf/incremental-yamada-frontier-order,1d8374f42cccbb16d78d44100a65ca603d7d1997,3.14.7,macOS-26.6.2-arm64-arm-64bit-Mach-O,arm,0.040766083053313196,0.14794158306904137,0.03749529190827161,0.0099406250519678,0.010596749954856932,0.020938457921147346,4.333304241299629e-05,0.010852624895051122,0.011360374977812171,0.0012645419919863343,0.04445933282840997,0.10253154090605676,0.000101707992143929,0.2123586250236258,0.022685374948196113,0.2350439999718219,2.3250002413988113e-05,0.00014062505215406418,0.12521691585425287,0.31392458197660744,0.5308475838974118
524,random_0521,random_cycle_chord,20260824,crossing_rich,4,200,5,13,17,4.5650453514923335,True,True,,perf/incremental-yamada-frontier-order,1d8374f42cccbb16d78d44100a65ca603d7d1997,3.14.7,macOS-26.6.2-arm64-arm-64bit-Mach-O,arm,0.04383458406664431,0.14830258407164365,0.04379358293954283,0.010335624916478992,0.011471625068224967,0.02259241696447134,3.900006413459778e-05,0.011776792001910508,0.012370958924293518,0.0012935419799759984,0.04807270993478596,0.11370924999937415,9.029090870171785e-05,0.22545954200904816,0.025311124976724386,0.25077066698577255,2.391706220805645e-05,0.00014116696547716856,0.13902037497609854,0.3311575431143865,0.5613026249920949
525,random_0522,random_cycle_chord,20260824,crossing_rich,8,200,7,14,20,4.290961009392007,True,True,,perf/incremental-yamada-frontier-order,1d8374f42cccbb16d78d44100a65ca603d7d1997,3.14.7,macOS-26.6.2-arm64-arm-64bit-Mach-O,arm,0.05099195905495435,0.1489994579460472,0.05400258407462388,0.015531459008343518,0.016190499998629093,0.03197404195088893,5.1042065024375916e-05,0.016568249906413257,0.017665249994024634,0.0020796669414266944,0.0683382508577779,0.15410879207774997,0.00011033297050744295,0.27597158402204514,0.04596420901361853,0.32193579303566366,3.38749960064888e-05,0.00021591607946902514,0.2000730010913685,0.40006441809237003,0.6813322079833597
526,random_0523,random_cycle_chord,20260824,crossing_rich,2,200,4,12,15,4.392484112820021,True,True,,perf/incremental-yamada-frontier-order,1d8374f42cccbb16d78d44100a65ca603d7d1997,3.14.7,macOS-26.6.2-arm64-arm-64bit-Mach-O,arm,0.037901500007137656,0.14958945906255394,0.04577904206234962,0.009485625079832971,0.009205417009070516,0.01791829103603959,5.962490104138851e-05,0.00919479108415544,0.009616416064091027,0.0009359159739688039,0.03772503905929625,0.10225195810198784,0.00010454095900058746,0.2052960420260206,0.017412459012120962,0.22270850103814155,2.474989742040634e-05,0.00012020801659673452,0.1196644171141088,0.3071553761838004,0.5170078329974785
527,random_0524,random_cycle_chord,20260824,crossing_rich,12,200,8,15,22,4.043981883256385,True,True,,perf/incremental-yamada-frontier-order,1d8374f42cccbb16d78d44100a65ca603d7d1997,3.14.7,macOS-26.6.2-arm64-arm-64bit-Mach-O,arm,0.05696316692046821,0.15411295893136412,0.05665491707623005,0.018295290996320546,0.02078504196833819,0.041374458000063896,9.67090018093586e-05,0.02102637500502169,0.022946375072933733,0.002625958062708378,0.08806987514253706,0.18388433300424367,0.00015974999405443668,0.3259445419535041,0.05548233399167657,0.38142687594518065,5.383405368775129e-05,0.00027595798019319773,0.23936666699592024,0.45044279284775257,0.7828236659988761
528,random_0525,random_cycle_chord,20260824,crossing_rich,5,200,6,13,18,4.417480166711883,True,True,,perf/incremental-yamada-frontier-order,1d8374f42cccbb16d78d44100a65ca603d7d1997,3.14.7,macOS-26.6.2-arm64-arm-64bit-Mach-O,arm,0.04821149993222207,0.15278808295261115,0.046365999965928495,0.012635458959266543,0.013722625095397234,0.025658291997388005,8.758401963859797e-05,0.013351667090319097,0.014395833015441895,0.0016554159810766578,0.05514879210386425,0.12794962502084672,0.00013304105959832668,0.2511519999243319,0.032188166049309075,0.283340165973641,3.2957992516458035e-05,0.00018745800480246544,0.1601377910701558,0.361137373954989,0.617278250050731
529,random_0526,random_cycle_chord,20260824,crossing_rich,3,200,5,12,16,4.01639255546737,True,True,,perf/incremental-yamada-frontier-order,1d8374f42cccbb16d78d44100a65ca603d7d1997,3.14.7,macOS-26.6.2-arm64-arm-64bit-Mach-O,arm,0.04001104203052819,0.14883316692430526,0.040803999989293516,0.00969758303835988,0.010400624945759773,0.020807957975193858,6.495905108749866e-05,0.010806499980390072,0.011156207998283207,0.0012281659292057157,0.04406379093416035,0.10501850000582635,0.00010699999984353781,0.22013845795299858,0.022220625076442957,0.24235908302944154,2.5124987587332726e-05,0.00014066696166992188,0.1272391250822693,0.31608333403710276,0.5409490829333663
530,random_0527,random_cycle_chord,20260824,crossing_rich,6,200,6,14,19,4.290728391543308,True,True,,perf/incremental-yamada-frontier-order,1d8374f42cccbb16d78d44100a65ca603d7d1997,3.14.7,macOS-26.6.2-arm64-arm-64bit-Mach-O,arm,0.04986662499140948,0.15308158402331173,0.050727459019981325,0.014339584042318165,0.013598249992355704,0.026654832996428013,4.354200791567564e-05,0.013791374978609383,0.014728875015862286,0.0016598330112174153,0.05687845801003277,0.13558291690424085,9.958306327462196e-05,0.2514130000490695,0.03566699998918921,0.28708000003825873,2.8416980057954788e-05,0.00017608306370675564,0.17124991689343005,0.37419812590815127,0.6305522080510855
531,random_0528,random_cycle_chord,20260824,crossing_rich,4,200,5,13,17,4.572063315029193,True,True,,perf/incremental-yamada-frontier-order,1d8374f42cccbb16d78d44100a65ca603d7d1997,3.14.7,macOS-26.6.2-arm64-arm-64bit-Mach-O,arm,0.04472029197495431,0.14831266610417515,0.04157029197085649,0.010040541994385421,0.011154667008668184,0.021974458009935915,3.612495493143797e-05,0.011400750023312867,0.012100958032533526,0.0013273749500513077,0.046839665970765054,0.10963787499349564,9.200000204145908e-05,0.22266774997115135,0.025355749996379018,0.24802349996753037,2.337503246963024e-05,0.0001453340519219637,0.13499362498987466,0.3280265830690041,0.5552187080029398
532,random_0529,random_cycle_chord,20260824,crossing_rich,4,200,5,12,16,4.113926885216341,True,True,,perf/incremental-yamada-frontier-order,1d8374f42cccbb16d78d44100a65ca603d7d1997,3.14.7,macOS-26.6.2-arm64-arm-64bit-Mach-O,arm,0.041314541012980044,0.1494476250372827,0.04109679104294628,0.010534166009165347,0.011835332959890366,0.02333295892458409,4.179193638265133e-05,0.012034583021886647,0.012649749987758696,0.0013313329545781016,0.049390416825190187,0.11289537500124425,8.816597983241081e-05,0.21483054209966213,0.02735366707202047,0.2421842091716826,2.629193477332592e-05,0.0001522499369457364,0.14024904207326472,0.33101120812352747,0.5503523329971358
533,random_0530,random_cycle_chord,20260824,crossing_rich,5,200,6,14,19,4.291603901894923,True,True,,perf/incremental-yamada-frontier-order,1d8374f42cccbb16d78d44100a65ca603d7d1997,3.14.7,macOS-26.6.2-arm64-arm-64bit-Mach-O,arm,0.04801208304706961,0.14864658296573907,0.043509165989235044,0.011573374969884753,0.013357958057895303,0.026397082954645157,4.383409395813942e-05,0.013642167090438306,0.01448999997228384,0.0015464579919353127,0.056119542103260756,0.12459974992088974,0.00010220904368907213,0.4017055829754099,0.038076624972745776,0.4397822079481557,3.045797348022461e-05,0.00016516703180968761,0.1626763748936355,0.3593350409064442,0.7649712919956073
534,random_0531,random_cycle_chord,20260824,crossing_rich,6,200,6,14,19,4.296327669583265,True,True,,perf/incremental-yamada-frontier-order,1d8374f42cccbb16d78d44100a65ca603d7d1997,3.14.7,macOS-26.6.2-arm64-arm-64bit-Mach-O,arm,0.04886420804541558,0.14869283395819366,0.042085041059181094,0.013414916000328958,0.01418570801615715,0.028020083089359105,4.7208042815327644e-05,0.014512875000946224,0.0153759999666363,0.0016468330286443233,0.05960299912840128,0.12933045893441886,9.883393067866564e-05,0.24975570908281952,0.03331041696947068,0.2830661260522902,2.8959009796380997e-05,0.00017729203682392836,0.16264087590388954,0.3601979179074988,0.6146887079812586
535,random_0532,random_cycle_chord,20260824,crossing_rich,6,200,6,13,18,4.565637894687262,True,True,,perf/incremental-yamada-frontier-order,1d8374f42cccbb16d78d44100a65ca603d7d1997,3.14.7,macOS-26.6.2-arm64-arm-64bit-Mach-O,arm,0.04651804093737155,0.14848687499761581,0.04675245797261596,0.013761167065240443,0.014016333967447281,0.027699834085069597,4.479195922613144e-05,0.014281166018918157,0.015107749961316586,0.0016146249836310744,0.058748167008161545,0.13331791700329632,9.92499990388751e-05,0.24111520894803107,0.032315416960045695,0.27343062590807676,2.8165988624095917e-05,0.00017429201398044825,0.165633333963342,0.3606382498983294,0.6064965840196237
536,random_0533,random_cycle_chord,20260824,crossing_rich,3,200,5,13,17,4.564587171192354,True,True,,perf/incremental-yamada-frontier-order,1d8374f42cccbb16d78d44100a65ca603d7d1997,3.14.7,macOS-26.6.2-arm64-arm-64bit-Mach-O,arm,0.04334091593045741,0.1480442089959979,0.03900887491181493,0.00987083395011723,0.011182916001416743,0.022356292000040412,5.208293441683054e-05,0.01146812504157424,0.012011834071017802,0.001193624921143055,0.04708195896819234,0.10717824997846037,0.00010149995796382427,0.22944654093589634,0.021656124969013035,0.2511026659049094,2.3333006538450718e-05,0.00013162498362362385,0.1288343749474734,0.3202194998739287,0.5541533330688253
537,random_0534,random_cycle_chord,20260824,crossing_rich,3,200,5,12,16,4.509038555973011,True,True,,perf/incremental-yamada-frontier-order,1d8374f42cccbb16d78d44100a65ca603d7d1997,3.14.7,macOS-26.6.2-arm64-arm-64bit-Mach-O,arm,0.041138082975521684,0.1484774580458179,0.0383014160906896,0.00967495795339346,0.01035500003490597,0.020437458995729685,5.308305844664574e-05,0.010623083915561438,0.011007542023435235,0.0011982090072706342,0.04331937700044364,0.1016941670095548,8.7916967459023e-05,0.21051008405629545,0.021263708011247218,0.23177379206754267,2.2792024537920952e-05,0.00013070798013359308,0.12295787502080202,0.3125734160421416,0.5275510420324281
538,random_0535,random_cycle_chord,20260824,crossing_rich,4,200,5,12,16,4.880935705948205,True,True,,perf/incremental-yamada-frontier-order,1d8374f42cccbb16d78d44100a65ca603d7d1997,3.14.7,macOS-26.6.2-arm64-arm-64bit-Mach-O,arm,0.04290920903440565,0.148317625047639,0.04287391703110188,0.010167500004172325,0.011721667018719018,0.023160957964137197,4.0375045500695705e-05,0.011985332937911153,0.012562874937430024,0.0012499999720603228,0.04899954085703939,0.11379562492948025,8.733291178941727e-05,0.31721687503159046,0.02313866699114442,0.3403555420227349,2.4582957848906517e-05,0.00013737508561462164,0.13693429192062467,0.32816112600266933,0.6495762499980628
539,random_0536,random_cycle_chord,20260824,crossing_rich,5,200,6,13,18,4.4461460406221445,True,True,,perf/incremental-yamada-frontier-order,1d8374f42cccbb16d78d44100a65ca603d7d1997,3.14.7,macOS-26.6.2-arm64-arm-64bit-Mach-O,arm,0.04556216695345938,0.15473866695538163,0.04643137496896088,0.011375874979421496,0.013289499911479652,0.026025666040368378,9.350001346319914e-05,0.013516166945919394,0.013781875022687018,0.0015176659217104316,0.05493487394414842,0.12611004197970033,0.00011583301238715649,0.2395559169817716,0.029374915990047157,0.26893083297181875,3.4374999813735485e-05,0.00016645900905132294,0.15548495796974748,0.3557857918785885,0.6003466249676421
540,random_0537,random_cycle_chord,20260823,baseline,0,200,3,10,12,5.621635004475262,True,True,,perf/incremental-yamada-frontier-order,1d8374f42cccbb16d78d44100a65ca603d7d1997,3.14.7,macOS-26.6.2-arm64-arm-64bit-Mach-O,arm,0.03702416596934199,0.15739608299918473,0.02946495800279081,0.0069549159379675984,0.00787383399438113,0.013141999952495098,2.537504769861698e-05,0.006868541007861495,0.007024249993264675,0.0005668329540640116,0.027626998955383897,0.07195875002071261,8.720892947167158e-05,0.1585170419421047,0.009003625018522143,0.16752066696062684,1.8874998204410076e-05,0.00018137507140636444,0.08096237503923476,0.2753826240077615,0.4385135000338778
541,random_0538,random_cycle_chord,20260823,crossing_rich,4,200,5,10,14,5.588414145293055,True,True,,perf/incremental-yamada-frontier-order,1d8374f42cccbb16d78d44100a65ca603d7d1997,3.14.7,macOS-26.6.2-arm64-arm-64bit-Mach-O,arm,0.04361375002190471,0.14925983408465981,0.05226437503006309,0.009864374995231628,0.010597334010526538,0.020853125024586916,3.8375030271708965e-05,0.01085237495135516,0.011554333032108843,0.001371583086438477,0.044669791124761105,0.11742962501011789,8.875003550201654e-05,0.19278899999335408,0.0271325419889763,0.21992154198233038,2.8165988624095917e-05,0.00015237496700137854,0.1445621669990942,0.3374357511056587,0.5347648750757799
542,random_0539,random_cycle_chord,20260823,baseline,0,200,4,14,17,4.291002600752198,True,True,,perf/incremental-yamada-frontier-order,1d8374f42cccbb16d78d44100a65ca603d7d1997,3.14.7,macOS-26.6.2-arm64-arm-64bit-Mach-O,arm,0.04269937495701015,0.14946287497878075,0.02431529201567173,0.007924291072413325,0.008387041976675391,0.016543417004868388,3.324996214359999e-05,0.008694458054378629,0.008976250072009861,0.0007583328988403082,0.03500570799224079,0.07565795793198049,0.0001069169957190752,0.21714420802891254,0.011499916901811957,0.2286441249307245,1.7874990589916706e-05,8.279201574623585e-05,0.08715787483379245,0.27932012476958334,0.5008010830497369
543,random_0540,random_cycle_chord,20260823,baseline,0,200,3,8,10,6.143890753982057,True,True,,perf/incremental-yamada-frontier-order,1d8374f42cccbb16d78d44100a65ca603d7d1997,3.14.7,macOS-26.6.2-arm64-arm-64bit-Mach-O,arm,0.0890743329655379,0.14918758301064372,0.03418662503827363,0.006808500038459897,0.006737458985298872,0.01325600000564009,2.2124964743852615e-05,0.006924499990418553,0.007054041954688728,0.0005437920335680246,0.027800458949059248,0.0755528339650482,6.500002928078175e-05,0.1310109590413049,0.00876879203133285,0.13977975107263774,1.4666002243757248e-05,7.299997378140688e-05,0.08432162599638104,0.32258354197256267,0.4577885000035167
544,random_0541,random_cycle_chord,20260823,crossing_rich,2,200,4,10,13,5.099935296986621,True,True,,perf/incremental-yamada-frontier-order,1d8374f42cccbb16d78d44100a65ca603d7d1997,3.14.7,macOS-26.6.2-arm64-arm-64bit-Mach-O,arm,0.03678412502631545,0.14865966700017452,0.05869487498421222,0.02349499997217208,0.012098292005248368,0.01817070902325213,4.666694439947605e-05,0.00945783406496048,0.009802124928683043,0.0008998749544844031,0.03837720991577953,0.13271983398590237,8.725002408027649e-05,0.17164241604041308,0.016513334005139768,0.18815575004555285,1.850002445280552e-05,0.00010491698049008846,0.14923316799104214,0.3346769600175321,0.5109189170179889
545,random_0542,random_cycle_chord,20260823,baseline,0,200,3,8,10,6.139029091686609,True,True,,perf/incremental-yamada-frontier-order,1d8374f42cccbb16d78d44100a65ca603d7d1997,3.14.7,macOS-26.6.2-arm64-arm-64bit-Mach-O,arm,0.03257045801728964,0.14809212496038526,0.030625374987721443,0.0066171670332551,0.007068875012919307,0.013386416947469115,2.737506292760372e-05,0.007120207999832928,0.0071194160263985395,0.0006085410714149475,0.028261957108043134,0.07260562502779067,6.679201032966375e-05,0.13155937497504056,0.00996920804027468,0.14152858301531523,1.466704998165369e-05,7.954204920679331e-05,0.08257483306806535,0.26323741604574025,0.3990223330911249
546,random_0543,random_cycle_chord,20260823,baseline,0,200,3,10,12,4.702701196562059,True,True,,perf/incremental-yamada-frontier-order,1d8374f42cccbb16d78d44100a65ca603d7d1997,3.14.7,macOS-26.6.2-arm64-arm-64bit-Mach-O,arm,0.03167741699144244,0.14784225006587803,0.02252629108261317,0.00654329196549952,0.006630958989262581,0.013046749983914196,2.2082938812673092e-05,0.0067741250386461616,0.006972874980419874,0.000533167039975524,0.02734899998176843,0.06306900002527982,6.266706623136997e-05,0.15700274996925145,0.008467542007565498,0.16547029197681695,1.4332938008010387e-05,6.816699169576168e-05,0.07153654203284532,0.2510562090901658,0.41221274994313717
547,random_0544,random_cycle_chord,20260823,baseline,0,200,3,10,12,5.618694644456293,True,True,,perf/incremental-yamada-frontier-order,1d8374f42cccbb16d78d44100a65ca603d7d1997,3.14.7,macOS-26.6.2-arm64-arm-64bit-Mach-O,arm,0.0357707500224933,0.14793654205277562,0.02849462500307709,0.006723916972987354,0.006938000093214214,0.01369074999820441,2.1542073227465153e-05,0.007085833931341767,0.007236458011902869,0.0005291670095175505,0.028563751024194062,0.07073900010436773,6.275007035583258e-05,0.15068620804231614,0.008828500052914023,0.15951470809523016,1.650000922381878e-05,7.170799653977156e-05,0.07956750015728176,0.2632747922325507,0.4181245829677209
548,random_0545,random_cycle_chord,20260823,baseline,0,200,4,10,13,4.667011583875877,True,True,,perf/incremental-yamada-frontier-order,1d8374f42cccbb16d78d44100a65ca603d7d1997,3.14.7,macOS-26.6.2-arm64-arm-64bit-Mach-O,arm,0.035451791947707534,0.151599167031236,0.026826207991689444,0.008220624993555248,0.00834225001744926,0.015367167070508003,5.266699008643627e-05,0.008141166064888239,0.008325999951921403,0.0007509579882025719,0.032637958065606654,0.07608341705054045,9.091699030250311e-05,0.17223108396865427,0.011393416905775666,0.18362450087442994,2.158398274332285e-05,8.962501306086779e-05,0.08747683395631611,0.27452779293525964,0.4513180829817429
549,random_0546,random_cycle_chord,20260823,baseline,0,200,3,11,13,5.2241517830360245,True,True,,perf/incremental-yamada-frontier-order,1d8374f42cccbb16d78d44100a65ca603d7d1997,3.14.7,macOS-26.6.2-arm64-arm-64bit-Mach-O,arm,0.03718583402223885,0.14864854200277478,0.025548874982632697,0.006588040967471898,0.006624541943892837,0.01303245802409947,2.1374900825321674e-05,0.006758417002856731,0.006917000049725175,0.0005262079648673534,0.02725545794237405,0.06603570806328207,6.462493911385536e-05,0.16703741601668298,0.008360042003914714,0.1753974580205977,1.3917102478444576e-05,6.770796608179808e-05,0.07439575006719679,0.2602301260922104,0.43140333297196776
550,random_0547,random_cycle_chord,20260823,baseline,0,200,3,8,10,6.173273987204637,True,True,,perf/incremental-yamada-frontier-order,1d8374f42cccbb16d78d44100a65ca603d7d1997,3.14.7,macOS-26.6.2-arm64-arm-64bit-Mach-O,arm,0.03290245798416436,0.14868579199537635,0.030488541000522673,0.006448957952670753,0.00664479099214077,0.01309162494726479,2.1916930563747883e-05,0.00677341700065881,0.0070021250285208225,0.0005818750942125916,0.027470959001220763,0.07107237493619323,5.6582968682050705e-05,0.13022691605146974,0.009412790997885168,0.1396397070493549,1.4874967746436596e-05,7.833307608962059e-05,0.0804851659340784,0.2620734159136191,0.39645574998576194
551,random_0548,random_cycle_chord,20260823,crossing_rich,5,200,5,10,14,4.028874068717481,True,True,,perf/incremental-yamada-frontier-order,1d8374f42cccbb16d78d44100a65ca603d7d1997,3.14.7,macOS-26.6.2-arm64-arm-64bit-Mach-O,arm,0.03465837496332824,0.1488164170878008,0.03505337506067008,0.01038883300498128,0.011930290958844125,0.02352104103192687,3.720889799296856e-05,0.012217791983857751,0.013142084004357457,0.0014768339460715652,0.05039495986420661,0.10779970907606184,9.016692638397217e-05,0.19099866703618318,0.030142290983349085,0.22114095801953226,2.4875043891370296e-05,0.00016350008081644773,0.13794200005941093,0.32141679211054,0.5172957079485059
552,random_0549,random_cycle_chord,20260823,baseline,0,200,3,8,10,6.173547723394714,True,True,,perf/incremental-yamada-frontier-order,1d8374f42cccbb16d78d44100a65ca603d7d1997,3.14.7,macOS-26.6.2-arm64-arm-64bit-Mach-O,arm,0.03272862499579787,0.14805508393328637,0.03042512491811067,0.006661750026978552,0.006741291959770024,0.013180000009015203,2.12501036003232e-05,0.006842707982286811,0.006980790989473462,0.0005558750126510859,0.027580624097026885,0.07142862502951175,5.545793101191521e-05,0.1292965420288965,0.00885624997317791,0.13815279200207442,1.4167046174407005e-05,7.174990605562925e-05,0.08028487500268966,0.2610685839317739,0.3944979580119252
553,random_0550,random_cycle_chord,20260823,crossing_rich,5,200,5,8,12,4.122345477894912,True,True,,perf/incremental-yamada-frontier-order,1d8374f42cccbb16d78d44100a65ca603d7d1997,3.14.7,macOS-26.6.2-arm64-arm-64bit-Mach-O,arm,0.03025533293839544,0.1479462500428781,0.039878583047538996,0.01103779103141278,0.01268795900978148,0.024751042015850544,3.74580267816782e-05,0.012875374988652766,0.013440166949294508,0.0013273749500513077,0.0524314169306308,0.11607720900792629,0.00017091701738536358,0.16913195804227144,0.026124625001102686,0.19525658304337412,2.520799171179533e-05,0.0001627500168979168,0.14220183400902897,0.3204034169903025,0.49453691591043025
554,random_0551,random_cycle_chord,20260823,crossing_rich,5,200,5,8,12,4.199618996085038,True,True,,perf/incremental-yamada-frontier-order,1d8374f42cccbb16d78d44100a65ca603d7d1997,3.14.7,macOS-26.6.2-arm64-arm-64bit-Mach-O,arm,0.03006541694048792,0.14831137494184077,0.03741099999751896,0.010762166930362582,0.01241891598328948,0.024384292075410485,3.63329891115427e-05,0.012689749943092465,0.013410374987870455,0.0013466660166159272,0.051867416012100875,0.11249324993696064,0.0002567500341683626,0.2626446670619771,0.037194957956671715,0.2998396250186488,2.3541972041130066e-05,0.0001477920450270176,0.14968820789363235,0.32806499977596104,0.5947742920834571
555,random_0552,random_cycle_chord,20260823,baseline,0,200,4,11,14,4.045713314152445,True,True,,perf/incremental-yamada-frontier-order,1d8374f42cccbb16d78d44100a65ca603d7d1997,3.14.7,macOS-26.6.2-arm64-arm-64bit-Mach-O,arm,0.034038083045743406,0.14803924993611872,0.022168291034176946,0.008238540962338448,0.008705292013473809,0.0168504579924047,4.2375060729682446e-05,0.008912582998163998,0.00905770796816796,0.0007682079449295998,0.03563133196439594,0.07477700000163168,9.858293924480677e-05,0.2545420000096783,0.01164758310187608,0.2661895831115544,2.174999099224806e-05,9.108404628932476e-05,0.08642458310350776,0.2685019160853699,0.5287014999194071
556,random_0553,random_cycle_chord,20260823,baseline,0,200,3,15,17,4.045808571008379,True,True,,perf/incremental-yamada-frontier-order,1d8374f42cccbb16d78d44100a65ca603d7d1997,3.14.7,macOS-26.6.2-arm64-arm-64bit-Mach-O,arm,0.044068209012039006,0.15991645806934685,0.02414549991954118,0.006541042006574571,0.006415041978470981,0.01383333292324096,5.562498699873686e-05,0.007439374923706055,0.006729583954438567,0.000563165987841785,0.028621082776226103,0.06574316695332527,9.345891885459423e-05,0.2330145000014454,0.010372999939136207,0.24338749994058162,1.5791039913892746e-05,7.54169886931777e-05,0.07611616689246148,0.28010083397384733,0.517415166948922
557,random_0554,random_cycle_chord,20260823,crossing_rich,2,200,4,8,11,6.296958774158315,True,True,,perf/incremental-yamada-frontier-order,1d8374f42cccbb16d78d44100a65ca603d7d1997,3.14.7,macOS-26.6.2-arm64-arm-64bit-Mach-O,arm,0.039002500008791685,0.155433916952461,0.058766791014932096,0.016416957951150835,0.014198875054717064,0.023738707997836173,7.54999928176403e-05,0.009867708082310855,0.010714916046708822,0.0009772920748218894,0.04537412419449538,0.13482575002126396,8.89170914888382e-05,0.14979749999474734,0.01835329202003777,0.1681507920147851,3.7624966353178024e-05,0.0001468330156058073,0.15317904204130173,0.3476154590025544,0.5027347499271855
558,random_0555,random_cycle_chord,20260823,baseline,0,200,3,9,11,5.346909644058,True,True,,perf/incremental-yamada-frontier-order,1d8374f42cccbb16d78d44100a65ca603d7d1997,3.14.7,macOS-26.6.2-arm64-arm-64bit-Mach-O,arm,0.03422920894809067,0.15761154098436236,0.02553545800037682,0.006855458952486515,0.006812250008806586,0.013403500081039965,2.237502485513687e-05,0.006966082961298525,0.007128124940209091,0.0005498330574482679,0.028069916064850986,0.06729208398610353,6.016693077981472e-05,0.1545856660231948,0.011045416933484375,0.16563108295667917,1.9291997887194157e-05,8.274998981505632e-05,0.07833750091958791,0.27017825085204095,0.4290893339784816
559,random_0556,random_cycle_chord,20260823,baseline,0,200,4,14,17,4.297587728147767,True,True,,perf/incremental-yamada-frontier-order,1d8374f42cccbb16d78d44100a65ca603d7d1997,3.14.7,macOS-26.6.2-arm64-arm-64bit-Mach-O,arm,0.04845624999143183,0.14933566597755998,0.021409249980933964,0.007981625036336482,0.008435374940745533,0.01661287492606789,3.4250086173415184e-05,0.008627666044048965,0.008964416105300188,0.0008908750023692846,0.03513008216395974,0.07298791699577123,8.933292701840401e-05,0.22347125003580004,0.012701292056590319,0.23617254209239036,2.4709035642445087e-05,0.00012004200834780931,0.08568920905236155,0.28348112502135336,0.5114389579975978
560,random_0557,random_cycle_chord,20260823,crossing_rich,5,200,5,10,14,4.131405878845025,True,True,,perf/incremental-yamada-frontier-order,1d8374f42cccbb16d78d44100a65ca603d7d1997,3.14.7,macOS-26.6.2-arm64-arm-64bit-Mach-O,arm,0.03527483297511935,0.1596230409340933,0.03434654208831489,0.011141292052343488,0.01213279110379517,0.023898708052001894,3.7416000850498676e-05,0.012476625037379563,0.013420790899544954,0.0013991249725222588,0.05123266496229917,0.10888787498697639,9.366695303469896e-05,0.18444866698700935,0.02733104198705405,0.2117797089740634,2.5333953090012074e-05,0.00015374994836747646,0.13621891697403044,0.3311167908832431,0.5203844580100849
561,random_0558,random_cycle_chord,20260823,baseline,0,200,3,8,10,6.160632606394468,True,True,,perf/incremental-yamada-frontier-order,1d8374f42cccbb16d78d44100a65ca603d7d1997,3.14.7,macOS-26.6.2-arm64-arm-64bit-Mach-O,arm,0.03318279096856713,0.1482209579553455,0.034364207996986806,0.006735250004567206,0.00669937499333173,0.013165000011213124,2.1292013116180897e-05,0.006858209031634033,0.0069731250405311584,0.0005333339795470238,0.02755096007604152,0.07536929205525666,5.808298010379076e-05,0.1292390830349177,0.034040791098959744,0.16327987413387746,6.425008177757263e-05,0.0001611659536138177,0.10941008315421641,0.29081383207812905,0.4252917090198025
562,random_0559,random_cycle_chord,20260823,baseline,0,200,3,9,11,5.36277298411246,True,True,,perf/incremental-yamada-frontier-order,1d8374f42cccbb16d78d44100a65ca603d7d1997,3.14.7,macOS-26.6.2-arm64-arm-64bit-Mach-O,arm,0.06736458407249302,0.14865508396178484,0.02434895804617554,0.006563041009940207,0.006449208012782037,0.012631708988919854,2.220796886831522e-05,0.006575791980139911,0.006745708989910781,0.0005557079566642642,0.026531125884503126,0.06391149992123246,6.11250288784504e-05,0.14231804094742984,0.009008208056911826,0.15132624900434166,1.6249949112534523e-05,7.66669400036335e-05,0.07291970797814429,0.28893937601242214,0.4356321659870446
563,random_0560,random_cycle_chord,20260823,baseline,0,200,3,9,11,5.332832776148421,True,True,,perf/incremental-yamada-frontier-order,1d8374f42cccbb16d78d44100a65ca603d7d1997,3.14.7,macOS-26.6.2-arm64-arm-64bit-Mach-O,arm,0.03192770795430988,0.14857370790559798,0.02547608397435397,0.00693100003991276,0.007106750039383769,0.014475999982096255,4.6874978579580784e-05,0.0075212090741842985,0.007431083009578288,0.0005238750018179417,0.029999042046256363,0.0695332910399884,7.358391303569078e-05,0.14492554205935448,0.008233166998252273,0.15315870905760676,1.4459015801548958e-05,7.004209328442812e-05,0.07776645803824067,0.25826787389814854,0.4073770419927314
564,random_0561,random_cycle_chord,20260823,crossing_rich,5,200,5,8,12,4.269747486782226,True,True,,perf/incremental-yamada-frontier-order,1d8374f42cccbb16d78d44100a65ca603d7d1997,3.14.7,macOS-26.6.2-arm64-arm-64bit-Mach-O,arm,0.03119949996471405,0.1489454589318484,0.044651207979768515,0.01081162504851818,0.0124913330655545,0.024654041975736618,3.758398815989494e-05,0.012752124923281372,0.013313915929757059,0.0013484159717336297,0.05210608278866857,0.12009391596075147,0.0002604159526526928,0.26668695895932615,0.029039541957899928,0.2957265009172261,3.27499583363533e-05,0.00015712494496256113,0.1491334579186514,0.32927841681521386,0.6004102919250727
565,random_0562,random_cycle_chord,20260823,crossing_rich,5,200,5,9,13,4.36498077268479,True,True,,perf/incremental-yamada-frontier-order,1d8374f42cccbb16d78d44100a65ca603d7d1997,3.14.7,macOS-26.6.2-arm64-arm-64bit-Mach-O,arm,0.03525770804844797,0.17486708296928555,0.08717783389147371,0.011156416963785887,0.013166374992579222,0.02658150007482618,7.141695823520422e-05,0.01459241600241512,0.014141457970254123,0.002194958971813321,0.05758174997754395,0.16914879204705358,0.00011108303442597389,0.1919803749769926,0.0296802920056507,0.2216606669826433,2.5833025574684143e-05,0.00015341700054705143,0.19882908405270427,0.4089538750704378,0.6060679169604555
566,random_0563,random_cycle_chord,20260823,baseline,0,200,3,8,10,6.164893622499692,True,True,,perf/incremental-yamada-frontier-order,1d8374f42cccbb16d78d44100a65ca603d7d1997,3.14.7,macOS-26.6.2-arm64-arm-64bit-Mach-O,arm,0.03371679096017033,0.14828462502919137,0.030510124983265996,0.006775834015570581,0.006766833015717566,0.013672167086042464,3.63329891115427e-05,0.007070166990160942,0.007164207985624671,0.0005864159902557731,0.028529291041195393,0.07260195806156844,6.983394268900156e-05,0.1317157499724999,0.009354249923489988,0.1410699998959899,1.454097218811512e-05,7.770897354930639e-05,0.08195620798505843,0.26395762397442013,0.3998739999951795
567,random_0564,random_cycle_chord,20260823,baseline,0,200,3,10,12,4.701311357139701,True,True,,perf/incremental-yamada-frontier-order,1d8374f42cccbb16d78d44100a65ca603d7d1997,3.14.7,macOS-26.6.2-arm64-arm-64bit-Mach-O,arm,0.031329667079262435,0.14841495896689594,0.020785250002518296,0.006565292016603053,0.006681208033114672,0.013137000030837953,2.1541956812143326e-05,0.006804625038057566,0.006939999992027879,0.0005206249188631773,0.027423791936598718,0.06147504202090204,6.237509660422802e-05,0.1444515410112217,0.008115499978885055,0.15256704099010676,1.5042023733258247e-05,7.750000804662704e-05,0.06959054199978709,0.24933516804594547,0.3980523339705542
568,random_0565,random_cycle_chord,20260823,crossing_rich,3,200,5,10,14,4.9025041042398545,True,True,,perf/incremental-yamada-frontier-order,1d8374f42cccbb16d78d44100a65ca603d7d1997,3.14.7,macOS-26.6.2-arm64-arm-64bit-Mach-O,arm,0.03820924996398389,0.1490724590839818,0.04337837500497699,0.010578957968391478,0.011008333996869624,0.02271062508225441,6.324995774775743e-05,0.011350707965902984,0.012107999995350838,0.0012933340622112155,0.047525917063467205,0.11253033298999071,0.0001052499283105135,0.18996850005351007,0.022396374959498644,0.2123648750130087,2.4000066332519054e-05,0.00013829197268933058,0.13492670794948936,0.32220841699745506,0.5167041670065373
569,random_0566,random_cycle_chord,20260823,baseline,0,200,4,10,13,4.6802546718684885,True,True,,perf/incremental-yamada-frontier-order,1d8374f42cccbb16d78d44100a65ca603d7d1997,3.14.7,macOS-26.6.2-arm64-arm-64bit-Mach-O,arm,0.033963541965931654,0.1480725419241935,0.022380332928150892,0.007498124963603914,0.007641540956683457,0.01493229204788804,2.8832932002842426e-05,0.007775916019454598,0.008023582980968058,0.0007437909953296185,0.03150441497564316,0.06905108294449747,7.045792881399393e-05,0.1655981249641627,0.011437500012107193,0.1770356249762699,1.7750076949596405e-05,8.595793042331934e-05,0.08048858295660466,0.2625246668467298,0.4324037079932168
570,random_0567,random_cycle_chord,20260823,crossing_rich,5,200,5,8,12,4.122372652727727,True,True,,perf/incremental-yamada-frontier-order,1d8374f42cccbb16d78d44100a65ca603d7d1997,3.14.7,macOS-26.6.2-arm64-arm-64bit-Mach-O,arm,0.030453709070570767,0.14876649994403124,0.03963837504852563,0.010661417036317289,0.012420749990269542,0.024538374971598387,3.750005271285772e-05,0.012694708071649075,0.013373915920965374,0.001342457951977849,0.05198695696890354,0.11474033305421472,0.00015770900063216686,0.16455058299470693,0.028630041982978582,0.1931806249776855,2.6084017008543015e-05,0.0001562919933348894,0.1433703750371933,0.3225905840517953,0.49174120801035315
571,random_0568,random_cycle_chord,20260823,crossing_rich,6,200,6,11,16,5.224580086710942,True,True,,perf/incremental-yamada-frontier-order,1d8374f42cccbb16d78d44100a65ca603d7d1997,3.14.7,macOS-26.6.2-arm64-arm-64bit-Mach-O,arm,0.048627124982886016,0.1510903330054134,0.04975779203232378,0.011590708047151566,0.01298645802307874,0.02561491692904383,4.575005732476711e-05,0.013267708010971546,0.014173333067446947,0.0016822910401970148,0.054783999104984105,0.12915966706350446,9.51249385252595e-05,0.21654687507543713,0.03481974999886006,0.2513666250742972,2.762500662356615e-05,0.0001807499211281538,0.16397941706236452,0.36369687505066395,0.585068374988623
572,random_0569,random_cycle_chord,20260823,baseline,0,200,3,11,13,5.225581485092044,True,True,,perf/incremental-yamada-frontier-order,1d8374f42cccbb16d78d44100a65ca603d7d1997,3.14.7,macOS-26.6.2-arm64-arm-64bit-Mach-O,arm,0.04878812504466623,0.15417654195334762,0.024515541968867183,0.007149292039684951,0.007235791999846697,0.014121250016614795,2.5916961021721363e-05,0.007340291980654001,0.007733500096946955,0.0005570420762524009,0.029778001131489873,0.06870729103684425,8.575001265853643e-05,0.1946359999710694,0.009783082990907133,0.20441908296197653,2.7666916139423847e-05,8.212495595216751e-05,0.07849037402775139,0.28145504102576524,0.48037320794537663
573,random_0570,random_cycle_chord,20260823,crossing_rich,3,200,5,10,14,5.626604339348005,True,True,,perf/incremental-yamada-frontier-order,1d8374f42cccbb16d78d44100a65ca603d7d1997,3.14.7,macOS-26.6.2-arm64-arm-64bit-Mach-O,arm,0.04402904096059501,0.15074520802590996,0.05744791601318866,0.00938462489284575,0.00999875005800277,0.01974654197692871,3.641704097390175e-05,0.01027287496253848,0.010798915987834334,0.001176666934043169,0.0420314169023186,0.11889537493698299,8.412508759647608e-05,0.17310704104602337,0.02188329107593745,0.19499033212196082,2.650008536875248e-05,0.00013233302161097527,0.14077866601292044,0.3355529149994254,0.513158707995899
574,random_0571,random_cycle_chord,20260823,baseline,0,200,3,8,10,6.16375849053676,True,True,,perf/incremental-yamada-frontier-order,1d8374f42cccbb16d78d44100a65ca603d7d1997,3.14.7,macOS-26.6.2-arm64-arm-64bit-Mach-O,arm,0.0323695830302313,0.1483082079794258,0.030453791026957333,0.0065824579214677215,0.006651291041634977,0.013121458934620023,2.150004729628563e-05,0.006767582963220775,0.006973707932047546,0.0005539170233532786,0.027438166900537908,0.0711446669884026,5.512498319149017e-05,0.12842162500601262,0.008833708008751273,0.1372553330147639,1.383305061608553e-05,7.1333022788167e-05,0.07997837499715388,0.26065616600681096,0.3932189589831978
575,random_0572,random_cycle_chord,20260823,crossing_rich,7,200,6,13,18,4.242216133197256,True,True,,perf/incremental-yamada-frontier-order,1d8374f42cccbb16d78d44100a65ca603d7d1997,3.14.7,macOS-26.6.2-arm64-arm-64bit-Mach-O,arm,0.04569762491155416,0.14901529205963016,0.048252124921418726,0.013780249981209636,0.014309791033156216,0.028093041968531907,4.333397373557091e-05,0.014565292047336698,0.015590582974255085,0.0017969579203054309,0.06008920888416469,0.13647066697012633,9.933300316333771e-05,0.24305525003001094,0.034330833004787564,0.2773860830347985,2.9582995921373367e-05,0.0001943749375641346,0.1708014999749139,0.3655144169460982,0.6132853330345824
576,random_0573,random_cycle_chord,20260823,crossing_rich,5,200,5,9,13,4.30457228218944,True,True,,perf/incremental-yamada-frontier-order,1d8374f42cccbb16d78d44100a65ca603d7d1997,3.14.7,macOS-26.6.2-arm64-arm-64bit-Mach-O,arm,0.033002707990817726,0.14817220799159259,0.04100354202091694,0.010545333032496274,0.012155083008110523,0.02401654201094061,3.645801916718483e-05,0.012426250032149255,0.013142916024662554,0.0013904159422963858,0.05101258202921599,0.11474954208824784,8.483300916850567e-05,0.17359679203946143,0.02743274997919798,0.2010295420186594,2.4000066332519054e-05,0.00014979206025600433,0.14218229206744581,0.3233572080498561,0.5014153750380501
577,random_0574,random_cycle_chord,20260823,baseline,0,200,3,9,11,5.408763960657218,True,True,,perf/incremental-yamada-frontier-order,1d8374f42cccbb16d78d44100a65ca603d7d1997,3.14.7,macOS-26.6.2-arm64-arm-64bit-Mach-O,arm,0.03188570903148502,0.14784970798064023,0.027319167042151093,0.006597957923077047,0.006654500029981136,0.013030709000304341,2.0749983377754688e-05,0.006768833030946553,0.006897208979353309,0.0005117501132190228,0.02722925110720098,0.0678192499326542,6.174994632601738e-05,0.14228162495419383,0.008351791999302804,0.15063341695349663,1.4249933883547783e-05,6.599992047995329e-05,0.076171041931957,0.25590645894408226,0.40231683396268636
578,random_0575,random_cycle_chord,20260823,baseline,0,200,3,12,14,4.869703282097638,True,True,,perf/incremental-yamada-frontier-order,1d8374f42cccbb16d78d44100a65ca603d7d1997,3.14.7,macOS-26.6.2-arm64-arm-64bit-Mach-O,arm,0.037092332961037755,0.15090154099743813,0.02606391708832234,0.007621165947057307,0.00718670804053545,0.014397500082850456,4.833308048546314e-05,0.007672416977584362,0.007445625029504299,0.0005630420055240393,0.03012691717594862,0.07102904201019555,9.03330510482192e-05,0.18203791591804475,0.009474167018197477,0.19151208293624222,1.5874975360929966e-05,7.895799353718758e-05,0.08050320902839303,0.2684970829868689,0.45493316696956754
579,random_0576,random_cycle_chord,20260823,baseline,0,200,3,13,15,4.570634606766122,True,True,,perf/incremental-yamada-frontier-order,1d8374f42cccbb16d78d44100a65ca603d7d1997,3.14.7,macOS-26.6.2-arm64-arm-64bit-Mach-O,arm,0.039293999900110066,0.15137308300472796,0.021540416055358946,0.007458208012394607,0.007282041013240814,0.014186750049702823,3.591598942875862e-05,0.007444165996275842,0.007538542035035789,0.0005894169444218278,0.02979479101486504,0.06610950001049787,0.00011087500024586916,0.19838583306409419,0.009144125040620565,0.20752995810471475,1.48330582305789e-05,7.366703357547522e-05,0.07525362505111843,0.26592070795595646,0.46853458404075354
580,random_0577,random_cycle_chord,20260823,crossing_rich,5,200,5,8,12,4.22916487881934,True,True,,perf/incremental-yamada-frontier-order,1d8374f42cccbb16d78d44100a65ca603d7d1997,3.14.7,macOS-26.6.2-arm64-arm-64bit-Mach-O,arm,0.030838374979794025,0.15693991689477116,0.045871749985963106,0.010928333969786763,0.012393833021633327,0.024406541953794658,3.733299672603607e-05,0.012648832984268665,0.013215624960139394,0.001299290917813778,0.05160762381274253,0.12083537492435426,0.0002567500341683626,0.26655416702851653,0.035923375049605966,0.3024775420781225,2.5625107809901237e-05,0.00014470797032117844,0.15675874997396022,0.3445370418485254,0.6151397079229355
581,random_0578,random_cycle_chord,20260823,crossing_rich,5,200,5,8,12,4.258526468342515,True,True,,perf/incremental-yamada-frontier-order,1d8374f42cccbb16d78d44100a65ca603d7d1997,3.14.7,macOS-26.6.2-arm64-arm-64bit-Mach-O,arm,0.03105166705790907,0.14806041691917926,0.039728167001158,0.010821125004440546,0.012486082967370749,0.02467233408242464,4.0209037251770496e-05,0.012702166917733848,0.013390291016548872,0.0013474170118570328,0.052152418065816164,0.1152237500064075,0.00025858404114842415,0.26082745799794793,0.02590087498538196,0.2867283329833299,2.437504008412361e-05,0.0001438329927623272,0.14112462499178946,0.3202367089688778,0.5854701669886708
582,random_0579,random_cycle_chord,20260823,crossing_rich,2,200,4,8,11,6.428104989160526,True,True,,perf/incremental-yamada-frontier-order,1d8374f42cccbb16d78d44100a65ca603d7d1997,3.14.7,macOS-26.6.2-arm64-arm-64bit-Mach-O,arm,0.038672750000841916,0.14837124990299344,0.05495908297598362,0.008203832898288965,0.008619625004939735,0.016893124906346202,2.9249931685626507e-05,0.00878312496934086,0.00918220798484981,0.0009065000340342522,0.03579420782625675,0.10760283400304615,6.566697265952826e-05,0.14452354097738862,0.01572195894550532,0.16024549992289394,1.8333084881305695e-05,0.00010233407374471426,0.12332479294855148,0.31036879285238683,0.45917870791163296
583,random_0580,random_cycle_chord,20260823,baseline,0,200,3,8,10,6.2007187664624634,True,True,,perf/incremental-yamada-frontier-order,1d8374f42cccbb16d78d44100a65ca603d7d1997,3.14.7,macOS-26.6.2-arm64-arm-64bit-Mach-O,arm,0.03308529208879918,0.1482511250069365,0.03287191700655967,0.006637249956838787,0.006676040939055383,0.013125541037879884,2.187490463256836e-05,0.006784249912016094,0.006961500039324164,0.0005571249639615417,0.027450290857814252,0.07365454104728997,5.633395630866289e-05,0.12849016697145998,0.00878300005570054,0.13727316702716053,1.3874960131943226e-05,6.891600787639618e-05,0.08243754110299051,0.2637739581987262,0.3964085419429466
584,random_0581,random_cycle_chord,20260823,crossing_rich,5,200,5,10,14,4.107738734477108,True,True,,perf/incremental-yamada-frontier-order,1d8374f42cccbb16d78d44100a65ca603d7d1997,3.14.7,macOS-26.6.2-arm64-arm-64bit-Mach-O,arm,0.035080916015431285,0.14800216595176607,0.0415970419999212,0.010580708971247077,0.012064750073477626,0.023917625076137483,4.354189150035381e-05,0.012508792104199529,0.0132553749717772,0.0014472500188276172,0.051172584062442183,0.11545095895417035,8.02499707788229e-05,0.28340237494558096,0.04187483305577189,0.32527720800135285,2.462498378008604e-05,0.00015591701958328485,0.15732579200994223,0.3404088739771396,0.6276994579238817
585,random_0582,random_cycle_chord,20260823,crossing_rich,5,200,5,8,12,4.178783401434878,True,True,,perf/incremental-yamada-frontier-order,1d8374f42cccbb16d78d44100a65ca603d7d1997,3.14.7,macOS-26.6.2-arm64-arm-64bit-Mach-O,arm,0.03067195904441178,0.14860974997282028,0.03530941600911319,0.010805416968651116,0.012616582913324237,0.024777582962997258,5.445897113531828e-05,0.012805124977603555,0.013465875061228871,0.001378666958771646,0.05248170893173665,0.1112523750634864,0.0001582079567015171,0.26263783394824713,0.025997542077675462,0.2886353760259226,2.379098441451788e-05,0.00014695804566144943,0.13724991714116186,0.3165316261583939,0.5835637500276789
586,random_0583,random_cycle_chord,20260823,crossing_rich,3,200,5,11,15,5.041258563237014,True,True,,perf/incremental-yamada-frontier-order,1d8374f42cccbb16d78d44100a65ca603d7d1997,3.14.7,macOS-26.6.2-arm64-arm-64bit-Mach-O,arm,0.04155687498860061,0.1485684160143137,0.04121191694866866,0.009927000035531819,0.011060958029702306,0.021757167065516114,4.658300895243883e-05,0.01123425003606826,0.011696624918840826,0.0011866670101881027,0.04592129203956574,0.10815924999769777,8.225010242313147e-05,0.1963189160451293,0.020883750054053962,0.21720266609918326,2.295803278684616e-05,0.00012916699051856995,0.12904300005175173,0.31916829105466604,0.5199534998973832
587,random_0584,random_cycle_chord,20260823,baseline,0,200,4,11,14,4.051368934992603,True,True,,perf/incremental-yamada-frontier-order,1d8374f42cccbb16d78d44100a65ca603d7d1997,3.14.7,macOS-26.6.2-arm64-arm-64bit-Mach-O,arm,0.03423191700130701,0.14766683406196535,0.02227316703647375,0.007605583057738841,0.008168583968654275,0.01603920792695135,2.883397974073887e-05,0.008327124989591539,0.008605917100794613,0.0007372089894488454,0.033738292986527085,0.07181112503167242,7.341592572629452e-05,0.18063391698524356,0.011134500033222139,0.1917684170184657,1.8459046259522438e-05,8.53340607136488e-05,0.08294562506489456,0.2648443761281669,0.4498265830334276
588,random_0585,random_cycle_chord,20260823,baseline,0,200,4,11,14,4.02892497649124,True,True,,perf/incremental-yamada-frontier-order,1d8374f42cccbb16d78d44100a65ca603d7d1997,3.14.7,macOS-26.6.2-arm64-arm-64bit-Mach-O,arm,0.03419391601346433,0.14784358302131295,0.02202320797368884,0.0075616659596562386,0.008041208027862012,0.015815707971341908,2.8999987989664078e-05,0.008218999952077866,0.008487667073495686,0.0007239999249577522,0.033275374909862876,0.07092754205223173,7.112498860806227e-05,0.1806121669942513,0.011061917059123516,0.19167408405337483,2.174999099224806e-05,8.462497498840094e-05,0.08198945911135525,0.26402695814613253,0.44891179190017283
589,random_0586,random_cycle_chord,20260823,baseline,0,200,4,15,18,4.0442938877821595,True,True,,perf/incremental-yamada-frontier-order,1d8374f42cccbb16d78d44100a65ca603d7d1997,3.14.7,macOS-26.6.2-arm64-arm-64bit-Mach-O,arm,0.0439109590370208,0.14781600004062057,0.022850500070489943,0.007537666941061616,0.0077405000338330865,0.01530520897358656,2.9125018045306206e-05,0.00792504206765443,0.008162832935340703,0.0007211669581010938,0.03214337595272809,0.07029758405406028,8.341704960912466e-05,0.2317894579609856,0.011116792098619044,0.24290625005960464,1.750001683831215e-05,8.308293763548136e-05,0.08141437615267932,0.2731413352303207,0.5092199590289965
590,random_0587,random_cycle_chord,20260823,crossing_rich,2,200,4,10,13,5.4684354471539525,True,True,,perf/incremental-yamada-frontier-order,1d8374f42cccbb16d78d44100a65ca603d7d1997,3.14.7,macOS-26.6.2-arm64-arm-64bit-Mach-O,arm,0.03845674998592585,0.14851304201874882,0.04645412496756762,0.008251250023022294,0.008900624932721257,0.017563833040185273,2.9791961424052715e-05,0.009080792078748345,0.009451874997466803,0.000871709082275629,0.0369980011601001,0.1006307500647381,7.187493611127138e-05,0.2550568339647725,0.023746417020447552,0.2788032509852201,1.837499439716339e-05,9.958294685930014e-05,0.12437716708518565,0.3113469590898603,0.5701938340207562
591,random_0588,random_cycle_chord,20260823,baseline,0,200,3,10,12,4.676308688184253,True,True,,perf/incremental-yamada-frontier-order,1d8374f42cccbb16d78d44100a65ca603d7d1997,3.14.7,macOS-26.6.2-arm64-arm-64bit-Mach-O,arm,0.03129362501204014,0.1480283330893144,0.021440249984152615,0.0064457920379936695,0.006654541008174419,0.013135166955180466,2.108304761350155e-05,0.006803083000704646,0.006930417031981051,0.0005342500517144799,0.027424000087194145,0.061983583960682154,6.220792420208454e-05,0.15211791591718793,0.00840654200874269,0.16052445792593062,1.3665994629263878e-05,6.233295425772667e-05,0.07039012596942484,0.24971208407077938,0.40596708399243653
592,random_0589,random_cycle_chord,20260823,baseline,0,200,3,9,11,5.359619238562245,True,True,,perf/incremental-yamada-frontier-order,1d8374f42cccbb16d78d44100a65ca603d7d1997,3.14.7,macOS-26.6.2-arm64-arm-64bit-Mach-O,arm,0.03206887503620237,0.14764983300119638,0.024800040991976857,0.006622124928981066,0.006964875035919249,0.013719292008318007,2.1458021365106106e-05,0.007138832937926054,0.007285958039574325,0.0005362909287214279,0.02870183193590492,0.06710837502032518,6.154191214591265e-05,0.14167495910078287,0.008463458041660488,0.15013841714244336,1.3625016435980797e-05,6.500002928078175e-05,0.07557183306198567,0.2552905410993844,0.40109220799058676
593,random_0590,random_cycle_chord,20260823,baseline,0,200,3,9,11,5.323942399328982,True,True,,perf/incremental-yamada-frontier-order,1d8374f42cccbb16d78d44100a65ca603d7d1997,3.14.7,macOS-26.6.2-arm64-arm-64bit-Mach-O,arm,0.031567375059239566,0.14778687502257526,0.02473533304873854,0.006472041015513241,0.006650249939411879,0.013181834015995264,2.162496093660593e-05,0.006788083002902567,0.007020958000794053,0.0005321669159457088,0.0275446668965742,0.06542104098480195,6.145797669887543e-05,0.14153562497813255,0.008258374989964068,0.14979399996809661,1.3999990187585354e-05,6.433296948671341e-05,0.07367941597476602,0.25303366605658084,0.39869504095986485
594,random_0591,random_cycle_chord,20260823,baseline,0,200,3,8,10,6.178707821228306,True,True,,perf/incremental-yamada-frontier-order,1d8374f42cccbb16d78d44100a65ca603d7d1997,3.14.7,macOS-26.6.2-arm64-arm-64bit-Mach-O,arm,0.0330883749993518,0.1478477909695357,0.03107558295596391,0.006569582968950272,0.006730541004799306,0.013254791963845491,2.2458028979599476e-05,0.006845041993074119,0.007060915930196643,0.0005949579644948244,0.027778165880590677,0.0721734999679029,5.9582991525530815e-05,0.13047120906412601,0.009792958036996424,0.14026416710112244,1.4125020243227482e-05,7.454096339643002e-05,0.08196645800489932,0.26290262397378683,0.39752941706683487
595,random_0592,random_cycle_chord,20260823,crossing_rich,6,200,6,11,16,5.225582313200777,True,True,,perf/incremental-yamada-frontier-order,1d8374f42cccbb16d78d44100a65ca603d7d1997,3.14.7,macOS-26.6.2-arm64-arm-64bit-Mach-O,arm,0.04548929107841104,0.14843154198024422,0.05239566694945097,0.011649540974758565,0.01468295801896602,0.027536542038433254,4.858302418142557e-05,0.014018959016539156,0.014852916938252747,0.0016592920292168856,0.05811629304662347,0.13690133299678564,9.645801037549973e-05,0.21735004102811217,0.034106291946955025,0.2514563329750672,3.0374969355762005e-05,0.00016862503252923489,0.17100762494374067,0.36492845800239593,0.5874852079432458
596,random_0593,random_cycle_chord,20260823,crossing_rich,5,200,5,8,12,4.131633406137643,True,True,,perf/incremental-yamada-frontier-order,1d8374f42cccbb16d78d44100a65ca603d7d1997,3.14.7,macOS-26.6.2-arm64-arm-64bit-Mach-O,arm,0.030122625059448183,0.14884641696698964,0.039294333080761135,0.010732791037298739,0.012465792009606957,0.024688416975550354,3.566697705537081e-05,0.012750457972288132,0.013435082975775003,0.0013372079702094197,0.05224683287087828,0.11477183294482529,0.00016208295710384846,0.16120470804162323,0.027042708010412753,0.188247416052036,2.3250002413988113e-05,0.00014595792163163424,0.14181454095523804,0.32078358298167586,0.4864747920073569
597,random_0594,random_cycle_chord,20260823,baseline,0,200,3,10,12,4.6332083784644995,True,True,,perf/incremental-yamada-frontier-order,1d8374f42cccbb16d78d44100a65ca603d7d1997,3.14.7,macOS-26.6.2-arm64-arm-64bit-Mach-O,arm,0.031172916060313582,0.147923625074327,0.023385582957416773,0.00648199999704957,0.00646833295468241,0.012743041035719216,2.1750107407569885e-05,0.006608374998904765,0.006816750043071806,0.0005401669768616557,0.026730083161965013,0.06308512506075203,6.37909397482872e-05,0.15011908404994756,0.008431249996647239,0.1585503340465948,1.3582990504801273e-05,6.570806726813316e-05,0.07151637505739927,0.25061291619203985,0.40486662508919835
598,random_0595,random_cycle_chord,20260823,baseline,0,200,3,9,11,5.3420912334720425,True,True,,perf/incremental-yamada-frontier-order,1d8374f42cccbb16d78d44100a65ca603d7d1997,3.14.7,macOS-26.6.2-arm64-arm-64bit-Mach-O,arm,0.03174887492787093,0.14770754205528647,0.02492779097519815,0.0062216249061748385,0.0063715840224176645,0.012513667112216353,2.0791077986359596e-05,0.006497375085018575,0.006717707961797714,0.0005672079278156161,0.02631674916483462,0.06385695899371058,6.52919989079237e-05,0.14291400008369237,0.009262542007490993,0.15217654209118336,1.425005029886961e-05,6.925000343471766e-05,0.07311950100120157,0.25257591798435897,0.39962212496902794
599,random_0596,random_cycle_chord,20260823,baseline,0,200,3,8,10,6.161803491207712,True,True,,perf/incremental-yamada-frontier-order,1d8374f42cccbb16d78d44100a65ca603d7d1997,3.14.7,macOS-26.6.2-arm64-arm-64bit-Mach-O,arm,0.03274141589645296,0.14828370802570134,0.03385512495879084,0.006638457998633385,0.006662582978606224,0.013123624958097935,2.1417043171823025e-05,0.006788208964280784,0.006998667027801275,0.0005483339773491025,0.02748025197070092,0.07465508300811052,5.816691555082798e-05,0.12886366702150553,0.008935125079005957,0.1377987921005115,1.3332930393517017e-05,6.687501445412636e-05,0.08359020808711648,0.2646153320092708,0.3975978329544887
600,random_0597,random_cycle_chord,20260823,crossing_rich,5,200,5,9,13,4.3003685726452305,True,True,,perf/incremental-yamada-frontier-order,1d8374f42cccbb16d78d44100a65ca603d7d1997,3.14.7,macOS-26.6.2-arm64-arm-64bit-Mach-O,arm,0.03412458300590515,0.15699091705027968,0.04023587505798787,0.010633583064191043,0.01194425008725375,0.023591749952174723,3.658293280750513e-05,0.012304125004447997,0.013259167084470391,0.0013898330507799983,0.050581458024680614,0.11342829104978591,8.454197086393833e-05,0.17741041700355709,0.02676100004464388,0.20417141704820096,2.575002145022154e-05,0.0001497080083936453,0.1401892910944298,0.3313047911506146,0.5135633749887347
601,random_0598,random_cycle_chord,20260823,baseline,0,200,3,8,10,6.175718207623129,True,True,,perf/incremental-yamada-frontier-order,1d8374f42cccbb16d78d44100a65ca603d7d1997,3.14.7,macOS-26.6.2-arm64-arm-64bit-Mach-O,arm,0.03310341702308506,0.147979624918662,0.03052225010469556,0.006635583005845547,0.006671124952845275,0.013111292035318911,2.1582935005426407e-05,0.006787291029468179,0.007018791977316141,0.0005794169846922159,0.027518374961800873,0.07136645901482552,5.466700531542301e-05,0.12793274992145598,0.009316749987192452,0.13724949990864843,1.400010660290718e-05,7.299997378140688e-05,0.08068320900201797,0.26176625094376504,0.3938467080006376
602,random_0599,random_cycle_chord,20260823,crossing_rich,4,200,5,8,12,6.6021234518161656,True,True,,perf/incremental-yamada-frontier-order,1d8374f42cccbb16d78d44100a65ca603d7d1997,3.14.7,macOS-26.6.2-arm64-arm-64bit-Mach-O,arm,0.042786333011463284,0.1501825830200687,0.06412795803043991,0.009593666065484285,0.010510250111110508,0.020786624983884394,3.6541023291647434e-05,0.01080791698768735,0.011531625059433281,0.0013947919942438602,0.04455750004854053,0.1288226250326261,0.00015179195906966925,0.1624583340017125,0.02706895803567022,0.18952729203738272,2.3416010662913322e-05,0.00014929205644875765,0.1558915830682963,0.3488604990998283,0.5158686250215396
603,random_0600,random_cycle_chord,20260823,baseline,0,200,3,9,11,5.368106303942226,True,True,,perf/incremental-yamada-frontier-order,1d8374f42cccbb16d78d44100a65ca603d7d1997,3.14.7,macOS-26.6.2-arm64-arm-64bit-Mach-O,arm,0.03232945909257978,0.14791383408010006,0.026124541996978223,0.006510667037218809,0.0064228338887915015,0.012636750005185604,2.0916922949254513e-05,0.006585625000298023,0.00676412507891655,0.000524250091984868,0.0265316670993343,0.0656082920031622,5.866703577339649e-05,0.14127620891667902,0.008260875009000301,0.14953708392567933,1.35831069201231e-05,6.641598884016275e-05,0.0738691670121625,0.25411246018484235,0.3995162920327857
604,random_0601,random_cycle_chord,20260823,crossing_rich,4,200,5,8,12,6.599676657635207,True,True,,perf/incremental-yamada-frontier-order,1d8374f42cccbb16d78d44100a65ca603d7d1997,3.14.7,macOS-26.6.2-arm64-arm-64bit-Mach-O,arm,0.04350374999921769,0.149238417041488,0.06739570794161409,0.009767916053533554,0.010716666001826525,0.02118683303706348,4.233396612107754e-05,0.01094229205045849,0.011616625008173287,0.0014179589925333858,0.04520604305434972,0.13312358397524804,0.00015395809896290302,0.15940958308055997,0.026513790944591165,0.18592337402515113,2.4292035959661007e-05,0.0001533749746158719,0.1596373749198392,0.3523795419605449,0.5163750830106437
605,random_0602,random_cycle_chord,20260823,baseline,0,200,3,8,10,6.171031449599899,True,True,,perf/incremental-yamada-frontier-order,1d8374f42cccbb16d78d44100a65ca603d7d1997,3.14.7,macOS-26.6.2-arm64-arm-64bit-Mach-O,arm,0.03286454197950661,0.14784195891115814,0.034828915959224105,0.006610582931898534,0.006625166046433151,0.013039959012530744,2.0749983377754688e-05,0.00678145803976804,0.006949167000129819,0.0005383329698815942,0.027329667005687952,0.07541329204104841,5.608296487480402e-05,0.12789245799649507,0.008295875042676926,0.136188333039172,1.3666925951838493e-05,6.545800715684891e-05,0.08370916708372533,0.2644156679743901,0.39643449999857694
606,random_0603,random_cycle_chord,20260823,baseline,0,200,3,8,10,6.174187685296433,True,True,,perf/incremental-yamada-frontier-order,1d8374f42cccbb16d78d44100a65ca603d7d1997,3.14.7,macOS-26.6.2-arm64-arm-64bit-Mach-O,arm,0.03284866700414568,0.14889558299910277,0.030846333014778793,0.006567833013832569,0.006627833936363459,0.013115333043970168,2.050003968179226e-05,0.006796333007514477,0.007041958975605667,0.0005617080023512244,0.027535833069123328,0.07159687497187406,5.5999960750341415e-05,0.1292963749729097,0.00897158298175782,0.1382679579546675,1.3999990187585354e-05,7.016700692474842e-05,0.08056845795363188,0.26231270795688033,0.3957437500357628
607,random_0604,random_cycle_chord,20260823,baseline,0,200,4,10,13,4.6268157535908125,True,True,,perf/incremental-yamada-frontier-order,1d8374f42cccbb16d78d44100a65ca603d7d1997,3.14.7,macOS-26.6.2-arm64-arm-64bit-Mach-O,arm,0.03424716601148248,0.14841783395968378,0.023256582906469703,0.007461750064976513,0.007649625069461763,0.015077457996085286,2.9249931685626507e-05,0.00788033299613744,0.00814616703428328,0.0007426670053973794,0.03187587496358901,0.07027045905124396,7.02909892424941e-05,0.16798533394467086,0.011132624931633472,0.17911795887630433,1.816696021705866e-05,8.44169408082962e-05,0.08140308398287743,0.2640680839540437,0.43632075004279613
608,random_0605,random_cycle_chord,20260823,crossing_rich,5,200,5,8,12,4.106734411507534,True,True,,perf/incremental-yamada-frontier-order,1d8374f42cccbb16d78d44100a65ca603d7d1997,3.14.7,macOS-26.6.2-arm64-arm-64bit-Mach-O,arm,0.03018570796120912,0.1500839579384774,0.0455783330835402,0.010776458075270057,0.012805584003217518,0.02509954199194908,4.9332971684634686e-05,0.012929540942423046,0.013547917013056576,0.0013506249524652958,0.052976957871578634,0.12218570790719241,0.00018304202239960432,0.16378187492955476,0.027243042015470564,0.19102491694502532,2.558401320129633e-05,0.0001479999627918005,0.14942874992266297,0.3296984158223495,0.49816529208328575
609,random_0606,random_cycle_chord,20260823,crossing_rich,5,200,5,8,12,4.2728656779606,True,True,,perf/incremental-yamada-frontier-order,1d8374f42cccbb16d78d44100a65ca603d7d1997,3.14.7,macOS-26.6.2-arm64-arm-64bit-Mach-O,arm,0.030754209030419588,0.14827129093464464,0.04195162490941584,0.010635250015184283,0.012330041034147143,0.024407500051893294,3.8665952160954475e-05,0.012594167026691139,0.01330899994354695,0.001383416005410254,0.05173274897970259,0.11668504192493856,0.0002578749554231763,0.20569412503391504,0.025214958004653454,0.2309090830385685,2.370891161262989e-05,0.0001528329448774457,0.141899999929592,0.32092549989465624,0.5312319580698386
610,random_0607,random_cycle_chord,20260823,crossing_rich,2,200,4,8,11,6.584581922268889,True,True,,perf/incremental-yamada-frontier-order,1d8374f42cccbb16d78d44100a65ca603d7d1997,3.14.7,macOS-26.6.2-arm64-arm-64bit-Mach-O,arm,0.03907654096838087,0.1486349580809474,0.057558458065614104,0.008206292055547237,0.008580582914873958,0.016858750022947788,2.9375078156590462e-05,0.008765790960751474,0.00926304201129824,0.0009743750561028719,0.035891333129256964,0.11026291607413441,6.787502206861973e-05,0.14376683300361037,0.018199707963503897,0.16196654096711427,1.9999919459223747e-05,0.00011549994815140963,0.1284626240376383,0.3161741230869666,0.46420479204971343
611,random_0608,random_cycle_chord,20260823,baseline,0,200,3,9,11,5.331760280396241,True,True,,perf/incremental-yamada-frontier-order,1d8374f42cccbb16d78d44100a65ca603d7d1997,3.14.7,macOS-26.6.2-arm64-arm-64bit-Mach-O,arm,0.03155966708436608,0.1477332910289988,0.02587566606234759,0.006408290937542915,0.006460875039920211,0.012626082985661924,2.1332991309463978e-05,0.006578250089660287,0.006751791923306882,0.0005590829532593489,0.026536540943197906,0.06530050002038479,6.033293902873993e-05,0.14173829194623977,0.009176541934721172,0.15091483388096094,1.3665994629263878e-05,7.108296267688274e-05,0.07447704195510596,0.25377000006847084,0.39964908396359533
612,random_0609,random_cycle_chord,20260823,baseline,0,200,3,9,11,5.351820675761722,True,True,,perf/incremental-yamada-frontier-order,1d8374f42cccbb16d78d44100a65ca603d7d1997,3.14.7,macOS-26.6.2-arm64-arm-64bit-Mach-O,arm,0.03199629089795053,0.14829204103443772,0.025599875021725893,0.006212124950252473,0.006468957988545299,0.01268833305221051,2.166593912988901e-05,0.006603667046874762,0.0067787920124828815,0.0005483339773491025,0.026640792028047144,0.06494062498677522,5.9416983276605606e-05,0.14099220791831613,0.008777834009379148,0.14977004192769527,1.3999990187585354e-05,6.66249543428421e-05,0.07371845899615437,0.2540067909285426,0.39916212495882064
613,random_0610,random_cycle_chord,20260823,crossing_rich,4,200,5,8,12,6.6022117474808235,True,True,,perf/incremental-yamada-frontier-order,1d8374f42cccbb16d78d44100a65ca603d7d1997,3.14.7,macOS-26.6.2-arm64-arm-64bit-Mach-O,arm,0.043006167048588395,0.14839824999216944,0.06917404197156429,0.009574708994477987,0.010652749915607274,0.021002666908316314,3.666605334728956e-05,0.011128542013466358,0.012092125019989908,0.00136020896025002,0.04562020895536989,0.13505870895460248,0.0001544170081615448,0.16299366601742804,0.026919666095636785,0.18991333211306483,2.3791915737092495e-05,0.00014820799697190523,0.16197837505023926,0.3533827920909971,0.5212973749730736
614,random_0611,random_cycle_chord,20260823,baseline,0,200,3,10,12,4.694660519184176,True,True,,perf/incremental-yamada-frontier-order,1d8374f42cccbb16d78d44100a65ca603d7d1997,3.14.7,macOS-26.6.2-arm64-arm-64bit-Mach-O,arm,0.03148095903452486,0.14773941703606397,0.021002458059228957,0.006525542004965246,0.006569333025254309,0.012949665891937912,2.091703936457634e-05,0.00673716701567173,0.006917082937434316,0.0005680420435965061,0.02719287492800504,0.06130879104603082,6.337510421872139e-05,0.15485462499782443,0.008756584022194147,0.16361120902001858,1.3582990504801273e-05,6.754195783287287e-05,0.07006537506822497,0.2492857511388138,0.4082629580516368
615,random_0612,random_cycle_chord,20260823,crossing_rich,3,200,4,9,12,4.5797492113659475,True,True,,perf/incremental-yamada-frontier-order,1d8374f42cccbb16d78d44100a65ca603d7d1997,3.14.7,macOS-26.6.2-arm64-arm-64bit-Mach-O,arm,0.03145941696129739,0.14835395803675056,0.037256000097841024,0.008868333068676293,0.009853459079749882,0.01964133302681148,5.100003909319639e-05,0.010041041998192668,0.01080995798110962,0.001084416056983173,0.04162774910219014,0.09763191698584706,0.00010345794726163149,0.16343608300667256,0.020398749969899654,0.18383483297657222,2.0249979570508003e-05,0.00012616696767508984,0.11803066695574671,0.29784404195379466,0.46570358297321945
616,random_0613,random_cycle_chord,20260823,baseline,0,200,4,10,13,4.670393685637598,True,True,,perf/incremental-yamada-frontier-order,1d8374f42cccbb16d78d44100a65ca603d7d1997,3.14.7,macOS-26.6.2-arm64-arm-64bit-Mach-O,arm,0.0339487079763785,0.14803604199551046,0.023855249979533255,0.007425665971823037,0.007652125088497996,0.015103459008969367,2.916704397648573e-05,0.00780166604090482,0.008065166999585927,0.0007239170372486115,0.03172337613068521,0.07068325008731335,7.745902985334396e-05,0.16889158403500915,0.011214957921765745,0.1801065419567749,1.8208986148238182e-05,8.595897816121578e-05,0.0818982080090791,0.26388295798096806,0.4370680410647765
617,random_0614,random_cycle_chord,20260823,baseline,0,200,3,10,12,5.625536723505436,True,True,,perf/incremental-yamada-frontier-order,1d8374f42cccbb16d78d44100a65ca603d7d1997,3.14.7,macOS-26.6.2-arm64-arm-64bit-Mach-O,arm,0.03604350006207824,0.14775229094084352,0.028895040974020958,0.006715500028803945,0.0069734579883515835,0.013691790984012187,2.179096918553114e-05,0.0070870829513296485,0.007309166947379708,0.0005554159870371222,0.028665247838944197,0.07126808306202292,6.216706242412329e-05,0.1445611669914797,0.008905583061277866,0.15346675005275756,1.4459015801548958e-05,7.170799653977156e-05,0.08017366612330079,0.26396945712622255,0.4126732910517603
618,random_0615,random_cycle_chord,20260823,crossing_rich,2,200,4,8,11,6.599602709967063,True,True,,perf/incremental-yamada-frontier-order,1d8374f42cccbb16d78d44100a65ca603d7d1997,3.14.7,macOS-26.6.2-arm64-arm-64bit-Mach-O,arm,0.03887641697656363,0.14852616703137755,0.052493458962999284,0.008189792046323419,0.008619291940703988,0.01701229193713516,2.862501423805952e-05,0.008797541027888656,0.009304499952122569,0.0009912499226629734,0.03613420785404742,0.10546279093250632,6.795907393097878e-05,0.14362866606097668,0.017283790977671742,0.16091245703864843,1.8874998204410076e-05,0.00011433300096541643,0.12274658191017807,0.31014916591811925,0.45805916597601026
619,random_0616,random_cycle_chord,20260823,crossing_rich,5,200,5,8,12,4.117615061528806,True,True,,perf/incremental-yamada-frontier-order,1d8374f42cccbb16d78d44100a65ca603d7d1997,3.14.7,macOS-26.6.2-arm64-arm-64bit-Mach-O,arm,0.030165791977196932,0.14830033294856548,0.04010937502607703,0.010608542012050748,0.012477499898523092,0.024722457979805768,3.779097460210323e-05,0.012724249972961843,0.013461625087074935,0.0013780830195173621,0.05232420703396201,0.11555279104504734,0.00018287496641278267,0.16186425008345395,0.029246916994452477,0.19111116707790643,2.3707980290055275e-05,0.00014895806089043617,0.14479970803949982,0.32326583296526223,0.48972841701470315
620,random_0617,random_cycle_chord,20260823,crossing_rich,5,200,5,9,13,4.263426805507851,True,True,,perf/incremental-yamada-frontier-order,1d8374f42cccbb16d78d44100a65ca603d7d1997,3.14.7,macOS-26.6.2-arm64-arm-64bit-Mach-O,arm,0.03364016592968255,0.157961625023745,0.04257837496697903,0.01102041604463011,0.012055250001139939,0.023761625052429736,3.795791417360306e-05,0.01233466702979058,0.01303108292631805,0.0013930409913882613,0.05055837391410023,0.11624804104212672,7.987499702721834e-05,0.1772872090805322,0.028702792013064027,0.20599000109359622,2.537504769861698e-05,0.0001558329677209258,0.14495083305519074,0.3365526240086183,0.518325624987483
621,random_0618,random_cycle_chord,20260823,baseline,0,200,3,12,14,4.8793452925795995,True,True,,perf/incremental-yamada-frontier-order,1d8374f42cccbb16d78d44100a65ca603d7d1997,3.14.7,macOS-26.6.2-arm64-arm-64bit-Mach-O,arm,0.03781679202802479,0.14763862499967217,0.02149416704196483,0.006508749909698963,0.006556084030307829,0.01291562500409782,2.1332991309463978e-05,0.006715208059176803,0.006883500027470291,0.0005553329829126596,0.027090999064967036,0.06166854198090732,6.695801857858896e-05,0.1795447920449078,0.008680458064191043,0.18822525010909885,1.3584038242697716e-05,6.862496957182884e-05,0.07034900004509836,0.25580441707279533,0.43949495907872915
622,random_0619,random_cycle_chord,20260823,baseline,0,200,3,9,11,5.372539793665482,True,True,,perf/incremental-yamada-frontier-order,1d8374f42cccbb16d78d44100a65ca603d7d1997,3.14.7,macOS-26.6.2-arm64-arm-64bit-Mach-O,arm,0.03272083401679993,0.14723229210358113,0.026351792039349675,0.006786415935494006,0.00705933291465044,0.013887292006984353,2.2707972675561905e-05,0.007214832934550941,0.007325917016714811,0.0005047500599175692,0.028955499990843236,0.06917237502057105,5.995796527713537e-05,0.14270808303263038,0.008284833980724216,0.1509929170133546,1.4208024367690086e-05,6.362504791468382e-05,0.07745720900129527,0.2574103351216763,0.40426287497393787
623,random_0620,random_cycle_chord,20260823,baseline,0,200,3,8,10,6.115492210876066,True,True,,perf/incremental-yamada-frontier-order,1d8374f42cccbb16d78d44100a65ca603d7d1997,3.14.7,macOS-26.6.2-arm64-arm-64bit-Mach-O,arm,0.03240562498103827,0.14783554093446583,0.030883916071616113,0.006545791053213179,0.0066940420074388385,0.01319262501783669,2.1292013116180897e-05,0.006839709007181227,0.006981209036894143,0.0005786248948425055,0.027613459969870746,0.071756458026357,5.554209928959608e-05,0.12822016701102257,0.009208999923430383,0.13742916693445295,1.420790795236826e-05,7.154198829084635e-05,0.08096545794978738,0.2612066238652915,0.39355608297046274
624,random_0621,random_cycle_chord,20260823,baseline,0,200,4,14,17,4.293161633810367,True,True,,perf/incremental-yamada-frontier-order,1d8374f42cccbb16d78d44100a65ca603d7d1997,3.14.7,macOS-26.6.2-arm64-arm-64bit-Mach-O,arm,0.042545874952338636,0.14813545893412083,0.022390583995729685,0.007576707983389497,0.007887916988693178,0.015506249968893826,2.7667032554745674e-05,0.008026459021493793,0.008337083971127868,0.0007501670625060797,0.03264762705657631,0.07052879210095853,8.108303882181644e-05,0.21734287508297712,0.011307500069960952,0.22865037515293807,1.9915984012186527e-05,8.837506175041199e-05,0.08183629217091948,0.27251762605737895,0.49416512495372444
625,random_0622,random_cycle_chord,20260823,baseline,0,200,3,8,10,6.139239061742185,True,True,,perf/incremental-yamada-frontier-order,1d8374f42cccbb16d78d44100a65ca603d7d1997,3.14.7,macOS-26.6.2-arm64-arm-64bit-Mach-O,arm,0.03357008297462016,0.1477763339644298,0.034200374968349934,0.006653332966379821,0.0067244169767946005,0.013178874971345067,2.1707965061068535e-05,0.006832707906141877,0.007017791969701648,0.0005257501034066081,0.02757683291565627,0.075173957971856,5.745794624090195e-05,0.12896208302117884,0.00848429196048528,0.13744637498166412,1.3999990187585354e-05,6.829202175140381e-05,0.08365824993234128,0.26500466687139124,0.3981200830312446
626,random_0623,random_cycle_chord,20260823,baseline,0,200,3,11,13,4.1293104975092945,True,True,,perf/incremental-yamada-frontier-order,1d8374f42cccbb16d78d44100a65ca603d7d1997,3.14.7,macOS-26.6.2-arm64-arm-64bit-Mach-O,arm,0.032731832936406136,0.147512957919389,0.01851270894985646,0.006781167001463473,0.007098541944287717,0.014061457943171263,2.258399035781622e-05,0.007244792068377137,0.007403916912153363,0.0005369170103222132,0.029269667924381793,0.06168149993754923,6.566697265952826e-05,0.1689446660457179,0.008734624949283898,0.1776792909950018,1.3874960131943226e-05,6.612495053559542e-05,0.07041612488683313,0.2506609157426283,0.4237423330778256
627,random_0624,random_cycle_chord,20260823,baseline,0,200,3,8,10,6.155676799360213,True,True,,perf/incremental-yamada-frontier-order,1d8374f42cccbb16d78d44100a65ca603d7d1997,3.14.7,macOS-26.6.2-arm64-arm-64bit-Mach-O,arm,0.03247554192785174,0.1482072079088539,0.031600667047314346,0.006502124946564436,0.006704791099764407,0.013189457939006388,2.0750099793076515e-05,0.006850542034953833,0.007058582967147231,0.0005902500124648213,0.02770958305336535,0.07253558305092156,5.716702435165644e-05,0.12836591701488942,0.00954374996945262,0.13790966698434204,1.541606616228819e-05,7.958302740007639e-05,0.08207933302037418,0.2627620828570798,0.3952824160223827
628,random_0625,random_cycle_chord,20260823,crossing_rich,6,200,6,13,18,4.563084205639749,True,True,,perf/incremental-yamada-frontier-order,1d8374f42cccbb16d78d44100a65ca603d7d1997,3.14.7,macOS-26.6.2-arm64-arm-64bit-Mach-O,arm,0.046852166997268796,0.14843762503005564,0.0460583750391379,0.011441416922025383,0.013274707947857678,0.026197250001132488,4.4082989916205406e-05,0.013579708058387041,0.014526332961395383,0.0016633330378681421,0.05601070704869926,0.1268250000430271,9.462493471801281e-05,0.23882404202595353,0.03323345794342458,0.2720574999693781,2.762500662356615e-05,0.0001751250820234418,0.16005845798645169,0.3553482500137761,0.5989094169344753
629,random_0626,random_cycle_chord,20260823,baseline,0,200,3,9,11,5.398564025881216,True,True,,perf/incremental-yamada-frontier-order,1d8374f42cccbb16d78d44100a65ca603d7d1997,3.14.7,macOS-26.6.2-arm64-arm-64bit-Mach-O,arm,0.03220841707661748,0.14779275003820658,0.02393008302897215,0.0065197080839425325,0.006661250023171306,0.013116374961100519,2.079096157103777e-05,0.006804332952015102,0.007017542026005685,0.0005403329851105809,0.027499373885802925,0.06462929199915379,5.920790135860443e-05,0.14116504101548344,0.008595374994911253,0.1497604160103947,1.3749930076301098e-05,6.60829246044159e-05,0.07322466699406505,0.2532258341088891,0.39852320798672736
630,random_0627,random_cycle_chord,20260823,baseline,0,200,3,8,10,6.1881073860794125,True,True,,perf/incremental-yamada-frontier-order,1d8374f42cccbb16d78d44100a65ca603d7d1997,3.14.7,macOS-26.6.2-arm64-arm-64bit-Mach-O,arm,0.032701749936677516,0.14775691600516438,0.030713125015608966,0.006536874920129776,0.006710875080898404,0.01323283405508846,2.1292013116180897e-05,0.006837249966338277,0.007029415923170745,0.0005658749723806977,0.02768666693009436,0.07166679203510284,5.625002086162567e-05,0.12844991707243025,0.009091750020161271,0.13754166709259152,1.3749930076301098e-05,6.94170594215393e-05,0.08075854205526412,0.261217207997106,0.3937747919699177
631,random_0628,random_cycle_chord,20260823,crossing_rich,3,200,4,8,11,4.2338108574766515,True,True,,perf/incremental-yamada-frontier-order,1d8374f42cccbb16d78d44100a65ca603d7d1997,3.14.7,macOS-26.6.2-arm64-arm-64bit-Mach-O,arm,0.028029832988977432,0.1479339998913929,0.04101412498857826,0.00903495796956122,0.010068167001008987,0.01984441594686359,2.9333052225410938e-05,0.010223333956673741,0.010706708999350667,0.000981000019237399,0.04178479197435081,0.10192808404099196,6.845791358500719e-05,0.23339195898734033,0.017936083022505045,0.2513280420098454,1.9875005818903446e-05,0.00010791700333356857,0.119864167063497,0.2958279999438673,0.5332524999976158
632,random_0629,random_cycle_chord,20260823,crossing_rich,6,200,6,11,16,5.222619689300365,True,True,,perf/incremental-yamada-frontier-order,1d8374f42cccbb16d78d44100a65ca603d7d1997,3.14.7,macOS-26.6.2-arm64-arm-64bit-Mach-O,arm,0.04623837489634752,0.14835491601843387,0.05457262496929616,0.011336624971590936,0.013428749982267618,0.026573542039841413,4.4332933612167835e-05,0.01374287495855242,0.014716458041220903,0.0017327499808743596,0.056809957954101264,0.13618783396668732,9.229104034602642e-05,0.2171810830477625,0.03593283297959715,0.25311391602735966,2.8667040169239044e-05,0.00017808307893574238,0.17212066694628447,0.36671395786106586,0.5890731249237433
633,random_0630,random_cycle_chord,20260823,baseline,0,200,3,12,14,4.876285447787686,True,True,,perf/incremental-yamada-frontier-order,1d8374f42cccbb16d78d44100a65ca603d7d1997,3.14.7,macOS-26.6.2-arm64-arm-64bit-Mach-O,arm,0.03732454206328839,0.14797954191453755,0.025845833006314933,0.006817625020630658,0.006999332923442125,0.013854208053089678,2.170889638364315e-05,0.007171541918069124,0.0073564579943194985,0.000546208000741899,0.028950124862603843,0.06863145902752876,6.729201413691044e-05,0.16550300002563745,0.008605416980572045,0.1741084170062095,1.383305061608553e-05,6.629200652241707e-05,0.07723687600810081,0.26254095998592675,0.432168084080331
634,random_0631,random_cycle_chord,20260823,crossing_rich,5,200,5,8,12,4.208368926387237,True,True,,perf/incremental-yamada-frontier-order,1d8374f42cccbb16d78d44100a65ca603d7d1997,3.14.7,macOS-26.6.2-arm64-arm-64bit-Mach-O,arm,0.03034979198127985,0.1483957499731332,0.043857541983015835,0.010740208090282977,0.012401833082549274,0.02450091694481671,3.695895429700613e-05,0.012669167015701532,0.013403374934569001,0.0013450420228764415,0.05195545987226069,0.11898795899469405,0.00015941704623401165,0.26537066604942083,0.026197833009064198,0.29156849905848503,2.5667017325758934e-05,0.0001492080045863986,0.14518579200375825,0.3239313339581713,0.5935741669964045
635,random_0632,random_cycle_chord,20260823,baseline,0,200,3,11,13,4.08994492439905,True,True,,perf/incremental-yamada-frontier-order,1d8374f42cccbb16d78d44100a65ca603d7d1997,3.14.7,macOS-26.6.2-arm64-arm-64bit-Mach-O,arm,0.03229679202195257,0.15051641699392349,0.017626957967877388,0.006719041964970529,0.007040916942059994,0.013789999997243285,2.1584099158644676e-05,0.007132916944101453,0.007277332944795489,0.0004892500583082438,0.028711084043607116,0.06011708406731486,7.349997758865356e-05,0.16736600000876933,0.00791416596621275,0.17528016597498208,1.3499986380338669e-05,6.137508898973465e-05,0.06803125003352761,0.25084445904940367,0.4223316250136122
636,random_0633,random_cycle_chord,20260823,crossing_rich,4,200,5,13,17,4.343538905140975,True,True,,perf/incremental-yamada-frontier-order,1d8374f42cccbb16d78d44100a65ca603d7d1997,3.14.7,macOS-26.6.2-arm64-arm-64bit-Mach-O,arm,0.04300175001844764,0.1481200420530513,0.03935470792930573,0.010339958011172712,0.011544000008143485,0.022826042026281357,4.5749940909445286e-05,0.01172995800152421,0.012428542017005384,0.0013310000067576766,0.04836129199247807,0.10963816696312279,9.28329536691308e-05,0.22294216696172953,0.025505790952593088,0.24844795791432261,2.333405427634716e-05,0.00014566699974238873,0.13514395791571587,0.3262657499872148,0.5537412919802591
637,random_0634,random_cycle_chord,20260823,baseline,0,200,3,8,10,6.159116172581079,True,True,,perf/incremental-yamada-frontier-order,1d8374f42cccbb16d78d44100a65ca603d7d1997,3.14.7,macOS-26.6.2-arm64-arm-64bit-Mach-O,arm,0.0328817080007866,0.148083999985829,0.030268208007328212,0.006540332920849323,0.006701375008560717,0.013222999987192452,2.1209008991718292e-05,0.00680966698564589,0.007044708007015288,0.0005573749076575041,0.027655958896502852,0.07118491700384766,5.52500132471323e-05,0.1294030420249328,0.009074416942894459,0.13847745896782726,1.3749930076301098e-05,6.991601549088955e-05,0.08025933394674212,0.2612250419333577,0.3947586250724271
638,random_0635,random_cycle_chord,20260823,crossing_rich,4,200,5,8,12,6.588973105059116,True,True,,perf/incremental-yamada-frontier-order,1d8374f42cccbb16d78d44100a65ca603d7d1997,3.14.7,macOS-26.6.2-arm64-arm-64bit-Mach-O,arm,0.042904292000457644,0.14863141591195017,0.06605145800858736,0.009656624984927475,0.01064400002360344,0.02109633304644376,3.724999260157347e-05,0.01087366696447134,0.011560332961380482,0.001313582994043827,0.04488116595894098,0.13126637507230043,0.00015462504234164953,0.1610309169627726,0.025206040940247476,0.18623695790302008,2.3333937861025333e-05,0.0001413749996572733,0.1564724160125479,0.3480081239249557,0.5137634170241654
639,random_0636,random_cycle_chord,20260823,crossing_rich,2,200,4,9,12,6.07352829762219,True,True,,perf/incremental-yamada-frontier-order,1d8374f42cccbb16d78d44100a65ca603d7d1997,3.14.7,macOS-26.6.2-arm64-arm-64bit-Mach-O,arm,0.03918554098345339,0.14799216692335904,0.05595991597510874,0.008161707897670567,0.008641166030429304,0.016956959036178887,2.970895729959011e-05,0.008808209095150232,0.00922537490259856,0.0009217910701408982,0.03594204306136817,0.10873141698539257,6.787502206861973e-05,0.15734174998942763,0.01602933299727738,0.173371082986705,1.8666964024305344e-05,0.00010333408135920763,0.12476074998266995,0.3119384578894824,0.4735402080696076
640,random_0637,random_cycle_chord,20260823,crossing_rich,5,200,6,11,16,4.673194669744744,True,True,,perf/incremental-yamada-frontier-order,1d8374f42cccbb16d78d44100a65ca603d7d1997,3.14.7,macOS-26.6.2-arm64-arm-64bit-Mach-O,arm,0.04327274998649955,0.16237099992576987,0.04447633295785636,0.011386791011318564,0.012435041018761694,0.024444625014439225,4.6083005145192146e-05,0.012756665935739875,0.013527165981940925,0.001572999986819923,0.05234753992408514,0.12068737507797778,9.062502067536116e-05,0.21393529104534537,0.030258041922934353,0.24419333296827972,2.9999995604157448e-05,0.00017054099589586258,0.15094541700091213,0.35658916691318154,0.5756493749795482
641,random_0638,random_cycle_chord,20260823,baseline,0,200,3,10,12,5.629123305122795,True,True,,perf/incremental-yamada-frontier-order,1d8374f42cccbb16d78d44100a65ca603d7d1997,3.14.7,macOS-26.6.2-arm64-arm-64bit-Mach-O,arm,0.036870709038339555,0.15232724999077618,0.025303624919615686,0.006801375071518123,0.007129625068046153,0.014075958984903991,2.1959072910249233e-05,0.00731245893985033,0.007443874957971275,0.00048400007653981447,0.02933825203217566,0.06859279202762991,6.208394188433886e-05,0.15241987502668053,0.00724254094529897,0.1596624159719795,1.325004268437624e-05,5.7750032283365726e-05,0.07583533297292888,0.2650332920020446,0.4215785829583183
642,random_0639,random_cycle_chord,20260823,crossing_rich,5,200,5,8,12,4.25597918231631,True,True,,perf/incremental-yamada-frontier-order,1d8374f42cccbb16d78d44100a65ca603d7d1997,3.14.7,macOS-26.6.2-arm64-arm-64bit-Mach-O,arm,0.030608874978497624,0.14811008295509964,0.04104479099623859,0.01068420906085521,0.012349292053841054,0.024390165926888585,3.6125071346759796e-05,0.01266641600523144,0.013357958989217877,0.001313250046223402,0.051763916038908064,0.1158758329693228,0.0002561659784987569,0.2633848749101162,0.0360923339612782,0.2994772088713944,2.37500062212348e-05,0.0001410829136148095,0.151968166930601,0.33068712486419827,0.5981377080315724
643,random_0640,random_cycle_chord,20260823,baseline,0,200,3,8,10,6.172749181844871,True,True,,perf/incremental-yamada-frontier-order,1d8374f42cccbb16d78d44100a65ca603d7d1997,3.14.7,macOS-26.6.2-arm64-arm-64bit-Mach-O,arm,0.032621542108245194,0.1492094580316916,0.031087332987226546,0.006455915980041027,0.006676958058960736,0.013063042075373232,2.1209008991718292e-05,0.006790166953578591,0.007018209085799754,0.0005880419630557299,0.027480669086799026,0.07171979208942503,5.608401261270046e-05,0.1288257921114564,0.009474999969825149,0.13830079208128154,1.4208024367690086e-05,7.595808710902929e-05,0.08119479205925018,0.263025792199187,0.39601129188667983
644,random_0641,random_cycle_chord,20260823,baseline,0,200,3,8,10,6.108402004002539,True,True,,perf/incremental-yamada-frontier-order,1d8374f42cccbb16d78d44100a65ca603d7d1997,3.14.7,macOS-26.6.2-arm64-arm-64bit-Mach-O,arm,0.03289929195307195,0.14772449992597103,0.03148254193365574,0.006554916966706514,0.006688665947876871,0.013250582967884839,2.1417043171823025e-05,0.006881374982185662,0.0070437079994007945,0.0005657499423250556,0.027762832934968174,0.07250812498386949,5.562498699873686e-05,0.12878925004042685,0.008939167018979788,0.13772841705940664,1.4040968380868435e-05,6.920809391885996e-05,0.08144729200284928,0.26207108388189226,0.3949956250144169
645,random_0642,random_cycle_chord,20260823,baseline,0,200,3,9,11,5.391945590536684,True,True,,perf/incremental-yamada-frontier-order,1d8374f42cccbb16d78d44100a65ca603d7d1997,3.14.7,macOS-26.6.2-arm64-arm-64bit-Mach-O,arm,0.03208837495185435,0.1476372090401128,0.025764208054170012,0.006248958059586585,0.006412958027794957,0.012573083047755063,2.166605554521084e-05,0.006523082964122295,0.006695667048916221,0.0005350839346647263,0.026348583051003516,0.06479362503159791,5.808298010379076e-05,0.14082445797976106,0.008643083972856402,0.14946754195261747,1.4208024367690086e-05,6.666698027402163e-05,0.07343670900445431,0.25316229299642146,0.3981151250191033
646,random_0643,random_cycle_chord,20260823,crossing_rich,5,200,5,8,12,4.198976555210571,True,True,,perf/incremental-yamada-frontier-order,1d8374f42cccbb16d78d44100a65ca603d7d1997,3.14.7,macOS-26.6.2-arm64-arm-64bit-Mach-O,arm,0.030645790975540876,0.14802749990485609,0.04267712507862598,0.01059183303732425,0.012490333989262581,0.024778374936431646,4.2208004742860794e-05,0.012861000024713576,0.013478833017870784,0.0013452910352498293,0.052505707019008696,0.11829729098826647,0.0001603750279173255,0.26410345907788724,0.03775324998423457,0.3018567090621218,2.3333937861025333e-05,0.00014441600069403648,0.15605054097250104,0.334723831852898,0.6027669579489157
647,random_0644,random_cycle_chord,20260823,crossing_rich,5,200,5,8,12,4.156129128456721,True,True,,perf/incremental-yamada-frontier-order,1d8374f42cccbb16d78d44100a65ca603d7d1997,3.14.7,macOS-26.6.2-arm64-arm-64bit-Mach-O,arm,0.030433416948653758,0.14836316707078367,0.03942991606891155,0.010707167093642056,0.012565333978272974,0.024875667062588036,3.641704097390175e-05,0.01282191602513194,0.01348249998409301,0.0013755420222878456,0.052592042135074735,0.11532837490085512,0.00017158407717943192,0.16200458398088813,0.02885999996215105,0.19086458394303918,2.3709028027951717e-05,0.00014604197349399328,0.14418837486300617,0.3229849588824436,0.4898027910385281
648,random_0645,random_cycle_chord,20260823,crossing_rich,2,200,4,8,11,6.587139050603003,True,True,,perf/incremental-yamada-frontier-order,1d8374f42cccbb16d78d44100a65ca603d7d1997,3.14.7,macOS-26.6.2-arm64-arm-64bit-Mach-O,arm,0.039453541045077145,0.14841145800892264,0.05422916600946337,0.008258875110186636,0.008615541039034724,0.016935499967075884,2.8084032237529755e-05,0.008779958006925881,0.009292333968915045,0.0010281669674441218,0.03606404294259846,0.10719404206611216,8.512497879564762e-05,0.14576395798940212,0.017748875077813864,0.16351283306721598,1.995800994336605e-05,0.00011725001968443394,0.12494291714392602,0.3128079161979258,0.4628747079987079
649,random_0646,random_cycle_chord,20260823,baseline,0,200,4,11,14,4.02795080471334,True,True,,perf/incremental-yamada-frontier-order,1d8374f42cccbb16d78d44100a65ca603d7d1997,3.14.7,macOS-26.6.2-arm64-arm-64bit-Mach-O,arm,0.03447687509469688,0.14766545803286135,0.019853041041642427,0.0076319590443745255,0.00827887502964586,0.016269874991849065,2.887495793402195e-05,0.008487457991577685,0.008719166042283177,0.0007447079988196492,0.0342500819824636,0.07004029199015349,7.337494753301144e-05,0.18005900003481656,0.01119145902339369,0.19125045905821025,1.7832964658737183e-05,8.104101289063692e-05,0.08123175101354718,0.2633740841411054,0.4477055419702083
650,random_0647,random_cycle_chord,20260823,baseline,0,200,3,10,12,4.6550057858751135,True,True,,perf/incremental-yamada-frontier-order,1d8374f42cccbb16d78d44100a65ca603d7d1997,3.14.7,macOS-26.6.2-arm64-arm-64bit-Mach-O,arm,0.030888708075508475,0.14747766603250057,0.020189707982353866,0.006535041960887611,0.006756708957254887,0.013369290973059833,2.204196061939001e-05,0.006899083964526653,0.007111749961040914,0.0005454999627545476,0.027947666822001338,0.06144791701808572,6.0666934587061405e-05,0.14238916605245322,0.008908291929401457,0.15129745798185468,1.8457998521625996e-05,7.804203778505325e-05,0.07035620894748718,0.24872258305549622,0.395293541951105
651,random_0648,random_cycle_chord,20260823,crossing_rich,4,200,5,11,15,5.226935166114345,True,True,,perf/incremental-yamada-frontier-order,1d8374f42cccbb16d78d44100a65ca603d7d1997,3.14.7,macOS-26.6.2-arm64-arm-64bit-Mach-O,arm,0.045274749980308115,0.1539374589920044,0.046994625008665025,0.01040250004734844,0.011352250003255904,0.02259837498422712,5.7416968047618866e-05,0.01150133297778666,0.012001832947134972,0.0012907919008284807,0.04744974977802485,0.11624995898455381,0.0001062500523403287,0.2174540829146281,0.02376804209779948,0.24122212501242757,2.537504769861698e-05,0.000144458026625216,0.1400180010823533,0.3392302100546658,0.5613802920561284
652,random_0649,random_cycle_chord,20260823,baseline,0,200,3,10,12,4.686219357914844,True,True,,perf/incremental-yamada-frontier-order,1d8374f42cccbb16d78d44100a65ca603d7d1997,3.14.7,macOS-26.6.2-arm64-arm-64bit-Mach-O,arm,0.03151487500872463,0.14955716696567833,0.02108529198449105,0.006605916074477136,0.006545791053213179,0.012862915988080204,2.1082931198179722e-05,0.006669750087894499,0.006842290982604027,0.0005235830321907997,0.02691962302196771,0.06117549992632121,6.700004450976849e-05,0.14212729199789464,0.008202458033338189,0.15032975003123283,1.3750046491622925e-05,6.750004831701517e-05,0.0693779579596594,0.25044999993406236,0.39671316707972437
653,random_0650,random_cycle_chord,20260823,baseline,0,200,3,11,13,4.0508171950688645,True,True,,perf/incremental-yamada-frontier-order,1d8374f42cccbb16d78d44100a65ca603d7d1997,3.14.7,macOS-26.6.2-arm64-arm-64bit-Mach-O,arm,0.03174670902080834,0.1478828330291435,0.01973029098007828,0.006429707980714738,0.006600000080652535,0.013009125017561018,2.0875013433396816e-05,0.00675754202529788,0.006898207939229906,0.000529541983269155,0.027215291978791356,0.05999408406205475,6.754091009497643e-05,0.16655487497337162,0.0083620420191437,0.17491691699251533,1.4375080354511738e-05,7.30419997125864e-05,0.06835612608119845,0.2479856681311503,0.41869412502273917
654,random_0651,random_cycle_chord,20260823,baseline,0,200,3,9,11,5.359566836123665,True,True,,perf/incremental-yamada-frontier-order,1d8374f42cccbb16d78d44100a65ca603d7d1997,3.14.7,macOS-26.6.2-arm64-arm-64bit-Mach-O,arm,0.03204600000753999,0.1476773750036955,0.025390833034180105,0.006421457976102829,0.006665542023256421,0.013410750078037381,2.12501036003232e-05,0.006927166949026287,0.00722912501078099,0.0005434999475255609,0.028131792088970542,0.06662870792206377,7.062498480081558e-05,0.14254399994388223,0.008216624963097274,0.1507606249069795,1.383305061608553e-05,6.48329732939601e-05,0.07484533288516104,0.2545687078963965,0.4012507500592619
655,random_0652,random_cycle_chord,20260823,baseline,0,200,3,11,13,4.063316121817464,True,True,,perf/incremental-yamada-frontier-order,1d8374f42cccbb16d78d44100a65ca603d7d1997,3.14.7,macOS-26.6.2-arm64-arm-64bit-Mach-O,arm,0.03174029104411602,0.1471636249916628,0.020271417102776468,0.006766209029592574,0.0070545419584959745,0.013873333926312625,2.1209008991718292e-05,0.007201583939604461,0.007369333994574845,0.0005235839635133743,0.028989044832997024,0.06309983297251165,6.504193879663944e-05,0.16862037498503923,0.008210957981646061,0.1768313329666853,1.3582990504801273e-05,6.558303721249104e-05,0.07131079095415771,0.25021470698993653,0.42295858392026275
656,random_0653,random_cycle_chord,20260823,baseline,0,200,3,9,11,5.33949986498894,True,True,,perf/incremental-yamada-frontier-order,1d8374f42cccbb16d78d44100a65ca603d7d1997,3.14.7,macOS-26.6.2-arm64-arm-64bit-Mach-O,arm,0.031596167013049126,0.14757966704200953,0.029833666048943996,0.006317500025033951,0.0063654580153524876,0.012548833969049156,2.1249987185001373e-05,0.006508250022307038,0.0066481250105425715,0.0005032919580116868,0.026229750947095454,0.0687654580688104,5.9582991525530815e-05,0.14091745798941702,0.008153790957294405,0.14907124894671142,1.362490002065897e-05,6.233295425772667e-05,0.07691924902610481,0.25609508308116347,0.4011297499528155
657,random_0654,random_cycle_chord,20260823,baseline,0,200,3,9,11,5.39828296885697,True,True,,perf/incremental-yamada-frontier-order,1d8374f42cccbb16d78d44100a65ca603d7d1997,3.14.7,macOS-26.6.2-arm64-arm-64bit-Mach-O,arm,0.03224245796445757,0.1478938750224188,0.02353337500244379,0.006193999899551272,0.006364250089973211,0.012559750000946224,2.1834042854607105e-05,0.006551209022291005,0.006687415996566415,0.000540458015166223,0.026360667077824473,0.06247137498576194,6.104097701609135e-05,0.141889207996428,0.00855816702824086,0.15044737502466887,1.4082994312047958e-05,6.599992047995329e-05,0.0710295420140028,0.25116587500087917,0.39716929104179144
658,random_0655,random_cycle_chord,20260823,crossing_rich,4,200,5,10,14,5.465246518811148,True,True,,perf/incremental-yamada-frontier-order,1d8374f42cccbb16d78d44100a65ca603d7d1997,3.14.7,macOS-26.6.2-arm64-arm-64bit-Mach-O,arm,0.041493540978990495,0.14838525000959635,0.05117641598917544,0.010014874977059662,0.01130354090128094,0.022410874953493476,3.7334044463932514e-05,0.011577083030715585,0.012240416021086276,0.0013009170070290565,0.047566625056788325,0.12009387509897351,8.037500083446503e-05,0.27383945789188147,0.034274374949745834,0.3081138328416273,2.37500062212348e-05,0.00014037499204277992,0.15436825004871935,0.3442470410373062,0.6219333339249715
659,random_0656,random_cycle_chord,20260823,crossing_rich,4,200,5,9,13,6.074089722340286,True,True,,perf/incremental-yamada-frontier-order,1d8374f42cccbb16d78d44100a65ca603d7d1997,3.14.7,macOS-26.6.2-arm64-arm-64bit-Mach-O,arm,0.04209383297711611,0.14807733404450119,0.056371708982624114,0.009805417037568986,0.011150832986459136,0.02202029200270772,4.099996294826269e-05,0.011592832976020873,0.012128000031225383,0.0013425000943243504,0.04712462506722659,0.1244862909661606,7.866695523262024e-05,0.17312616703566164,0.025390583905391395,0.19851675094105303,2.362497616559267e-05,0.00014262506738305092,0.149876874871552,0.3400480418931693,0.5176235829712823
660,random_0657,random_cycle_chord,20260823,baseline,0,200,3,11,13,4.048259850419758,True,True,,perf/incremental-yamada-frontier-order,1d8374f42cccbb16d78d44100a65ca603d7d1997,3.14.7,macOS-26.6.2-arm64-arm-64bit-Mach-O,arm,0.031931875040754676,0.1546112090582028,0.019272416015155613,0.006844167015515268,0.006555125000886619,0.012791374931111932,2.162496093660593e-05,0.006674167001619935,0.006845709052868187,0.0005585419712588191,0.02689141791779548,0.0595820409944281,6.524997297674417e-05,0.16834800003562123,0.009025417035445571,0.1773734170710668,1.583306584507227e-05,7.383304182440042e-05,0.06860745802987367,0.25515054212883115,0.42769749998115003
661,random_0658,random_cycle_chord,20260823,crossing_rich,5,200,5,8,12,4.2102764610198715,True,True,,perf/incremental-yamada-frontier-order,1d8374f42cccbb16d78d44100a65ca603d7d1997,3.14.7,macOS-26.6.2-arm64-arm-64bit-Mach-O,arm,0.031141291954554617,0.14828291593585163,0.03840762504842132,0.011216165963560343,0.012633958947844803,0.025604332913644612,4.441698547452688e-05,0.013478541979566216,0.014295874978415668,0.0014827500563114882,0.05490591691341251,0.11720520805101842,0.0002928749890998006,0.26604629203211516,0.07509066595230252,0.3411369579844177,2.8249924071133137e-05,0.00015666603576391935,0.19229587400332093,0.3717200818937272,0.6422276250086725
662,random_0659,random_cycle_chord,20260823,baseline,0,200,3,9,11,5.335810090908125,True,True,,perf/incremental-yamada-frontier-order,1d8374f42cccbb16d78d44100a65ca603d7d1997,3.14.7,macOS-26.6.2-arm64-arm-64bit-Mach-O,arm,0.03259416704531759,0.1480414579855278,0.026763541041873395,0.006504249991849065,0.006418084027245641,0.012630582903511822,2.1292013116180897e-05,0.006569207995198667,0.006841124966740608,0.0006125000072643161,0.026674707885831594,0.06637954106554389,7.633294444531202e-05,0.14091504097450525,0.008680625003762543,0.1495956659782678,1.3959011994302273e-05,6.812496576458216e-05,0.07506016606930643,0.25569579110015184,0.4008009999524802
663,random_0660,random_cycle_chord,20260823,baseline,0,200,4,11,14,4.0516374975695975,True,True,,perf/incremental-yamada-frontier-order,1d8374f42cccbb16d78d44100a65ca603d7d1997,3.14.7,macOS-26.6.2-arm64-arm-64bit-Mach-O,arm,0.03449070802889764,0.1494870000751689,0.02091383293736726,0.007804707973264158,0.008325083064846694,0.016346874996088445,2.8374954126775265e-05,0.008498750044964254,0.008691292023286223,0.0007327499333769083,0.034298041951842606,0.07136800000444055,7.54169886931777e-05,0.1821226249448955,0.01100008306093514,0.19312270800583065,1.8291990272700787e-05,8.229201193898916e-05,0.08236808306537569,0.26634579116944224,0.452776417019777
664,random_0661,random_cycle_chord,20260823,crossing_rich,5,200,5,9,13,4.368564948597393,True,True,,perf/incremental-yamada-frontier-order,1d8374f42cccbb16d78d44100a65ca603d7d1997,3.14.7,macOS-26.6.2-arm64-arm-64bit-Mach-O,arm,0.03347150003537536,0.14776870794594288,0.03942116699181497,0.01050900004338473,0.012085958966054022,0.02374404203146696,3.716594073921442e-05,0.012392750009894371,0.012972624972462654,0.0013497080653905869,0.05049629101995379,0.11254495894536376,7.816695142537355e-05,0.17576641601044685,0.027308708056807518,0.20307512406725436,2.3416010662913322e-05,0.00014345801901072264,0.13985366700217128,0.3210938749834895,0.5013534169411287
665,random_0662,random_cycle_chord,20260823,baseline,0,200,3,10,12,4.70322833754458,True,True,,perf/incremental-yamada-frontier-order,1d8374f42cccbb16d78d44100a65ca603d7d1997,3.14.7,macOS-26.6.2-arm64-arm-64bit-Mach-O,arm,0.03121304197702557,0.1475490420125425,0.022608625004068017,0.006599375046789646,0.0067042079754173756,0.013211125042289495,2.1249987185001373e-05,0.006849540979601443,0.0070291250012815,0.0005244161002337933,0.027635457110591233,0.06356633396353573,6.041605956852436e-05,0.1541136670857668,0.008196291979402304,0.1623099590651691,1.366704236716032e-05,6.583309732377529e-05,0.07176262594293803,0.2505247099325061,0.40877141593955457
666,random_0663,random_cycle_chord,20260823,crossing_rich,3,200,5,10,14,5.605286244258753,True,True,,perf/incremental-yamada-frontier-order,1d8374f42cccbb16d78d44100a65ca603d7d1997,3.14.7,macOS-26.6.2-arm64-arm-64bit-Mach-O,arm,0.04191466607153416,0.14846204197965562,0.049493583966977894,0.009629208012484014,0.010796250076964498,0.021314249956049025,3.712496254593134e-05,0.011037916992790997,0.011559374979697168,0.0011747500393539667,0.04512341693043709,0.11507483304012567,8.812500163912773e-05,0.2628886249149218,0.027680999948643148,0.29056962486356497,2.2708089090883732e-05,0.00012458302080631256,0.14275583298876882,0.3331325410399586,0.599862250033766
667,random_0664,random_cycle_chord,20260823,baseline,0,200,3,10,12,4.63984485713965,True,True,,perf/incremental-yamada-frontier-order,1d8374f42cccbb16d78d44100a65ca603d7d1997,3.14.7,macOS-26.6.2-arm64-arm-64bit-Mach-O,arm,0.03086195793002844,0.147728499956429,0.02152516704518348,0.006675749900750816,0.0069742921041324735,0.013667790917679667,2.0875013433396816e-05,0.007101499941200018,0.007328500039875507,0.0006067909998819232,0.028725456912070513,0.06391925003845245,6.516603752970695e-05,0.1438215000089258,0.009908374981023371,0.15372987498994917,1.3750046491622925e-05,7.141707465052605e-05,0.07382762501947582,0.25241808290593326,0.40038583404384553
668,random_0665,random_cycle_chord,20260823,crossing_rich,4,200,5,10,14,5.482729380572979,True,True,,perf/incremental-yamada-frontier-order,1d8374f42cccbb16d78d44100a65ca603d7d1997,3.14.7,macOS-26.6.2-arm64-arm-64bit-Mach-O,arm,0.04139358294196427,0.14847599994391203,0.051610165974125266,0.009883540915325284,0.011112457956187427,0.021931666997261345,3.6624958738684654e-05,0.011346500017680228,0.011932292021811008,0.0012352499179542065,0.04648233391344547,0.11912204197142273,8.962501306086779e-05,0.2793809169670567,0.03535975003615022,0.3147406670032069,2.3416010662913322e-05,0.00013516598846763372,0.15448179200757295,0.34435137489344925,0.6275755410315469
669,random_0666,random_cycle_chord,20260823,crossing_rich,5,200,5,9,13,4.222673963490801,True,True,,perf/incremental-yamada-frontier-order,1d8374f42cccbb16d78d44100a65ca603d7d1997,3.14.7,macOS-26.6.2-arm64-arm-64bit-Mach-O,arm,0.03264150000177324,0.1479456250090152,0.04063012497499585,0.010312500060535967,0.011972542037256062,0.02368437498807907,3.670796286314726e-05,0.012242833035998046,0.0129294169601053,0.0013851249823346734,0.05027845792938024,0.11322720895987004,8.695898577570915e-05,0.1744725409662351,0.02692683390341699,0.2013993748696521,2.3833010345697403e-05,0.0001521669328212738,0.14015404286328703,0.3207411678740755,0.4999276250600815
670,random_0667,random_cycle_chord,20260823,baseline,0,200,3,8,10,6.143957680101798,True,True,,perf/incremental-yamada-frontier-order,1d8374f42cccbb16d78d44100a65ca603d7d1997,3.14.7,macOS-26.6.2-arm64-arm-64bit-Mach-O,arm,0.03242574993055314,0.14801737503148615,0.0317361670313403,0.0065420420141890645,0.006663166917860508,0.01316416694317013,2.1000043489038944e-05,0.0068189590238034725,0.007028833031654358,0.0005748330149799585,0.027607792057096958,0.07256779109593481,5.76250022277236e-05,0.1280244590016082,0.0091497499961406,0.1371742089977488,1.3999990187585354e-05,7.091602310538292e-05,0.08171754109207541,0.2621606660541147,0.39431283401791006
671,random_0668,random_cycle_chord,20260823,baseline,0,200,4,11,14,4.0773480303211915,True,True,,perf/incremental-yamada-frontier-order,1d8374f42cccbb16d78d44100a65ca603d7d1997,3.14.7,macOS-26.6.2-arm64-arm-64bit-Mach-O,arm,0.034015625016763806,0.14779866603203118,0.021815374959260225,0.007863125065341592,0.008551457896828651,0.016834832960739732,2.8708018362522125e-05,0.008702124934643507,0.00894820794928819,0.0007514579920098186,0.03526533185504377,0.07352108298800886,7.399998139590025e-05,0.18054400000255555,0.01142358302604407,0.19196758302859962,1.8124934285879135e-05,8.425000123679638e-05,0.08494466601405293,0.2667589570628479,0.4515948749613017
672,random_0669,random_cycle_chord,20260823,crossing_rich,4,200,5,10,14,5.628866213508586,True,True,,perf/incremental-yamada-frontier-order,1d8374f42cccbb16d78d44100a65ca603d7d1997,3.14.7,macOS-26.6.2-arm64-arm-64bit-Mach-O,arm,0.042435415904037654,0.14925958297681063,0.0524505419889465,0.009759665932506323,0.010794084053486586,0.021398624987341464,3.8375030271708965e-05,0.011017083073966205,0.011698334012180567,0.0013139579677954316,0.045466375071555376,0.11850416706874967,8.362496737390757e-05,0.17241320793982595,0.02496891701593995,0.1973821249557659,2.2792024537920952e-05,0.0001433329889550805,0.14347308408468962,0.3351680829655379,0.5120746250031516
673,random_0670,random_cycle_chord,20260823,baseline,0,200,3,12,14,4.878128986280181,True,True,,perf/incremental-yamada-frontier-order,1d8374f42cccbb16d78d44100a65ca603d7d1997,3.14.7,macOS-26.6.2-arm64-arm-64bit-Mach-O,arm,0.03763699997216463,0.14823795901611447,0.023130042012780905,0.006642333930358291,0.006812333012931049,0.013338749995455146,2.1417043171823025e-05,0.006908499985001981,0.007105999975465238,0.000571583048440516,0.027946250047534704,0.06455045903567225,7.154198829084635e-05,0.1807910839561373,0.008865167037583888,0.1896562509937212,1.4582998119294643e-05,7.037492468953133e-05,0.07341562607325613,0.25929058506153524,0.44426666700746864
674,random_0671,random_cycle_chord,20260823,crossing_rich,4,200,5,10,14,5.629562454872986,True,True,,perf/incremental-yamada-frontier-order,1d8374f42cccbb16d78d44100a65ca603d7d1997,3.14.7,macOS-26.6.2-arm64-arm-64bit-Mach-O,arm,0.04288229101803154,0.14898779103532434,0.05291058402508497,0.009890999994240701,0.010887125041335821,0.021549083990976214,3.629201091825962e-05,0.011137916939333081,0.01199879206251353,0.0013589579612016678,0.04608104296494275,0.11980279197450727,8.241599425673485e-05,0.1713429590454325,0.025543333031237125,0.19688629207666963,2.2875028662383556e-05,0.00014441704843193293,0.1453461250057444,0.33721620705910027,0.5130740409949794
675,random_0672,random_cycle_chord,20260823,crossing_rich,3,200,5,11,15,4.605451503839945,True,True,,perf/incremental-yamada-frontier-order,1d8374f42cccbb16d78d44100a65ca603d7d1997,3.14.7,macOS-26.6.2-arm64-arm-64bit-Mach-O,arm,0.0394530410412699,0.148006625007838,0.04010291595477611,0.009653624962083995,0.010468084015883505,0.020560333970934153,3.999995533376932e-05,0.010660249972715974,0.01119562506210059,0.0012011249782517552,0.04365733393933624,0.10391787497792393,8.433300536125898e-05,0.19815787498373538,0.021456082933582366,0.21961395791731775,2.3707980290055275e-05,0.00013441708870232105,0.1253739579115063,0.3128336239606142,0.5155389580177143
676,random_0673,random_cycle_chord,20260823,crossing_rich,5,200,6,11,16,4.649976572440541,True,True,,perf/incremental-yamada-frontier-order,1d8374f42cccbb16d78d44100a65ca603d7d1997,3.14.7,macOS-26.6.2-arm64-arm-64bit-Mach-O,arm,0.042511874926276505,0.14841833407990634,0.044891583966091275,0.01119295903481543,0.01262529194355011,0.024816291988827288,4.570803139358759e-05,0.012885208940133452,0.013591749942861497,0.0015536670107394457,0.05289262591395527,0.12164475000463426,9.108299855142832e-05,0.21468162501696497,0.030924875056371093,0.24560650007333606,2.954190131276846e-05,0.0001635829685255885,0.15256962506100535,0.3434998340671882,0.5631262499373406
677,random_0674,random_cycle_chord,20260823,baseline,0,200,3,13,15,4.562639342965938,True,True,,perf/incremental-yamada-frontier-order,1d8374f42cccbb16d78d44100a65ca603d7d1997,3.14.7,macOS-26.6.2-arm64-arm-64bit-Mach-O,arm,0.03837016597390175,0.14816879201680422,0.023140792036429048,0.006509833037853241,0.006632499978877604,0.013079249998554587,2.062495332211256e-05,0.006818667054176331,0.0069957919185981154,0.0005422499962151051,0.02745658392086625,0.06375808303710073,6.970798131078482e-05,0.19354070804547518,0.008782875025644898,0.20232358307112008,1.4208024367690086e-05,6.795802619308233e-05,0.07254095806274563,0.2590799160534516,0.4567581668961793
678,random_0675,random_cycle_chord,20260823,baseline,0,200,3,9,11,5.378633341816378,True,True,,perf/incremental-yamada-frontier-order,1d8374f42cccbb16d78d44100a65ca603d7d1997,3.14.7,macOS-26.6.2-arm64-arm-64bit-Mach-O,arm,0.032200500019825995,0.14757300005294383,0.0238722920184955,0.006209749961271882,0.006374792079441249,0.012574499938637018,2.1458021365106106e-05,0.006512042018584907,0.006755291949957609,0.0005626659840345383,0.02642595791257918,0.06290212494786829,5.962501745671034e-05,0.1415723329409957,0.00899083400145173,0.15056316694244742,1.4625024050474167e-05,7.14579364284873e-05,0.07189295894932002,0.25166645902208984,0.39736562489997596
679,random_0676,random_cycle_chord,20260823,baseline,0,200,3,8,10,6.124759817890422,True,True,,perf/incremental-yamada-frontier-order,1d8374f42cccbb16d78d44100a65ca603d7d1997,3.14.7,macOS-26.6.2-arm64-arm-64bit-Mach-O,arm,0.03267774998676032,0.1479658749885857,0.03337145794648677,0.006708291941322386,0.0066966250305995345,0.01316416694317013,2.2041029296815395e-05,0.006860041990876198,0.007015082985162735,0.0005662089679390192,0.027627541916444898,0.0744230420095846,5.591695662587881e-05,0.12903824995737523,0.00909704202786088,0.1381352919852361,1.3999990187585354e-05,7.058295886963606e-05,0.08352008403744549,0.2641637090127915,0.39732845895923674
680,random_0677,random_cycle_chord,20260823,baseline,0,200,3,10,12,4.644346578227748,True,True,,perf/incremental-yamada-frontier-order,1d8374f42cccbb16d78d44100a65ca603d7d1997,3.14.7,macOS-26.6.2-arm64-arm-64bit-Mach-O,arm,0.03167933307122439,0.15505612501874566,0.020880124997347593,0.0065872089471668005,0.006562875001691282,0.012913290993310511,2.2249994799494743e-05,0.006732540903612971,0.0069376250030472875,0.0005704580107703805,0.027176164905540645,0.06122641696128994,6.487499922513962e-05,0.14381466596387327,0.009261082974262536,0.1530757489381358,1.54589070007205e-05,7.308297790586948e-05,0.07048749993555248,0.25722295802552253,0.40522704098839313
681,random_0678,random_cycle_chord,20260823,baseline,0,200,4,12,15,4.874480895385806,True,True,,perf/incremental-yamada-frontier-order,1d8374f42cccbb16d78d44100a65ca603d7d1997,3.14.7,macOS-26.6.2-arm64-arm-64bit-Mach-O,arm,0.04094066598918289,0.14782137505244464,0.025934041943401098,0.007810415932908654,0.008492790977470577,0.016711542033590376,2.862501423805952e-05,0.008666249923408031,0.008871917030774057,0.0007260419661179185,0.03500437596812844,0.07726820802781731,7.704203017055988e-05,0.177932541933842,0.010239792056381702,0.1881723339902237,1.8042046576738358e-05,8.233403787016869e-05,0.08750800008419901,0.27627004112582654,0.45852029195521027
682,random_0679,random_cycle_chord,20260823,baseline,0,200,3,10,12,4.7051837075605745,True,True,,perf/incremental-yamada-frontier-order,1d8374f42cccbb16d78d44100a65ca603d7d1997,3.14.7,macOS-26.6.2-arm64-arm-64bit-Mach-O,arm,0.031344791990704834,0.14793870807625353,0.022343041957356036,0.006420833989977837,0.006498874980024993,0.012796207913197577,2.191704697906971e-05,0.006613040925003588,0.00677791703492403,0.00051249994430691,0.026721582864411175,0.062003000057302415,5.9999991208314896e-05,0.15368341701105237,0.007954000029712915,0.16163741704076529,1.3749930076301098e-05,6.379198748618364e-05,0.06995700008701533,0.2492405001539737,0.4070412500295788
683,random_0680,random_cycle_chord,20260823,crossing_rich,5,200,5,8,12,4.299216833861878,True,True,,perf/incremental-yamada-frontier-order,1d8374f42cccbb16d78d44100a65ca603d7d1997,3.14.7,macOS-26.6.2-arm64-arm-64bit-Mach-O,arm,0.031080499989911914,0.14857779210433364,0.046387874986976385,0.01069629192352295,0.012498208088800311,0.024632833898067474,3.841705620288849e-05,0.01273225003387779,0.013465958065353334,0.001412999932654202,0.05228245898615569,0.12189820897765458,0.00016183406114578247,0.26426883309613913,0.03971849998924881,0.30398733308538795,2.4916953407227993e-05,0.0001526250271126628,0.1616167089669034,0.34127500106114894,0.609514250070788
684,random_0681,random_cycle_chord,20260823,crossing_rich,3,200,5,11,15,4.360305814233986,True,True,,perf/incremental-yamada-frontier-order,1d8374f42cccbb16d78d44100a65ca603d7d1997,3.14.7,macOS-26.6.2-arm64-arm-64bit-Mach-O,arm,0.038178708986379206,0.14748962491285056,0.041046957951039076,0.00960020802449435,0.010693125077523291,0.021057583042420447,3.6250101402401924e-05,0.010918374988250434,0.011445333948358893,0.001157917082309723,0.0446154591627419,0.10598908306565136,9.554089047014713e-05,0.19719600002281368,0.021158708026632667,0.21835470804944634,2.2583059035241604e-05,0.00012141698971390724,0.12714779109228402,0.3128161249915138,0.5144654589239508
685,random_0682,random_cycle_chord,20260823,baseline,0,200,3,8,10,6.169390722536644,True,True,,perf/incremental-yamada-frontier-order,1d8374f42cccbb16d78d44100a65ca603d7d1997,3.14.7,macOS-26.6.2-arm64-arm-64bit-Mach-O,arm,0.03302545798942447,0.14800445805303752,0.034783334005624056,0.006614457932300866,0.006694125011563301,0.013175999978557229,2.0958948880434036e-05,0.006839167093858123,0.007041584001854062,0.0005602079909294844,0.027637918014079332,0.07574858306907117,5.629193037748337e-05,0.12865145807154477,0.008686582907103002,0.13733804097864777,1.3833981938660145e-05,6.733299233019352e-05,0.08443516597617418,0.26546508201863617,0.3982343749376014
686,random_0683,random_cycle_chord,20260823,crossing_rich,2,200,4,9,12,6.07545728307721,True,True,,perf/incremental-yamada-frontier-order,1d8374f42cccbb16d78d44100a65ca603d7d1997,3.14.7,macOS-26.6.2-arm64-arm-64bit-Mach-O,arm,0.03935033397283405,0.14821412495803088,0.05305279197636992,0.008486417005769908,0.009008833090774715,0.017778415931388736,2.9084039852023125e-05,0.009192792000249028,0.009645915939472616,0.0009208749979734421,0.037567082908935845,0.10814245801884681,6.874999962747097e-05,0.1567560420371592,0.016496040974743664,0.17325208301190287,1.8875114619731903e-05,0.00010412500705569983,0.12463849899359047,0.3122029579244554,0.47321950003970414
687,random_0684,random_cycle_chord,20260823,baseline,0,200,3,11,13,4.073223231274547,True,True,,perf/incremental-yamada-frontier-order,1d8374f42cccbb16d78d44100a65ca603d7d1997,3.14.7,macOS-26.6.2-arm64-arm-64bit-Mach-O,arm,0.031655540922656655,0.14737654104828835,0.02007841703016311,0.0065694579388946295,0.006664249929599464,0.013097458984702826,2.066709566861391e-05,0.006778832990676165,0.00698516599368304,0.0005398750072345138,0.027422000071965158,0.06075287505518645,6.812508217990398e-05,0.16706520796287805,0.008690291899256408,0.17575549986213446,1.3708020560443401e-05,6.508396472781897e-05,0.06944316695444286,0.24847524892538786,0.41967083304189146
688,random_0685,random_cycle_chord,20260823,crossing_rich,4,200,5,9,13,6.084320798726428,True,True,,perf/incremental-yamada-frontier-order,1d8374f42cccbb16d78d44100a65ca603d7d1997,3.14.7,macOS-26.6.2-arm64-arm-64bit-Mach-O,arm,0.04329758300445974,0.14853912498801947,0.05522025004029274,0.009476125007495284,0.010452582966536283,0.02057354198768735,3.724999260157347e-05,0.010700667044147849,0.011343874968588352,0.001329416991211474,0.0439847509842366,0.11916799994651228,7.7791977673769e-05,0.17183733393903822,0.024723249953240156,0.19656058389227837,2.3333006538450718e-05,0.00014300004113465548,0.14389124989975244,0.33572795789223164,0.512032208032906
689,random_0686,random_cycle_chord,20260823,crossing_rich,5,200,5,8,12,4.206060038014074,True,True,,perf/incremental-yamada-frontier-order,1d8374f42cccbb16d78d44100a65ca603d7d1997,3.14.7,macOS-26.6.2-arm64-arm-64bit-Mach-O,arm,0.030834208009764552,0.14795124996453524,0.042410208960063756,0.01063729205634445,0.012470292043872178,0.024681083974428475,3.654207102954388e-05,0.012738624936901033,0.0133941670646891,0.0013087079860270023,0.052159126033075154,0.11771066603250802,0.00026158406399190426,0.26321891602128744,0.02581633406225592,0.28903525008354336,2.4084001779556274e-05,0.00013737508561462164,0.14352700009476393,0.3223124580690637,0.5898776670219377
690,random_0687,random_cycle_chord,20260823,crossing_rich,5,200,5,8,12,4.18017892767044,True,True,,perf/incremental-yamada-frontier-order,1d8374f42cccbb16d78d44100a65ca603d7d1997,3.14.7,macOS-26.6.2-arm64-arm-64bit-Mach-O,arm,0.030383541015908122,0.14817754202522337,0.04049141705036163,0.010836625006049871,0.012612499995157123,0.024966583005152643,5.1208073273301125e-05,0.012851790990680456,0.013486791984178126,0.0013932089786976576,0.05274958303198218,0.1167283330578357,0.00016166595742106438,0.16438970807939768,0.02613458305131644,0.19052429113071412,2.4000066332519054e-05,0.00015291699673980474,0.14286291610915214,0.32142399915028363,0.49051912501454353
691,random_0688,random_cycle_chord,20260823,baseline,0,200,4,11,14,4.080713853697166,True,True,,perf/incremental-yamada-frontier-order,1d8374f42cccbb16d78d44100a65ca603d7d1997,3.14.7,macOS-26.6.2-arm64-arm-64bit-Mach-O,arm,0.03392991703003645,0.14754416700452566,0.021437208983115852,0.007582209073007107,0.00824487500358373,0.016232708003371954,2.89171002805233e-05,0.008398375008255243,0.008687542052939534,0.0007267079781740904,0.034074250143021345,0.07136491604615003,8.291692938655615e-05,0.18071308394428343,0.011299875099211931,0.19201295904349536,1.7417012713849545e-05,7.937499321997166e-05,0.08266479114536196,0.26413887517992407,0.4491012080106884
692,random_0689,random_cycle_chord,20260823,baseline,0,200,3,9,11,5.341750203285217,True,True,,perf/incremental-yamada-frontier-order,1d8374f42cccbb16d78d44100a65ca603d7d1997,3.14.7,macOS-26.6.2-arm64-arm-64bit-Mach-O,arm,0.032116958987899125,0.14727870805654675,0.025877792038954794,0.0062064999947324395,0.006463833036832511,0.01269391702953726,2.13750172406435e-05,0.0065799999283626676,0.006733042071573436,0.0005385000258684158,0.026566834072582424,0.06513349991291761,6.600003689527512e-05,0.1423685000045225,0.008613915997557342,0.15098241600207984,1.3791956007480621e-05,6.750004831701517e-05,0.07374741591047496,0.25314308295492083,0.3996395419817418
693,random_0690,random_cycle_chord,20260823,crossing_rich,2,200,4,11,14,5.048734673916495,True,True,,perf/incremental-yamada-frontier-order,1d8374f42cccbb16d78d44100a65ca603d7d1997,3.14.7,macOS-26.6.2-arm64-arm-64bit-Mach-O,arm,0.03955904091708362,0.14791595796123147,0.040037250029854476,0.008596249972470105,0.009167916956357658,0.01805866602808237,2.916704397648573e-05,0.009407666977494955,0.009765791008248925,0.0009220829233527184,0.038183373981155455,0.09601062501315027,7.437507156282663e-05,0.18113250005990267,0.015570000046864152,0.19670250010676682,1.8582912161946297e-05,0.0001009589759632945,0.11158062506001443,0.2990556239383295,0.484419040963985
694,random_0691,random_cycle_chord,20260823,baseline,0,200,3,9,11,5.383635368017368,True,True,,perf/incremental-yamada-frontier-order,1d8374f42cccbb16d78d44100a65ca603d7d1997,3.14.7,macOS-26.6.2-arm64-arm-64bit-Mach-O,arm,0.03199108294211328,0.1474848329089582,0.02731062495149672,0.006537416018545628,0.006674625095911324,0.013204250019043684,2.1332991309463978e-05,0.006796124973334372,0.006973832962103188,0.0005219170125201344,0.027517457958310843,0.06805887504015118,5.6458055041730404e-05,0.14356312493328005,0.008380166022107005,0.15194329095538706,1.3582990504801273e-05,6.41250517219305e-05,0.07643904106225818,0.25591495691332966,0.40359708294272423
695,random_0692,random_cycle_chord,20260823,crossing_rich,3,200,4,8,11,4.1720527569548365,True,True,,perf/incremental-yamada-frontier-order,1d8374f42cccbb16d78d44100a65ca603d7d1997,3.14.7,macOS-26.6.2-arm64-arm-64bit-Mach-O,arm,0.027640791959129274,0.14809529099147767,0.03658287494909018,0.009069500025361776,0.010094291996210814,0.01994841604027897,2.920802216976881e-05,0.010244749952107668,0.010882125003263354,0.001077124965377152,0.042181623983196914,0.09795450000092387,6.904196925461292e-05,0.1456852910341695,0.019079165998846292,0.1647644570330158,1.866708043962717e-05,0.0001142079709097743,0.11703366599977016,0.2927697489503771,0.44296720798593014
696,random_0693,random_cycle_chord,20260823,baseline,0,200,4,10,13,4.681002005741495,True,True,,perf/incremental-yamada-frontier-order,1d8374f42cccbb16d78d44100a65ca603d7d1997,3.14.7,macOS-26.6.2-arm64-arm-64bit-Mach-O,arm,0.03418345795944333,0.1480497500160709,0.02225033298600465,0.0073899999260902405,0.007669416023418307,0.015052958042360842,2.804200630635023e-05,0.00782600010279566,0.00809904106426984,0.0007500830106437206,0.031756124226376414,0.06909216695930809,6.975000724196434e-05,0.15665279189124703,0.011473041959106922,0.16812583385035396,1.7832964658737183e-05,8.354196324944496e-05,0.08056520891841501,0.26279841689392924,0.4237176669994369
697,random_0694,random_cycle_chord,20260823,crossing_rich,5,200,5,8,12,4.20752383431415,True,True,,perf/incremental-yamada-frontier-order,1d8374f42cccbb16d78d44100a65ca603d7d1997,3.14.7,macOS-26.6.2-arm64-arm-64bit-Mach-O,arm,0.030448999954387546,0.14812662499025464,0.03437558305449784,0.010686082998290658,0.012481624959036708,0.024666625075042248,3.7125078961253166e-05,0.012724917032755911,0.013375791953876615,0.001380500034429133,0.05218495917506516,0.10976099991239607,0.00015879201237112284,0.26544158393517137,0.026126999990083277,0.29156858392525464,2.4165958166122437e-05,0.00014833302702754736,0.13588799990247935,0.31446362484712154,0.5841986669693142
698,random_0695,random_cycle_chord,20260823,crossing_rich,2,200,4,9,12,5.968411979176206,True,True,,perf/incremental-yamada-frontier-order,1d8374f42cccbb16d78d44100a65ca603d7d1997,3.14.7,macOS-26.6.2-arm64-arm-64bit-Mach-O,arm,0.03813941706903279,0.14789837505668402,0.053564541041851044,0.00831416598521173,0.008920082938857377,0.017500167014077306,2.929195761680603e-05,0.009082291973754764,0.009479374974034727,0.0009067499777302146,0.03699787589721382,0.10782391694374382,6.82090176269412e-05,0.15598658297676593,0.015854875091463327,0.17184145806822926,1.8208986148238182e-05,0.00010170892346650362,0.12367879203520715,0.30971658416092396,0.4699580828892067
699,random_0696,random_cycle_chord,20260823,crossing_rich,4,200,5,8,12,6.5964165847028395,True,True,,perf/incremental-yamada-frontier-order,1d8374f42cccbb16d78d44100a65ca603d7d1997,3.14.7,macOS-26.6.2-arm64-arm-64bit-Mach-O,arm,0.04273241700138897,0.14958658290561289,0.0629212090279907,0.009643709054216743,0.010707916924729943,0.021111957961693406,3.7375022657215595e-05,0.010861874907277524,0.011681459029205143,0.0014387500705197453,0.045131416991353035,0.12843754200730473,0.00015208404511213303,0.16025654203258455,0.0267129170242697,0.18696945905685425,2.3667002096772194e-05,0.00016199995297938585,0.15515045903157443,0.3474694589385763,0.5123020000755787
700,random_0697,random_cycle_chord,20260823,baseline,0,200,3,8,10,6.182524036971287,True,True,,perf/incremental-yamada-frontier-order,1d8374f42cccbb16d78d44100a65ca603d7d1997,3.14.7,macOS-26.6.2-arm64-arm-64bit-Mach-O,arm,0.03356904198881239,0.15573175007011741,0.031628333032131195,0.006951624993234873,0.00675587507430464,0.013249208917841315,2.204196061939001e-05,0.006860999972559512,0.007096625049598515,0.0005633750697597861,0.027792250970378518,0.07314770889934152,5.662499461323023e-05,0.13300662499386817,0.009010749985463917,0.1420173749793321,1.8124934285879135e-05,7.770804222673178e-05,0.08215845888480544,0.27145925094373524,0.40867912501562387
701,random_0698,random_cycle_chord,20260823,baseline,0,200,3,11,13,5.226942415665115,True,True,,perf/incremental-yamada-frontier-order,1d8374f42cccbb16d78d44100a65ca603d7d1997,3.14.7,macOS-26.6.2-arm64-arm-64bit-Mach-O,arm,0.037152540986426175,0.1480899170273915,0.02349025011062622,0.006987125030718744,0.007136959000490606,0.013943999889306724,2.1459069103002548e-05,0.007256624987348914,0.007382832933217287,0.0005064590368419886,0.029111375915817916,0.06674508296418935,6.420898716896772e-05,0.1674313748953864,0.008140792022459209,0.1755721669178456,1.3625016435980797e-05,6.491702515631914e-05,0.07488587498664856,0.2601283330004662,0.4316943750018254
702,random_0699,random_cycle_chord,20260823,crossing_rich,5,200,5,9,13,4.31218096143002,True,True,,perf/incremental-yamada-frontier-order,1d8374f42cccbb16d78d44100a65ca603d7d1997,3.14.7,macOS-26.6.2-arm64-arm-64bit-Mach-O,arm,0.033236042014323175,0.14798204193357378,0.039728500065393746,0.010400500032119453,0.011900541954673827,0.023475916008464992,3.724999260157347e-05,0.01215558301191777,0.012875666958279908,0.0013940420467406511,0.049938458018004894,0.11200199997983873,7.88751058280468e-05,0.1756734170485288,0.027918500010855496,0.2035919170593843,2.3292028345167637e-05,0.00015145796351134777,0.13992049999069422,0.3211385839385912,0.5013134579639882
703,random_0700,random_cycle_chord,20260823,crossing_rich,3,200,5,11,15,4.6436599045358635,True,True,,perf/incremental-yamada-frontier-order,1d8374f42cccbb16d78d44100a65ca603d7d1997,3.14.7,macOS-26.6.2-arm64-arm-64bit-Mach-O,arm,0.03909562504850328,0.1484882920049131,0.04002941690851003,0.009582958999089897,0.010638375068083405,0.021008583018556237,3.6207959055900574e-05,0.010856583015993237,0.011461999965831637,0.0012019160203635693,0.04456528997980058,0.10484895901754498,8.525000885128975e-05,0.1966906669549644,0.021499249967746437,0.21818991692271084,2.3416010662913322e-05,0.0001296249683946371,0.12634820898529142,0.3139321260387078,0.5150842090370134
704,random_0701,random_cycle_chord,20260823,crossing_rich,2,200,4,9,12,5.895812425213991,True,True,,perf/incremental-yamada-frontier-order,1d8374f42cccbb16d78d44100a65ca603d7d1997,3.14.7,macOS-26.6.2-arm64-arm-64bit-Mach-O,arm,0.038179291994310915,0.14820075000170618,0.047979374998249114,0.00823500007390976,0.00865312502719462,0.01709125004708767,2.9667047783732414e-05,0.008847250021062791,0.009276708005927503,0.0009702499955892563,0.03621512511745095,0.10110899992287159,7.212499622255564e-05,0.15752479201182723,0.017515917075797915,0.17504070908762515,1.916696783155203e-05,0.00011012493632733822,0.1186249169986695,0.3050049589946866,0.46680520800873637
705,random_0702,random_cycle_chord,20260823,baseline,0,200,3,14,16,4.292722212655131,True,True,,perf/incremental-yamada-frontier-order,1d8374f42cccbb16d78d44100a65ca603d7d1997,3.14.7,macOS-26.6.2-arm64-arm-64bit-Mach-O,arm,0.03960895794443786,0.14774312498047948,0.020839667064137757,0.00664595898706466,0.006697999895550311,0.013203124981373549,2.120796125382185e-05,0.006866374984383583,0.006995374918915331,0.0005480418913066387,0.027634124737232924,0.0618372920434922,7.220800034701824e-05,0.20479437499307096,0.00870837492402643,0.2135027499170974,1.3874960131943226e-05,6.883300375193357e-05,0.07054566696751863,0.25789774989243597,0.46685341594275087
706,random_0703,random_cycle_chord,20260823,baseline,0,200,4,10,13,4.621577828235421,True,True,,perf/incremental-yamada-frontier-order,1d8374f42cccbb16d78d44100a65ca603d7d1997,3.14.7,macOS-26.6.2-arm64-arm-64bit-Mach-O,arm,0.03407799999695271,0.14820579101797193,0.02506645896937698,0.007722959038801491,0.008378082886338234,0.016562124947085977,2.7999980375170708e-05,0.008579500019550323,0.008830707985907793,0.000719540985301137,0.0347198739182204,0.07591299992054701,6.89580338075757e-05,0.1560647910227999,0.009943290962837636,0.16600808198563755,1.795799471437931e-05,7.808301597833633e-05,0.08585629088338464,0.2681400818983093,0.4285067080054432
707,random_0704,random_cycle_chord,20260823,crossing_rich,5,200,5,9,13,4.358732358505514,True,True,,perf/incremental-yamada-frontier-order,1d8374f42cccbb16d78d44100a65ca603d7d1997,3.14.7,macOS-26.6.2-arm64-arm-64bit-Mach-O,arm,0.034168792073614895,0.1484245000174269,0.04365837504155934,0.010484166909009218,0.012167292064987123,0.024028416955843568,3.841693978756666e-05,0.012352416990324855,0.01304470794275403,0.0013688340550288558,0.050832792883738875,0.11717608408071101,8.208304643630981e-05,0.17654587503056973,0.027739958022721112,0.20428583305329084,2.4832901544868946e-05,0.00015179195906966925,0.14491604210343212,0.3275093341944739,0.5085939170094207
708,random_0705,random_cycle_chord,20260823,crossing_rich,2,200,4,9,12,6.084736872685899,True,True,,perf/incremental-yamada-frontier-order,1d8374f42cccbb16d78d44100a65ca603d7d1997,3.14.7,macOS-26.6.2-arm64-arm-64bit-Mach-O,arm,0.038906084024347365,0.14807758398819715,0.05010645801667124,0.008204209036193788,0.008517042035236955,0.016790000023320317,2.933293581008911e-05,0.008735708077438176,0.009163624956272542,0.0009457910200580955,0.03566445701289922,0.10251845803577453,8.062506094574928e-05,0.15784337499644607,0.016749250004068017,0.1745926250005141,1.8916907720267773e-05,0.00010470801498740911,0.11926770803984255,0.30625137605238706,0.4683836669428274
709,random_0706,random_cycle_chord,20260823,baseline,0,200,3,9,11,5.3620392267992925,True,True,,perf/incremental-yamada-frontier-order,1d8374f42cccbb16d78d44100a65ca603d7d1997,3.14.7,macOS-26.6.2-arm64-arm-64bit-Mach-O,arm,0.03256554203107953,0.14805874996818602,0.024683041963726282,0.006560000008903444,0.006720125093124807,0.013247500057332218,2.150004729628563e-05,0.006877333042211831,0.007020457996986806,0.0005245410138741136,0.027691332157701254,0.06567362498026341,5.895888898521662e-05,0.1415526249911636,0.008205791935324669,0.14975841692648828,1.4125020243227482e-05,6.42499653622508e-05,0.07387941691558808,0.25450370891485363,0.4001970839453861
710,random_0707,random_cycle_chord,20260823,crossing_rich,6,200,6,12,17,4.203856510230868,True,True,,perf/incremental-yamada-frontier-order,1d8374f42cccbb16d78d44100a65ca603d7d1997,3.14.7,macOS-26.6.2-arm64-arm-64bit-Mach-O,arm,0.04288458405062556,0.14847737492527813,0.04871720797382295,0.014299749978818,0.014017874957062304,0.02772545802872628,4.299997817724943e-05,0.014423999935388565,0.015312292031012475,0.0016902500065043569,0.05919499997980893,0.13626887497957796,9.737501386553049e-05,0.340285790967755,0.035716749960556626,0.37600254092831165,3.120803739875555e-05,0.00017283298075199127,0.17198562494013458,0.3633475839160383,0.7079449580051005
711,random_0708,random_cycle_chord,20260823,baseline,0,200,3,10,12,4.685849033476902,True,True,,perf/incremental-yamada-frontier-order,1d8374f42cccbb16d78d44100a65ca603d7d1997,3.14.7,macOS-26.6.2-arm64-arm-64bit-Mach-O,arm,0.03153258305974305,0.1478100409731269,0.020865124999545515,0.006422791979275644,0.006338707986287773,0.012478125048801303,2.1332991309463978e-05,0.006525249918922782,0.006707499967887998,0.0005515840603038669,0.026283791987225413,0.05992954201065004,6.191700231283903e-05,0.15142050001304597,0.00867908401414752,0.1600995840271935,1.3999990187585354e-05,6.750004831701517e-05,0.06860862602479756,0.2479512500576675,0.4034957920666784
712,random_0709,random_cycle_chord,20260823,baseline,0,200,3,9,11,5.372401760456745,True,True,,perf/incremental-yamada-frontier-order,1d8374f42cccbb16d78d44100a65ca603d7d1997,3.14.7,macOS-26.6.2-arm64-arm-64bit-Mach-O,arm,0.032251082942821085,0.1480377910193056,0.026084457989782095,0.0063367499969899654,0.006391999893821776,0.012543166987597942,2.0999927073717117e-05,0.006514000007882714,0.006667249952442944,0.0005116250831633806,0.0262570419581607,0.06508933403529227,5.916703958064318e-05,0.1417902500834316,0.008079916937276721,0.14987016702070832,1.3415934517979622e-05,6.125005893409252e-05,0.07316925097256899,0.25345812493469566,0.39937212504446507
713,random_0710,random_cycle_chord,20260823,baseline,0,200,3,10,12,5.628248751289817,True,True,,perf/incremental-yamada-frontier-order,1d8374f42cccbb16d78d44100a65ca603d7d1997,3.14.7,macOS-26.6.2-arm64-arm-64bit-Mach-O,arm,0.03603458299767226,0.14811675006058067,0.031350000062957406,0.006435916991904378,0.006574833067134023,0.012964415946044028,2.0832987502217293e-05,0.006718792021274567,0.00686987501103431,0.0005056250374764204,0.027079541003331542,0.07145933306310326,6.104190833866596e-05,0.1507868750486523,0.008072667056694627,0.15885954210534692,1.395796425640583e-05,6.179208867251873e-05,0.07953200011979789,0.2636833331780508,0.4185974169522524
714,random_0711,random_cycle_chord,20260823,baseline,0,200,3,8,10,6.221068367320257,True,True,,perf/incremental-yamada-frontier-order,1d8374f42cccbb16d78d44100a65ca603d7d1997,3.14.7,macOS-26.6.2-arm64-arm-64bit-Mach-O,arm,0.03361799998674542,0.14796658302657306,0.031249333056621253,0.00646066595800221,0.006703666993416846,0.013278124970383942,2.1666986867785454e-05,0.006830416969023645,0.007050000014714897,0.0005587909836322069,0.027738999924622476,0.07217241707257926,5.562498699873686e-05,0.1294918330386281,0.00912566704209894,0.13861750008072704,1.3874960131943226e-05,6.874999962747097e-05,0.0812980841146782,0.2628826671279967,0.3965192079776898
715,random_0712,random_cycle_chord,20260823,baseline,0,200,3,11,13,5.226434792933842,True,True,,perf/incremental-yamada-frontier-order,1d8374f42cccbb16d78d44100a65ca603d7d1997,3.14.7,macOS-26.6.2-arm64-arm-64bit-Mach-O,arm,0.037141208071261644,0.14773924998007715,0.02696787496097386,0.006759291980415583,0.007044540951028466,0.013909417088143528,2.1249987185001373e-05,0.0071907080709934235,0.007369041908532381,0.0005055840592831373,0.02899600111413747,0.06978625000920147,6.370898336172104e-05,0.16732266591861844,0.007882500067353249,0.1752051659859717,1.3665994629263878e-05,6.0582999140024185e-05,0.07766875007655472,0.2625492081278935,0.43398650002200156
716,random_0713,random_cycle_chord,20260823,baseline,0,200,3,11,13,5.2241004018051385,True,True,,perf/incremental-yamada-frontier-order,1d8374f42cccbb16d78d44100a65ca603d7d1997,3.14.7,macOS-26.6.2-arm64-arm-64bit-Mach-O,arm,0.03694908309262246,0.14799370802938938,0.02456879208330065,0.006393374991603196,0.006646665977314115,0.013135624933056533,2.150004729628563e-05,0.006778000039048493,0.006965667009353638,0.000544416019693017,0.027445208048447967,0.06507283309474587,6.533297710120678e-05,0.16661695903167129,0.00860866706352681,0.1752256260951981,1.3916054740548134e-05,6.61659287288785e-05,0.07368150015827268,0.2586242912802845,0.42939729196950793
717,random_0714,random_cycle_chord,20260823,baseline,0,200,3,8,10,6.20205350196545,True,True,,perf/incremental-yamada-frontier-order,1d8374f42cccbb16d78d44100a65ca603d7d1997,3.14.7,macOS-26.6.2-arm64-arm-64bit-Mach-O,arm,0.03320908301975578,0.14820987498387694,0.03005762491375208,0.006466791965067387,0.006668500020168722,0.013131957966834307,2.154102548956871e-05,0.006793249980546534,0.007006875006482005,0.0005767920520156622,0.027530416031368077,0.07074304099660367,5.53749268874526e-05,0.1284936669981107,0.00929333409294486,0.13778700109105557,1.366704236716032e-05,7.058307528495789e-05,0.08003637508954853,0.26145533309318125,0.3940669579897076
718,random_0715,random_cycle_chord,20260823,crossing_rich,6,200,6,11,16,5.225982253486779,True,True,,perf/incremental-yamada-frontier-order,1d8374f42cccbb16d78d44100a65ca603d7d1997,3.14.7,macOS-26.6.2-arm64-arm-64bit-Mach-O,arm,0.04619899997487664,0.1484953329199925,0.054820582969114184,0.0133518329821527,0.01393379201181233,0.02758466696832329,5.8125006034970284e-05,0.014192332979291677,0.014927292009815574,0.0015834580408409238,0.058345875004306436,0.14050029101781547,9.333307389169931e-05,0.2151067079976201,0.031395957921631634,0.24650266591925174,2.7792062610387802e-05,0.00016666599549353123,0.1718962489394471,0.36659058183431625,0.5864205829566345
719,random_0716,random_cycle_chord,20260823,baseline,0,200,3,11,13,4.02903050257453,True,True,,perf/incremental-yamada-frontier-order,1d8374f42cccbb16d78d44100a65ca603d7d1997,3.14.7,macOS-26.6.2-arm64-arm-64bit-Mach-O,arm,0.03167950001079589,0.14767808304168284,0.019574707956053317,0.006592958001419902,0.006583584006875753,0.0129700000397861,2.1124957129359245e-05,0.006739917094819248,0.00693404208868742,0.000561084016226232,0.02722616819664836,0.05999633390456438,6.47080596536398e-05,0.16712545789778233,0.008855250081978738,0.17598070797976106,1.3999990187585354e-05,6.737501826137304e-05,0.06885158398654312,0.24820916703902185,0.41946120897773653
720,random_0717,random_cycle_chord,20260823,baseline,0,200,3,11,13,4.036998982879517,True,True,,perf/incremental-yamada-frontier-order,1d8374f42cccbb16d78d44100a65ca603d7d1997,3.14.7,macOS-26.6.2-arm64-arm-64bit-Mach-O,arm,0.03236100007779896,0.1551670419285074,0.017369208042509854,0.006987000000663102,0.0068992500891909,0.01357379206456244,2.1875021047890186e-05,0.007017167052254081,0.007210290990769863,0.000539249973371625,0.0283623751020059,0.059637541067786515,6.53750030323863e-05,0.16619633394293487,0.008378959028050303,0.17457529297098517,1.5584053471684456e-05,7.004197686910629e-05,0.06801650009583682,0.25554454210214317,0.42593958298675716
721,random_0718,random_cycle_chord,20260823,baseline,0,200,3,8,10,6.164897837094405,True,True,,perf/incremental-yamada-frontier-order,1d8374f42cccbb16d78d44100a65ca603d7d1997,3.14.7,macOS-26.6.2-arm64-arm-64bit-Mach-O,arm,0.03372320800554007,0.1481621250277385,0.030479666078463197,0.006484250072389841,0.006733749993145466,0.013283582986332476,2.154102548956871e-05,0.006871833000332117,0.007111542043276131,0.0005879589589312673,0.02787645801436156,0.07159487495664507,5.962501745671034e-05,0.13017374998889863,0.009383124997839332,0.13955687498673797,1.395796425640583e-05,7.004209328442812e-05,0.0809779999544844,0.262863332987763,0.39718358300160617
722,random_0719,random_cycle_chord,20260823,baseline,0,200,3,10,12,5.624494184684709,True,True,,perf/incremental-yamada-frontier-order,1d8374f42cccbb16d78d44100a65ca603d7d1997,3.14.7,macOS-26.6.2-arm64-arm-64bit-Mach-O,arm,0.036051749950274825,0.14780300005804747,0.028240500018000603,0.006433165981434286,0.006564375013113022,0.012991916039027274,2.0916922949254513e-05,0.006711792084388435,0.006905625108629465,0.000530000077560544,0.027160250232554972,0.06841691606678069,6.37079356238246e-05,0.1543777920305729,0.00849245791323483,0.16287024994380772,1.4291959814727306e-05,6.533297710120678e-05,0.07690937398001552,0.2607641239883378,0.41929195902775973
723,random_0720,random_cycle_chord,20260823,baseline,0,200,3,11,13,5.227022696206348,True,True,,perf/incremental-yamada-frontier-order,1d8374f42cccbb16d78d44100a65ca603d7d1997,3.14.7,macOS-26.6.2-arm64-arm-64bit-Mach-O,arm,0.03744033304974437,0.1478003750089556,0.02636487502604723,0.00667383405379951,0.006929042050614953,0.013631041976623237,2.1583051420748234e-05,0.007108540972694755,0.007208082941360772,0.0005162499146535993,0.02848549885675311,0.06847287493292242,6.550003308802843e-05,0.16651712509337813,0.007957125082612038,0.17447425017599016,1.3707904145121574e-05,6.362493149936199e-05,0.07643000001553446,0.2616707080742344,0.43231254105921835
724,random_0721,random_cycle_chord,20260823,baseline,0,200,3,12,14,4.881914229565828,True,True,,perf/incremental-yamada-frontier-order,1d8374f42cccbb16d78d44100a65ca603d7d1997,3.14.7,macOS-26.6.2-arm64-arm-64bit-Mach-O,arm,0.03777183301281184,0.1483219580259174,0.022437459090724587,0.006763749988749623,0.007173374993726611,0.014116083038970828,2.1582935005426407e-05,0.007324000005610287,0.007540749968029559,0.0005964169977232814,0.02959883294533938,0.06599216698668897,7.00000673532486e-05,0.17954908299725503,0.009680291987024248,0.18922937498427927,1.3875076547265053e-05,7.375003769993782e-05,0.07567245897371322,0.26176625001244247,0.4454514170065522
725,random_0722,random_cycle_chord,20260823,crossing_rich,3,200,5,11,15,5.0717910549459,True,True,,perf/incremental-yamada-frontier-order,1d8374f42cccbb16d78d44100a65ca603d7d1997,3.14.7,macOS-26.6.2-arm64-arm-64bit-Mach-O,arm,0.04141937498934567,0.14813562494236976,0.04277458391152322,0.009909874992445111,0.011116832960397005,0.021967791952192783,3.63329891115427e-05,0.011421249946579337,0.01190524990670383,0.0011540829436853528,0.046484707738272846,0.11031887494027615,8.68749339133501e-05,0.19779954198747873,0.021473582950420678,0.2192731249378994,2.26249685510993e-05,0.00012229196727275848,0.13179245789069682,0.32134745782241225,0.5236148330150172
726,random_0723,random_cycle_chord,20260823,crossing_rich,5,200,5,10,14,4.07174587591387,True,True,,perf/incremental-yamada-frontier-order,1d8374f42cccbb16d78d44100a65ca603d7d1997,3.14.7,macOS-26.6.2-arm64-arm-64bit-Mach-O,arm,0.0350836249999702,0.1487262500450015,0.033501582918688655,0.010893540922552347,0.012395250028930604,0.024329083040356636,5.549995694309473e-05,0.012390666990540922,0.013011374976485968,0.0013304169988259673,0.05111704196315259,0.1079472090350464,9.995803702622652e-05,0.18655829201452434,0.02565329195931554,0.21221158397383988,2.408307045698166e-05,0.00014354090671986341,0.13360050099436194,0.31741037603933364,0.5086597910849378
727,random_0724,random_cycle_chord,20260823,baseline,0,200,3,11,13,5.223642176849065,True,True,,perf/incremental-yamada-frontier-order,1d8374f42cccbb16d78d44100a65ca603d7d1997,3.14.7,macOS-26.6.2-arm64-arm-64bit-Mach-O,arm,0.03652404202148318,0.14793533401098102,0.025045499904081225,0.006650750059634447,0.0067740840604528785,0.013296541990712285,2.2082938812673092e-05,0.006920041050761938,0.0070564160123467445,0.0005152910016477108,0.02781037299428135,0.06629987503401935,6.854196544736624e-05,0.1666749999858439,0.008127500070258975,0.17480250005610287,1.4249933883547783e-05,6.429105997085571e-05,0.07442737510427833,0.25888675113674253,0.42970641690772027
728,random_0725,random_cycle_chord,20260823,baseline,0,200,4,11,14,4.070617234643987,True,True,,perf/incremental-yamada-frontier-order,1d8374f42cccbb16d78d44100a65ca603d7d1997,3.14.7,macOS-26.6.2-arm64-arm-64bit-Mach-O,arm,0.034183333977125585,0.14918437507003546,0.022642333060503006,0.00790054106619209,0.009145542047917843,0.01724333397578448,4.966591950505972e-05,0.009175374987535179,0.009208124945871532,0.0007100000511854887,0.03638649987988174,0.07612687500659376,8.745805826038122e-05,0.18390070798341185,0.011141833034344018,0.19504254101775587,1.779210288077593e-05,8.179096039384604e-05,0.08726870804093778,0.2706364170880988,0.45890479104127735
729,random_0726,random_cycle_chord,20260823,crossing_rich,5,200,5,8,12,4.262660352499771,True,True,,perf/incremental-yamada-frontier-order,1d8374f42cccbb16d78d44100a65ca603d7d1997,3.14.7,macOS-26.6.2-arm64-arm-64bit-Mach-O,arm,0.030678207986056805,0.14829074998851866,0.04168687493074685,0.010635582963004708,0.012432917021214962,0.024501167004927993,3.6665936931967735e-05,0.01266958296764642,0.013398249982856214,0.0014003330143168569,0.05200599890667945,0.11679404100868851,0.0001616249792277813,0.26598883303813636,0.03960866597481072,0.3055974990129471,2.4333014152944088e-05,0.00015533401165157557,0.15640270698349923,0.3353716649580747,0.6053246249211952
730,random_0727,random_cycle_chord,20260823,crossing_rich,2,200,4,8,11,6.587094891141339,True,True,,perf/incremental-yamada-frontier-order,1d8374f42cccbb16d78d44100a65ca603d7d1997,3.14.7,macOS-26.6.2-arm64-arm-64bit-Mach-O,arm,0.03865083400160074,0.14839575008954853,0.05783345806412399,0.008223708951845765,0.008724250015802681,0.01718950003851205,2.9290909878909588e-05,0.008913333062082529,0.009388750069774687,0.0010021659545600414,0.03652304003480822,0.11133012501522899,6.524997297674417e-05,0.1454939590767026,0.017792749917134643,0.16328670899383724,1.9791070371866226e-05,0.00011770811397582293,0.12912287493236363,0.3161694590235129,0.4659428329905495
731,random_0728,random_cycle_chord,20260823,baseline,0,200,3,9,11,5.362092397469403,True,True,,perf/incremental-yamada-frontier-order,1d8374f42cccbb16d78d44100a65ca603d7d1997,3.14.7,macOS-26.6.2-arm64-arm-64bit-Mach-O,arm,0.031798957963474095,0.14784983394201845,0.027289125020615757,0.006717833108268678,0.007003124919719994,0.013764582923613489,2.1708081476390362e-05,0.007155333063565195,0.00730162498075515,0.0005274999421089888,0.028770748991519213,0.06979995802976191,5.920801777392626e-05,0.14115437492728233,0.008365915971808136,0.14952029089909047,1.3791956007480621e-05,6.599992047995329e-05,0.07816587400157005,0.2578146659070626,0.4031054580118507
732,random_0729,random_cycle_chord,20260823,baseline,0,200,3,9,11,5.345631388176641,True,True,,perf/incremental-yamada-frontier-order,1d8374f42cccbb16d78d44100a65ca603d7d1997,3.14.7,macOS-26.6.2-arm64-arm-64bit-Mach-O,arm,0.03190412500407547,0.14795095892623067,0.02744079101830721,0.0066549580078572035,0.007072124979458749,0.013866957975551486,2.5165965780615807e-05,0.007174499914981425,0.0073852080386132,0.0005784579552710056,0.029030289850197732,0.07022066705394536,5.9959013015031815e-05,0.14152341696899384,0.008448999957181513,0.14997241692617536,1.329102087765932e-05,6.604206282645464e-05,0.07866966701112688,0.258524750941433,0.4041890000225976
733,random_0730,random_cycle_chord,20260823,baseline,0,200,3,8,10,6.137738702804137,True,True,,perf/incremental-yamada-frontier-order,1d8374f42cccbb16d78d44100a65ca603d7d1997,3.14.7,macOS-26.6.2-arm64-arm-64bit-Mach-O,arm,0.03236508299596608,0.14781129197217524,0.03085383295547217,0.006526166922412813,0.006681625032797456,0.013172042090445757,2.2374908439815044e-05,0.006835250067524612,0.007059167022816837,0.0005570841021835804,0.0276459181914106,0.07172762497793883,5.616701673716307e-05,0.1291038750205189,0.008837583940476179,0.13794145896099508,1.3750046491622925e-05,6.88750296831131e-05,0.08056520891841501,0.2607415838865563,0.3939707500394434
734,random_0731,random_cycle_chord,20260823,baseline,0,200,3,8,10,6.135445219997371,True,True,,perf/incremental-yamada-frontier-order,1d8374f42cccbb16d78d44100a65ca603d7d1997,3.14.7,macOS-26.6.2-arm64-arm-64bit-Mach-O,arm,0.03234220796730369,0.14795237500220537,0.033887125086039305,0.006557083106599748,0.006650166003964841,0.013168250094167888,2.1499930880963802e-05,0.006813292042352259,0.00697700004093349,0.0005466659786179662,0.027526708086952567,0.0746399579802528,5.520798731595278e-05,0.12873808306176215,0.00913625000976026,0.13787433307152241,1.4707911759614944e-05,7.287506014108658e-05,0.08377620799001306,0.26407079095952213,0.3969561660196632
735,random_0732,random_cycle_chord,20260823,crossing_rich,4,200,5,8,12,6.597505939399123,True,True,,perf/incremental-yamada-frontier-order,1d8374f42cccbb16d78d44100a65ca603d7d1997,3.14.7,macOS-26.6.2-arm64-arm-64bit-Mach-O,arm,0.04294245899654925,0.14942525001242757,0.06282604101579636,0.009954415960237384,0.010678459075279534,0.020970167010091245,3.63329891115427e-05,0.010888332966715097,0.011587125016376376,0.001314957975409925,0.044796915957704186,0.1282894159667194,0.00015604193322360516,0.15965937497094274,0.02447149995714426,0.184130874928087,2.4916022084653378e-05,0.00014512497000396252,0.15276091592386365,0.34512862493284047,0.509373708977364
736,random_0733,random_cycle_chord,20260823,crossing_rich,4,200,5,8,12,6.596598962410632,True,True,,perf/incremental-yamada-frontier-order,1d8374f42cccbb16d78d44100a65ca603d7d1997,3.14.7,macOS-26.6.2-arm64-arm-64bit-Mach-O,arm,0.04291704099159688,0.14855220797471702,0.06277308298740536,0.009578958968631923,0.01068262499757111,0.0210377499461174,3.7958030588924885e-05,0.01089779194444418,0.011732749990187585,0.0014509999891743064,0.0451572499005124,0.12822570803109556,0.00015270791482180357,0.15989691705908626,0.027274791966192424,0.1871717090252787,2.4875043891370296e-05,0.00017241702880710363,0.155500499997288,0.3469697489636019,0.5117877500597388
737,random_0734,random_cycle_chord,20260823,crossing_rich,6,200,6,11,16,5.228625764551395,True,True,,perf/incremental-yamada-frontier-order,1d8374f42cccbb16d78d44100a65ca603d7d1997,3.14.7,macOS-26.6.2-arm64-arm-64bit-Mach-O,arm,0.04570899996906519,0.148372916970402,0.05052225000690669,0.013528207899071276,0.013661750010214746,0.027044708956964314,4.654203075915575e-05,0.014027124969288707,0.014822917059063911,0.0016372499521821737,0.05757854296825826,0.13533325004391372,9.195797611027956e-05,0.218112290953286,0.032470042002387345,0.25058233295567334,3.179104533046484e-05,0.00018554204143583775,0.16780329204630107,0.36188520898576826,0.5850186250172555
738,random_0735,random_cycle_chord,20260823,crossing_rich,3,200,4,8,11,4.207177937407511,True,True,,perf/incremental-yamada-frontier-order,1d8374f42cccbb16d78d44100a65ca603d7d1997,3.14.7,macOS-26.6.2-arm64-arm-64bit-Mach-O,arm,0.028025624924339354,0.14812362496741116,0.03269879089202732,0.009093791944906116,0.010034292005002499,0.019904708955436945,3.004202153533697e-05,0.010306166019290686,0.010708000045269728,0.0009599159238860011,0.041908832965418696,0.09376241697464138,6.804196164011955e-05,0.23754241701681167,0.018500291975215077,0.25604270899202675,1.979200169444084e-05,0.0001092919846996665,0.11226270894985646,0.288411958841607,0.5300112910335883
739,random_0736,random_cycle_chord,20260823,baseline,0,200,3,10,12,4.6711247362729615,True,True,,perf/incremental-yamada-frontier-order,1d8374f42cccbb16d78d44100a65ca603d7d1997,3.14.7,macOS-26.6.2-arm64-arm-64bit-Mach-O,arm,0.031007333076559007,0.14784195797983557,0.02178391593042761,0.006485374993644655,0.006500542047433555,0.012837500078603625,2.104195300489664e-05,0.006647916976362467,0.006828833022154868,0.0005384579999372363,0.026873750030063093,0.061662707943469286,6.095797289162874e-05,0.15457200002856553,0.008661582949571311,0.16323358297813684,1.425005029886961e-05,6.812508217990398e-05,0.0703242908930406,0.24917358194943517,0.40787254099268466
740,random_0737,random_cycle_chord,20260823,crossing_rich,4,200,5,10,14,5.624171197786556,True,True,,perf/incremental-yamada-frontier-order,1d8374f42cccbb16d78d44100a65ca603d7d1997,3.14.7,macOS-26.6.2-arm64-arm-64bit-Mach-O,arm,0.04344812501221895,0.16085845802444965,0.05388829205185175,0.009940999909304082,0.01055779098533094,0.020707458024844527,3.63329891115427e-05,0.010808250051923096,0.011440500034950674,0.0012905000476166606,0.0442830411484465,0.1187027090927586,8.166593033820391e-05,0.18618612503632903,0.024642291944473982,0.210828416980803,2.4916022084653378e-05,0.00014658307190984488,0.14334500103723258,0.3476515840739012,0.5383793750079349
741,random_0738,random_cycle_chord,20260823,crossing_rich,5,200,5,9,13,4.396341660923098,True,True,,perf/incremental-yamada-frontier-order,1d8374f42cccbb16d78d44100a65ca603d7d1997,3.14.7,macOS-26.6.2-arm64-arm-64bit-Mach-O,arm,0.03378862491808832,0.1482637090375647,0.045625624945387244,0.010410124901682138,0.011997165973298252,0.02362474997062236,3.758398815989494e-05,0.01227504201233387,0.012977167032659054,0.0014157500118017197,0.0503302930155769,0.11839645891450346,8.208304643630981e-05,0.17488616704940796,0.028489917051047087,0.20337608410045505,2.4958979338407516e-05,0.00015658303163945675,0.14688637596555054,0.32893870992120355,0.5086027089273557
742,random_0739,random_cycle_chord,20260823,crossing_rich,4,200,5,9,13,6.074983882356951,True,True,,perf/incremental-yamada-frontier-order,1d8374f42cccbb16d78d44100a65ca603d7d1997,3.14.7,macOS-26.6.2-arm64-arm-64bit-Mach-O,arm,0.04188949998933822,0.19214045791886747,0.0615917919203639,0.010378874954767525,0.010999749996699393,0.021540625020861626,3.629201091825962e-05,0.011229334049858153,0.011868082918226719,0.001296292059123516,0.04597062605898827,0.12897504190914333,8.30420758575201e-05,0.17417116707656533,0.024589417036622763,0.1987605841131881,2.4916022084653378e-05,0.00014387501869350672,0.1535644589457661,0.3875944168539718,0.5672622079728171
743,random_0740,random_cycle_chord,20260823,crossing_rich,5,200,5,8,12,4.249063901250543,True,True,,perf/incremental-yamada-frontier-order,1d8374f42cccbb16d78d44100a65ca603d7d1997,3.14.7,macOS-26.6.2-arm64-arm-64bit-Mach-O,arm,0.03113970800768584,0.15376295789610595,0.039370540995150805,0.010779166943393648,0.012437124969437718,0.024580374942161143,3.750005271285772e-05,0.01306824991479516,0.013370665954425931,0.001343292067758739,0.05240008293185383,0.11501987499650568,0.00016866694204509258,0.2642983749974519,0.036613125004805624,0.3009115000022575,2.3542088456451893e-05,0.00014820799697190523,0.1516330000013113,0.3365356659051031,0.6047975840047002
744,random_0741,random_cycle_chord,20260823,baseline,0,200,3,11,13,5.229612600966313,True,True,,perf/incremental-yamada-frontier-order,1d8374f42cccbb16d78d44100a65ca603d7d1997,3.14.7,macOS-26.6.2-arm64-arm-64bit-Mach-O,arm,0.03883604204747826,0.149676917004399,0.023640417028218508,0.006447541993111372,0.006551792030222714,0.012882292037829757,2.1709012798964977e-05,0.006658041966147721,0.006816916982643306,0.0005114170489832759,0.026890377048403025,0.06354962498880923,7.083290256559849e-05,0.16630441695451736,0.00832804199308157,0.17463245894759893,1.3582990504801273e-05,6.829190533608198e-05,0.0718776669818908,0.26039062603376806,0.43089733296073973
745,random_0742,random_cycle_chord,20260823,crossing_rich,5,200,5,8,12,4.1936293288469955,True,True,,perf/incremental-yamada-frontier-order,1d8374f42cccbb16d78d44100a65ca603d7d1997,3.14.7,macOS-26.6.2-arm64-arm-64bit-Mach-O,arm,0.030310958973132074,0.14854779094457626,0.04372841597069055,0.010762291960418224,0.012477084062993526,0.024648666032589972,3.783300053328276e-05,0.012789917062036693,0.013489166973158717,0.0013571250019595027,0.05232270807027817,0.1193250420037657,0.00017983396537601948,0.16116933396551758,0.027639208012260497,0.18880854197777808,2.3667002096772194e-05,0.00015066599007695913,0.1469642500160262,0.32582299993373454,0.4915930830175057
746,random_0743,random_cycle_chord,20260823,crossing_rich,6,200,6,11,16,5.226534761603351,True,True,,perf/incremental-yamada-frontier-order,1d8374f42cccbb16d78d44100a65ca603d7d1997,3.14.7,macOS-26.6.2-arm64-arm-64bit-Mach-O,arm,0.046371666016057134,0.14868862507864833,0.05335566692519933,0.01171970902942121,0.013394542038440704,0.026423290953971446,5.454092752188444e-05,0.013670874992385507,0.014474957948550582,0.0016634160419926047,0.05628708086442202,0.13480362494010478,9.454204700887203e-05,0.21436391596216708,0.03342741704545915,0.24779133300762624,2.74579506367445e-05,0.00017562508583068848,0.16823104198556393,0.3632913330802694,0.5822809169767424
747,random_0744,random_cycle_chord,20260823,baseline,0,200,3,10,12,4.62647540342157,True,True,,perf/incremental-yamada-frontier-order,1d8374f42cccbb16d78d44100a65ca603d7d1997,3.14.7,macOS-26.6.2-arm64-arm-64bit-Mach-O,arm,0.030584333930164576,0.14812045800499618,0.021292041055858135,0.006666958099231124,0.0066706250654533505,0.013156582950614393,2.1542073227465153e-05,0.006800041068345308,0.006988500012084842,0.0005363329546526074,0.027502999058924615,0.06215208303183317,6.404099985957146e-05,0.15455774997826666,0.008571417070925236,0.1631291670491919,1.3457960449159145e-05,6.658292841166258e-05,0.07072350010275841,0.24942829203791916,0.40810170804616064
748,random_0745,random_cycle_chord,20260823,crossing_rich,3,200,5,11,15,5.006166399829685,True,True,,perf/incremental-yamada-frontier-order,1d8374f42cccbb16d78d44100a65ca603d7d1997,3.14.7,macOS-26.6.2-arm64-arm-64bit-Mach-O,arm,0.04168124997522682,0.14803229097742587,0.04360729199834168,0.009642541990615427,0.010654916986823082,0.021083332947455347,3.5958015359938145e-05,0.010924792033620179,0.011465042014606297,0.001168415998108685,0.044677541009150445,0.10861450002994388,8.170807268470526e-05,0.1954225410008803,0.020335915964096785,0.21575845696497709,2.26249685510993e-05,0.00012729107402265072,0.12895041599404067,0.31866395694669336,0.5185436670435593
749,random_0746,random_cycle_chord,20260823,crossing_rich,6,200,6,11,16,5.225816163185629,True,True,,perf/incremental-yamada-frontier-order,1d8374f42cccbb16d78d44100a65ca603d7d1997,3.14.7,macOS-26.6.2-arm64-arm-64bit-Mach-O,arm,0.04640595894306898,0.14838904200587422,0.05019937502220273,0.011803041095845401,0.013514582999050617,0.02670508297160268,4.658300895243883e-05,0.013837583013810217,0.01482345792464912,0.001794166979379952,0.057206873898394406,0.13276687497273088,0.00010270799975842237,0.220739750075154,0.03415099997073412,0.2548907500458881,3.1667063012719154e-05,0.000196542008779943,0.166917874943465,0.3617128758924082,0.5874031250132248
750,random_0747,random_cycle_chord,20260823,crossing_rich,2,200,4,8,11,6.45217685438755,True,True,,perf/incremental-yamada-frontier-order,1d8374f42cccbb16d78d44100a65ca603d7d1997,3.14.7,macOS-26.6.2-arm64-arm-64bit-Mach-O,arm,0.038103625061921775,0.15083599998615682,0.05623416695743799,0.008673708071000874,0.008881750050932169,0.017469124984927475,2.945796586573124e-05,0.00908112502656877,0.00945829099509865,0.0009059159783646464,0.036943914950825274,0.11075941706076264,6.858294364064932e-05,0.23004162509460002,0.016291624982841313,0.24633325007744133,1.9583036191761494e-05,0.0001026670215651393,0.12705104204360396,0.31599066709168255,0.550106417038478
751,random_0748,random_cycle_chord,20260823,baseline,0,200,3,10,12,5.620630250268327,True,True,,perf/incremental-yamada-frontier-order,1d8374f42cccbb16d78d44100a65ca603d7d1997,3.14.7,macOS-26.6.2-arm64-arm-64bit-Mach-O,arm,0.03557479102164507,0.14801912510301918,0.026254166034050286,0.006752000073902309,0.007060542004182935,0.013831333024427295,2.2124964743852615e-05,0.00719354092143476,0.007453624974004924,0.0005713329883292317,0.029071956872940063,0.06915879203006625,6.258301436901093e-05,0.1551843750057742,0.008067707996815443,0.16325208300258964,1.4374963939189911e-05,6.570899859070778e-05,0.0772265000268817,0.26082041615154594,0.4202653340762481
752,random_0749,random_cycle_chord,20260823,baseline,0,200,3,10,12,4.7048039939431945,True,True,,perf/incremental-yamada-frontier-order,1d8374f42cccbb16d78d44100a65ca603d7d1997,3.14.7,macOS-26.6.2-arm64-arm-64bit-Mach-O,arm,0.03182662499602884,0.1483729580650106,0.022638582973740995,0.006423083948902786,0.006541416049003601,0.012868417077697814,2.116698306053877e-05,0.006681457976810634,0.006874082959257066,0.0005414590705186129,0.026986584067344666,0.06260929210111499,6.079103332012892e-05,0.15396687504835427,0.008500416995957494,0.16246729204431176,1.3999990187585354e-05,6.849993951618671e-05,0.07110970909707248,0.25130929215811193,0.4094092919258401
753,random_0750,random_cycle_chord,20260823,crossing_rich,2,200,4,9,12,5.876000589570279,True,True,,perf/incremental-yamada-frontier-order,1d8374f42cccbb16d78d44100a65ca603d7d1997,3.14.7,macOS-26.6.2-arm64-arm-64bit-Mach-O,arm,0.03793520899489522,0.1483650830341503,0.05096895794849843,0.008199124946258962,0.008655625046230853,0.017114832997322083,2.8833048418164253e-05,0.008874708088114858,0.009277874953113496,0.0009146250085905194,0.03621087409555912,0.10406016698107123,6.787502206861973e-05,0.18077391607221216,0.018761750077828765,0.19953566615004092,2.4416018277406693e-05,0.00011274998541921377,0.1228219170589,0.3091222090879455,0.49422766698990017
754,random_0751,random_cycle_chord,20260823,baseline,0,200,3,8,10,6.130151129045016,True,True,,perf/incremental-yamada-frontier-order,1d8374f42cccbb16d78d44100a65ca603d7d1997,3.14.7,macOS-26.6.2-arm64-arm-64bit-Mach-O,arm,0.03421525005251169,0.15024904091842473,0.03403412504121661,0.00737566698808223,0.006796667003072798,0.013963042059913278,4.158308729529381e-05,0.0073861670680344105,0.0076607909286394715,0.0006503750337287784,0.029701958177611232,0.07792862504720688,7.366598583757877e-05,0.1439228339586407,0.01109624991659075,0.15501908387523144,1.9916915334761143e-05,8.01669666543603e-05,0.08902487496379763,0.27348916593473405,0.4216504169162363
755,random_0752,random_cycle_chord,20260823,crossing_rich,5,200,5,8,12,4.266408543713005,True,True,,perf/incremental-yamada-frontier-order,1d8374f42cccbb16d78d44100a65ca603d7d1997,3.14.7,macOS-26.6.2-arm64-arm-64bit-Mach-O,arm,0.03304616699460894,0.16928150004241616,0.04330766701605171,0.011525874957442284,0.01329370797611773,0.025827166973613203,7.145898416638374e-05,0.013920333003625274,0.0140688749961555,0.0014642910100519657,0.055352124967612326,0.12353533296845853,0.00020670902449637651,0.1690273330314085,0.027785083977505565,0.19681241700891405,2.5499961338937283e-05,0.00015049998182803392,0.1513204169459641,0.3536480839829892,0.5277467089472339
756,random_0753,random_cycle_chord,20260823,baseline,0,200,3,10,12,4.652757936344153,True,True,,perf/incremental-yamada-frontier-order,1d8374f42cccbb16d78d44100a65ca603d7d1997,3.14.7,macOS-26.6.2-arm64-arm-64bit-Mach-O,arm,0.031357415951788425,0.1487670000642538,0.022847917047329247,0.006576291983947158,0.006548749981448054,0.012965000001713634,2.1124957129359245e-05,0.006685792002826929,0.006937375059351325,0.0005627920618280768,0.027172084082849324,0.06316404102835804,6.066600326448679e-05,0.1422923750942573,0.009076708112843335,0.15136908320710063,1.4291959814727306e-05,7.262500002980232e-05,0.07224074914120138,0.2523651651572436,0.3988339171046391
757,random_0754,random_cycle_chord,20260823,crossing_rich,5,200,5,10,14,4.109508967061792,True,True,,perf/incremental-yamada-frontier-order,1d8374f42cccbb16d78d44100a65ca603d7d1997,3.14.7,macOS-26.6.2-arm64-arm-64bit-Mach-O,arm,0.03480237489566207,0.14930108305998147,0.04254829196725041,0.01072262495290488,0.012297583976760507,0.024086249992251396,5.7165976613759995e-05,0.012187457992695272,0.012978125014342368,0.0014400000218302011,0.050748998997733,0.11635245801880956,8.816702757030725e-05,0.2875713750254363,0.03153549996204674,0.319106874987483,3.4667085856199265e-05,0.00017395801842212677,0.1478879579808563,0.33199141593649983,0.6243908329633996
758,random_0755,random_cycle_chord,20260823,crossing_rich,3,200,5,11,15,5.0667096086404415,True,True,,perf/incremental-yamada-frontier-order,1d8374f42cccbb16d78d44100a65ca603d7d1997,3.14.7,macOS-26.6.2-arm64-arm-64bit-Mach-O,arm,0.04849054105579853,0.17637162492610514,0.05277741595637053,0.010050874901935458,0.03252433403395116,0.03497845807578415,5.579204298555851e-05,0.0118077079532668,0.01173779193777591,0.0013429169775918126,0.05992266698740423,0.15540133300237358,0.0001111660385504365,0.21449483302421868,0.023786959005519748,0.23828179202973843,2.7291011065244675e-05,0.0001372080296278,0.17918829200789332,0.404050457989797,0.6232745830202475
759,random_0756,random_cycle_chord,20260823,baseline,0,200,3,8,10,6.161215331068759,True,True,,perf/incremental-yamada-frontier-order,1d8374f42cccbb16d78d44100a65ca603d7d1997,3.14.7,macOS-26.6.2-arm64-arm-64bit-Mach-O,arm,0.0352064169710502,0.15404341602697968,0.037554125068709254,0.00805866695009172,0.008209791034460068,0.01493508298881352,4.554190672934055e-05,0.007432583021000028,0.008363500004634261,0.0006935830460861325,0.03147029096726328,0.08532349998131394,9.470898658037186e-05,0.19285979203414172,0.02341637504287064,0.21627616707701236,1.8332968465983868e-05,7.516704499721527e-05,0.10873987502418458,0.2979897080222145,0.49513391696382314
760,random_0757,random_cycle_chord,20260823,baseline,0,200,3,10,12,5.6212296852511905,True,True,,perf/incremental-yamada-frontier-order,1d8374f42cccbb16d78d44100a65ca603d7d1997,3.14.7,macOS-26.6.2-arm64-arm-64bit-Mach-O,arm,0.03617766697425395,0.15752849995624274,0.030111500062048435,0.0070110829547047615,0.006994292023591697,0.013772667036391795,2.13750172406435e-05,0.007179124979302287,0.007295291987247765,0.0005313749425113201,0.02879983396269381,0.07293587492313236,6.654090248048306e-05,0.15388170897495002,0.008723833016119897,0.1626055419910699,1.6042031347751617e-05,7.154198829084635e-05,0.08165970793925226,0.27536587486974895,0.43347279191948473
761,random_0758,random_cycle_chord,20260823,baseline,0,200,3,9,11,5.3804471576630934,True,True,,perf/incremental-yamada-frontier-order,1d8374f42cccbb16d78d44100a65ca603d7d1997,3.14.7,macOS-26.6.2-arm64-arm-64bit-Mach-O,arm,0.03213383303955197,0.14816241699736565,0.028833915945142508,0.006804124917834997,0.007103333016857505,0.014058042084798217,2.1916115656495094e-05,0.007231416995637119,0.0074001249158754945,0.0005370000144466758,0.029248500126414,0.07200862502213567,6.220897193998098e-05,0.142952875001356,0.008689374895766377,0.15164224989712238,1.4249933883547783e-05,6.883300375193357e-05,0.08069799991790205,0.2609942499548197,0.4081279579550028
762,random_0759,random_cycle_chord,20260823,baseline,0,200,3,8,10,6.1364597502397915,True,True,,perf/incremental-yamada-frontier-order,1d8374f42cccbb16d78d44100a65ca603d7d1997,3.14.7,macOS-26.6.2-arm64-arm-64bit-Mach-O,arm,0.03243270900566131,0.14903845801018178,0.03486533300019801,0.006735916947945952,0.00693937495816499,0.013435750035569072,3.166601527482271e-05,0.0069535409566015005,0.007073874934576452,0.0005441249813884497,0.028038956923410296,0.0766090409597382,6.258394569158554e-05,0.1316496250219643,0.008977083023637533,0.14062670804560184,1.425005029886961e-05,7.166701834648848e-05,0.08558612398337573,0.2670572909992188,0.4029899160377681
763,random_0760,random_cycle_chord,20260823,baseline,0,200,3,11,13,4.057734308568274,True,True,,perf/incremental-yamada-frontier-order,1d8374f42cccbb16d78d44100a65ca603d7d1997,3.14.7,macOS-26.6.2-arm64-arm-64bit-Mach-O,arm,0.03174704092089087,0.14772237499710172,0.018659541965462267,0.006543624913319945,0.006573084043338895,0.012934042024426162,2.204196061939001e-05,0.006745666963979602,0.006922874948941171,0.0005658329464495182,0.027190458844415843,0.0589887909591198,8.68749339133501e-05,0.16892504203133285,0.008642666973173618,0.17756770900450647,1.3833981938660145e-05,7.216702215373516e-05,0.06763145793229342,0.247100873850286,0.42020125000271946
764,random_0761,random_cycle_chord,20260823,baseline,0,200,4,10,13,4.679648840185507,True,True,,perf/incremental-yamada-frontier-order,1d8374f42cccbb16d78d44100a65ca603d7d1997,3.14.7,macOS-26.6.2-arm64-arm-64bit-Mach-O,arm,0.03381220798473805,0.14807187498081475,0.023945167078636587,0.00777270901016891,0.00815420807339251,0.016004499979317188,2.8041889891028404e-05,0.008311167010106146,0.008609583019278944,0.0007542090024799109,0.03370750090107322,0.0736056249588728,8.412497118115425e-05,0.15695729199796915,0.01187183300498873,0.16882912500295788,1.7749960534274578e-05,8.670904207974672e-05,0.08547745796386153,0.26736154092941433,0.4286149999825284
765,random_0762,random_cycle_chord,20260823,baseline,0,200,5,15,19,4.046643056888184,True,True,,perf/incremental-yamada-frontier-order,1d8374f42cccbb16d78d44100a65ca603d7d1997,3.14.7,macOS-26.6.2-arm64-arm-64bit-Mach-O,arm,0.04638583294581622,0.14795770798809826,0.023973208968527615,0.008930834010243416,0.01009849994443357,0.01989504205994308,3.67090106010437e-05,0.010349125019274652,0.01068879198282957,0.0009417090332135558,0.0419113771058619,0.08494641701690853,9.749992750585079e-05,0.242674250039272,0.013787916977889836,0.25646216701716185,2.1417043171823025e-05,9.908294305205345e-05,0.09873433399479836,0.29307787492871284,0.5402256670640782
766,random_0763,random_cycle_chord,20260823,baseline,0,200,3,10,12,5.621252650143545,True,True,,perf/incremental-yamada-frontier-order,1d8374f42cccbb16d78d44100a65ca603d7d1997,3.14.7,macOS-26.6.2-arm64-arm-64bit-Mach-O,arm,0.03582870797254145,0.14803958300035447,0.02970358298625797,0.006568084005266428,0.006581916008144617,0.013004082953557372,2.162496093660593e-05,0.006743916077539325,0.006893125013448298,0.0005141670117154717,0.027176916017197073,0.0700501250103116,6.454193498939276e-05,0.15377437497954816,0.00831212499178946,0.16208649997133762,1.49579718708992e-05,6.512494292110205e-05,0.07836225000210106,0.262230540974997,0.42013924999628216
767,random_0764,random_cycle_chord,20260823,baseline,0,200,3,9,11,5.381168477654826,True,True,,perf/incremental-yamada-frontier-order,1d8374f42cccbb16d78d44100a65ca603d7d1997,3.14.7,macOS-26.6.2-arm64-arm-64bit-Mach-O,arm,0.03209529200103134,0.1477114170556888,0.024154582992196083,0.006249292055144906,0.006384957931004465,0.012580582988448441,2.079096157103777e-05,0.006578417029231787,0.006734499940648675,0.000563542009331286,0.026477832929231226,0.06328541703987867,5.925004370510578e-05,0.1429960000095889,0.00931500003207475,0.15231100004166365,1.383305061608553e-05,6.970902904868126e-05,0.07260041707195342,0.25240712612867355,0.39952641702257097
768,random_0765,random_cycle_chord,20260823,baseline,0,200,3,11,13,4.1158152056317965,True,True,,perf/incremental-yamada-frontier-order,1d8374f42cccbb16d78d44100a65ca603d7d1997,3.14.7,macOS-26.6.2-arm64-arm-64bit-Mach-O,arm,0.03177666699048132,0.14765654201619327,0.017324666026979685,0.006686499924398959,0.006895625032484531,0.01358974992763251,2.13750172406435e-05,0.007076667039655149,0.007228874950669706,0.0005573329981416464,0.028473999933339655,0.05939962505362928,6.566604133695364e-05,0.16673574992455542,0.00874654098879546,0.17548229091335088,1.4167046174407005e-05,6.88750296831131e-05,0.06814616604242474,0.24757937504909933,0.4184439169475809
769,random_0766,random_cycle_chord,20260823,crossing_rich,6,200,6,10,15,5.6235059474186295,True,True,,perf/incremental-yamada-frontier-order,1d8374f42cccbb16d78d44100a65ca603d7d1997,3.14.7,macOS-26.6.2-arm64-arm-64bit-Mach-O,arm,0.04549970803782344,0.14885366603266448,0.06277220800984651,0.011101333075203001,0.012702042004093528,0.025084708002395928,4.6459026634693146e-05,0.013005957938730717,0.013989166938699782,0.001728000002913177,0.0538542919093743,0.14047104201745242,0.00020787492394447327,0.20047675003297627,0.036240207962691784,0.23671695799566805,2.7959002181887627e-05,0.00018225004896521568,0.1767112499801442,0.3710646240506321,0.577018249896355
770,random_0767,random_cycle_chord,20260823,crossing_rich,4,200,5,10,14,5.426633746125872,True,True,,perf/incremental-yamada-frontier-order,1d8374f42cccbb16d78d44100a65ca603d7d1997,3.14.7,macOS-26.6.2-arm64-arm-64bit-Mach-O,arm,0.041526249959133565,0.1484849590342492,0.05158249998930842,0.009907374973408878,0.010895084007643163,0.021472500055097044,3.816606476902962e-05,0.011169832898303866,0.011817957973107696,0.0012968330411240458,0.04579529003240168,0.11821466602850705,8.045893628150225e-05,0.26376212504692376,0.023818750050850213,0.28758087509777397,2.4250010028481483e-05,0.00014124996960163116,0.14203341607935727,0.33204462507274,0.5999967500101775
771,random_0768,random_cycle_chord,20260823,crossing_rich,3,200,4,9,12,4.489040073468596,True,True,,perf/incremental-yamada-frontier-order,1d8374f42cccbb16d78d44100a65ca603d7d1997,3.14.7,macOS-26.6.2-arm64-arm-64bit-Mach-O,arm,0.030879917088896036,0.1484770409297198,0.03675849991850555,0.008785375044681132,0.009673624997958541,0.019083624938502908,3.066600766032934e-05,0.009899082942865789,0.010445790947414935,0.0010719579877331853,0.040531122824177146,0.09577495907433331,6.770796608179808e-05,0.15826287493109703,0.019831167068332434,0.17809404199942946,1.8999911844730377e-05,0.00011349993292242289,0.11560612614266574,0.2949630841612816,0.45773479202762246
772,random_0769,random_cycle_chord,20260823,baseline,0,200,3,11,13,4.094370223544302,True,True,,perf/incremental-yamada-frontier-order,1d8374f42cccbb16d78d44100a65ca603d7d1997,3.14.7,macOS-26.6.2-arm64-arm-64bit-Mach-O,arm,0.03254333301447332,0.14771558402571827,0.01956504106055945,0.006481082993559539,0.006608374998904765,0.012944917078129947,2.1416926756501198e-05,0.006716083036735654,0.0069165839813649654,0.0005385000258684158,0.027137501048855484,0.05981045798398554,6.358406972140074e-05,0.1661941671045497,0.008669290924444795,0.1748634580289945,1.3833981938660145e-05,6.633403245359659e-05,0.06847974890843034,0.24873866594862193,0.4190641249297187
773,random_0770,random_cycle_chord,20260823,crossing_rich,2,200,4,10,13,5.463774566482926,True,True,,perf/incremental-yamada-frontier-order,1d8374f42cccbb16d78d44100a65ca603d7d1997,3.14.7,macOS-26.6.2-arm64-arm-64bit-Mach-O,arm,0.03897875000257045,0.14829295896925032,0.04436870897188783,0.008251624996773899,0.00859287497587502,0.0169171669986099,3.01670515909791e-05,0.00876804196741432,0.00916191702708602,0.0009097909787669778,0.035787084023468196,0.09702666604425758,7.287494372576475e-05,0.15914637502282858,0.016296250047162175,0.17544262506999075,1.9125058315694332e-05,9.975000284612179e-05,0.11332291609141976,0.30059462506324053,0.46401241596322507
774,random_0771,random_cycle_chord,20260823,baseline,0,200,3,9,11,5.327337065131369,True,True,,perf/incremental-yamada-frontier-order,1d8374f42cccbb16d78d44100a65ca603d7d1997,3.14.7,macOS-26.6.2-arm64-arm-64bit-Mach-O,arm,0.031993832904845476,0.1474941250635311,0.024779499974101782,0.006627499940805137,0.006868625059723854,0.013512499979697168,2.070888876914978e-05,0.007256791926920414,0.007437290973030031,0.0005506660090759397,0.028777957777492702,0.06707187497522682,5.891697946935892e-05,0.14285275002475828,0.008305583032779396,0.15115833305753767,1.337495632469654e-05,6.42499653622508e-05,0.07537745800800622,0.2548654159763828,0.40183545800391585
775,random_0772,random_cycle_chord,20260823,baseline,0,200,3,11,13,4.054304128484451,True,True,,perf/incremental-yamada-frontier-order,1d8374f42cccbb16d78d44100a65ca603d7d1997,3.14.7,macOS-26.6.2-arm64-arm-64bit-Mach-O,arm,0.031763624981977046,0.1472966669825837,0.0175976250320673,0.0068001250037923455,0.0067927909549325705,0.013412583968602121,2.208305522799492e-05,0.006965999957174063,0.007099499925971031,0.0005128750344738364,0.028013041941449046,0.059223458054475486,6.524997297674417e-05,0.1662779590114951,0.00796408299356699,0.1742420420050621,1.3582990504801273e-05,6.329198367893696e-05,0.06718754104804248,0.24624783301260322,0.4166401249822229
776,random_0773,random_cycle_chord,20260823,baseline,0,200,3,11,13,5.2212095279366855,True,True,,perf/incremental-yamada-frontier-order,1d8374f42cccbb16d78d44100a65ca603d7d1997,3.14.7,macOS-26.6.2-arm64-arm-64bit-Mach-O,arm,0.036894999910146,0.14834154199343175,0.02529058395884931,0.006880749948322773,0.007029667031019926,0.013913457980379462,2.26249685510993e-05,0.007170583005063236,0.0072777909226715565,0.0004953750176355243,0.028879831894300878,0.0681009580148384,6.766594015061855e-05,0.16781300003640354,0.007689208025112748,0.17550220806151628,1.3665994629263878e-05,6.316695362329483e-05,0.07579016603995115,0.2610267079435289,0.4329945419449359
777,random_0774,random_cycle_chord,20260823,crossing_rich,6,200,6,10,15,5.627167341047315,True,True,,perf/incremental-yamada-frontier-order,1d8374f42cccbb16d78d44100a65ca603d7d1997,3.14.7,macOS-26.6.2-arm64-arm-64bit-Mach-O,arm,0.04558587493374944,0.15545358299277723,0.06006849999539554,0.011772457975894213,0.013789000106044114,0.02738391701132059,6.470899097621441e-05,0.014133416931144893,0.015121125034056604,0.0016412080731242895,0.05834437604062259,0.14401787496171892,0.00028591707814484835,0.31319808296393603,0.03467579197604209,0.3478738749399781,3.5125063732266426e-05,0.00017508398741483688,0.178693666937761,0.3797331248642877,0.7046976659912616
778,random_0775,random_cycle_chord,20260823,baseline,0,200,4,10,13,4.6353218357677015,True,True,,perf/incremental-yamada-frontier-order,1d8374f42cccbb16d78d44100a65ca603d7d1997,3.14.7,macOS-26.6.2-arm64-arm-64bit-Mach-O,arm,0.03454404207877815,0.14985966694075614,0.023630250012502074,0.007824208005331457,0.008335791993886232,0.01636691694147885,2.9999995604157448e-05,0.008730125031434,0.008721375023014843,0.000737750087864697,0.034586167079396546,0.07440304197371006,8.437503129243851e-05,0.15585091593675315,0.010451290989294648,0.1663022069260478,1.950003206729889e-05,8.533301297575235e-05,0.08485433296300471,0.269258041982539,0.4294440409867093
779,random_0776,random_cycle_chord,20260823,crossing_rich,4,200,5,9,13,6.0774449307564735,True,True,,perf/incremental-yamada-frontier-order,1d8374f42cccbb16d78d44100a65ca603d7d1997,3.14.7,macOS-26.6.2-arm64-arm-64bit-Mach-O,arm,0.041919374954886734,0.14856370899360627,0.058191959047690034,0.009881332982331514,0.011166000040248036,0.02195974998176098,3.816699609160423e-05,0.011334709008224308,0.01195429207291454,0.0013372080866247416,0.046624126145616174,0.12589799996931106,8.287490345537663e-05,0.1741215829970315,0.024931791936978698,0.1990533749340102,2.4333014152944088e-05,0.00014641706366091967,0.15082979190628976,0.34131287585478276,0.5199725839775056
780,random_0777,random_cycle_chord,20260823,baseline,0,200,3,11,13,4.110113343626007,True,True,,perf/incremental-yamada-frontier-order,1d8374f42cccbb16d78d44100a65ca603d7d1997,3.14.7,macOS-26.6.2-arm64-arm-64bit-Mach-O,arm,0.035047292010858655,0.15875941596459597,0.01867920800577849,0.008210666943341494,0.007181082968600094,0.013751749997027218,2.720800694078207e-05,0.007187708048149943,0.007291084039025009,0.0005486669251695275,0.02880641701631248,0.06289870804175735,0.00010425003711134195,0.17142533394508064,0.008734000031836331,0.18015933397691697,1.591700129210949e-05,7.700000423938036e-05,0.07163270807359368,0.2654394160490483,0.441232500015758
781,random_0778,random_cycle_chord,20260823,baseline,0,200,3,9,11,5.3648020327275825,True,True,,perf/incremental-yamada-frontier-order,1d8374f42cccbb16d78d44100a65ca603d7d1997,3.14.7,macOS-26.6.2-arm64-arm-64bit-Mach-O,arm,0.032300000078976154,0.14753454201854765,0.026909500011242926,0.006776917027309537,0.006983625004068017,0.013794958009384573,2.150004729628563e-05,0.007155166938900948,0.0073157919105142355,0.0005203750915825367,0.028807791997678578,0.0694968750467524,6.150000263005495e-05,0.14225979207549244,0.008620500098913908,0.15088029217440635,1.383305061608553e-05,7.008295506238937e-05,0.0781173751456663,0.2579519172431901,0.4043480419786647
782,random_0779,random_cycle_chord,20260823,baseline,0,200,3,10,12,4.654830208908254,True,True,,perf/incremental-yamada-frontier-order,1d8374f42cccbb16d78d44100a65ca603d7d1997,3.14.7,macOS-26.6.2-arm64-arm-64bit-Mach-O,arm,0.03127325000241399,0.14772862498648465,0.021969040972180665,0.0067689589923247695,0.006990000023506582,0.013746666023507714,2.26249685510993e-05,0.007071291096508503,0.007320833043195307,0.0005480420077219605,0.028709457139484584,0.06445620895829052,6.845803000032902e-05,0.156160083017312,0.009146249969489872,0.16530633298680186,1.6832957044243813e-05,7.108389399945736e-05,0.07360245892778039,0.252604333916679,0.4129262500209734
783,random_0780,random_cycle_chord,20260823,crossing_rich,4,200,5,9,13,6.081057059470003,True,True,,perf/incremental-yamada-frontier-order,1d8374f42cccbb16d78d44100a65ca603d7d1997,3.14.7,macOS-26.6.2-arm64-arm-64bit-Mach-O,arm,0.044360166997648776,0.14914829202461988,0.0590421250090003,0.00969404203351587,0.010362542001530528,0.02070949994958937,4.866695962846279e-05,0.010709917056374252,0.011426165932789445,0.0013318329583853483,0.04422608285676688,0.12335845793131739,8.974992670118809e-05,0.17403287498746067,0.02636208396870643,0.2003949589561671,2.366595435887575e-05,0.00014762498904019594,0.14972054190002382,0.34322900092229247,0.521972915972583
784,random_0781,random_cycle_chord,20260823,crossing_rich,4,200,5,10,14,5.623430887579547,True,True,,perf/incremental-yamada-frontier-order,1d8374f42cccbb16d78d44100a65ca603d7d1997,3.14.7,macOS-26.6.2-arm64-arm-64bit-Mach-O,arm,0.04225120902992785,0.14847474999260157,0.05197683291044086,0.009873834089376032,0.011129249935038388,0.021951125003397465,3.7541030906140804e-05,0.011364958016201854,0.012035500025376678,0.0012827080208808184,0.046671832096762955,0.11968624999281019,8.27909680083394e-05,0.2720687910914421,0.034906166954897344,0.30697495804633945,2.3209024220705032e-05,0.00013708299957215786,0.15459241694770753,0.34531837597023696,0.6212386669358239
785,random_0782,random_cycle_chord,20260823,baseline,0,200,4,14,17,4.289907693995619,True,True,,perf/incremental-yamada-frontier-order,1d8374f42cccbb16d78d44100a65ca603d7d1997,3.14.7,macOS-26.6.2-arm64-arm-64bit-Mach-O,arm,0.04271158296614885,0.1479273330187425,0.022600625059567392,0.007463042042218149,0.00778612494468689,0.01528933399822563,2.929195761680603e-05,0.00796245806850493,0.008257749956101179,0.0007772080134600401,0.032316041993908584,0.07019191700965166,8.029106538742781e-05,0.21868125000037253,0.011567542096599936,0.23024879209697247,1.7874990589916706e-05,8.78339633345604e-05,0.0817594591062516,0.27239837509114295,0.49536795797757804
786,random_0783,random_cycle_chord,20260823,crossing_rich,5,200,5,8,12,4.272205737794115,True,True,,perf/incremental-yamada-frontier-order,1d8374f42cccbb16d78d44100a65ca603d7d1997,3.14.7,macOS-26.6.2-arm64-arm-64bit-Mach-O,arm,0.030768458964303136,0.14833495893981308,0.0418141249101609,0.010667957947589457,0.012461666949093342,0.02461399999447167,3.7792022339999676e-05,0.012699624989181757,0.013359625008888543,0.0013304169988259673,0.052041459013707936,0.11701916693709791,0.0002577089471742511,0.17840958293527365,0.026606625062413514,0.20501620799768716,2.5249901227653027e-05,0.00015120895113795996,0.14362579199951142,0.32272920990362763,0.5059932910371572
787,random_0784,random_cycle_chord,20260823,baseline,0,200,4,15,18,4.04809789478411,True,True,,perf/incremental-yamada-frontier-order,1d8374f42cccbb16d78d44100a65ca603d7d1997,3.14.7,macOS-26.6.2-arm64-arm-64bit-Mach-O,arm,0.045824125059880316,0.16627166594844311,0.026320250006392598,0.008658292004838586,0.00845720898360014,0.019190417020581663,5.962501745671034e-05,0.008244500029832125,0.008170166052877903,0.000738083035685122,0.03640279115643352,0.07987725001294166,0.0001011659624055028,0.2980657499283552,0.011372874956578016,0.30943862488493323,1.9165920093655586e-05,8.691707625985146e-05,0.09125012496951967,0.3033459159778431,0.6063905830960721
788,random_0785,random_cycle_chord,20260823,baseline,0,200,3,10,12,4.624121486159086,True,True,,perf/incremental-yamada-frontier-order,1d8374f42cccbb16d78d44100a65ca603d7d1997,3.14.7,macOS-26.6.2-arm64-arm-64bit-Mach-O,arm,0.032097959076054394,0.1479404999408871,0.022374499938450754,0.0068253749050199986,0.006989500019699335,0.013707290985621512,2.2500054910779e-05,0.007132833008654416,0.007262542028911412,0.0005235830321907997,0.028648749110288918,0.06485741690266877,6.341701373457909e-05,0.15133208292536438,0.00819058297201991,0.15952266589738429,1.4042016118764877e-05,6.841705180704594e-05,0.07304799987468868,0.2530864588916302,0.40858608298003674
789,random_0786,random_cycle_chord,20260823,baseline,0,200,3,15,17,4.0473342101921395,True,True,,perf/incremental-yamada-frontier-order,1d8374f42cccbb16d78d44100a65ca603d7d1997,3.14.7,macOS-26.6.2-arm64-arm-64bit-Mach-O,arm,0.04089945903979242,0.14727491699159145,0.019729208084754646,0.006871666060760617,0.007043625111691654,0.013828165945596993,2.150004729628563e-05,0.007190749980509281,0.007347750011831522,0.0005424160044640303,0.028930581989698112,0.06259424996096641,7.991702295839787e-05,0.21761062496807426,0.008670750074088573,0.22628137504216284,1.366704236716032e-05,6.870797369629145e-05,0.07126500003505498,0.25943937606643885,0.48123349994421005
790,random_0787,random_cycle_chord,20260823,crossing_rich,6,200,6,13,18,4.572628428142743,True,True,,perf/incremental-yamada-frontier-order,1d8374f42cccbb16d78d44100a65ca603d7d1997,3.14.7,macOS-26.6.2-arm64-arm-64bit-Mach-O,arm,0.046544875018298626,0.14840762503445148,0.0445370830129832,0.013486832962371409,0.01421091693919152,0.02806837495882064,4.445796366780996e-05,0.01455412502400577,0.015338875004090369,0.0016042499337345362,0.05961008288431913,0.13188358303159475,9.737501386553049e-05,0.2406032499857247,0.03311633400153369,0.2737195839872584,2.720800694078207e-05,0.00017095799557864666,0.16499991703312844,0.35995241708587855,0.6054488749941811
791,random_0788,random_cycle_chord,20260823,baseline,0,200,3,11,13,4.0425773950235415,True,True,,perf/incremental-yamada-frontier-order,1d8374f42cccbb16d78d44100a65ca603d7d1997,3.14.7,macOS-26.6.2-arm64-arm-64bit-Mach-O,arm,0.03127062495332211,0.14761345798615366,0.017815500032156706,0.006764542078599334,0.006641749991104007,0.0130892499582842,2.0834035240113735e-05,0.006774083012714982,0.006928708986379206,0.0005365830147638917,0.027349459007382393,0.05859091610182077,6.42499653622508e-05,0.17336749995592982,0.009320375043898821,0.18268787499982864,1.6417005099356174e-05,7.466599345207214e-05,0.06791129114571959,0.24679537408519536,0.42434041597880423
792,random_0789,random_cycle_chord,20260823,crossing_rich,4,200,5,11,15,5.222673246860253,True,True,,perf/incremental-yamada-frontier-order,1d8374f42cccbb16d78d44100a65ca603d7d1997,3.14.7,macOS-26.6.2-arm64-arm-64bit-Mach-O,arm,0.04507741704583168,0.14998254203237593,0.04762658302206546,0.010390624986030161,0.011257166974246502,0.022164124995470047,3.770797047764063e-05,0.011493375059217215,0.012130625080317259,0.0012856669491156936,0.047111500054597855,0.11642137495800853,9.049999061971903e-05,0.19664674997329712,0.02395362500101328,0.2206003749743104,2.354104071855545e-05,0.00014295801520347595,0.1403749999590218,0.3354349590372294,0.5365740000270307
793,random_0790,random_cycle_chord,20260823,baseline,0,200,4,10,13,4.640979932673736,True,True,,perf/incremental-yamada-frontier-order,1d8374f42cccbb16d78d44100a65ca603d7d1997,3.14.7,macOS-26.6.2-arm64-arm-64bit-Mach-O,arm,0.034408167004585266,0.1476712500443682,0.022957250010222197,0.007680749986320734,0.00825245794840157,0.016212417045608163,2.9082992114126682e-05,0.008423208957538009,0.008660082938149571,0.000748499995097518,0.03407329192850739,0.07299054099712521,7.295806426554918e-05,0.16911341692321002,0.01153087499551475,0.18064429191872478,1.8417020328342915e-05,8.537503890693188e-05,0.08452141599263996,0.26660083304159343,0.44002024992369115
794,random_0791,random_cycle_chord,20260823,crossing_rich,4,200,5,10,14,5.399693606674132,True,True,,perf/incremental-yamada-frontier-order,1d8374f42cccbb16d78d44100a65ca603d7d1997,3.14.7,macOS-26.6.2-arm64-arm-64bit-Mach-O,arm,0.041114291991107166,0.1482193749397993,0.052894750027917325,0.00970883306581527,0.010743500082753599,0.021231000078842044,3.7541030906140804e-05,0.010932207922451198,0.01167933305259794,0.001321124960668385,0.04520120704546571,0.11858204193413258,8.44169408082962e-05,0.172448750003241,0.025906667113304138,0.19835541711654514,2.3125088773667812e-05,0.0001402089837938547,0.14448870904743671,0.3338223759783432,0.5107799170073122
795,random_0792,random_cycle_chord,20260823,crossing_rich,4,200,5,10,14,5.583642773640695,True,True,,perf/incremental-yamada-frontier-order,1d8374f42cccbb16d78d44100a65ca603d7d1997,3.14.7,macOS-26.6.2-arm64-arm-64bit-Mach-O,arm,0.04247295798268169,0.14832504198420793,0.05778762500267476,0.009888875065371394,0.011055457987822592,0.0217304170364514,3.695790655910969e-05,0.011286500026471913,0.011913000023923814,0.0012602920178323984,0.046227167011238635,0.12499287503305823,8.158409036695957e-05,0.2674860000843182,0.0235355420736596,0.2910215421579778,2.3875036276876926e-05,0.000137584051117301,0.14852841710671782,0.33932641707360744,0.611019584001042
796,random_0793,random_cycle_chord,20260823,baseline,0,200,3,8,10,6.124875536759957,True,True,,perf/incremental-yamada-frontier-order,1d8374f42cccbb16d78d44100a65ca603d7d1997,3.14.7,macOS-26.6.2-arm64-arm-64bit-Mach-O,arm,0.032602707971818745,0.14817958290223032,0.033272291999310255,0.006532916100695729,0.00673850008752197,0.01324104203376919,2.174999099224806e-05,0.006836915970779955,0.00708424998447299,0.0005861249519512057,0.02777008293196559,0.0743335000006482,5.925004370510578e-05,0.12830029206816107,0.009369874955154955,0.13767016702331603,1.3582990504801273e-05,7.31669133529067e-05,0.08370337495580316,0.2644856658298522,0.3969154580263421
797,random_0794,random_cycle_chord,20260823,baseline,0,200,3,11,13,4.066758075701502,True,True,,perf/incremental-yamada-frontier-order,1d8374f42cccbb16d78d44100a65ca603d7d1997,3.14.7,macOS-26.6.2-arm64-arm-64bit-Mach-O,arm,0.03158112498931587,0.14921995904296637,0.021750916028395295,0.0068045000080019236,0.007065791054628789,0.01404741604346782,2.195802517235279e-05,0.007402417017146945,0.007656667032279074,0.0005320829804986715,0.029660541098564863,0.06530116603244096,7.287506014108658e-05,0.17922804201953113,0.009240792016498744,0.18846883403602988,1.6125035472214222e-05,7.433292921632528e-05,0.0745419580489397,0.25534304208122194,0.43876550009008497
798,random_0795,random_cycle_chord,20260823,crossing_rich,4,200,5,9,13,6.075775773673513,True,True,,perf/incremental-yamada-frontier-order,1d8374f42cccbb16d78d44100a65ca603d7d1997,3.14.7,macOS-26.6.2-arm64-arm-64bit-Mach-O,arm,0.04373987508006394,0.15214487502817065,0.056517082965001464,0.010098790982738137,0.011205499991774559,0.022619500057771802,5.9125013649463654e-05,0.011793041951023042,0.01210754201747477,0.0013351659290492535,0.04791437496896833,0.12577024998608977,0.00010604201816022396,0.1752193330321461,0.02616799995303154,0.20138733298517764,3.0250055715441704e-05,0.00014762498904019594,0.1519382499391213,0.3478230000473559,0.5276645830599591
799,random_0796,random_cycle_chord,20260823,crossing_rich,4,200,5,9,13,6.073773524932129,True,True,,perf/incremental-yamada-frontier-order,1d8374f42cccbb16d78d44100a65ca603d7d1997,3.14.7,macOS-26.6.2-arm64-arm-64bit-Mach-O,arm,0.04416412499267608,0.14994970802217722,0.05929420795291662,0.00970295793376863,0.01057854201644659,0.020711541059426963,3.754196222871542e-05,0.010758375050500035,0.011458083055913448,0.001314957975409925,0.04428049910347909,0.12389108305796981,8.033402264118195e-05,0.17594370897859335,0.026002208003774285,0.20194591698236763,2.4542096070945263e-05,0.0001489589922130108,0.1498932910617441,0.3440071240765974,0.5245071660028771
800,random_0797,random_cycle_chord,20260823,baseline,0,200,3,9,11,5.327815044681694,True,True,,perf/incremental-yamada-frontier-order,1d8374f42cccbb16d78d44100a65ca603d7d1997,3.14.7,macOS-26.6.2-arm64-arm-64bit-Mach-O,arm,0.0325148340780288,0.15530887502245605,0.02435437496751547,0.006897000013850629,0.006734582944773138,0.013225000002421439,2.470891922712326e-05,0.0068541249493137,0.007055499940179288,0.0005663339979946613,0.027725667809136212,0.06573087500873953,6.170803681015968e-05,0.14198691595811397,0.009096208028495312,0.15108312398660928,1.625006552785635e-05,8.583394810557365e-05,0.07482708303723484,0.2626507921377197,0.4088449589908123
801,random_0798,random_cycle_chord,20260823,crossing_rich,4,200,5,8,12,6.595280306007205,True,True,,perf/incremental-yamada-frontier-order,1d8374f42cccbb16d78d44100a65ca603d7d1997,3.14.7,macOS-26.6.2-arm64-arm-64bit-Mach-O,arm,0.04347966599743813,0.14894175005611032,0.06341320800129324,0.009658709052018821,0.010632124962285161,0.020933000021614134,3.8624973967671394e-05,0.010896250023506582,0.011758500011637807,0.0014918750384822488,0.04511825006920844,0.12885649991221726,0.00015237508341670036,0.16021045797970146,0.028862374951131642,0.1890728329308331,2.6333029381930828e-05,0.00016599998343735933,0.1577188748633489,0.35014029091689736,0.5149507500464097
802,random_0799,random_cycle_chord,20260823,baseline,0,200,3,12,14,4.8736578101118475,True,True,,perf/incremental-yamada-frontier-order,1d8374f42cccbb16d78d44100a65ca603d7d1997,3.14.7,macOS-26.6.2-arm64-arm-64bit-Mach-O,arm,0.03740549995563924,0.14800325001124293,0.023826415999792516,0.006859416957013309,0.007170542026869953,0.014069832977838814,2.1499930880963802e-05,0.007300416007637978,0.007421083049848676,0.0005060830153524876,0.02931891498155892,0.06719429208897054,6.829097401350737e-05,0.17952712497208267,0.007940625073388219,0.1874677500454709,1.3542012311518192e-05,6.183399818837643e-05,0.07513491716235876,0.26054366712924093,0.4441962919663638
803,random_0800,random_cycle_chord,20260823,baseline,0,200,3,10,12,4.677668018370111,True,True,,perf/incremental-yamada-frontier-order,1d8374f42cccbb16d78d44100a65ca603d7d1997,3.14.7,macOS-26.6.2-arm64-arm-64bit-Mach-O,arm,0.031145332963205874,0.1475328749511391,0.021453582914546132,0.006422457983717322,0.0065608329605311155,0.012862250092439353,2.087489701807499e-05,0.006686041015200317,0.00686849991325289,0.0005580419674515724,0.026995707885362208,0.06145183299668133,6.0999998822808266e-05,0.15298154193442315,0.008780458010733128,0.16176199994515628,1.3999990187585354e-05,6.79579097777605e-05,0.07023229100741446,0.24891049892175943,0.40601941698696464
804,random_0801,random_cycle_chord,20260823,crossing_rich,4,200,5,11,15,4.656910562201909,True,True,,perf/incremental-yamada-frontier-order,1d8374f42cccbb16d78d44100a65ca603d7d1997,3.14.7,macOS-26.6.2-arm64-arm-64bit-Mach-O,arm,0.03906337497755885,0.14792108396068215,0.0442987090209499,0.009818749967962503,0.011075374903157353,0.02194620796944946,3.629201091825962e-05,0.011274874908849597,0.011944958008825779,0.0012655419996008277,0.046467874897643924,0.11169329099357128,8.224998600780964e-05,0.19889420899562538,0.02408108301460743,0.2229752920102328,2.3542088456451893e-05,0.00013499998021870852,0.1357743740081787,0.3227588329464197,0.5261387920472771
805,random_0802,random_cycle_chord,20260823,baseline,0,200,3,9,11,5.403235448429624,True,True,,perf/incremental-yamada-frontier-order,1d8374f42cccbb16d78d44100a65ca603d7d1997,3.14.7,macOS-26.6.2-arm64-arm-64bit-Mach-O,arm,0.03243370808195323,0.14767983392812312,0.02477270900271833,0.006374999997206032,0.0063338750042021275,0.012472791015170515,2.095801755785942e-05,0.006469374988228083,0.006698959041386843,0.0005567499902099371,0.026218833052553236,0.06372312502935529,5.908298771828413e-05,0.1402596669504419,0.008781916927546263,0.14904158387798816,1.391698606312275e-05,6.975000724196434e-05,0.07250504195690155,0.2526185839669779,0.39700570795685053
806,random_0803,random_cycle_chord,20260823,baseline,0,200,3,12,14,4.878141859546192,True,True,,perf/incremental-yamada-frontier-order,1d8374f42cccbb16d78d44100a65ca603d7d1997,3.14.7,macOS-26.6.2-arm64-arm-64bit-Mach-O,arm,0.03815695899538696,0.147411625017412,0.02124437503516674,0.0066275829449296,0.006837834022007883,0.013453957973979414,2.195802517235279e-05,0.007009207969531417,0.007140041911043227,0.0005363340023905039,0.028161499882116914,0.06289083394221961,6.862496957182884e-05,0.18130399996880442,0.008513499982655048,0.18981749995145947,1.4082994312047958e-05,7.016595918685198e-05,0.07140433392487466,0.25697291793767363,0.44244529108982533
807,random_0804,random_cycle_chord,20260823,baseline,0,200,3,8,10,6.149856263404512,True,True,,perf/incremental-yamada-frontier-order,1d8374f42cccbb16d78d44100a65ca603d7d1997,3.14.7,macOS-26.6.2-arm64-arm-64bit-Mach-O,arm,0.0325301670236513,0.14799225004389882,0.032166749937459826,0.0064657500479370356,0.006651250063441694,0.013109042076393962,2.1582935005426407e-05,0.006739250035025179,0.006978249992243946,0.0005529170157387853,0.0274010420544073,0.07270362495910376,5.574990063905716e-05,0.13570729189086705,0.009077749913558364,0.14478504180442542,1.4374963939189911e-05,7.462501525878906e-05,0.08178137487266213,0.26230379194021225,0.40216637507546693
808,random_0805,random_cycle_chord,20260823,crossing_rich,4,200,5,8,12,6.587142464416721,True,True,,perf/incremental-yamada-frontier-order,1d8374f42cccbb16d78d44100a65ca603d7d1997,3.14.7,macOS-26.6.2-arm64-arm-64bit-Mach-O,arm,0.04307333298493177,0.149434583960101,0.06929958297405392,0.009940417017787695,0.010569083970040083,0.02081145893316716,3.6833924241364e-05,0.010751332971267402,0.011442749993875623,0.001310708001255989,0.04435308382380754,0.13419550005346537,0.00015587499365210533,0.16343249997589737,0.024464167072437704,0.18789666704833508,2.575002145022154e-05,0.0001555420458316803,0.15865966712590307,0.35116758407093585,0.5192195000126958
809,random_0806,random_cycle_chord,20260823,baseline,0,200,4,10,13,4.629486630696116,True,True,,perf/incremental-yamada-frontier-order,1d8374f42cccbb16d78d44100a65ca603d7d1997,3.14.7,macOS-26.6.2-arm64-arm-64bit-Mach-O,arm,0.03334524994716048,0.15056141605600715,0.023249541991390288,0.007669833954423666,0.008147750049829483,0.016015958040952682,2.904096618294716e-05,0.008302874979563057,0.008583999937400222,0.0007479999912902713,0.03367987391538918,0.07277354097459465,7.116608321666718e-05,0.1678841250250116,0.01151654205750674,0.17940066708251834,1.85410026460886e-05,8.649996016174555e-05,0.08429008303210139,0.268196749035269,0.4403601660160348
810,random_0807,random_cycle_chord,20260823,crossing_rich,4,200,5,10,14,5.424919464538796,True,True,,perf/incremental-yamada-frontier-order,1d8374f42cccbb16d78d44100a65ca603d7d1997,3.14.7,macOS-26.6.2-arm64-arm-64bit-Mach-O,arm,0.04083508311305195,0.15427900000941008,0.056651624967344105,0.0097988749621436,0.010972750023938715,0.021585625014267862,3.687501884996891e-05,0.011134291999042034,0.0117790000513196,0.0012516661081463099,0.045787458191625774,0.12324362504296005,8.116697426885366e-05,0.18495483393780887,0.02337283396627754,0.2083276679040864,2.3124972358345985e-05,0.00013733305968344212,0.1466164590092376,0.3417305421316996,0.5312010829802603
811,random_0808,random_cycle_chord,20260823,crossing_rich,4,200,5,10,14,5.625025617357228,True,True,,perf/incremental-yamada-frontier-order,1d8374f42cccbb16d78d44100a65ca603d7d1997,3.14.7,macOS-26.6.2-arm64-arm-64bit-Mach-O,arm,0.04237320797983557,0.15818912500981241,0.0589304999448359,0.013858292018994689,0.012269166065379977,0.02451074996497482,7.816602010279894e-05,0.012585374992340803,0.014783542021177709,0.001435292069800198,0.05339312506839633,0.1385217079659924,0.00010666705202311277,0.2804633330088109,0.03467716707382351,0.3151405000826344,2.4667009711265564e-05,0.0001449580304324627,0.1731988750398159,0.3737612080294639,0.6583857499063015
812,random_0809,random_cycle_chord,20260823,baseline,0,200,3,9,11,5.382890006359571,True,True,,perf/incremental-yamada-frontier-order,1d8374f42cccbb16d78d44100a65ca603d7d1997,3.14.7,macOS-26.6.2-arm64-arm-64bit-Mach-O,arm,0.032095749978907406,0.14786987495608628,0.027024250011891127,0.0066451249876990914,0.007100666989572346,0.013904375024139881,2.1290965378284454e-05,0.007177791907452047,0.007354875095188618,0.0005310410633683205,0.02898937405552715,0.06977999990340322,5.9833982959389687e-05,0.14173795806709677,0.008773499983362854,0.15051145805045962,1.3833981938660145e-05,6.937491707503796e-05,0.07855349988676608,0.25851912482175976,0.40439279191195965
813,random_0810,random_cycle_chord,20260823,baseline,0,200,3,8,10,6.162359997458467,True,True,,perf/incremental-yamada-frontier-order,1d8374f42cccbb16d78d44100a65ca603d7d1997,3.14.7,macOS-26.6.2-arm64-arm-64bit-Mach-O,arm,0.03270991693716496,0.14987308299168944,0.0339142499724403,0.006621166947297752,0.006631250027567148,0.013053250033408403,2.1167099475860596e-05,0.0067703749518841505,0.006945583038032055,0.0005318750627338886,0.027322250185534358,0.07450754102319479,5.737494211643934e-05,0.13138516689650714,0.008659958955831826,0.14004512585233897,1.400010660290718e-05,6.812496576458216e-05,0.08316749997902662,0.265750499907881,0.4014198749791831
814,random_0811,random_cycle_chord,20260823,crossing_rich,5,200,6,12,17,4.017995806865966,True,True,,perf/incremental-yamada-frontier-order,1d8374f42cccbb16d78d44100a65ca603d7d1997,3.14.7,macOS-26.6.2-arm64-arm-64bit-Mach-O,arm,0.041517999954521656,0.1482403330737725,0.04297708300873637,0.011482166009955108,0.012993082986213267,0.02574908302631229,6.52919989079237e-05,0.013125041965395212,0.014348958036862314,0.0015558330342173576,0.0548442080616951,0.12234720797277987,0.00010312499944120646,0.23898212506901473,0.032468916033394635,0.27145104110240936,3.0166003853082657e-05,0.0001688329502940178,0.1548161240061745,0.34457445703446865,0.5882313749752939
815,random_0812,random_cycle_chord,20260823,crossing_rich,4,200,5,11,15,4.719186422172208,True,True,,perf/incremental-yamada-frontier-order,1d8374f42cccbb16d78d44100a65ca603d7d1997,3.14.7,macOS-26.6.2-arm64-arm-64bit-Mach-O,arm,0.04164991597644985,0.15164070797618479,0.04163845896255225,0.010289083002135158,0.011527416994795203,0.02184970793314278,3.900006413459778e-05,0.011383958044461906,0.01200700004119426,0.0013177499640733004,0.046597416047006845,0.11009708291385323,9.74580179899931e-05,0.1998763750307262,0.024923791992478073,0.22480016702320427,2.4582957848906517e-05,0.00014275009743869305,0.1350208749063313,0.32831149885896593,0.5328687500441447
816,random_0813,random_cycle_chord,20260823,baseline,0,200,3,8,10,6.140256781731566,True,True,,perf/incremental-yamada-frontier-order,1d8374f42cccbb16d78d44100a65ca603d7d1997,3.14.7,macOS-26.6.2-arm64-arm-64bit-Mach-O,arm,0.03279774996917695,0.14809358399361372,0.031808833009563386,0.006600124994292855,0.006664374959655106,0.013144375057891011,2.1709012798964977e-05,0.006795874913223088,0.007017542026005685,0.0005432090256363153,0.027522710035555065,0.07261500007007271,5.88330440223217e-05,0.12837475002743304,0.008547874982468784,0.13692262500990182,1.3874960131943226e-05,7.025001104921103e-05,0.0811628750525415,0.26205420901533216,0.394564958056435
817,random_0814,random_cycle_chord,20260823,crossing_rich,6,200,6,11,16,5.22466370197573,True,True,,perf/incremental-yamada-frontier-order,1d8374f42cccbb16d78d44100a65ca603d7d1997,3.14.7,macOS-26.6.2-arm64-arm-64bit-Mach-O,arm,0.04596250003669411,0.14907174999825656,0.057229624944739044,0.011657541966997087,0.013717208988964558,0.027037124964408576,4.549999721348286e-05,0.026836999924853444,0.019357125042006373,0.002047833986580372,0.07532458391506225,0.15797104104422033,0.0004577080253511667,0.2274634160567075,0.03375412500463426,0.26121754106134176,2.862501423805952e-05,0.00017620797734707594,0.1917251660488546,0.38675941608380526,0.6192365000024438
818,random_0815,random_cycle_chord,20260823,baseline,0,200,4,10,13,4.626788651612068,True,True,,perf/incremental-yamada-frontier-order,1d8374f42cccbb16d78d44100a65ca603d7d1997,3.14.7,macOS-26.6.2-arm64-arm-64bit-Mach-O,arm,0.03327845805324614,0.14868241699878126,0.02355304197408259,0.007423416944220662,0.007644415949471295,0.015092082903720438,2.9125018045306206e-05,0.007813959033228457,0.008076291996985674,0.000728958984836936,0.03174041793681681,0.07038737495895475,7.241696584969759e-05,0.16844087501522154,0.010996207944117486,0.17943708295933902,1.7625046893954277e-05,8.537503890693188e-05,0.08138358290307224,0.26334445795509964,0.43606566707603633
819,random_0816,random_cycle_chord,20260823,crossing_rich,7,200,7,13,19,4.245279328469241,True,True,,perf/incremental-yamada-frontier-order,1d8374f42cccbb16d78d44100a65ca603d7d1997,3.14.7,macOS-26.6.2-arm64-arm-64bit-Mach-O,arm,0.04770454193931073,0.1484717499697581,0.05142491601873189,0.015439499984495342,0.014785083010792732,0.029166540945880115,6.458302959799767e-05,0.01505762489978224,0.01595366606488824,0.0019160830415785313,0.06215849798172712,0.14386437507346272,0.00010666705202311277,0.2779063329799101,0.03968437493313104,0.3175907079130411,3.5958015359938145e-05,0.00020358304027467966,0.18354875000659376,0.3797250419156626,0.6623651250265539
820,random_0817,random_cycle_chord,20260823,crossing_rich,2,200,4,8,11,6.586675323449128,True,True,,perf/incremental-yamada-frontier-order,1d8374f42cccbb16d78d44100a65ca603d7d1997,3.14.7,macOS-26.6.2-arm64-arm-64bit-Mach-O,arm,0.03917620796710253,0.1620525000616908,0.06103049998637289,0.008893374935723841,0.008575083105824888,0.01691087509971112,2.9375078156590462e-05,0.00876949995290488,0.009258667007088661,0.0009985420620068908,0.03596695919986814,0.11449283291585743,6.870797369629145e-05,0.14304029196500778,0.017448834027163684,0.16048912599217147,2.158398274332285e-05,0.00012795894872397184,0.13194166694302112,0.33317037497181445,0.4805637920508161
821,random_0818,random_cycle_chord,20260823,crossing_rich,3,200,4,8,11,4.23234398332614,True,True,,perf/incremental-yamada-frontier-order,1d8374f42cccbb16d78d44100a65ca603d7d1997,3.14.7,macOS-26.6.2-arm64-arm-64bit-Mach-O,arm,0.028375249938108027,0.15677595895249397,0.031491875066421926,0.009059499949216843,0.01002149994019419,0.0197713749948889,3.012490924447775e-05,0.010261708055622876,0.010689750080928206,0.0009862500010058284,0.04173920804169029,0.09233787492848933,6.500002928078175e-05,0.23582574992906302,0.018489666981622577,0.2543154169106856,1.8999911844730377e-05,0.0001082499511539936,0.1108275419101119,0.2959787508007139,0.5358325410634279
822,random_0819,random_cycle_chord,20260823,baseline,0,200,3,9,11,5.333646459039946,True,True,,perf/incremental-yamada-frontier-order,1d8374f42cccbb16d78d44100a65ca603d7d1997,3.14.7,macOS-26.6.2-arm64-arm-64bit-Mach-O,arm,0.031768959015607834,0.14756554190535098,0.02490687498357147,0.00669120904058218,0.00705383310560137,0.013867666013538837,2.2833002731204033e-05,0.007168499985709786,0.0073322090320289135,0.0005244589410722256,0.028915666975080967,0.06758599996101111,5.866703577339649e-05,0.14075083297211677,0.00814779195934534,0.1488986249314621,1.4124903827905655e-05,6.516696885228157e-05,0.07573379192035645,0.25506829284131527,0.3999367080396041
823,random_0820,random_cycle_chord,20260823,baseline,0,200,3,8,10,6.212633125068133,True,True,,perf/incremental-yamada-frontier-order,1d8374f42cccbb16d78d44100a65ca603d7d1997,3.14.7,macOS-26.6.2-arm64-arm-64bit-Mach-O,arm,0.032836625003255904,0.14870112494099885,0.03202904190402478,0.0065916250459849834,0.006699083955027163,0.013134874985553324,2.2125081159174442e-05,0.006829624995589256,0.007042041979730129,0.0005757500184699893,0.027604417060501873,0.0729435000102967,5.6750024668872356e-05,0.1286893750075251,0.009110915940254927,0.13780029094778,1.4042016118764877e-05,7.091602310538292e-05,0.08205441595055163,0.2635921658948064,0.3964214170118794
824,random_0821,random_cycle_chord,20260823,baseline,0,200,4,10,13,4.62760787739561,True,True,,perf/incremental-yamada-frontier-order,1d8374f42cccbb16d78d44100a65ca603d7d1997,3.14.7,macOS-26.6.2-arm64-arm-64bit-Mach-O,arm,0.03392366704065353,0.14758016704581678,0.02325395797379315,0.007660083007067442,0.00818104192148894,0.016132457996718585,3.1708041206002235e-05,0.008365249959751964,0.008646250003948808,0.000744209042750299,0.03391987504437566,0.0730420839972794,7.01249809935689e-05,0.16852200007997453,0.011342166922986507,0.17986416700296104,1.837499439716339e-05,8.275010623037815e-05,0.08438425092026591,0.2658880850067362,0.4386684999335557
825,random_0822,random_cycle_chord,20260823,crossing_rich,4,200,5,8,12,6.602698742478579,True,True,,perf/incremental-yamada-frontier-order,1d8374f42cccbb16d78d44100a65ca603d7d1997,3.14.7,macOS-26.6.2-arm64-arm-64bit-Mach-O,arm,0.04278679098933935,0.14891729201190174,0.06941491598263383,0.009597750031389296,0.01065833296161145,0.02102037495933473,3.6792014725506306e-05,0.010915875085629523,0.01168412494007498,0.0014097499661147594,0.0450669169658795,0.1347705830121413,0.00015304097905755043,0.16091112501453608,0.02772495790850371,0.1886360829230398,2.4333945475518703e-05,0.00015429104678332806,0.162495540920645,0.3541996239218861,0.5198371249716729
826,random_0823,random_cycle_chord,20260823,crossing_rich,5,200,5,9,13,4.334671224389487,True,True,,perf/incremental-yamada-frontier-order,1d8374f42cccbb16d78d44100a65ca603d7d1997,3.14.7,macOS-26.6.2-arm64-arm-64bit-Mach-O,arm,0.033576833084225655,0.14843041694257408,0.04380429198499769,0.010502499993890524,0.01206729095429182,0.023889374919235706,3.683404065668583e-05,0.012363084009848535,0.01304479199461639,0.0013647919986397028,0.05069887696299702,0.11710566701367497,7.76670640334487e-05,0.1741877079475671,0.02830224996432662,0.20248995791189373,2.3667002096772194e-05,0.00014854094479233027,0.1454079169780016,0.32741516700480133,0.5062289169291034
827,random_0824,random_cycle_chord,20260823,baseline,0,200,3,9,11,5.37022872156203,True,True,,perf/incremental-yamada-frontier-order,1d8374f42cccbb16d78d44100a65ca603d7d1997,3.14.7,macOS-26.6.2-arm64-arm-64bit-Mach-O,arm,0.03156070795375854,0.14759045792743564,0.02821308304555714,0.006710082991048694,0.006931500043720007,0.013682125019840896,2.0999927073717117e-05,0.00707904202863574,0.00727308401837945,0.0005453750491142273,0.02860062604304403,0.07047420903109014,5.9999991208314896e-05,0.1410157079808414,0.00853400002233684,0.14954970800317824,1.3832934200763702e-05,6.812496576458216e-05,0.07900820905342698,0.25815937493462116,0.4033049170393497
828,random_0825,random_cycle_chord,20260823,crossing_rich,5,200,5,8,12,4.216111904606566,True,True,,perf/incremental-yamada-frontier-order,1d8374f42cccbb16d78d44100a65ca603d7d1997,3.14.7,macOS-26.6.2-arm64-arm-64bit-Mach-O,arm,0.03070845897309482,0.14856487489305437,0.04135733295697719,0.010688917012885213,0.01238741702400148,0.0244956249371171,3.7665944546461105e-05,0.01265679206699133,0.01339070894755423,0.001350125065073371,0.05193091696128249,0.11639866698533297,0.0002569579519331455,0.264314291998744,0.037105459021404386,0.3014197510201484,2.4000066332519054e-05,0.000146874925121665,0.15350412600673735,0.33277745987288654,0.6011542499763891
829,random_0826,random_cycle_chord,20260823,baseline,0,200,3,13,15,4.567089090106181,True,True,,perf/incremental-yamada-frontier-order,1d8374f42cccbb16d78d44100a65ca603d7d1997,3.14.7,macOS-26.6.2-arm64-arm-64bit-Mach-O,arm,0.038379832985810935,0.14750620804261416,0.02123166702222079,0.006529291975311935,0.006674958043731749,0.01318958296906203,2.062495332211256e-05,0.0068392090033739805,0.007048832951113582,0.0005660000024363399,0.027664249879308045,0.06211825006175786,7.083301898092031e-05,0.1910040839575231,0.009171457961201668,0.20017554191872478,1.3707904145121574e-05,7.01660756021738e-05,0.07128970802295953,0.25717574905138463,0.4523122499231249
830,random_0827,random_cycle_chord,20260823,crossing_rich,3,200,4,9,12,4.521194212451838,True,True,,perf/incremental-yamada-frontier-order,1d8374f42cccbb16d78d44100a65ca603d7d1997,3.14.7,macOS-26.6.2-arm64-arm-64bit-Mach-O,arm,0.031145040993578732,0.1479557080892846,0.037203041021712124,0.008871124940924346,0.009600916993804276,0.01895245793275535,2.916704397648573e-05,0.009821458952501416,0.010351625038310885,0.001012417022138834,0.04016712598968297,0.0958694580476731,7.120892405509949e-05,0.15761604206636548,0.019172416999936104,0.17678845906630158,1.962494570761919e-05,0.00011391600128263235,0.11504187504760921,0.29414262413047254,0.4560295419069007
831,random_0828,random_cycle_chord,20260823,crossing_rich,2,200,4,8,11,6.453433203921366,True,True,,perf/incremental-yamada-frontier-order,1d8374f42cccbb16d78d44100a65ca603d7d1997,3.14.7,macOS-26.6.2-arm64-arm-64bit-Mach-O,arm,0.03792604093905538,0.1489772500935942,0.05601433396805078,0.008183708065189421,0.00855854107066989,0.016878082999028265,2.99159437417984e-05,0.008748167078010738,0.009119665948674083,0.0008999169804155827,0.03567574894987047,0.10845812503248453,6.733404006808996e-05,0.14423645799979568,0.01603874994907528,0.16027520794887096,1.9249971956014633e-05,0.00010183302219957113,0.12449687498155981,0.3114001660142094,0.4598934999667108
832,random_0829,random_cycle_chord,20260823,crossing_rich,3,200,4,8,11,4.212408332855687,True,True,,perf/incremental-yamada-frontier-order,1d8374f42cccbb16d78d44100a65ca603d7d1997,3.14.7,macOS-26.6.2-arm64-arm-64bit-Mach-O,arm,0.027922875015065074,0.1481383329955861,0.03597745799925178,0.008947583963163197,0.009987958008423448,0.01966116693802178,2.9458082281053066e-05,0.010165292071178555,0.010683250031434,0.001002207980491221,0.04154137510340661,0.09648125001695007,6.758293602615595e-05,0.1452732499456033,0.019112334004603326,0.16438558395020664,1.850002445280552e-05,0.0001116669736802578,0.1155935840215534,0.29165479203220457,0.44117008394096047
833,random_0830,random_cycle_chord,20260823,baseline,0,200,3,10,12,5.627827575637601,True,True,,perf/incremental-yamada-frontier-order,1d8374f42cccbb16d78d44100a65ca603d7d1997,3.14.7,macOS-26.6.2-arm64-arm-64bit-Mach-O,arm,0.03635462489910424,0.14809416700154543,0.029104041983373463,0.006564500043168664,0.006597583997063339,0.012946375063620508,2.1541956812143326e-05,0.006743500009179115,0.006862125010229647,0.0005251659313216805,0.027098707971163094,0.06938466604333371,6.270897574722767e-05,0.15336104203015566,0.008517416077665985,0.16187845810782164,1.3542012311518192e-05,6.108300294727087e-05,0.0779020821209997,0.26235087402164936,0.41982479102443904
834,random_0831,random_cycle_chord,20260823,baseline,0,200,3,10,12,4.67061554405043,True,True,,perf/incremental-yamada-frontier-order,1d8374f42cccbb16d78d44100a65ca603d7d1997,3.14.7,macOS-26.6.2-arm64-arm-64bit-Mach-O,arm,0.030883833998814225,0.14775220898445696,0.020313499961048365,0.006263833027333021,0.00655041600111872,0.01285733305849135,2.0875013433396816e-05,0.006662000087089837,0.006859124987386167,0.0005394580075517297,0.02693879115395248,0.060085584060288966,7.458298932760954e-05,0.14421391603536904,0.008562874980270863,0.1527767910156399,1.366704236716032e-05,6.658397614955902e-05,0.06864845904055983,0.247284502023831,0.3956483749207109
835,random_0832,random_cycle_chord,20260823,crossing_rich,5,200,5,8,12,4.257682198786351,True,True,,perf/incremental-yamada-frontier-order,1d8374f42cccbb16d78d44100a65ca603d7d1997,3.14.7,macOS-26.6.2-arm64-arm-64bit-Mach-O,arm,0.03079820901621133,0.14843333302997053,0.045952916028909385,0.010656042024493217,0.0124657501000911,0.024538250057958066,3.6375015042722225e-05,0.012732082977890968,0.013324958039447665,0.0013495419407263398,0.05198120803106576,0.12108841701410711,0.00016420800238847733,0.2665062089217827,0.027365209069103003,0.2938714179908857,2.454104833304882e-05,0.00014583300799131393,0.1484536260832101,0.32768516812939197,0.5985614589881152
836,random_0833,random_cycle_chord,20260823,baseline,0,200,3,8,10,6.175560019572496,True,True,,perf/incremental-yamada-frontier-order,1d8374f42cccbb16d78d44100a65ca603d7d1997,3.14.7,macOS-26.6.2-arm64-arm-64bit-Mach-O,arm,0.03292404196690768,0.1476400839164853,0.03313616709783673,0.006613875040784478,0.006700624944642186,0.013202416012063622,2.162496093660593e-05,0.006864915951155126,0.0070314169861376286,0.0005572920199483633,0.027677665930241346,0.07414799998514354,5.6208926253020763e-05,0.1289849589811638,0.009039917029440403,0.1380248760106042,1.4165998436510563e-05,6.674998439848423e-05,0.08318791701458395,0.26375204289797693,0.39684741699602455
837,random_0834,random_cycle_chord,20260823,crossing_rich,5,200,5,8,12,4.2141741585799055,True,True,,perf/incremental-yamada-frontier-order,1d8374f42cccbb16d78d44100a65ca603d7d1997,3.14.7,macOS-26.6.2-arm64-arm-64bit-Mach-O,arm,0.030942542012780905,0.14838704199064523,0.039363292045891285,0.010775458067655563,0.012664292007684708,0.02484329091385007,3.812497016042471e-05,0.01283804199192673,0.01358870801050216,0.001365999924018979,0.05267416581045836,0.11551116593182087,0.00017537502571940422,0.1642627080436796,0.0287776249460876,0.1930403329897672,2.4124979972839355e-05,0.00014579202979803085,0.14428879087790847,0.3236183748813346,0.4931422909721732
838,random_0835,random_cycle_chord,20260823,crossing_rich,3,200,5,10,14,5.626697111453197,True,True,,perf/incremental-yamada-frontier-order,1d8374f42cccbb16d78d44100a65ca603d7d1997,3.14.7,macOS-26.6.2-arm64-arm-64bit-Mach-O,arm,0.04286525002680719,0.14895895891822875,0.05022866593208164,0.009393332991749048,0.010222541983239353,0.02013437496498227,3.750005271285772e-05,0.010487041901797056,0.011136374901980162,0.0012496659765020013,0.04304495779797435,0.11292262503411621,8.02499707788229e-05,0.1817630419973284,0.02231837494764477,0.20408141694497317,2.329191192984581e-05,0.00013354106340557337,0.13524099998176098,0.3270652089267969,0.5132870830129832
839,random_0836,random_cycle_chord,20260823,crossing_rich,2,200,4,8,11,6.595221615788945,True,True,,perf/incremental-yamada-frontier-order,1d8374f42cccbb16d78d44100a65ca603d7d1997,3.14.7,macOS-26.6.2-arm64-arm-64bit-Mach-O,arm,0.039558000047691166,0.1484467500122264,0.0536344168940559,0.008151583024300635,0.008579874993301928,0.016894917003810406,2.933293581008911e-05,0.008765332982875407,0.009253708994947374,0.0010117919882759452,0.03595508390571922,0.10634733398910612,6.629200652241707e-05,0.14338770892936736,0.017818916938267648,0.161206625867635,1.920794602483511e-05,0.00011466699652373791,0.12416625092737377,0.31217100098729134,0.4598079579882324
840,random_0837,random_cycle_chord,20260823,baseline,0,200,3,9,11,5.327144093508898,True,True,,perf/incremental-yamada-frontier-order,1d8374f42cccbb16d78d44100a65ca603d7d1997,3.14.7,macOS-26.6.2-arm64-arm-64bit-Mach-O,arm,0.03208012494724244,0.1573672090889886,0.026747750001959503,0.006850416073575616,0.006747915991581976,0.013290249975398183,2.1165935322642326e-05,0.00689479208085686,0.007085499935783446,0.0005698750028386712,0.027861582930199802,0.06822679098695517,5.7875062339007854e-05,0.14091224991716444,0.008998041041195393,0.14991029095835984,1.6000005416572094e-05,7.29170860722661e-05,0.07722483202815056,0.2666721660643816,0.41178983310237527
841,random_0838,random_cycle_chord,20260823,crossing_rich,2,200,4,8,11,6.400090444327841,True,True,,perf/incremental-yamada-frontier-order,1d8374f42cccbb16d78d44100a65ca603d7d1997,3.14.7,macOS-26.6.2-arm64-arm-64bit-Mach-O,arm,0.038122791913338006,0.14841554092708975,0.05327712500002235,0.008410334005020559,0.008811207953840494,0.017383833066560328,3.195810131728649e-05,0.009011708898469806,0.00943350000306964,0.0008854999905452132,0.03674650005996227,0.10727274999953806,7.00000673532486e-05,0.2328977909637615,0.015259457984939218,0.24815724894870073,1.8083956092596054e-05,9.529199451208115e-05,0.12253220798447728,0.30907054082490504,0.5459917919943109
842,random_0839,random_cycle_chord,20260823,crossing_rich,3,200,4,8,11,4.1196256700175855,True,True,,perf/incremental-yamada-frontier-order,1d8374f42cccbb16d78d44100a65ca603d7d1997,3.14.7,macOS-26.6.2-arm64-arm-64bit-Mach-O,arm,0.027856042026542127,0.14799154200591147,0.03491841698996723,0.009085083031095564,0.010131584014743567,0.01995149999856949,2.887495793402195e-05,0.010363957961089909,0.010749040986411273,0.0009744999697431922,0.042067873873747885,0.09622995904646814,6.529106758534908e-05,0.1463434170000255,0.018580709001980722,0.16492412600200623,1.879199407994747e-05,0.00010945799294859171,0.11481066804844886,0.29065825208090246,0.44124295900110155
843,random_0840,random_cycle_chord,20260823,baseline,0,200,3,9,11,5.359719919433725,True,True,,perf/incremental-yamada-frontier-order,1d8374f42cccbb16d78d44100a65ca603d7d1997,3.14.7,macOS-26.6.2-arm64-arm-64bit-Mach-O,arm,0.03242404095362872,0.147702332935296,0.025214290944859385,0.006594124948605895,0.006657458026893437,0.013099042000249028,2.1292013116180897e-05,0.00680391606874764,0.006944207940250635,0.0005125409225001931,0.027380998944863677,0.06586650002282113,5.879206582903862e-05,0.14192962495144457,0.007926583057269454,0.14985620800871402,1.3833981938660145e-05,6.220792420208454e-05,0.07379308308009058,0.2539194569690153,0.3999786659842357
844,random_0841,random_cycle_chord,20260823,crossing_rich,4,200,5,8,12,6.602095219699708,True,True,,perf/incremental-yamada-frontier-order,1d8374f42cccbb16d78d44100a65ca603d7d1997,3.14.7,macOS-26.6.2-arm64-arm-64bit-Mach-O,arm,0.04318591707851738,0.14866329194046557,0.06407358299475163,0.009529917035251856,0.010594625025987625,0.020869750063866377,3.683299291878939e-05,0.010836708010174334,0.011577875004149973,0.0013853750424459577,0.04470654111355543,0.12893799995072186,0.0001538340002298355,0.16057150007691234,0.026753750047646463,0.1873252501245588,2.362497616559267e-05,0.00014808401465415955,0.15569174999836832,0.34754095901735127,0.512662332970649
845,random_0842,random_cycle_chord,20260823,baseline,0,200,4,10,13,4.675171968327224,True,True,,perf/incremental-yamada-frontier-order,1d8374f42cccbb16d78d44100a65ca603d7d1997,3.14.7,macOS-26.6.2-arm64-arm-64bit-Mach-O,arm,0.03377037507016212,0.14798483299091458,0.02185408305376768,0.8953320840373635,0.007751500001177192,0.015442958101630211,4.4208019971847534e-05,0.00790537497960031,0.008109415997751057,0.000761208008043468,0.032263165106996894,0.9572466670069844,8.091703057289124e-05,0.16851724998559803,0.01203049998730421,0.18054774997290224,1.9832979887723923e-05,0.00010466703679412603,0.9692771669942886,1.1510323750553653,1.3238805420696735
846,random_0843,random_cycle_chord,20260823,baseline,0,200,3,11,13,4.112337889471584,True,True,,perf/incremental-yamada-frontier-order,1d8374f42cccbb16d78d44100a65ca603d7d1997,3.14.7,macOS-26.6.2-arm64-arm-64bit-Mach-O,arm,0.03258179093245417,0.15196454105898738,0.018514291965402663,0.0065941669745370746,0.0066027919529005885,0.01301316695753485,2.3833010345697403e-05,0.006729707936756313,0.00692199997138232,0.0005310419946908951,0.027219749870710075,0.058950374950654805,6.674998439848423e-05,0.16682095907162875,0.008436457952484488,0.17525741702411324,1.3915938325226307e-05,6.720796227455139e-05,0.0673868329031393,0.25193316489458084,0.42295545898377895
847,random_0844,random_cycle_chord,20260823,baseline,0,200,4,13,16,4.569159904987654,True,True,,perf/incremental-yamada-frontier-order,1d8374f42cccbb16d78d44100a65ca603d7d1997,3.14.7,macOS-26.6.2-arm64-arm-64bit-Mach-O,arm,0.040805833064951,0.1477728330064565,0.022908666054718196,0.007956917048431933,0.008617499959655106,0.017034083954058588,2.875004429370165e-05,0.00881637493148446,0.009055042057298124,0.0007476250175386667,0.03568187600467354,0.07519091689027846,7.745891343802214e-05,0.20494750002399087,0.011271290946751833,0.2162187909707427,1.9083963707089424e-05,8.345802780240774e-05,0.08646220783703029,0.2750408739084378,0.4842687079217285
848,random_0845,random_cycle_chord,20260823,baseline,0,200,3,9,11,5.394302782768033,True,True,,perf/incremental-yamada-frontier-order,1d8374f42cccbb16d78d44100a65ca603d7d1997,3.14.7,macOS-26.6.2-arm64-arm-64bit-Mach-O,arm,0.031938833999447525,0.1482090000063181,0.02653120900504291,0.00627845898270607,0.00636570795904845,0.012507916078902781,2.1417043171823025e-05,0.006521750008687377,0.006668457994237542,0.0005357089685276151,0.026255250093527138,0.06544912501703948,5.920790135860443e-05,0.14226529200095683,0.008862749906256795,0.15112804190721363,1.570803578943014e-05,6.995897274464369e-05,0.07431187492329627,0.2544597089290619,0.4008539579808712
849,random_0846,random_cycle_chord,20260823,baseline,0,200,3,8,10,6.185391059772744,True,True,,perf/incremental-yamada-frontier-order,1d8374f42cccbb16d78d44100a65ca603d7d1997,3.14.7,macOS-26.6.2-arm64-arm-64bit-Mach-O,arm,0.032961625023745,0.14807779202237725,0.0342777919722721,0.0066041669342666864,0.006711042020469904,0.013147959019988775,2.1582935005426407e-05,0.006793082924559712,0.006970708025619388,0.0005393750034272671,0.02747270790860057,0.07508495799265802,5.608296487480402e-05,0.12917525006923825,0.00857866695150733,0.13775391702074558,1.4249933883547783e-05,6.612495053559542e-05,0.08366362494416535,0.2647030419902876,0.3980135830352083
850,random_0847,random_cycle_chord,20260823,crossing_rich,5,200,6,11,16,4.6482674528688825,True,True,,perf/incremental-yamada-frontier-order,1d8374f42cccbb16d78d44100a65ca603d7d1997,3.14.7,macOS-26.6.2-arm64-arm-64bit-Mach-O,arm,0.04211425001267344,0.14923983300104737,0.04483187501318753,0.011437666951678693,0.012614750070497394,0.024889915948733687,4.395795986056328e-05,0.012888915953226388,0.013679082971066236,0.0015600830083712935,0.05306195584125817,0.1219859579578042,9.166600648313761e-05,0.21291808306705207,0.03047466604039073,0.2433927491074428,2.9374961741268635e-05,0.00016487494576722383,0.15246062399819493,0.34381470701191574,0.5613517080200836
851,random_0848,random_cycle_chord,20260823,crossing_rich,5,200,5,8,12,4.223991699257992,True,True,,perf/incremental-yamada-frontier-order,1d8374f42cccbb16d78d44100a65ca603d7d1997,3.14.7,macOS-26.6.2-arm64-arm-64bit-Mach-O,arm,0.03063283406663686,0.14939187502022833,0.03921650000847876,0.011516375001519918,0.012632833910174668,0.025135292089544237,5.512498319149017e-05,0.012852750020101666,0.013408540980890393,0.00133200001437217,0.052783708088099957,0.116188958985731,0.00017420807853341103,0.16127333301119506,0.026811250019818544,0.1880845830310136,2.7249916456639767e-05,0.00014820799697190523,0.14300020900554955,0.32302491809241474,0.4888602920109406
852,random_0849,random_cycle_chord,20260823,crossing_rich,3,200,5,10,14,5.61690332064952,True,True,,perf/incremental-yamada-frontier-order,1d8374f42cccbb16d78d44100a65ca603d7d1997,3.14.7,macOS-26.6.2-arm64-arm-64bit-Mach-O,arm,0.04202616692055017,0.14844920800533146,0.05038837494794279,0.009852707968093455,0.010839416994713247,0.021397167001850903,3.758398815989494e-05,0.011090749991126359,0.01160099997650832,0.0011572500225156546,0.04528375098016113,0.11639758397359401,8.520903065800667e-05,0.26222941698506474,0.019789042067714036,0.2820184590527788,2.4333014152944088e-05,0.00012450001668184996,0.13618662604130805,0.32666200096718967,0.593050374998711
853,random_0850,random_cycle_chord,20260823,baseline,0,200,3,10,12,4.673091864108352,True,True,,perf/incremental-yamada-frontier-order,1d8374f42cccbb16d78d44100a65ca603d7d1997,3.14.7,macOS-26.6.2-arm64-arm-64bit-Mach-O,arm,0.03146691701840609,0.1477559170452878,0.021880874992348254,0.006418999982997775,0.006478250026702881,0.01273583306465298,2.1791900508105755e-05,0.0066238329745829105,0.00678366597276181,0.0005803330568596721,0.026745456969365478,0.06154312496073544,6.599992047995329e-05,0.14405758294742554,0.009517333004623652,0.1535749159520492,1.4709075912833214e-05,7.25829740986228e-05,0.07106045796535909,0.250283292029053,0.39846966695040464
854,random_0851,random_cycle_chord,20260823,crossing_rich,9,200,7,15,21,4.045783716843304,True,True,,perf/incremental-yamada-frontier-order,1d8374f42cccbb16d78d44100a65ca603d7d1997,3.14.7,macOS-26.6.2-arm64-arm-64bit-Mach-O,arm,0.05217379203531891,0.14855020795948803,0.047084457939490676,0.01650720799807459,0.01656616700347513,0.03262862504925579,6.316695362329483e-05,0.016868292004801333,0.017877207952551544,0.002045874949544668,0.06948316690977663,0.14969220897182822,0.00011500006075948477,0.2891846669372171,0.04970458289608359,0.3388892498333007,4.9749971367418766e-05,0.00021512492094188929,0.19939679186791182,0.40012079186271876,0.694520958000794
855,random_0852,random_cycle_chord,20260823,baseline,0,200,3,10,12,5.623504304650171,True,True,,perf/incremental-yamada-frontier-order,1d8374f42cccbb16d78d44100a65ca603d7d1997,3.14.7,macOS-26.6.2-arm64-arm-64bit-Mach-O,arm,0.035977791994810104,0.14784083305858076,0.03101391694508493,0.006578042055480182,0.006593499914743006,0.012926291907206178,2.0666047930717468e-05,0.006717124953866005,0.006863082991912961,0.0005130829522386193,0.02704024885315448,0.07124449999537319,6.279197987169027e-05,0.1433264579391107,0.008215375011786819,0.15154183295089751,1.5750061720609665e-05,6.333400961011648e-05,0.07945987500716001,0.26327850006055087,0.4107345000375062
856,random_0853,random_cycle_chord,20260823,baseline,0,200,3,9,11,5.402312426253895,True,True,,perf/incremental-yamada-frontier-order,1d8374f42cccbb16d78d44100a65ca603d7d1997,3.14.7,macOS-26.6.2-arm64-arm-64bit-Mach-O,arm,0.0323414170416072,0.14739850000478327,0.02684808394405991,0.006743417005054653,0.007025374914519489,0.013848791946657002,2.1125073544681072e-05,0.007175457896664739,0.007244167034514248,0.000493000028654933,0.028782541980035603,0.06941783393267542,5.937495734542608e-05,0.141435332945548,0.007962167030200362,0.14939749997574836,1.3542012311518192e-05,5.820801015943289e-05,0.07738000096287578,0.25711991800926626,0.4026727080345154
857,random_0854,random_cycle_chord,20260823,crossing_rich,2,200,4,9,12,6.076697189616544,True,True,,perf/incremental-yamada-frontier-order,1d8374f42cccbb16d78d44100a65ca603d7d1997,3.14.7,macOS-26.6.2-arm64-arm-64bit-Mach-O,arm,0.03913412499241531,0.14800520800054073,0.04970858304295689,0.00849308306351304,0.009057292016223073,0.01788941607810557,2.9333052225410938e-05,0.009290332905948162,0.009674540953710675,0.000925916014239192,0.03780953900422901,0.10509537498001009,7.366598583757877e-05,0.1574449170148,0.016930041019804776,0.1743749580346048,2.0249979570508003e-05,0.00010333291720598936,0.12202541599981487,0.3091647489927709,0.4708724580705166
858,random_0855,random_cycle_chord,20260823,baseline,0,200,3,10,12,4.639955413714035,True,True,,perf/incremental-yamada-frontier-order,1d8374f42cccbb16d78d44100a65ca603d7d1997,3.14.7,macOS-26.6.2-arm64-arm-64bit-Mach-O,arm,0.03168020804878324,0.1474372090306133,0.02062641701195389,0.006572459009476006,0.006558916997164488,0.01289825001731515,2.158398274332285e-05,0.006679167039692402,0.0069032079773023725,0.0005747079849243164,0.027076917001977563,0.06085383309982717,6.166694220155478e-05,0.14091912494041026,0.009169291006401181,0.15008841594681144,1.4666002243757248e-05,7.087504491209984e-05,0.07002312410622835,0.2491405411856249,0.3941859999904409
859,random_0856,random_cycle_chord,20260823,crossing_rich,5,200,6,11,16,4.646070612135054,True,True,,perf/incremental-yamada-frontier-order,1d8374f42cccbb16d78d44100a65ca603d7d1997,3.14.7,macOS-26.6.2-arm64-arm-64bit-Mach-O,arm,0.04284341598395258,0.1516381660476327,0.04648012504912913,0.011441083974204957,0.012517582974396646,0.024813291965983808,4.329206421971321e-05,0.012846624944359064,0.01368999993428588,0.0015997500158846378,0.0529929589247331,0.12347183295059949,9.099999442696571e-05,0.21267425001133233,0.02975766605231911,0.24243191606365144,2.962502185255289e-05,0.00016854202840477228,0.1532294990029186,0.3477110810345039,0.5650227089645341
860,random_0857,random_cycle_chord,20260823,baseline,0,200,3,9,11,5.380803539831353,True,True,,perf/incremental-yamada-frontier-order,1d8374f42cccbb16d78d44100a65ca603d7d1997,3.14.7,macOS-26.6.2-arm64-arm-64bit-Mach-O,arm,0.03211920789908618,0.15741275006439537,0.027101999963633716,0.006692124996334314,0.0064087919890880585,0.012461375095881522,2.2542080841958523e-05,0.006491041975095868,0.006668415968306363,0.0005391249433159828,0.026182500063441694,0.06640458293259144,6.104202475398779e-05,0.14157220802735537,0.008616709033958614,0.150188917061314,1.762493047863245e-05,6.991706322878599e-05,0.07502129196655005,0.2645532499300316,0.4103298750706017
861,random_0858,random_cycle_chord,20260823,crossing_rich,4,200,5,8,12,6.583676355579578,True,True,,perf/incremental-yamada-frontier-order,1d8374f42cccbb16d78d44100a65ca603d7d1997,3.14.7,macOS-26.6.2-arm64-arm-64bit-Mach-O,arm,0.04434000002220273,0.14856508397497237,0.06735962501261383,0.009885290986858308,0.010639791027642787,0.02089933294337243,3.712496254593134e-05,0.01085308298934251,0.01156550005543977,0.0013553329044952989,0.04471037385519594,0.13263095798902214,0.00015408394392579794,0.16129187494516373,0.026562959072180092,0.18785483401734382,2.4916953407227993e-05,0.00014720798935741186,0.15919391706120223,0.3520990010583773,0.5179865000536665
862,random_0859,random_cycle_chord,20260823,baseline,0,200,3,11,13,4.0999104236206945,True,True,,perf/incremental-yamada-frontier-order,1d8374f42cccbb16d78d44100a65ca603d7d1997,3.14.7,macOS-26.6.2-arm64-arm-64bit-Mach-O,arm,0.03181633306667209,0.14738304202910513,0.02077504200860858,0.006593584083020687,0.006716832984238863,0.013264333014376462,2.3416941985487938e-05,0.006861999980174005,0.0070509579963982105,0.000540749984793365,0.02774145791772753,0.06184583401773125,6.433401722460985e-05,0.16738804196938872,0.008786667021922767,0.1761747089913115,2.0417035557329655e-05,6.929202936589718e-05,0.07063250103965402,0.24983187613543123,0.421364666079171
863,random_0860,random_cycle_chord,20260823,baseline,0,200,3,10,12,4.693071804128974,True,True,,perf/incremental-yamada-frontier-order,1d8374f42cccbb16d78d44100a65ca603d7d1997,3.14.7,macOS-26.6.2-arm64-arm-64bit-Mach-O,arm,0.031161874998360872,0.14949812495615333,0.024956499924883246,0.006923000095412135,0.006939375074580312,0.013695750036276877,2.150004729628563e-05,0.007075291941873729,0.007247917004860938,0.0005693749990314245,0.028609834029339254,0.06744820903986692,6.441702134907246e-05,0.14335179200861603,0.009406459052115679,0.1527582510607317,1.591700129210949e-05,7.04590929672122e-05,0.0768546680919826,0.2575146680464968,0.4053047080524266
864,random_0861,random_cycle_chord,20260823,baseline,0,200,3,11,13,5.222081868121047,True,True,,perf/incremental-yamada-frontier-order,1d8374f42cccbb16d78d44100a65ca603d7d1997,3.14.7,macOS-26.6.2-arm64-arm-64bit-Mach-O,arm,0.03744604205712676,0.14771624992135912,0.029329333920031786,0.006914792000316083,0.0070879170671105385,0.014025125070475042,2.1165935322642326e-05,0.00725250004325062,0.007404791074804962,0.0005299579352140427,0.02923354005906731,0.07258425001055002,6.437499541789293e-05,0.16633654199540615,0.00845087505877018,0.17478741705417633,1.4625024050474167e-05,6.645801477134228e-05,0.0810351250693202,0.2661974170478061,0.4366680420935154
865,random_0862,random_cycle_chord,20260823,baseline,0,200,3,9,11,5.387100153355846,True,True,,perf/incremental-yamada-frontier-order,1d8374f42cccbb16d78d44100a65ca603d7d1997,3.14.7,macOS-26.6.2-arm64-arm-64bit-Mach-O,arm,0.03181891702115536,0.14763745898380876,0.024526249966584146,0.00674383295699954,0.007016415940597653,0.01376783405430615,2.174999099224806e-05,0.007146374904550612,0.007336416048929095,0.0005499999970197678,0.028822374995797873,0.06712766701821238,5.9249927289783955e-05,0.14166025002487004,0.008699374971911311,0.15035962499678135,1.3749930076301098e-05,6.649992428719997e-05,0.07582704199012369,0.2552834179950878,0.4010456670075655
866,random_0863,random_cycle_chord,20260823,baseline,0,200,3,10,12,4.662836642451189,True,True,,perf/incremental-yamada-frontier-order,1d8374f42cccbb16d78d44100a65ca603d7d1997,3.14.7,macOS-26.6.2-arm64-arm-64bit-Mach-O,arm,0.031368874944746494,0.14753116702195257,0.02081741695292294,0.006429458037018776,0.006456000031903386,0.012785125058144331,2.162496093660593e-05,0.006612875033169985,0.006789957988075912,0.0005289169494062662,0.0267384999897331,0.06046075001358986,6.241700612008572e-05,0.1540097079705447,0.008403916959650815,0.1624136249301955,1.4208024367690086e-05,6.64170365780592e-05,0.06886466697324067,0.24776470893993974,0.40589187492150813
867,random_0864,random_cycle_chord,20260823,baseline,0,200,3,11,13,4.097227178438193,True,True,,perf/incremental-yamada-frontier-order,1d8374f42cccbb16d78d44100a65ca603d7d1997,3.14.7,macOS-26.6.2-arm64-arm-64bit-Mach-O,arm,0.03216391697060317,0.1476332909660414,0.02010254201013595,0.0066422499949112535,0.006729916902258992,0.013217042083851993,2.1915999241173267e-05,0.006833999999798834,0.007021042052656412,0.0005337919574230909,0.027627792092971504,0.06112175004091114,6.458302959799767e-05,0.1680722499731928,0.008773333043791354,0.17684558301698416,2.1832995116710663e-05,7.858395110815763e-05,0.06989508308470249,0.24969229102134705,0.42196012497879565
868,random_0865,random_cycle_chord,20260823,crossing_rich,6,200,6,11,16,5.219277408127369,True,True,,perf/incremental-yamada-frontier-order,1d8374f42cccbb16d78d44100a65ca603d7d1997,3.14.7,macOS-26.6.2-arm64-arm-64bit-Mach-O,arm,0.04751854098867625,0.14913491706829518,0.05006020900327712,0.011753124999813735,0.013406499987468123,0.026410416001453996,5.324999801814556e-05,0.013736083055846393,0.014555166009813547,0.001723750028759241,0.05647866509389132,0.13174320908728987,9.81249613687396e-05,0.21622554096393287,0.03591754205990583,0.2521430830238387,3.883393947035074e-05,0.00018520804587751627,0.1676607511471957,0.3643142092041671,0.5857870830222964
869,random_0866,random_cycle_chord,20260823,crossing_rich,4,200,5,10,14,5.49322836693862,True,True,,perf/incremental-yamada-frontier-order,1d8374f42cccbb16d78d44100a65ca603d7d1997,3.14.7,macOS-26.6.2-arm64-arm-64bit-Mach-O,arm,0.04187120799906552,0.14823191601317376,0.052607666002586484,0.009731207974255085,0.010843249969184399,0.02138549997471273,3.658293280750513e-05,0.011099499999545515,0.011781875044107437,0.0013305420288816094,0.045633999980054796,0.11884975002612919,8.174998220056295e-05,0.18671520799398422,0.02562612504698336,0.21234133304096758,2.4165958166122437e-05,0.00014112505596131086,0.14447587507311255,0.3345789990853518,0.525756209040992
870,random_0867,random_cycle_chord,20260823,baseline,0,200,3,10,12,4.639778953226056,True,True,,perf/incremental-yamada-frontier-order,1d8374f42cccbb16d78d44100a65ca603d7d1997,3.14.7,macOS-26.6.2-arm64-arm-64bit-Mach-O,arm,0.0313088750699535,0.14883154106792063,0.020635457942262292,0.006658417056314647,0.00675316690467298,0.013339582947082818,2.133403904736042e-05,0.006881917011924088,0.007102374918758869,0.0005306670209392905,0.027875875937752426,0.061941249994561076,6.770796608179808e-05,0.1410617920337245,0.008328667026944458,0.14939045906066895,1.3709068298339844e-05,6.53750030323863e-05,0.07026991702150553,0.25041033315937966,0.3956029579276219
871,random_0868,random_cycle_chord,20260823,baseline,0,200,3,14,16,4.291137275861503,True,True,,perf/incremental-yamada-frontier-order,1d8374f42cccbb16d78d44100a65ca603d7d1997,3.14.7,macOS-26.6.2-arm64-arm-64bit-Mach-O,arm,0.039483999949879944,0.14750437496695668,0.02093116706237197,0.006607667077332735,0.006774999899789691,0.01333154202438891,2.166593912988901e-05,0.006879791966639459,0.0070506250485777855,0.0005423749098554254,0.02782599988859147,0.062158667016774416,7.441698107868433e-05,0.2047313330695033,0.008772583911195397,0.2135039169806987,1.4082994312047958e-05,6.791600026190281e-05,0.07093125092796981,0.25791962584480643,0.4668310829438269
872,random_0869,random_cycle_chord,20260823,crossing_rich,5,200,5,9,13,4.282424757744806,True,True,,perf/incremental-yamada-frontier-order,1d8374f42cccbb16d78d44100a65ca603d7d1997,3.14.7,macOS-26.6.2-arm64-arm-64bit-Mach-O,arm,0.033087957999669015,0.1484473750460893,0.04107912501785904,0.010388707974925637,0.01196487492416054,0.023580749984830618,3.6291894502937794e-05,0.012174792005680501,0.012900208006612957,0.00138195906765759,0.050074000959284604,0.11354091693647206,7.866602391004562e-05,0.17667675006669015,0.02867108304053545,0.2053478331072256,2.3833010345697403e-05,0.00014949997421354055,0.1422119999770075,0.3237473330227658,0.5052951250690967
873,random_0870,random_cycle_chord,20260823,crossing_rich,3,200,4,9,12,5.942784209242859,True,True,,perf/incremental-yamada-frontier-order,1d8374f42cccbb16d78d44100a65ca603d7d1997,3.14.7,macOS-26.6.2-arm64-arm-64bit-Mach-O,arm,0.037959667039103806,0.14886466693133116,0.05300549999810755,0.00854895799420774,0.009394334047101438,0.018484000000171363,2.8667040169239044e-05,0.009598332922905684,0.01011795795056969,0.001034917077049613,0.03926387499086559,0.11023920797742903,7.058295886963606e-05,0.15753358299843967,0.019912166986614466,0.17744574998505414,1.9124941900372505e-05,0.00011670892126858234,0.1301513749640435,0.31697570893447846,0.4791082500014454
874,random_0871,random_cycle_chord,20260823,baseline,0,200,4,10,13,4.629211141924948,True,True,,perf/incremental-yamada-frontier-order,1d8374f42cccbb16d78d44100a65ca603d7d1997,3.14.7,macOS-26.6.2-arm64-arm-64bit-Mach-O,arm,0.03390908404253423,0.14777562499511987,0.023223416996188462,0.007426540949381888,0.00767279090359807,0.01512533298227936,2.9667047783732414e-05,0.007861166959628463,0.008121666964143515,0.0007424169452860951,0.031880250899121165,0.07022929203230888,7.208308670669794e-05,0.16783366608433425,0.011172625003382564,0.17900629108771682,1.7916900105774403e-05,8.458294905722141e-05,0.08140191703569144,0.26308662607334554,0.43518683302681893
875,random_0872,random_cycle_chord,20260823,baseline,0,200,3,9,11,5.3551230668867635,True,True,,perf/incremental-yamada-frontier-order,1d8374f42cccbb16d78d44100a65ca603d7d1997,3.14.7,macOS-26.6.2-arm64-arm-64bit-Mach-O,arm,0.032076750067062676,0.14737816690467298,0.028726333053782582,0.00667749997228384,0.007014250033535063,0.013877583085559309,2.2332998923957348e-05,0.007203540997579694,0.007321374956518412,0.0005080830305814743,0.028932915069162846,0.0713706670794636,5.9833982959389687e-05,0.14198304095771164,0.008244291064329445,0.15022733202204108,1.366704236716032e-05,6.204203236848116e-05,0.07961495814379305,0.2590698751155287,0.405170249985531
876,random_0873,random_cycle_chord,20260823,baseline,0,200,3,11,13,4.06320537925067,True,True,,perf/incremental-yamada-frontier-order,1d8374f42cccbb16d78d44100a65ca603d7d1997,3.14.7,macOS-26.6.2-arm64-arm-64bit-Mach-O,arm,0.032251291908323765,0.1481001659994945,0.020372125087305903,0.006537542096339166,0.0066835840698331594,0.013093375018797815,2.13750172406435e-05,0.006778875016607344,0.006955957971513271,0.0005290419794619083,0.027378625003620982,0.06099116709083319,6.708409637212753e-05,0.16779816697817296,0.008287958102300763,0.17608612508047372,1.3999990187585354e-05,6.704207044094801e-05,0.06927912519313395,0.2496305831009522,0.42157908400986344
877,random_0874,random_cycle_chord,20260823,baseline,0,200,3,10,12,5.621787216463927,True,True,,perf/incremental-yamada-frontier-order,1d8374f42cccbb16d78d44100a65ca603d7d1997,3.14.7,macOS-26.6.2-arm64-arm-64bit-Mach-O,arm,0.035635832929983735,0.14996379194781184,0.028947541024535894,0.0067154590506106615,0.006979999947361648,0.01374575006775558,2.1416926756501198e-05,0.007150124991312623,0.00731808296404779,0.0005431249737739563,0.02877849992364645,0.07144058297853917,6.904208566993475e-05,0.15447899990249425,0.008477666997350752,0.162956666899845,1.3791024684906006e-05,6.808305624872446e-05,0.07991824997588992,0.2655178748536855,0.42413512500934303
878,random_0875,random_cycle_chord,20260823,crossing_rich,5,200,5,8,12,4.241193833202314,True,True,,perf/incremental-yamada-frontier-order,1d8374f42cccbb16d78d44100a65ca603d7d1997,3.14.7,macOS-26.6.2-arm64-arm-64bit-Mach-O,arm,0.03345433308277279,0.1504498750437051,0.04353787505533546,0.010796917020343244,0.01258441701065749,0.024920791969634593,3.9375037886202335e-05,0.012763499980792403,0.013827541959472,0.0013993330067023635,0.05295054195448756,0.11990454199258238,0.00037870905362069607,0.2744056249503046,0.03861395898275077,0.3130195839330554,3.300001844763756e-05,0.00014866702258586884,0.15851850097533315,0.34242270910181105,0.6212086250307038
879,random_0876,random_cycle_chord,20260823,crossing_rich,2,200,4,8,11,6.421450328990832,True,True,,perf/incremental-yamada-frontier-order,1d8374f42cccbb16d78d44100a65ca603d7d1997,3.14.7,macOS-26.6.2-arm64-arm-64bit-Mach-O,arm,0.03807995899114758,0.1526931249536574,0.05543024989310652,0.008315042010508478,0.008885291987098753,0.01744466694071889,3.0083931051194668e-05,0.009056749986484647,0.009469958022236824,0.0009285409469157457,0.0369299998274073,0.10958841699175537,7.25829740986228e-05,0.23071962490212172,0.016556000104174018,0.24727562500629574,2.0125065930187702e-05,0.00010404095519334078,0.12614441709592938,0.31691750104073435,0.5517159590963274
880,random_0877,random_cycle_chord,20260823,crossing_rich,5,200,5,8,12,4.100932585113887,True,True,,perf/incremental-yamada-frontier-order,1d8374f42cccbb16d78d44100a65ca603d7d1997,3.14.7,macOS-26.6.2-arm64-arm-64bit-Mach-O,arm,0.03066979197319597,0.15969000000040978,0.04087520798202604,0.011058083036914468,0.01249016693327576,0.02475750003941357,3.7499936297535896e-05,0.012801624950952828,0.013393833069130778,0.0013611250324174762,0.05235158302821219,0.11680970794986933,0.00018941599410027266,0.16123691701795906,0.028180374996736646,0.1894172920146957,2.516701351851225e-05,0.0001496670302003622,0.14499008294660598,0.33534987492021173,0.5012125830398872
881,random_0878,random_cycle_chord,20260823,baseline,0,200,4,14,17,4.2953516850802576,True,True,,perf/incremental-yamada-frontier-order,1d8374f42cccbb16d78d44100a65ca603d7d1997,3.14.7,macOS-26.6.2-arm64-arm-64bit-Mach-O,arm,0.043302707956172526,0.1479490000056103,0.020650041988119483,0.007898042094893754,0.008480249904096127,0.016760208061896265,3.5375007428228855e-05,0.008706958033144474,0.008948832983151078,0.0007714580278843641,0.03522283211350441,0.0722835420165211,8.287501987069845e-05,0.21637870802078396,0.011605957988649607,0.22798466600943357,1.883308868855238e-05,8.808297570794821e-05,0.0838895000051707,0.2751412079669535,0.4958487079711631
882,random_0879,random_cycle_chord,20260823,baseline,0,200,4,10,13,4.666230004705566,True,True,,perf/incremental-yamada-frontier-order,1d8374f42cccbb16d78d44100a65ca603d7d1997,3.14.7,macOS-26.6.2-arm64-arm-64bit-Mach-O,arm,0.03405916702467948,0.14804762497078627,0.022149958997033536,0.007717792061157525,0.00818162492942065,0.01609679206740111,2.9250048100948334e-05,0.008331459015607834,0.008604750037193298,0.0007576670031994581,0.03381991817150265,0.07189541589468718,7.145910058170557e-05,0.1554194170748815,0.011578292003832757,0.16699770907871425,1.8042046576738358e-05,8.466700091958046e-05,0.08347370789851993,0.2655804998939857,0.4252714170143008
883,random_0880,random_cycle_chord,20260823,crossing_rich,2,200,4,8,11,6.560197260119791,True,True,,perf/incremental-yamada-frontier-order,1d8374f42cccbb16d78d44100a65ca603d7d1997,3.14.7,macOS-26.6.2-arm64-arm-64bit-Mach-O,arm,0.03991804108954966,0.14839620795100927,0.055351083050481975,0.0081972909392789,0.008597290958277881,0.017007749993354082,3.0207913368940353e-05,0.008767207968048751,0.0092749580508098,0.0009793329518288374,0.03605945687741041,0.1082318329717964,6.783404387533665e-05,0.14423745800741017,0.01747308310586959,0.16171054111327976,1.8583028577268124e-05,0.00010833307169377804,0.12570491607766598,0.3140191651182249,0.46252262499183416
884,random_0881,random_cycle_chord,20260823,crossing_rich,5,200,5,8,12,4.09840147245176,True,True,,perf/incremental-yamada-frontier-order,1d8374f42cccbb16d78d44100a65ca603d7d1997,3.14.7,macOS-26.6.2-arm64-arm-64bit-Mach-O,arm,0.030682833050377667,0.14811399998143315,0.04056262504309416,0.010680792038328946,0.012593833031132817,0.024826457956805825,4.091602750122547e-05,0.01284104201477021,0.013471916900016367,0.0013418750604614615,0.05252220795955509,0.11639279208611697,0.0001861659111455083,0.16227912507019937,0.028464750037528574,0.19074387510772794,2.3625092580914497e-05,0.00014508306048810482,0.14485754212364554,0.32365437515545636,0.4904759159544483
885,random_0882,random_cycle_chord,20260823,baseline,0,200,4,10,13,4.641363493924273,True,True,,perf/incremental-yamada-frontier-order,1d8374f42cccbb16d78d44100a65ca603d7d1997,3.14.7,macOS-26.6.2-arm64-arm-64bit-Mach-O,arm,0.03371550003066659,0.14792424999177456,0.0231298339786008,0.007754457998089492,0.008346374961547554,0.01660841703414917,2.904096618294716e-05,0.008587292046286166,0.008840791997499764,0.0007722920272499323,0.03483783407136798,0.07409470796119422,7.199996616691351e-05,0.15663541702087969,0.01125329197384417,0.16788870899472386,1.8291990272700787e-05,8.249992970377207e-05,0.08534799993503839,0.26698774995747954,0.4278786249924451
886,random_0883,random_cycle_chord,20260823,crossing_rich,4,200,5,8,12,6.602603407397117,True,True,,perf/incremental-yamada-frontier-order,1d8374f42cccbb16d78d44100a65ca603d7d1997,3.14.7,macOS-26.6.2-arm64-arm-64bit-Mach-O,arm,0.043021333985961974,0.1488096669781953,0.06407337496057153,0.009672250016592443,0.010653999983333051,0.02104733290616423,3.704102709889412e-05,0.010934250080026686,0.01167745899874717,0.0014236669521778822,0.04511974996421486,0.12955266702920198,0.00016695901285856962,0.16082141699735075,0.02763437503017485,0.1884557920275256,2.3875036276876926e-05,0.00015291699673980474,0.15718704205937684,0.3490180430235341,0.5144177499460056
887,random_0884,random_cycle_chord,20260823,baseline,0,200,4,11,14,4.031596661501903,True,True,,perf/incremental-yamada-frontier-order,1d8374f42cccbb16d78d44100a65ca603d7d1997,3.14.7,macOS-26.6.2-arm64-arm-64bit-Mach-O,arm,0.033989334013313055,0.1476047079777345,0.021718916948884726,0.0077081669587641954,0.008473332971334457,0.016605125041678548,3.454193938523531e-05,0.008618541993200779,0.00881999998819083,0.0007745410548523068,0.0348527500173077,0.07279283402021974,8.716701995581388e-05,0.18320095806848258,0.011673958040773869,0.19487491610925645,1.8958933651447296e-05,8.874991908669472e-05,0.08446679206099361,0.2660608340520412,0.45357095799408853
888,random_0885,random_cycle_chord,20260823,crossing_rich,6,200,6,10,15,5.627029586376192,True,True,,perf/incremental-yamada-frontier-order,1d8374f42cccbb16d78d44100a65ca603d7d1997,3.14.7,macOS-26.6.2-arm64-arm-64bit-Mach-O,arm,0.04568787501193583,0.14851737499702722,0.06592299998737872,0.011112958076409996,0.012687916052527726,0.02565308299381286,5.016603972762823e-05,0.013439583010040224,0.01431395800318569,0.0017516249790787697,0.05520841502584517,0.14497266698163003,0.0002352920128032565,0.20300937502179295,0.0319141250802204,0.23492350010201335,2.8499984182417393e-05,0.00018275005277246237,0.17688679206185043,0.3710920420708135,0.5790103750769049
889,random_0886,random_cycle_chord,20260823,baseline,0,200,3,12,14,4.881398250754375,True,True,,perf/incremental-yamada-frontier-order,1d8374f42cccbb16d78d44100a65ca603d7d1997,3.14.7,macOS-26.6.2-arm64-arm-64bit-Mach-O,arm,0.03712870797608048,0.14774704107549042,0.021655250107869506,0.006606332957744598,0.006700749974697828,0.013222374953329563,2.1000043489038944e-05,0.006918166996911168,0.007112500024959445,0.0005304160295054317,0.027804458048194647,0.06278504198417068,7.033301517367363e-05,0.16259991703554988,0.00801304099150002,0.1706129580270499,1.4165998436510563e-05,6.554194260388613e-05,0.0707980829756707,0.2556738320272416,0.42241854092571884
890,random_0887,random_cycle_chord,20260823,crossing_rich,5,200,5,8,12,4.2295154856304364,True,True,,perf/incremental-yamada-frontier-order,1d8374f42cccbb16d78d44100a65ca603d7d1997,3.14.7,macOS-26.6.2-arm64-arm-64bit-Mach-O,arm,0.030702541931532323,0.14826483407523483,0.04705374990589917,0.010661000036634505,0.012340749963186681,0.024423500057309866,3.683299291878939e-05,0.012618042062968016,0.013209124910645187,0.0012888339115306735,0.05157633393537253,0.12166629091370851,0.0002609170041978359,0.26779104210436344,0.026167583069764078,0.2939586251741275,2.408307045698166e-05,0.0001395420404151082,0.14783387398347259,0.32680124999023974,0.5991529159946367
891,random_0888,random_cycle_chord,20260823,baseline,0,200,3,8,10,6.224055402091165,True,True,,perf/incremental-yamada-frontier-order,1d8374f42cccbb16d78d44100a65ca603d7d1997,3.14.7,macOS-26.6.2-arm64-arm-64bit-Mach-O,arm,0.033143125008791685,0.148417416960001,0.03128337499219924,0.006572667043656111,0.006715708994306624,0.013172333012335002,2.108304761350155e-05,0.0068380419397726655,0.007036291994154453,0.0005752500146627426,0.027643000008538365,0.07223454094491899,5.804200191050768e-05,0.12806037499103695,0.009316375013440847,0.1373767500044778,1.3874960131943226e-05,6.845791358500719e-05,0.08155091595835984,0.2631114579271525,0.3952896250411868
892,random_0889,random_cycle_chord,20260823,crossing_rich,4,200,5,9,13,6.075084305783268,True,True,,perf/incremental-yamada-frontier-order,1d8374f42cccbb16d78d44100a65ca603d7d1997,3.14.7,macOS-26.6.2-arm64-arm-64bit-Mach-O,arm,0.042730959015898407,0.14850908296648413,0.06238825002219528,0.009568959008902311,0.010618583066388965,0.020800583064556122,3.67090106010437e-05,0.01081104192417115,0.011457375017926097,0.0013272500364109874,0.0444329590536654,0.1270430840086192,7.833307608962059e-05,0.17083658301271498,0.02454825001768768,0.19538483303040266,2.3417058400809765e-05,0.00014162505976855755,0.15159133402630687,0.3428313760086894,0.5182849999982864
893,random_0890,random_cycle_chord,20260823,baseline,0,200,3,8,10,6.1685558459365,True,True,,perf/incremental-yamada-frontier-order,1d8374f42cccbb16d78d44100a65ca603d7d1997,3.14.7,macOS-26.6.2-arm64-arm-64bit-Mach-O,arm,0.03267370804678649,0.1480377500411123,0.030830583069473505,0.0065091249998658895,0.006665792083367705,0.01314287493005395,2.1750107407569885e-05,0.00680650002323091,0.007060540956445038,0.0005781250074505806,0.02760979102458805,0.07163416605908424,5.620799493044615e-05,0.1279219170100987,0.00916412496007979,0.13708604197017848,1.3875076547265053e-05,7.170799653977156e-05,0.08079829101916403,0.2615097491070628,0.3935591670451686
894,random_0891,random_cycle_chord,20260823,baseline,0,200,3,8,10,6.162609790564985,True,True,,perf/incremental-yamada-frontier-order,1d8374f42cccbb16d78d44100a65ca603d7d1997,3.14.7,macOS-26.6.2-arm64-arm-64bit-Mach-O,arm,0.03325095900800079,0.14800737495534122,0.033804417005740106,0.006528874975629151,0.006655415985733271,0.0130892499582842,2.079096157103777e-05,0.006811667000874877,0.006947709014639258,0.0005250419490039349,0.027394458884373307,0.0744019589619711,5.5833952501416206e-05,0.12828887498471886,0.008413792005740106,0.13670266699045897,1.4625024050474167e-05,6.429094355553389e-05,0.08281575096771121,0.2640740849310532,0.3964772500330582
895,random_0892,random_cycle_chord,20260823,crossing_rich,6,200,6,11,16,5.220593987294853,True,True,,perf/incremental-yamada-frontier-order,1d8374f42cccbb16d78d44100a65ca603d7d1997,3.14.7,macOS-26.6.2-arm64-arm-64bit-Mach-O,arm,0.04642216593492776,0.15221391699742526,0.06309233291540295,0.012328541022725403,0.013841375010088086,0.027086999965831637,6.216706242412329e-05,0.013953041983768344,0.014777791919186711,0.001668291981332004,0.05754829291254282,0.14686062489636242,9.641691576689482e-05,0.2187793330522254,0.03251233301125467,0.2512916660634801,3.308302257210016e-05,0.00018641597125679255,0.1793729579076171,0.3780090408399701,0.6017632919829339
896,random_0893,random_cycle_chord,20260823,baseline,0,200,3,10,12,4.6539469640930555,True,True,,perf/incremental-yamada-frontier-order,1d8374f42cccbb16d78d44100a65ca603d7d1997,3.14.7,macOS-26.6.2-arm64-arm-64bit-Mach-O,arm,0.03131108405068517,0.1487512500025332,0.022269624983891845,0.006582999951206148,0.006495416979305446,0.01287204201798886,2.1709012798964977e-05,0.0066618750570341945,0.006798707996495068,0.000524166040122509,0.026878500124439597,0.06224529107566923,6.250001024454832e-05,0.1535910409875214,0.0080916250590235,0.1616826660465449,1.3999990187585354e-05,6.712507456541061e-05,0.07033691613469273,0.2503992501879111,0.4081657499773428
897,random_0894,random_cycle_chord,20260823,baseline,0,200,3,13,15,4.566464499578747,True,True,,perf/incremental-yamada-frontier-order,1d8374f42cccbb16d78d44100a65ca603d7d1997,3.14.7,macOS-26.6.2-arm64-arm-64bit-Mach-O,arm,0.037973334081470966,0.14755437499843538,0.02168650005478412,0.006628333008848131,0.006665833992883563,0.013062791898846626,2.3333937861025333e-05,0.006831292062997818,0.007006875006482005,0.0005405830452218652,0.02746487595140934,0.062464917078614235,7.325003389269114e-05,0.19201949995476753,0.008480999968014657,0.20050049992278218,1.4416058547794819e-05,6.787502206861973e-05,0.07094591704662889,0.25647362612653524,0.4526430420810357
898,random_0895,random_cycle_chord,20260823,crossing_rich,5,200,5,8,12,4.277206352281769,True,True,,perf/incremental-yamada-frontier-order,1d8374f42cccbb16d78d44100a65ca603d7d1997,3.14.7,macOS-26.6.2-arm64-arm-64bit-Mach-O,arm,0.030756791937164962,0.14878995902836323,0.04231649998109788,0.010831332998350263,0.012601583963260055,0.024747665971517563,3.7499936297535896e-05,0.012837374932132661,0.013539165956899524,0.0013922079233452678,0.05255391472019255,0.11834579205606133,0.0002658329904079437,0.26462658296804875,0.035755959106609225,0.300382542074658,3.5125063732266426e-05,0.00016070902347564697,0.15410175116267055,0.33364850212819874,0.6024150409502909
899,random_0896,random_cycle_chord,20260823,crossing_rich,5,200,5,8,12,4.2286463974963056,True,True,,perf/incremental-yamada-frontier-order,1d8374f42cccbb16d78d44100a65ca603d7d1997,3.14.7,macOS-26.6.2-arm64-arm-64bit-Mach-O,arm,0.031230249907821417,0.1498495830455795,0.03979791700839996,0.010884999996051192,0.012648708070628345,0.025011957972310483,3.858294803649187e-05,0.012905583018437028,0.013507583062164485,0.001367832999676466,0.052831540000624955,0.11619837500620633,0.0002633749973028898,0.26424745901022106,0.026274458039551973,0.29052191704977304,2.4582957848906517e-05,0.00014616688713431358,0.1424728330457583,0.3235526659991592,0.5922293340554461
900,random_0897,random_cycle_chord,20260823,baseline,0,200,3,11,13,4.095094971108089,True,True,,perf/incremental-yamada-frontier-order,1d8374f42cccbb16d78d44100a65ca603d7d1997,3.14.7,macOS-26.6.2-arm64-arm-64bit-Mach-O,arm,0.03200016694609076,0.1592527920147404,0.020709167001768947,0.006823125062510371,0.00668816699180752,0.013146582990884781,2.1875021047890186e-05,0.00681770802475512,0.007026749895885587,0.0005579170538112521,0.02757083298638463,0.061812083004042506,6.812496576458216e-05,0.16629249998368323,0.008797292015515268,0.1750897919991985,1.53339933604002e-05,7.620803080499172e-05,0.07060937501955777,0.26186233398038894,0.4323772919597104
901,random_0898,random_cycle_chord,20260823,baseline,0,200,3,11,13,4.012111441201781,True,True,,perf/incremental-yamada-frontier-order,1d8374f42cccbb16d78d44100a65ca603d7d1997,3.14.7,macOS-26.6.2-arm64-arm-64bit-Mach-O,arm,0.031659208005294204,0.14737095800228417,0.017345125088468194,0.0066889169393107295,0.006643707980401814,0.013053583912551403,2.1625077351927757e-05,0.006786958081647754,0.006917833001352847,0.0005402090027928352,0.027320209075696766,0.05801679193973541,6.929202936589718e-05,0.16638808301649988,0.008435791009105742,0.17482387402560562,1.3915938325226307e-05,7.149996235966682e-05,0.06645258294884115,0.24548274895641953,0.4160197500605136
902,random_0899,random_cycle_chord,20260823,baseline,0,200,4,10,13,4.6949298062689815,True,True,,perf/incremental-yamada-frontier-order,1d8374f42cccbb16d78d44100a65ca603d7d1997,3.14.7,macOS-26.6.2-arm64-arm-64bit-Mach-O,arm,0.03452120802830905,0.14783658308442682,0.023584499955177307,0.007467374904081225,0.007671875064261258,0.015122874989174306,2.9540969990193844e-05,0.007860666024498641,0.008107915986329317,0.0007535830372944474,0.031874581007286906,0.07062599994242191,7.745798211544752e-05,0.16719791607465595,0.011328832944855094,0.17852674901951104,1.8583028577268124e-05,8.366699330508709e-05,0.08195483288727701,0.2643126240000129,0.43579616607166827
903,random_0900,random_cycle_chord,20260823,baseline,0,200,3,8,10,6.164884781312465,True,True,,perf/incremental-yamada-frontier-order,1d8374f42cccbb16d78d44100a65ca603d7d1997,3.14.7,macOS-26.6.2-arm64-arm-64bit-Mach-O,arm,0.03243966703303158,0.14802975009661168,0.0344167499570176,0.006679916055873036,0.006669374997727573,0.013129375060088933,2.1832995116710663e-05,0.006817625020630658,0.006941542029380798,0.0005159160355105996,0.0274262911407277,0.07521116698626429,5.5999960750341415e-05,0.12937366706319153,0.008309583063237369,0.1376832501264289,1.4125020243227482e-05,6.53750030323863e-05,0.08352075004950166,0.2639901671791449,0.3974868330406025
904,random_0901,random_cycle_chord,20260823,baseline,0,200,4,10,13,4.641712715426039,True,True,,perf/incremental-yamada-frontier-order,1d8374f42cccbb16d78d44100a65ca603d7d1997,3.14.7,macOS-26.6.2-arm64-arm-64bit-Mach-O,arm,0.03356891602743417,0.14819075004197657,0.02289016603026539,0.007672582985833287,0.008184249978512526,0.016120624961331487,2.8499984182417393e-05,0.008356583071872592,0.008654792094603181,0.0007818751037120819,0.03394237521570176,0.07271529198624194,7.845798972994089e-05,0.1669308750424534,0.012127417023293674,0.17905829206574708,1.783308107405901e-05,8.787494152784348e-05,0.08484270900953561,0.26660237507894635,0.43779458303470165
905,random_0902,random_cycle_chord,20260823,baseline,0,200,3,9,11,5.39657223063139,True,True,,perf/incremental-yamada-frontier-order,1d8374f42cccbb16d78d44100a65ca603d7d1997,3.14.7,macOS-26.6.2-arm64-arm-64bit-Mach-O,arm,0.0316816670820117,0.1482408749870956,0.02693549997638911,0.006720959092490375,0.0069607499754056334,0.013726874953135848,2.095801755785942e-05,0.007115707965567708,0.007251249975524843,0.0004998750519007444,0.028614665963687003,0.06925041589420289,5.979102570563555e-05,0.1410603750264272,0.007707625045441091,0.1487680000718683,1.3707904145121574e-05,6.0999998822808266e-05,0.07695804093964398,0.2568805830087513,0.40206704195588827
906,random_0903,random_cycle_chord,20260823,baseline,0,200,4,10,13,4.691981783880345,True,True,,perf/incremental-yamada-frontier-order,1d8374f42cccbb16d78d44100a65ca603d7d1997,3.14.7,macOS-26.6.2-arm64-arm-64bit-Mach-O,arm,0.03389654203783721,0.14821604103781283,0.023648957954719663,0.0074907500529661775,0.007627542014233768,0.014990290976129472,2.9165996238589287e-05,0.007806750014424324,0.008056666003540158,0.0007481670472770929,0.03163104003760964,0.07042424997780472,7.466599345207214e-05,0.16715774999465793,0.01134883298072964,0.17850658297538757,1.8291990272700787e-05,8.358305785804987e-05,0.08177308295853436,0.2638856660341844,0.43532204208895564
907,random_0904,random_cycle_chord,20260823,baseline,0,200,3,8,10,6.132372952128357,True,True,,perf/incremental-yamada-frontier-order,1d8374f42cccbb16d78d44100a65ca603d7d1997,3.14.7,macOS-26.6.2-arm64-arm-64bit-Mach-O,arm,0.03310345800127834,0.14885841705836356,0.031082792091183364,0.006605541915632784,0.0067772920010611415,0.013288125046528876,2.1875021047890186e-05,0.00688629096839577,0.007045207894407213,0.0005532080540433526,0.0277947069844231,0.07227979099843651,6.366695743054152e-05,0.13030891597736627,0.008850959013216197,0.13915987499058247,1.3792072422802448e-05,6.829202175140381e-05,0.08113075001165271,0.2630926250712946,0.3975684579927474
908,random_0905,random_cycle_chord,20260823,crossing_rich,2,200,4,9,12,5.936889701835368,True,True,,perf/incremental-yamada-frontier-order,1d8374f42cccbb16d78d44100a65ca603d7d1997,3.14.7,macOS-26.6.2-arm64-arm-64bit-Mach-O,arm,0.0378535840427503,0.14823250006884336,0.04948691697791219,0.00832729204557836,0.008663667016662657,0.01708374998997897,2.9459013603627682e-05,0.008856541942805052,0.009280084050260484,0.0009000420104712248,0.03614987700711936,0.10265395801980048,7.945799734443426e-05,0.15602533298078924,0.015484292060136795,0.17150962504092604,1.86659162864089e-05,0.00010095804464071989,0.11813825007993728,0.30422433419153094,0.4645199590595439
909,random_0906,random_cycle_chord,20260823,crossing_rich,5,200,5,8,12,4.2716215656537475,True,True,,perf/incremental-yamada-frontier-order,1d8374f42cccbb16d78d44100a65ca603d7d1997,3.14.7,macOS-26.6.2-arm64-arm-64bit-Mach-O,arm,0.03106737497728318,0.14843741699587554,0.041779291932471097,0.010674500023014843,0.012424749904312193,0.02462545793969184,4.0207989513874054e-05,0.01272304099984467,0.01339337497483939,0.0013472499558702111,0.052129331859759986,0.11704129201825708,0.00027283397503197193,0.25841449992731214,0.024732250021770597,0.28314674994908273,2.291705459356308e-05,0.00013924995437264442,0.14177354204002768,0.3212783340131864,0.58406937494874
910,random_0907,random_cycle_chord,20260823,baseline,0,200,3,10,12,4.633912553082978,True,True,,perf/incremental-yamada-frontier-order,1d8374f42cccbb16d78d44100a65ca603d7d1997,3.14.7,macOS-26.6.2-arm64-arm-64bit-Mach-O,arm,0.031058666994795203,0.1475629999767989,0.023928541922941804,0.0067777500953525305,0.007088000071235001,0.014003625023178756,2.616702113300562e-05,0.007242124993354082,0.007441166089847684,0.0005248330999165773,0.029237916227430105,0.06705166702158749,7.204094436019659e-05,0.1505376249551773,0.007921000011265278,0.15845862496644258,1.4167046174407005e-05,6.41250517219305e-05,0.07497266703285277,0.25359433400444686,0.4082745829364285
911,random_0908,random_cycle_chord,20260823,baseline,0,200,3,11,13,4.114856230618922,True,True,,perf/incremental-yamada-frontier-order,1d8374f42cccbb16d78d44100a65ca603d7d1997,3.14.7,macOS-26.6.2-arm64-arm-64bit-Mach-O,arm,0.032158083049580455,0.1475505419075489,0.016812582965940237,0.0063681669998914,0.006519292015582323,0.012791041983291507,2.158398274332285e-05,0.006609250092878938,0.0068001250037923455,0.0005260410252958536,0.026748042088001966,0.05646658397745341,6.541598122566938e-05,0.16832925006747246,0.00847533403430134,0.1768045841017738,1.391698606312275e-05,6.3000014051795e-05,0.06494191801175475,0.2446505429688841,0.417100916034542
912,random_0909,random_cycle_chord,20260823,baseline,0,200,3,8,10,6.16853267389849,True,True,,perf/incremental-yamada-frontier-order,1d8374f42cccbb16d78d44100a65ca603d7d1997,3.14.7,macOS-26.6.2-arm64-arm-64bit-Mach-O,arm,0.03256158402655274,0.1479566249763593,0.031411999952979386,0.006455291993916035,0.00670554197859019,0.013181708985939622,2.0541949197649956e-05,0.006841166992671788,0.007091082981787622,0.0005660830065608025,0.027700583916157484,0.07229170901700854,5.583302117884159e-05,0.12809291703160852,0.009046124992892146,0.13713904202450067,1.3791956007480621e-05,6.891589146107435e-05,0.08133783400990069,0.26185604301281273,0.3940687910653651
913,random_0910,random_cycle_chord,20260823,crossing_rich,2,200,4,8,11,6.427887205151875,True,True,,perf/incremental-yamada-frontier-order,1d8374f42cccbb16d78d44100a65ca603d7d1997,3.14.7,macOS-26.6.2-arm64-arm-64bit-Mach-O,arm,0.03818999999202788,0.14825895801186562,0.05992895900271833,0.00833866698667407,0.008852416998706758,0.017401374992914498,3.01670515909791e-05,0.009017083910293877,0.009468416101299226,0.0009213329758495092,0.03683837503194809,0.1139857079833746,6.754195783287287e-05,0.23317645804490894,0.015970707987435162,0.2491471660323441,1.995800994336605e-05,0.00010429101530462503,0.12995641597080976,0.31640537397470325,0.5536274160258472
914,random_0911,random_cycle_chord,20260823,baseline,0,200,3,11,13,5.2199129077322866,True,True,,perf/incremental-yamada-frontier-order,1d8374f42cccbb16d78d44100a65ca603d7d1997,3.14.7,macOS-26.6.2-arm64-arm-64bit-Mach-O,arm,0.06593625003006309,0.14780562499072403,0.02556504204403609,0.0067820410476997495,0.007148832897655666,0.014087375020608306,2.1374900825321674e-05,0.007303166901692748,0.007428582990542054,0.000506708980537951,0.02934720879420638,0.06886233296245337,6.516696885228157e-05,0.16779979097191244,0.00837537506595254,0.17617516603786498,1.3791024684906006e-05,6.208301056176424e-05,0.0772377080284059,0.290979583049193,0.46290962502826005
915,random_0912,random_cycle_chord,20260823,baseline,0,200,3,9,11,5.38198857417959,True,True,,perf/incremental-yamada-frontier-order,1d8374f42cccbb16d78d44100a65ca603d7d1997,3.14.7,macOS-26.6.2-arm64-arm-64bit-Mach-O,arm,0.032279124949127436,0.1476968750357628,0.027343833004124463,0.0064268329879269,0.006638708990067244,0.013147499994374812,2.1666986867785454e-05,0.006792207947000861,0.006924416054971516,0.0005140420980751514,0.027399833081290126,0.06782879191450775,5.8916048146784306e-05,0.14080324990209192,0.008234250009991229,0.14903749991208315,1.383305061608553e-05,6.354192737489939e-05,0.07606304192449898,0.2560390419093892,0.4009706670185551
916,random_0913,random_cycle_chord,20260823,crossing_rich,5,200,6,11,16,4.613574059326926,True,True,,perf/incremental-yamada-frontier-order,1d8374f42cccbb16d78d44100a65ca603d7d1997,3.14.7,macOS-26.6.2-arm64-arm-64bit-Mach-O,arm,0.042338416911661625,0.1483017080463469,0.04451720789074898,0.01099724997766316,0.01257766701746732,0.02472004189621657,4.329101648181677e-05,0.012823540950194001,0.013643707963638008,0.0016239579999819398,0.05285453982651234,0.12098883395083249,9.191699791699648e-05,0.21348962502088398,0.030368042062036693,0.24385766708292067,2.816703636199236e-05,0.00016950001008808613,0.15135687601286918,0.3419970009708777,0.560092292027548
917,random_0914,random_cycle_chord,20260823,baseline,0,200,4,10,13,4.627430072800752,True,True,,perf/incremental-yamada-frontier-order,1d8374f42cccbb16d78d44100a65ca603d7d1997,3.14.7,macOS-26.6.2-arm64-arm-64bit-Mach-O,arm,0.03345512493979186,0.14831199997570366,0.02292287501040846,0.0077922920463606715,0.008335249964147806,0.016420083004049957,2.920802216976881e-05,0.008477416005916893,0.008751458022743464,0.0007262090221047401,0.03440437407698482,0.07348129106685519,6.987503729760647e-05,0.1632433329941705,0.010251541971229017,0.1734948749653995,1.8332968465983868e-05,8.183298632502556e-05,0.08373283303808421,0.2654999579535797,0.4330422499915585
918,random_0915,random_cycle_chord,20260823,baseline,0,200,3,9,11,5.427071064996078,True,True,,perf/incremental-yamada-frontier-order,1d8374f42cccbb16d78d44100a65ca603d7d1997,3.14.7,macOS-26.6.2-arm64-arm-64bit-Mach-O,arm,0.032185666961595416,0.14756683295127004,0.023951124981977046,0.006669791997410357,0.007086416007950902,0.013847791007719934,2.174999099224806e-05,0.007149208919145167,0.0073067499324679375,0.0005041660042479634,0.02882966585457325,0.06655624997802079,5.88749535381794e-05,0.1412514999974519,0.008056708960793912,0.1493082089582458,1.3874960131943226e-05,6.383296567946672e-05,0.0746129589388147,0.25436545885168016,0.399733958998695
919,random_0916,random_cycle_chord,20260823,crossing_rich,2,200,4,9,12,6.082760031677689,True,True,,perf/incremental-yamada-frontier-order,1d8374f42cccbb16d78d44100a65ca603d7d1997,3.14.7,macOS-26.6.2-arm64-arm-64bit-Mach-O,arm,0.039334667031653225,0.14858579100109637,0.051429916988126934,0.008152916911058128,0.008483625017106533,0.016709833056665957,2.891593612730503e-05,0.008707416011020541,0.009150916943326592,0.000973624992184341,0.03557070693932474,0.10366366698872298,6.920902524143457e-05,0.15732058405410498,0.017705083009786904,0.1750256670638919,1.8583028577268124e-05,0.00010758405551314354,0.12136874999850988,0.3092892080312595,0.4708802909590304
920,random_0917,random_cycle_chord,20260823,baseline,0,200,3,10,12,4.664721121051488,True,True,,perf/incremental-yamada-frontier-order,1d8374f42cccbb16d78d44100a65ca603d7d1997,3.14.7,macOS-26.6.2-arm64-arm-64bit-Mach-O,arm,0.03192704194225371,0.1578673330368474,0.021911000018008053,0.006969041074626148,0.006653832970187068,0.012975124991498888,2.2124964743852615e-05,0.006768541992641985,0.006900584092363715,0.000559916952624917,0.027226292993873358,0.06277941702865064,6.28340058028698e-05,0.15434525010641664,0.008781875018030405,0.16312712512444705,1.5249941498041153e-05,7.266702596098185e-05,0.07156129204668105,0.26135566702578217,0.4198952920269221
921,random_0918,random_cycle_chord,20260823,baseline,0,200,3,9,11,5.339347644475276,True,True,,perf/incremental-yamada-frontier-order,1d8374f42cccbb16d78d44100a65ca603d7d1997,3.14.7,macOS-26.6.2-arm64-arm-64bit-Mach-O,arm,0.032463292009197176,0.14791641710326076,0.02653745806310326,0.006521541974507272,0.006653082906268537,0.013049958040937781,2.204196061939001e-05,0.006809124955907464,0.006923167034983635,0.0005044169956818223,0.027308708988130093,0.06704054202418774,6.704102270305157e-05,0.141559167066589,0.008107917034067214,0.1496670841006562,1.3499986380338669e-05,6.383308209478855e-05,0.07514845905825496,0.2555281681707129,0.40122470899950713
922,random_0919,random_cycle_chord,20260823,crossing_rich,3,200,4,9,12,4.461862445303889,True,True,,perf/incremental-yamada-frontier-order,1d8374f42cccbb16d78d44100a65ca603d7d1997,3.14.7,macOS-26.6.2-arm64-arm-64bit-Mach-O,arm,0.03132150007877499,0.14798254205379635,0.03760575002525002,0.008882916066795588,0.009689209051430225,0.019184625009074807,2.962502185255289e-05,0.009944166988134384,0.010444291983731091,0.0010161669924855232,0.04061887599527836,0.0968230830039829,7.162499241530895e-05,0.15754366596229374,0.019335666089318693,0.17687933205161244,1.9333907403051853e-05,0.00011424999684095383,0.1161587490933016,0.29546279122587293,0.4575618749950081
923,random_0920,random_cycle_chord,20260823,crossing_rich,3,200,4,8,11,4.246839031760616,True,True,,perf/incremental-yamada-frontier-order,1d8374f42cccbb16d78d44100a65ca603d7d1997,3.14.7,macOS-26.6.2-arm64-arm-64bit-Mach-O,arm,0.028000666992738843,0.1480532919522375,0.041420166031457484,0.009154292056336999,0.010066958027891815,0.01989358407445252,3.100000321865082e-05,0.010293541941791773,0.010743416962213814,0.0009594169678166509,0.04192095994949341,0.10259020805824548,7.291696965694427e-05,0.23167204204946756,0.017826292081736028,0.2494983341312036,1.837499439716339e-05,0.00010579207446426153,0.12041650013998151,0.29647045908495784,0.5322957499884069
924,random_0921,random_cycle_chord,20260823,crossing_rich,3,200,5,11,15,4.626461732097157,True,True,,perf/incremental-yamada-frontier-order,1d8374f42cccbb16d78d44100a65ca603d7d1997,3.14.7,macOS-26.6.2-arm64-arm-64bit-Mach-O,arm,0.03892508405260742,0.14844170806463808,0.03949262504465878,0.00957104202825576,0.010280083050020039,0.020321834017522633,4.904193338006735e-05,0.01048116700258106,0.010965083027258515,0.001182583044283092,0.04299970902502537,0.1023830829653889,8.579203858971596e-05,0.1976569580147043,0.021077874931506813,0.2187348329462111,2.2999942302703857e-05,0.0001295000547543168,0.1234609578968957,0.3108277500141412,0.512961957952939
925,random_0922,random_cycle_chord,20260823,crossing_rich,5,200,5,9,13,4.273581515523526,True,True,,perf/incremental-yamada-frontier-order,1d8374f42cccbb16d78d44100a65ca603d7d1997,3.14.7,macOS-26.6.2-arm64-arm-64bit-Mach-O,arm,0.03334487497340888,0.14825887500774115,0.03893725003581494,0.010777415940538049,0.012477542040869594,0.024655250017531216,3.754207864403725e-05,0.01271029096096754,0.013427082914859056,0.0013375830603763461,0.0521677490323782,0.1143937079468742,7.995800115168095e-05,0.1751029590377584,0.02756329206749797,0.20266625110525638,2.4000066332519054e-05,0.00014533300418406725,0.14195700001437217,0.3235607499955222,0.5032053750474006
926,random_0923,random_cycle_chord,20260823,baseline,0,200,3,10,12,4.649141412074471,True,True,,perf/incremental-yamada-frontier-order,1d8374f42cccbb16d78d44100a65ca603d7d1997,3.14.7,macOS-26.6.2-arm64-arm-64bit-Mach-O,arm,0.030938249896280468,0.14762191602494568,0.02426624996587634,0.006803291034884751,0.007113375002518296,0.013950042077340186,2.1499930880963802e-05,0.007212292053736746,0.0074096249882131815,0.0005456659710034728,0.02913912502117455,0.0673409589799121,7.183302659541368e-05,0.14254066592548043,0.008034707978367805,0.15057537390384823,1.391698606312275e-05,6.66249543428421e-05,0.07537566695827991,0.25393583287950605,0.4006282910704613
927,random_0924,random_cycle_chord,20260823,baseline,0,200,3,13,15,4.57131737282995,True,True,,perf/incremental-yamada-frontier-order,1d8374f42cccbb16d78d44100a65ca603d7d1997,3.14.7,macOS-26.6.2-arm64-arm-64bit-Mach-O,arm,0.038124874932691455,0.14759187493473291,0.020714125013910234,0.0066831669537350535,0.006986916996538639,0.013780875015072525,2.120796125382185e-05,0.00717304099816829,0.007403291994705796,0.0005930420011281967,0.02897145797032863,0.06337420805357397,7.566693238914013e-05,0.19259595801122487,0.009530250099487603,0.20212620811071247,1.4042016118764877e-05,7.504189852625132e-05,0.07290445815306157,0.25862120802048594,0.4553693749476224
928,random_0925,random_cycle_chord,20260823,crossing_rich,4,200,5,9,13,6.075357664850176,True,True,,perf/incremental-yamada-frontier-order,1d8374f42cccbb16d78d44100a65ca603d7d1997,3.14.7,macOS-26.6.2-arm64-arm-64bit-Mach-O,arm,0.041973209008574486,0.14820537494961172,0.056787709007039666,0.009865792002528906,0.011086083017289639,0.02190762502141297,3.854196984320879e-05,0.011387665988877416,0.011989833088591695,0.001263958984054625,0.04658762505277991,0.12436125008389354,7.958291098475456e-05,0.17347316700033844,0.02340558299329132,0.19687874999362975,2.295803278684616e-05,0.00013379205483943224,0.14776683307718486,0.33794541703537107,0.5159084160113707
929,random_0926,random_cycle_chord,20260823,baseline,0,200,3,10,12,4.668091608685131,True,True,,perf/incremental-yamada-frontier-order,1d8374f42cccbb16d78d44100a65ca603d7d1997,3.14.7,macOS-26.6.2-arm64-arm-64bit-Mach-O,arm,0.031155332922935486,0.14774245803710073,0.02059912506956607,0.0065840830793604255,0.006699083023704588,0.013146874960511923,2.1582935005426407e-05,0.006847499986179173,0.007021625060588121,0.000533499987795949,0.027571082930080593,0.06147295900154859,6.17919722571969e-05,0.15199170797131956,0.00843679194804281,0.16042849991936237,1.3874960131943226e-05,6.53750030323863e-05,0.0699097509495914,0.24880754190962762,0.40493650001008064
930,random_0927,random_cycle_chord,20260823,crossing_rich,3,200,5,10,14,4.883877667927451,True,True,,perf/incremental-yamada-frontier-order,1d8374f42cccbb16d78d44100a65ca603d7d1997,3.14.7,macOS-26.6.2-arm64-arm-64bit-Mach-O,arm,0.03797341592144221,0.14884837495628744,0.04385537502821535,0.009632834000512958,0.01038045808672905,0.020528749912045896,3.987504169344902e-05,0.010676541947759688,0.011182500049471855,0.0012436669785529375,0.043671333929523826,0.10757508408278227,8.095905650407076e-05,0.1839208749588579,0.02208141703158617,0.20600229199044406,2.304092049598694e-05,0.00013166700955480337,0.12965650111436844,0.3164782919920981,0.5048449579626322
931,random_0928,random_cycle_chord,20260823,baseline,0,200,4,13,16,4.567899450557781,True,True,,perf/incremental-yamada-frontier-order,1d8374f42cccbb16d78d44100a65ca603d7d1997,3.14.7,macOS-26.6.2-arm64-arm-64bit-Mach-O,arm,0.040898417006246746,0.14898070797789842,0.024337499984540045,0.007896416005678475,0.008179457974620163,0.016151875024661422,2.933409996330738e-05,0.008092792006209493,0.008312999969348311,0.0007537500932812691,0.0333407511934638,0.07378124992828816,7.754098623991013e-05,0.20527716702781618,0.011706915916875005,0.21698408294469118,1.8332968465983868e-05,8.433288894593716e-05,0.08548816584516317,0.27536729082930833,0.4849291250575334
932,random_0929,random_cycle_chord,20260823,baseline,0,200,3,10,12,4.6887804409674265,True,True,,perf/incremental-yamada-frontier-order,1d8374f42cccbb16d78d44100a65ca603d7d1997,3.14.7,macOS-26.6.2-arm64-arm-64bit-Mach-O,arm,0.031344540999270976,0.14774333301465958,0.022317832917906344,0.006621084059588611,0.006687041954137385,0.013135375105775893,2.2583059035241604e-05,0.006791541003622115,0.006982416962273419,0.0005386670818552375,0.027470583212561905,0.06311958306469023,6.183295045047998e-05,0.15499670791905373,0.008796875015832484,0.16379358293488622,1.3791024684906006e-05,6.500002928078175e-05,0.07191645808052272,0.2510043320944533,0.4101231669774279
933,random_0930,random_cycle_chord,20260823,crossing_rich,6,200,6,11,16,5.228291344577527,True,True,,perf/incremental-yamada-frontier-order,1d8374f42cccbb16d78d44100a65ca603d7d1997,3.14.7,macOS-26.6.2-arm64-arm-64bit-Mach-O,arm,0.046767499996349216,0.1486842919839546,0.04996537498664111,0.011378666036762297,0.013075915980152786,0.025743374950252473,4.616705700755119e-05,0.013342582969926298,0.014219666947610676,0.001637832960113883,0.05498962488491088,0.12944995902944356,9.120895992964506e-05,0.216105040977709,0.031645708018913865,0.24775074899662286,2.8125010430812836e-05,0.00017037498764693737,0.16109566704835743,0.35654745902866125,0.5773461669450626
934,random_0931,random_cycle_chord,20260823,baseline,0,200,3,9,11,5.403272338993564,True,True,,perf/incremental-yamada-frontier-order,1d8374f42cccbb16d78d44100a65ca603d7d1997,3.14.7,macOS-26.6.2-arm64-arm-64bit-Mach-O,arm,0.03239645902067423,0.1478204580489546,0.02630749996751547,0.006567666074261069,0.006673750001937151,0.013059499906376004,2.1583051420748234e-05,0.0067692919401451945,0.006921250023879111,0.0005054579814895988,0.027277082903310657,0.06684504204895347,5.850009620189667e-05,0.1415267080301419,0.0086561250500381,0.15018283308018,1.591700129210949e-05,6.78329961374402e-05,0.07550116709899157,0.2557180841686204,0.40138845797628164
935,random_0932,random_cycle_chord,20260823,crossing_rich,5,200,5,9,13,4.392657801697379,True,True,,perf/incremental-yamada-frontier-order,1d8374f42cccbb16d78d44100a65ca603d7d1997,3.14.7,macOS-26.6.2-arm64-arm-64bit-Mach-O,arm,0.035131750046275556,0.15092912502586842,0.041323750047013164,0.010659958003088832,0.011918833013623953,0.02354462502989918,5.070795305073261e-05,0.012154708034358919,0.01285358308814466,0.0013948749983683228,0.049998499103821814,0.11393545789178461,9.0167042799294e-05,0.17408683302346617,0.027346290997229517,0.2014331240206957,2.5084009394049644e-05,0.00015550001990050077,0.14128174888901412,0.3273426239611581,0.5059717500116676
936,random_0933,random_cycle_chord,20260823,crossing_rich,5,200,6,10,15,5.403740256090924,True,True,,perf/incremental-yamada-frontier-order,1d8374f42cccbb16d78d44100a65ca603d7d1997,3.14.7,macOS-26.6.2-arm64-arm-64bit-Mach-O,arm,0.04445866693276912,0.14941870793700218,0.06271179101895541,0.011307500069960952,0.012684375047683716,0.02511833398602903,6.229197606444359e-05,0.013094041962176561,0.01367341703735292,0.0016334999818354845,0.05358158494345844,0.1403372089844197,0.0002785000251606107,0.28959837497677654,0.03405612497590482,0.32365449995268136,2.9791961424052715e-05,0.00016604200936853886,0.17439333396032453,0.3682707088300958,0.6626747919945046
937,random_0934,random_cycle_chord,20260823,baseline,0,200,3,10,12,4.634939403095673,True,True,,perf/incremental-yamada-frontier-order,1d8374f42cccbb16d78d44100a65ca603d7d1997,3.14.7,macOS-26.6.2-arm64-arm-64bit-Mach-O,arm,0.03135879198089242,0.15066237491555512,0.021394000039435923,0.006627750000916421,0.006691040936857462,0.01319095806684345,2.1332991309463978e-05,0.006849959027022123,0.007006000028923154,0.0005212080432102084,0.0275894581573084,0.0623217080719769,6.287498399615288e-05,0.15359566698316485,0.00833250000141561,0.16192816698458046,1.3999990187585354e-05,6.858306005597115e-05,0.07065420807339251,0.25267537496984005,0.4104168750345707
938,random_0935,random_cycle_chord,20260823,baseline,0,200,3,10,12,4.6517479027199355,True,True,,perf/incremental-yamada-frontier-order,1d8374f42cccbb16d78d44100a65ca603d7d1997,3.14.7,macOS-26.6.2-arm64-arm-64bit-Mach-O,arm,0.031212333007715642,0.14846670895349234,0.022814833908341825,0.006303125061094761,0.006317833089269698,0.012427291949279606,2.204196061939001e-05,0.006450875080190599,0.006661209044978023,0.000549374963156879,0.026110792998224497,0.06156558298971504,6.258406210690737e-05,0.15204266703221947,0.00919870799407363,0.1612413750262931,1.5415949746966362e-05,7.350009400397539e-05,0.07076429098378867,0.25044333294499665,0.4066444159252569
939,random_0936,random_cycle_chord,20260823,crossing_rich,4,200,5,11,15,5.224185749374501,True,True,,perf/incremental-yamada-frontier-order,1d8374f42cccbb16d78d44100a65ca603d7d1997,3.14.7,macOS-26.6.2-arm64-arm-64bit-Mach-O,arm,0.04418416693806648,0.1488988340133801,0.049279124941676855,0.010200124932453036,0.011450125020928681,0.02258066600188613,4.254095256328583e-05,0.011724415933713317,0.012235166970640421,0.0012721249368041754,0.04785491479560733,0.1188207920640707,9.062502067536116e-05,0.19802816701121628,0.024065874982625246,0.22209404199384153,2.345792017877102e-05,0.00013662490528076887,0.14288666704669595,0.33596966799814254,0.5384660830022767
940,random_0937,random_cycle_chord,20260823,baseline,0,200,3,8,10,6.1773863608998765,True,True,,perf/incremental-yamada-frontier-order,1d8374f42cccbb16d78d44100a65ca603d7d1997,3.14.7,macOS-26.6.2-arm64-arm-64bit-Mach-O,arm,0.03304216708056629,0.15804929193109274,0.031118915998376906,0.007086333003826439,0.006712209084071219,0.013198334025219083,2.195802517235279e-05,0.006841207970865071,0.007033374975435436,0.0005732079735025764,0.02766808297019452,0.07260449999012053,6.0125021263957024e-05,0.12888350000139326,0.00923870806582272,0.13812220806721598,1.6625039279460907e-05,7.679103873670101e-05,0.08184320805594325,0.2729346670676023,0.40602879191283137
941,random_0938,random_cycle_chord,20260823,crossing_rich,2,200,4,8,11,6.441462969348874,True,True,,perf/incremental-yamada-frontier-order,1d8374f42cccbb16d78d44100a65ca603d7d1997,3.14.7,macOS-26.6.2-arm64-arm-64bit-Mach-O,arm,0.038636666955426335,0.14904004195705056,0.054904332966543734,0.008362166932784021,0.008528375066816807,0.016917250002734363,2.9957969672977924e-05,0.008728041080757976,0.009114875108934939,0.0008993330411612988,0.035689457203261554,0.10751366708427668,7.129204459488392e-05,0.14310058392584324,0.01570829190313816,0.1588088758289814,1.8915976397693157e-05,0.000100292032584548,0.12322195898741484,0.31089866789989173,0.45826529094483703
942,random_0939,random_cycle_chord,20260823,baseline,0,200,4,11,14,4.0604541399972875,True,True,,perf/incremental-yamada-frontier-order,1d8374f42cccbb16d78d44100a65ca603d7d1997,3.14.7,macOS-26.6.2-arm64-arm-64bit-Mach-O,arm,0.034278874984011054,0.14770308299921453,0.023144999984651804,0.007796459016390145,0.008153666043654084,0.016043374896980822,2.8583919629454613e-05,0.008349458919838071,0.00856433401349932,0.0007237920071929693,0.033709543757140636,0.0728317080065608,7.345795165747404e-05,0.1805033329874277,0.011394375003874302,0.191897707991302,1.8874998204410076e-05,8.29590717330575e-05,0.0842260830104351,0.2662080409936607,0.4510302919661626
943,random_0940,random_cycle_chord,20260823,crossing_rich,6,200,6,10,15,5.624085726649491,True,True,,perf/incremental-yamada-frontier-order,1d8374f42cccbb16d78d44100a65ca603d7d1997,3.14.7,macOS-26.6.2-arm64-arm-64bit-Mach-O,arm,0.04570654104463756,0.1490582920378074,0.058805166045203805,0.011209791991859674,0.012644584057852626,0.024951750063337386,4.4375075958669186e-05,0.012981874984689057,0.013956665992736816,0.0017337920144200325,0.05366845813114196,0.1363676250912249,0.00022312498185783625,0.20339608401991427,0.03562920808326453,0.2390252921031788,2.845795825123787e-05,0.0001823339844122529,0.17199683317448944,0.3667616662569344,0.5752753749256954
944,random_0941,random_cycle_chord,20260823,crossing_rich,2,200,4,8,11,6.58384862963568,True,True,,perf/incremental-yamada-frontier-order,1d8374f42cccbb16d78d44100a65ca603d7d1997,3.14.7,macOS-26.6.2-arm64-arm-64bit-Mach-O,arm,0.03943024994805455,0.14818799996282905,0.05359475000295788,0.008205624995753169,0.008562666014768183,0.0169533749576658,3.0374969355762005e-05,0.008748583029955626,0.009261750034056604,0.0010154580231755972,0.03600954101420939,0.10640004102606326,6.883300375193357e-05,0.1446556670125574,0.018529584049247205,0.1631852510618046,1.9208993762731552e-05,0.0001177079975605011,0.12492962507531047,0.3125478749861941,0.4614687090506777
945,random_0942,random_cycle_chord,20260823,crossing_rich,5,200,6,13,18,4.043211395687693,True,True,,perf/incremental-yamada-frontier-order,1d8374f42cccbb16d78d44100a65ca603d7d1997,3.14.7,macOS-26.6.2-arm64-arm-64bit-Mach-O,arm,0.044341917033307254,0.1481290420051664,0.045068625011481345,0.0141216249903664,0.013580207945778966,0.026856415905058384,5.162495654076338e-05,0.013937583076767623,0.014558374998159707,0.0015127919614315033,0.05691679089795798,0.12972912506666034,0.00011012505274266005,0.23976933408994228,0.028623040998354554,0.26839237508829683,2.733408473432064e-05,0.0001603750279173255,0.1583521660650149,0.35082312510348856,0.5952180000022054
946,random_0943,random_cycle_chord,20260823,crossing_rich,2,200,4,8,11,6.358802593641389,True,True,,perf/incremental-yamada-frontier-order,1d8374f42cccbb16d78d44100a65ca603d7d1997,3.14.7,macOS-26.6.2-arm64-arm-64bit-Mach-O,arm,0.03742791700642556,0.14832783304154873,0.05272912501823157,0.008310207980684936,0.008878458989784122,0.017490124912001193,2.854189369827509e-05,0.009053000016137958,0.0094833750044927,0.0009245419641956687,0.036979583790525794,0.10692395793739706,6.724998820573092e-05,0.1425171250011772,0.01582937501370907,0.15834650001488626,1.8915976397693157e-05,0.00010299996938556433,0.12275333295110613,0.3085090829990804,0.4552985839545727
947,random_0944,random_cycle_chord,20260823,crossing_rich,4,200,5,11,15,5.230165552632039,True,True,,perf/incremental-yamada-frontier-order,1d8374f42cccbb16d78d44100a65ca603d7d1997,3.14.7,macOS-26.6.2-arm64-arm-64bit-Mach-O,arm,0.04326008399948478,0.14840924995951355,0.0483440839452669,0.010193000081926584,0.011589459027163684,0.02286770800128579,4.8749963752925396e-05,0.01175812492147088,0.012372249970212579,0.0012660420034080744,0.04831287486013025,0.11847816698718816,9.174994193017483e-05,0.1995350830256939,0.02450083300936967,0.22403591603506356,2.3791915737092495e-05,0.00013433396816253662,0.14297899999655783,0.33464833395555615,0.5388431660830975
948,random_0945,random_cycle_chord,20260823,baseline,0,200,3,10,12,4.626960310421676,True,True,,perf/incremental-yamada-frontier-order,1d8374f42cccbb16d78d44100a65ca603d7d1997,3.14.7,macOS-26.6.2-arm64-arm-64bit-Mach-O,arm,0.031230124994181097,0.14774591592140496,0.021350499941036105,0.006583375041373074,0.0066009999718517065,0.012900708010420203,2.174999099224806e-05,0.006721584009937942,0.0069044590927660465,0.0005623749457299709,0.02711087604984641,0.061664790962822735,6.079196464270353e-05,0.15332645899616182,0.008649416966363788,0.1619758759625256,1.3874960131943226e-05,6.691692396998405e-05,0.07031420792918652,0.24929024884477258,0.4067397090839222
949,random_0946,random_cycle_chord,20260823,baseline,0,200,3,11,13,4.08121490877277,True,True,,perf/incremental-yamada-frontier-order,1d8374f42cccbb16d78d44100a65ca603d7d1997,3.14.7,macOS-26.6.2-arm64-arm-64bit-Mach-O,arm,0.03198504098691046,0.1474283749703318,0.019182167015969753,0.006682291976176202,0.00680804206058383,0.013414582936093211,2.1915999241173267e-05,0.006985999993048608,0.007067458005622029,0.0005131250945851207,0.028003082028590143,0.060694624902680516,6.520806346088648e-05,0.16733187506906688,0.008230042061768472,0.17556191713083535,1.3750046491622925e-05,6.183399818837643e-05,0.06892466696444899,0.24833808292169124,0.41979437496047467
950,random_0947,random_cycle_chord,20260823,baseline,0,200,3,11,13,5.225216712218246,True,True,,perf/incremental-yamada-frontier-order,1d8374f42cccbb16d78d44100a65ca603d7d1997,3.14.7,macOS-26.6.2-arm64-arm-64bit-Mach-O,arm,0.037537791999056935,0.14767254097387195,0.02448424999602139,0.006460791919380426,0.006651457981206477,0.013076708070002496,2.174999099224806e-05,0.006794417044147849,0.006970042013563216,0.0005332090659067035,0.027396126184612513,0.06501158396713436,6.450002547353506e-05,0.16633983294013888,0.0083423329051584,0.17468216584529728,1.3791956007480621e-05,6.470794323831797e-05,0.07335391687229276,0.25856424984522164,0.4290373340481892
951,random_0948,random_cycle_chord,20260823,baseline,0,200,3,8,10,6.147447151077844,True,True,,perf/incremental-yamada-frontier-order,1d8374f42cccbb16d78d44100a65ca603d7d1997,3.14.7,macOS-26.6.2-arm64-arm-64bit-Mach-O,arm,0.03271216596476734,0.14801545906811953,0.03212254191748798,0.006463375058956444,0.006690584006719291,0.01322079193778336,2.1875021047890186e-05,0.006846708944067359,0.007071124971844256,0.0005756668979302049,0.02773616777267307,0.0730322499293834,5.5875047110021114e-05,0.1281374170212075,0.00910316698718816,0.13724058400839567,1.466704998165369e-05,6.866699550300837e-05,0.08213541691657156,0.2628630419494584,0.39511145802680403
952,random_0949,random_cycle_chord,20260823,baseline,0,200,3,11,13,4.098454508062255,True,True,,perf/incremental-yamada-frontier-order,1d8374f42cccbb16d78d44100a65ca603d7d1997,3.14.7,macOS-26.6.2-arm64-arm-64bit-Mach-O,arm,0.031910000019706786,0.1476214579306543,0.01678591698873788,0.0065839579328894615,0.006631667027249932,0.013022625003941357,2.1292013116180897e-05,0.0067634579027071595,0.006977417040616274,0.0005770419957116246,0.027361833956092596,0.057382832979783416,6.41669612377882e-05,0.16676154092419893,0.008783624973148108,0.17554516589734703,1.3833981938660145e-05,6.591703277081251e-05,0.06616645795293152,0.2456979159032926,0.4165923330001533
953,random_0950,random_cycle_chord,20260823,baseline,0,200,3,12,14,4.874386149366368,True,True,,perf/incremental-yamada-frontier-order,1d8374f42cccbb16d78d44100a65ca603d7d1997,3.14.7,macOS-26.6.2-arm64-arm-64bit-Mach-O,arm,0.037092290935106575,0.14781012490857393,0.0260789169697091,0.006896750070154667,0.007134165964089334,0.014079167041927576,2.1417043171823025e-05,0.0073269999120384455,0.0075171670177951455,0.0005994579987600446,0.029544209013693035,0.06967270909808576,6.849993951618671e-05,0.18115020799450576,0.009447499993257225,0.190597707987763,1.391698606312275e-05,7.254094816744328e-05,0.07912020909134299,0.2640226249350235,0.4493037500651553
954,random_0951,random_cycle_chord,20260823,baseline,0,200,3,9,11,5.33346041994919,True,True,,perf/incremental-yamada-frontier-order,1d8374f42cccbb16d78d44100a65ca603d7d1997,3.14.7,macOS-26.6.2-arm64-arm-64bit-Mach-O,arm,0.032784500042907894,0.1479196670698002,0.025927582988515496,0.006488124956376851,0.006480292067863047,0.012749666930176318,2.2082938812673092e-05,0.00662387500051409,0.006809792015701532,0.0005635409615933895,0.026768957846798003,0.06568504206370562,6.0041085816919804e-05,0.14199841592926532,0.009133041021414101,0.15113145695067942,1.466704998165369e-05,6.841705180704594e-05,0.07481808308511972,0.2555222501978278,0.40166929201222956
955,random_0952,random_cycle_chord,20260823,baseline,0,200,4,11,14,4.064612470386346,True,True,,perf/incremental-yamada-frontier-order,1d8374f42cccbb16d78d44100a65ca603d7d1997,3.14.7,macOS-26.6.2-arm64-arm-64bit-Mach-O,arm,0.034220334026031196,0.14767095900606364,0.02099758293479681,0.0075330829713493586,0.007773292018100619,0.015278832986950874,2.8999987989664078e-05,0.007924665929749608,0.008150917012244463,0.0007283750455826521,0.03211179096251726,0.06844279100187123,7.274991367012262e-05,0.1793110000435263,0.011322874925099313,0.1906338749686256,1.8083956092596054e-05,8.020794484764338e-05,0.07976566592697054,0.2616569589590654,0.4452344999881461
956,random_0953,random_cycle_chord,20260823,crossing_rich,2,200,4,9,12,5.894756977596784,True,True,,perf/incremental-yamada-frontier-order,1d8374f42cccbb16d78d44100a65ca603d7d1997,3.14.7,macOS-26.6.2-arm64-arm-64bit-Mach-O,arm,0.03741674998309463,0.1483666249550879,0.04938749992288649,0.008590208948589861,0.009005167055875063,0.01773829199373722,3.1374976970255375e-05,0.009161582915112376,0.009600125020369887,0.0009872079826891422,0.03751858288887888,0.10452937497757375,7.079204078763723e-05,0.157458542031236,0.017823167028836906,0.1752817090600729,1.9916915334761143e-05,0.00011475000064820051,0.12235254200641066,0.3081359169445932,0.46988283400423825
957,random_0954,random_cycle_chord,20260823,crossing_rich,3,200,5,12,16,4.080524266646304,True,True,,perf/incremental-yamada-frontier-order,1d8374f42cccbb16d78d44100a65ca603d7d1997,3.14.7,macOS-26.6.2-arm64-arm-64bit-Mach-O,arm,0.03925170795992017,0.14824804104864597,0.03818649996537715,0.009615040966309607,0.010593082988634706,0.02090841601602733,3.724999260157347e-05,0.01085929200053215,0.011462250025942922,0.001198458019644022,0.044465666054748,0.10289354203268886,8.845899719744921e-05,0.21030975005123764,0.02175137505400926,0.2320611251052469,2.3541972041130066e-05,0.00012758304364979267,0.12464491708669811,0.31214466609526426,0.5269186249934137
958,random_0955,random_cycle_chord,20260823,crossing_rich,5,200,6,12,17,4.011972813049039,True,True,,perf/incremental-yamada-frontier-order,1d8374f42cccbb16d78d44100a65ca603d7d1997,3.14.7,macOS-26.6.2-arm64-arm-64bit-Mach-O,arm,0.04185387503821403,0.14835162495728582,0.0490891250083223,0.011172041995450854,0.012745749903842807,0.024873208021745086,4.5375083573162556e-05,0.012934708036482334,0.013765082927420735,0.001586124999448657,0.053204499068669975,0.12625175004359335,9.954196866601706e-05,0.22867479198612273,0.03132545808330178,0.2600002500694245,2.8374954126775265e-05,0.00016549997963011265,0.15757720812689513,0.347782708122395,0.5810267499182373
959,random_0956,random_cycle_chord,20260823,baseline,0,200,4,15,18,4.04777508153987,True,True,,perf/incremental-yamada-frontier-order,1d8374f42cccbb16d78d44100a65ca603d7d1997,3.14.7,macOS-26.6.2-arm64-arm-64bit-Mach-O,arm,0.044136458076536655,0.14777437504380941,0.01853079197462648,0.007599042030051351,0.008067750022746623,0.01596070791129023,2.9082992114126682e-05,0.008247666992247105,0.008472291985526681,0.0007146670250222087,0.03342441690620035,0.06764912500511855,8.479203097522259e-05,0.2297155000269413,0.010794042027555406,0.2405095420544967,1.7708982340991497e-05,8.175009861588478e-05,0.07844316703267395,0.27035400015302,0.5043852919479832
960,random_0957,random_cycle_chord,20260823,baseline,0,200,3,10,12,4.648328107812392,True,True,,perf/incremental-yamada-frontier-order,1d8374f42cccbb16d78d44100a65ca603d7d1997,3.14.7,macOS-26.6.2-arm64-arm-64bit-Mach-O,arm,0.03174516698345542,0.15847366605885327,0.021061957930214703,0.0070426249876618385,0.007112624938599765,0.013990832958370447,2.2000051103532314e-05,0.007280374993570149,0.007453082944266498,0.0005577090196311474,0.029303999966941774,0.06453958398196846,6.474996916949749e-05,0.14505095896311104,0.008584875031374395,0.15363583399448544,1.6333069652318954e-05,7.095804903656244e-05,0.07312445901334286,0.26334329205565155,0.41260899999178946
961,random_0958,random_cycle_chord,20260823,baseline,0,200,3,12,14,4.878206144126664,True,True,,perf/incremental-yamada-frontier-order,1d8374f42cccbb16d78d44100a65ca603d7d1997,3.14.7,macOS-26.6.2-arm64-arm-64bit-Mach-O,arm,0.03752466710284352,0.14820220903493464,0.02141066698823124,0.00640650000423193,0.006537624984048307,0.01291412499267608,2.287491224706173e-05,0.006666749948635697,0.006839834037236869,0.0005516670644283295,0.026995250955224037,0.06137037498410791,7.683294825255871e-05,0.17955958296079189,0.008458541939035058,0.18801812489982694,1.4082994312047958e-05,6.75420742481947e-05,0.06982891692314297,0.25555579306092113,0.4392580420244485
962,random_0959,random_cycle_chord,20260823,crossing_rich,5,200,5,8,12,4.217082338985993,True,True,,perf/incremental-yamada-frontier-order,1d8374f42cccbb16d78d44100a65ca603d7d1997,3.14.7,macOS-26.6.2-arm64-arm-64bit-Mach-O,arm,0.03049291600473225,0.14824570796918124,0.042975249933078885,0.010740458033978939,0.01250679197255522,0.024840208003297448,3.6665936931967735e-05,0.012791624991223216,0.013522249995730817,0.0013708750484511256,0.052561623975634575,0.11882179195526987,0.00026233401149511337,0.2671754580223933,0.027423999970778823,0.2945994579931721,2.3792032152414322e-05,0.00014629203360527754,0.1462457919260487,0.3249844158999622,0.5966777909779921
963,random_0960,random_cycle_chord,20260823,crossing_rich,5,200,6,10,15,5.41037002365733,True,True,,perf/incremental-yamada-frontier-order,1d8374f42cccbb16d78d44100a65ca603d7d1997,3.14.7,macOS-26.6.2-arm64-arm-64bit-Mach-O,arm,0.04423962498549372,0.1490014169830829,0.05569920898415148,0.010870459023863077,0.012097999919205904,0.02396275009959936,4.341697786003351e-05,0.012405875022523105,0.01323108293581754,0.0015859579434618354,0.051229082979261875,0.1299366670427844,0.00024574995040893555,0.27850237500388175,0.02978887502104044,0.3082912500249222,2.820801455527544e-05,0.00016362499445676804,0.15972554206382483,0.35296658403240144,0.6358717500697821
964,random_0961,random_cycle_chord,20260823,baseline,0,200,4,11,14,4.033206579652587,True,True,,perf/incremental-yamada-frontier-order,1d8374f42cccbb16d78d44100a65ca603d7d1997,3.14.7,macOS-26.6.2-arm64-arm-64bit-Mach-O,arm,0.034253249992616475,0.14807112503331155,0.019044458982534707,0.007755125057883561,0.008294999948702753,0.016380082932300866,2.8709066100418568e-05,0.008492041961289942,0.008732334012165666,0.0007279170677065849,0.03436108503956348,0.06948133301921189,7.25829740986228e-05,0.18030204204842448,0.010859500034712255,0.19116154208313674,1.8332968465983868e-05,8.249992970377207e-05,0.08034083305392414,0.26266520807985216,0.4472290410194546
965,random_0962,random_cycle_chord,20260823,baseline,0,200,3,9,11,5.36277771753493,True,True,,perf/incremental-yamada-frontier-order,1d8374f42cccbb16d78d44100a65ca603d7d1997,3.14.7,macOS-26.6.2-arm64-arm-64bit-Mach-O,arm,0.03222808300051838,0.1479113750392571,0.024150957935489714,0.006595082930289209,0.006818957976065576,0.013418709044344723,2.1083978936076164e-05,0.00698783400002867,0.007103582960553467,0.0005270409164950252,0.02805825090035796,0.06564158399123698,5.9208949096500874e-05,0.1405832499731332,0.008175250026397407,0.1487584999995306,1.366704236716032e-05,6.479199510067701e-05,0.07381683401763439,0.2539562920574099,0.3986527919769287
966,random_0963,random_cycle_chord,20260823,baseline,0,200,3,8,10,6.189238464994074,True,True,,perf/incremental-yamada-frontier-order,1d8374f42cccbb16d78d44100a65ca603d7d1997,3.14.7,macOS-26.6.2-arm64-arm-64bit-Mach-O,arm,0.03288520802743733,0.14799424994271249,0.031371916993521154,0.006578500033356249,0.006684958003461361,0.013246332993730903,2.1832995116710663e-05,0.006859667017124593,0.007037834031507373,0.0005461669061332941,0.027711833943612874,0.07236583298072219,5.787494592368603e-05,0.1278130830032751,0.008519707946106791,0.1363327909493819,1.3749930076301098e-05,6.566697265952826e-05,0.08088554092682898,0.2617649988969788,0.3936991250375286
967,random_0964,random_cycle_chord,20260823,crossing_rich,5,200,5,8,12,4.217836618203907,True,True,,perf/incremental-yamada-frontier-order,1d8374f42cccbb16d78d44100a65ca603d7d1997,3.14.7,macOS-26.6.2-arm64-arm-64bit-Mach-O,arm,0.031007916084490716,0.14828112488612533,0.0413535829866305,0.010712665971368551,0.01254200004041195,0.02463195798918605,3.945804201066494e-05,0.012748959008604288,0.013408416998572648,0.0013182079419493675,0.05214699998032302,0.11679179093334824,0.00025704107247292995,0.2653455419931561,0.026428874931298196,0.29177441692445427,2.4125096388161182e-05,0.00013937498442828655,0.14322066586464643,0.3225097068352625,0.5924235420534387
968,random_0965,random_cycle_chord,20260823,baseline,0,200,3,9,11,5.365318344500805,True,True,,perf/incremental-yamada-frontier-order,1d8374f42cccbb16d78d44100a65ca603d7d1997,3.14.7,macOS-26.6.2-arm64-arm-64bit-Mach-O,arm,0.03188520797993988,0.14752470806706697,0.02694283297751099,0.006758958916179836,0.007066791993565857,0.013928915956057608,2.120796125382185e-05,0.007223375025205314,0.007351459003984928,0.0005356670590117574,0.02906062500551343,0.06984891695901752,5.8041070587933064e-05,0.14121600007638335,0.00865562492981553,0.14987162500619888,1.4166929759085178e-05,6.474996916949749e-05,0.07850454188883305,0.2579144579358399,0.40324349992442876
969,random_0966,random_cycle_chord,20260823,baseline,0,200,3,8,10,6.145343777406864,True,True,,perf/incremental-yamada-frontier-order,1d8374f42cccbb16d78d44100a65ca603d7d1997,3.14.7,macOS-26.6.2-arm64-arm-64bit-Mach-O,arm,0.03313283307943493,0.14797691605053842,0.032089333049952984,0.006649582996033132,0.00667904200963676,0.01318441703915596,2.095801755785942e-05,0.006826083059422672,0.007016624906100333,0.0005536250537261367,0.02760170807596296,0.07303862494882196,5.691696424037218e-05,0.1280608749948442,0.008575042011216283,0.13663591700606048,1.3582990504801273e-05,6.712495815008879e-05,0.08161366696003824,0.2627234160900116,0.394903166918084
970,random_0967,random_cycle_chord,20260823,crossing_rich,6,200,6,11,16,5.223519408482913,True,True,,perf/incremental-yamada-frontier-order,1d8374f42cccbb16d78d44100a65ca603d7d1997,3.14.7,macOS-26.6.2-arm64-arm-64bit-Mach-O,arm,0.04619833396282047,0.1490431249840185,0.05463779089041054,0.0134498750558123,0.013622583937831223,0.026951125008054078,4.475004971027374e-05,0.01394795801024884,0.01473287504632026,0.0015912919770926237,0.057268000091426075,0.13901854096911848,9.091699030250311e-05,0.21360008302144706,0.031268542050383985,0.24486862507183105,2.8416980057954788e-05,0.0001676660031080246,0.17028708301950246,0.36552854196634144,0.5838226660853252
971,random_0968,random_cycle_chord,20260823,crossing_rich,6,200,6,10,15,5.624216764104433,True,True,,perf/incremental-yamada-frontier-order,1d8374f42cccbb16d78d44100a65ca603d7d1997,3.14.7,macOS-26.6.2-arm64-arm-64bit-Mach-O,arm,0.04707862506620586,0.14911100000608712,0.05725937499664724,0.011390541098080575,0.012927584000863135,0.025470332941040397,4.4082989916205406e-05,0.013253125012852252,0.01410812500398606,0.001680209068581462,0.054555875016376376,0.13617325003724545,0.00021500000730156898,0.20138841692823917,0.033660750021226704,0.23504916694946587,2.8582988306879997e-05,0.0001752080861479044,0.16983400005847216,0.36602362513076514,0.572499124915339
972,random_0969,random_cycle_chord,20260823,baseline,0,200,3,8,10,6.137319064697047,True,True,,perf/incremental-yamada-frontier-order,1d8374f42cccbb16d78d44100a65ca603d7d1997,3.14.7,macOS-26.6.2-arm64-arm-64bit-Mach-O,arm,0.03277500008698553,0.14787333400454372,0.034125791979022324,0.0066351250279694796,0.006662915926426649,0.013128207996487617,2.1042069420218468e-05,0.006811542087234557,0.0070151250110939145,0.0005582920275628567,0.027534209191799164,0.07497762504499406,5.76250022277236e-05,0.12809158291202039,0.009093499975278974,0.13718508288729936,1.3999990187585354e-05,6.912508979439735e-05,0.08407112502027303,0.2647194591118023,0.39693479205016047
973,random_0970,random_cycle_chord,20260823,baseline,0,200,3,10,12,4.651778217430268,True,True,,perf/incremental-yamada-frontier-order,1d8374f42cccbb16d78d44100a65ca603d7d1997,3.14.7,macOS-26.6.2-arm64-arm-64bit-Mach-O,arm,0.03117595799267292,0.1479527079500258,0.02420816698577255,0.006512542022392154,0.006585250026546419,0.012924584094434977,2.0999927073717117e-05,0.006711292080581188,0.006878791027702391,0.0005241249455139041,0.027059792075306177,0.06438458396587521,6.074993871152401e-05,0.14305233303457499,0.008387958048842847,0.15144029108341783,1.366704236716032e-05,6.429105997085571e-05,0.07277254201471806,0.2519012079574168,0.3990836660377681
974,random_0971,random_cycle_chord,20260823,baseline,0,200,3,11,13,5.225534795328311,True,True,,perf/incremental-yamada-frontier-order,1d8374f42cccbb16d78d44100a65ca603d7d1997,3.14.7,macOS-26.6.2-arm64-arm-64bit-Mach-O,arm,0.03677083400543779,0.14770341711118817,0.023525333032011986,0.006399709032848477,0.006608749972656369,0.013020750018768013,2.2124964743852615e-05,0.006791292107664049,0.006909874966368079,0.0005037919618189335,0.027247834019362926,0.06380070804152638,6.691692396998405e-05,0.16752541693858802,0.007930916966870427,0.17545633390545845,1.3583921827375889e-05,6.295903585851192e-05,0.0717316250083968,0.25620587612502277,0.4278597088996321
975,random_0972,random_cycle_chord,20260823,crossing_rich,4,200,5,8,12,6.602037744092759,True,True,,perf/incremental-yamada-frontier-order,1d8374f42cccbb16d78d44100a65ca603d7d1997,3.14.7,macOS-26.6.2-arm64-arm-64bit-Mach-O,arm,0.042930416064336896,0.14897183305583894,0.06925145792774856,0.00965237501077354,0.010637249913997948,0.02101766597479582,3.6958022974431515e-05,0.010908166994340718,0.011757959029637277,0.001495625008828938,0.04521637503057718,0.13479050004389137,0.0001527080312371254,0.1608791669132188,0.028970833052881062,0.18984999996609986,2.408307045698166e-05,0.00016549997963011265,0.16376133309677243,0.35566358221694827,0.5211251670261845
976,random_0973,random_cycle_chord,20260823,baseline,0,200,4,11,14,4.0620977493158765,True,True,,perf/incremental-yamada-frontier-order,1d8374f42cccbb16d78d44100a65ca603d7d1997,3.14.7,macOS-26.6.2-arm64-arm-64bit-Mach-O,arm,0.03400033398065716,0.1473234579898417,0.020626791985705495,0.007658208953216672,0.008274625055491924,0.01631537510547787,2.862501423805952e-05,0.008474207948893309,0.008642542059533298,0.0007046250393614173,0.03416537516750395,0.07075208297464997,7.604202255606651e-05,0.18101399997249246,0.010654999990947545,0.19166899996344,1.7874990589916706e-05,7.870804984122515e-05,0.08140708296559751,0.26273087493609637,0.4479919170262292
977,random_0974,random_cycle_chord,20260823,crossing_rich,5,200,5,8,12,4.102002399991709,True,True,,perf/incremental-yamada-frontier-order,1d8374f42cccbb16d78d44100a65ca603d7d1997,3.14.7,macOS-26.6.2-arm64-arm-64bit-Mach-O,arm,0.03008762502577156,0.1479336250340566,0.0388843750115484,0.010719000012613833,0.012584208976477385,0.024848207947798073,3.7207966670393944e-05,0.012863124953582883,0.013429708080366254,0.0012822499265894294,0.05246049887500703,0.11468137498013675,0.0001736249541863799,0.16261749994009733,0.02743437490426004,0.19005187484435737,2.3209024220705032e-05,0.00013787508942186832,0.1421157498843968,0.32013699994422495,0.487473624991253
978,random_0975,random_cycle_chord,20260823,crossing_rich,5,200,5,8,12,4.217928645643835,True,True,,perf/incremental-yamada-frontier-order,1d8374f42cccbb16d78d44100a65ca603d7d1997,3.14.7,macOS-26.6.2-arm64-arm-64bit-Mach-O,arm,0.030656957998871803,0.14835004205815494,0.042518375092186034,0.01068483293056488,0.01235329092014581,0.024569250061176717,3.75829404219985e-05,0.012690250063315034,0.013316207914613187,0.001349083031527698,0.051962374011054635,0.11755208298563957,0.00016466702800244093,0.26601462496910244,0.02802224992774427,0.2940368748968467,2.458400558680296e-05,0.00014641694724559784,0.14557433291338384,0.3245813329704106,0.5949924578890204
979,random_0976,random_cycle_chord,20260823,baseline,0,200,3,8,10,6.160833126040107,True,True,,perf/incremental-yamada-frontier-order,1d8374f42cccbb16d78d44100a65ca603d7d1997,3.14.7,macOS-26.6.2-arm64-arm-64bit-Mach-O,arm,0.03277549997437745,0.1479611670365557,0.033826874918304384,0.0066007080022245646,0.006633499986492097,0.013158791000023484,2.26249685510993e-05,0.006789250066503882,0.006985583109781146,0.0005615419941022992,0.02751779113896191,0.07459770794957876,5.904096178710461e-05,0.12897608405910432,0.009266332956030965,0.1382424170151353,1.3832934200763702e-05,7.041695062071085e-05,0.08386404090560973,0.2646007079165429,0.39769645803608
980,random_0977,random_cycle_chord,20260823,crossing_rich,3,200,4,8,11,4.191360624564382,True,True,,perf/incremental-yamada-frontier-order,1d8374f42cccbb16d78d44100a65ca603d7d1997,3.14.7,macOS-26.6.2-arm64-arm-64bit-Mach-O,arm,0.027987458975985646,0.15973066701553762,0.037142957909964025,0.009558417019434273,0.010107374982908368,0.019904250046238303,3.175006713718176e-05,0.010354792000725865,0.01087833393830806,0.0010319170542061329,0.04220104310661554,0.0990372090600431,7.858301978558302e-05,0.14501570898573846,0.019052374991588295,0.16406808397732675,2.0792009308934212e-05,0.00011945795267820358,0.11808958405163139,0.30580771004315466,0.4551635830430314
981,random_0978,random_cycle_chord,20260823,crossing_rich,5,200,5,8,12,4.262851771899421,True,True,,perf/incremental-yamada-frontier-order,1d8374f42cccbb16d78d44100a65ca603d7d1997,3.14.7,macOS-26.6.2-arm64-arm-64bit-Mach-O,arm,0.03133024997077882,0.14858545793686062,0.039666666998527944,0.01071483304258436,0.01238208299037069,0.024551667040213943,3.858294803649187e-05,0.012641750043258071,0.013395124929957092,0.001373667037114501,0.0520007919985801,0.11479712498839945,0.00016295898240059614,0.1607365420786664,0.027419707970693707,0.1881562500493601,2.3167114704847336e-05,0.00015175004955381155,0.14221683295909315,0.3221325408667326,0.4874219170305878
982,random_0979,random_cycle_chord,20260823,baseline,0,200,3,9,11,5.358341650239276,True,True,,perf/incremental-yamada-frontier-order,1d8374f42cccbb16d78d44100a65ca603d7d1997,3.14.7,macOS-26.6.2-arm64-arm-64bit-Mach-O,arm,0.03197233402170241,0.14744329103268683,0.02714987494982779,0.0065156250493600965,0.006724416045472026,0.013293417054228485,2.2333930246531963e-05,0.0065225420985370874,0.006670499918982387,0.0005494169890880585,0.02705820999108255,0.06747079198248684,6.054097320884466e-05,0.14201687509194016,0.008686000015586615,0.15070287510752678,1.3750046491622925e-05,6.60410150885582e-05,0.07615679199807346,0.2555724170524627,0.40171300002839416
983,random_0980,random_cycle_chord,20260823,crossing_rich,5,200,5,8,12,4.202150975238837,True,True,,perf/incremental-yamada-frontier-order,1d8374f42cccbb16d78d44100a65ca603d7d1997,3.14.7,macOS-26.6.2-arm64-arm-64bit-Mach-O,arm,0.030590874957852066,0.14828045899048448,0.03745662490837276,0.01068787497933954,0.012366167036816478,0.02444333303719759,3.987504169344902e-05,0.012650416931137443,0.013314791955053806,0.0013212079647928476,0.051769624929875135,0.11231237498577684,0.00025824992917478085,0.26579695800319314,0.026746332994662225,0.29254329099785537,2.445909194648266e-05,0.0001414580037817359,0.13905870798043907,0.3179300419287756,0.5880592910107225
984,random_0981,random_cycle_chord,20260823,baseline,0,200,3,10,12,4.626858497087878,True,True,,perf/incremental-yamada-frontier-order,1d8374f42cccbb16d78d44100a65ca603d7d1997,3.14.7,macOS-26.6.2-arm64-arm-64bit-Mach-O,arm,0.03075104102026671,0.1474949170369655,0.021459875046275556,0.006733125075697899,0.006987291038967669,0.013737374916672707,2.0583043806254864e-05,0.007114999927580357,0.007322999997995794,0.0005503749707713723,0.028746332856826484,0.06394533405546099,6.191595457494259e-05,0.15437075006775558,0.008745083934627473,0.16311583400238305,1.3708020560443401e-05,6.854196544736624e-05,0.07269041799008846,0.25093637604732066,0.4094310839427635
985,random_0982,random_cycle_chord,20260823,baseline,0,200,3,10,12,4.680856750839384,True,True,,perf/incremental-yamada-frontier-order,1d8374f42cccbb16d78d44100a65ca603d7d1997,3.14.7,macOS-26.6.2-arm64-arm-64bit-Mach-O,arm,0.0314566669985652,0.1478965829592198,0.020723541965708137,0.006610458018258214,0.006586625007912517,0.012949707917869091,2.1875021047890186e-05,0.006731208995915949,0.00693416700232774,0.0005646250210702419,0.027201583958230913,0.06114212505053729,6.220792420208454e-05,0.1526346659520641,0.008955833036452532,0.16159049898851663,1.3583921827375889e-05,6.508291698992252e-05,0.07009795808698982,0.24945120804477483,0.40621545806061476
986,random_0983,random_cycle_chord,20260823,crossing_rich,5,200,5,8,12,4.242412028175904,True,True,,perf/incremental-yamada-frontier-order,1d8374f42cccbb16d78d44100a65ca603d7d1997,3.14.7,macOS-26.6.2-arm64-arm-64bit-Mach-O,arm,0.030945459031499922,0.14902883395552635,0.03920970798935741,0.01066595793236047,0.012448042049072683,0.024529541959054768,3.62499849870801e-05,0.01270420802757144,0.013360667042434216,0.0013450830010697246,0.05197575001511723,0.11433204193599522,0.00015829200856387615,0.2647434170357883,0.025407167035155,0.2901505840709433,2.3957923986017704e-05,0.00014349992852658033,0.13973920897115022,0.3197135019581765,0.5887355000013486
987,random_0984,random_cycle_chord,20260823,crossing_rich,2,200,4,11,14,5.070794775838429,True,True,,perf/incremental-yamada-frontier-order,1d8374f42cccbb16d78d44100a65ca603d7d1997,3.14.7,macOS-26.6.2-arm64-arm-64bit-Mach-O,arm,0.03883679199498147,0.1477090410189703,0.03979537496343255,0.008630750002339482,0.009316917043179274,0.01831833296455443,3.9041973650455475e-05,0.009469834039919078,0.009782874956727028,0.0009027909254655242,0.038512874860316515,0.09628745901864022,7.399998139590025e-05,0.18444808293133974,0.015367958112619817,0.19981604104395956,1.825008075684309e-05,9.979202877730131e-05,0.11165541713126004,0.2982012501452118,0.4869170000310987
988,random_0985,random_cycle_chord,20260823,baseline,0,200,3,11,13,4.095671743191154,True,True,,perf/incremental-yamada-frontier-order,1d8374f42cccbb16d78d44100a65ca603d7d1997,3.14.7,macOS-26.6.2-arm64-arm-64bit-Mach-O,arm,0.03197437501512468,0.1472831660648808,0.021161457989364862,0.006659666891209781,0.006770125008188188,0.01336116692982614,2.1458021365106106e-05,0.006956250057555735,0.007089207996614277,0.0005371670704334974,0.027965250075794756,0.06257545796688646,6.42499653622508e-05,0.1674620829289779,0.008644958026707172,0.17610704095568508,1.3582990504801273e-05,6.512505933642387e-05,0.07122041599359363,0.2504779570735991,0.4220627920003608
989,random_0986,random_cycle_chord,20260823,baseline,0,200,3,8,10,6.133493302235253,True,True,,perf/incremental-yamada-frontier-order,1d8374f42cccbb16d78d44100a65ca603d7d1997,3.14.7,macOS-26.6.2-arm64-arm-64bit-Mach-O,arm,0.03242525004316121,0.14821729098912328,0.030761291040107608,0.006435624905861914,0.006722083082422614,0.01326195802539587,2.1582935005426407e-05,0.0068602500250563025,0.007093333057127893,0.0005700410110875964,0.02780716505367309,0.07174529193434864,5.5750017054378986e-05,0.12872608308680356,0.008987542008981109,0.13771362509578466,1.3791024684906006e-05,6.812508217990398e-05,0.08073283394332975,0.26137537497561425,0.39425716700498015
990,random_0987,random_cycle_chord,20260823,crossing_rich,5,200,5,9,13,4.332972588404334,True,True,,perf/incremental-yamada-frontier-order,1d8374f42cccbb16d78d44100a65ca603d7d1997,3.14.7,macOS-26.6.2-arm64-arm-64bit-Mach-O,arm,0.03346125001553446,0.14780045801308006,0.04315370903350413,0.01054970792029053,0.012102458975277841,0.02401349996216595,3.7041958421468735e-05,0.01233858393970877,0.013140834053047001,0.0014020419912412763,0.05093200190458447,0.1167712080059573,7.837498560547829e-05,0.17740229202900082,0.028804417001083493,0.2062067090300843,2.3667002096772194e-05,0.0001514999894425273,0.1455756250070408,0.3268373330356553,0.508745540981181
991,random_0988,random_cycle_chord,20260823,baseline,0,200,3,10,12,4.655536722036525,True,True,,perf/incremental-yamada-frontier-order,1d8374f42cccbb16d78d44100a65ca603d7d1997,3.14.7,macOS-26.6.2-arm64-arm-64bit-Mach-O,arm,0.03141716693062335,0.14822954102419317,0.022262249956838787,0.006665042019449174,0.006584167014807463,0.013044040999375284,2.1582935005426407e-05,0.006740540964528918,0.00697229104116559,0.0005489579634740949,0.027327413903549314,0.06285720795858651,6.041605956852436e-05,0.15401233301963657,0.008531957981176674,0.16254429100081325,1.4708959497511387e-05,6.854196544736624e-05,0.07138916593976319,0.2510358738945797,0.4092073750216514
992,random_0989,random_cycle_chord,20260823,crossing_rich,5,200,5,9,13,4.22271289295485,True,True,,perf/incremental-yamada-frontier-order,1d8374f42cccbb16d78d44100a65ca603d7d1997,3.14.7,macOS-26.6.2-arm64-arm-64bit-Mach-O,arm,0.03288299997802824,0.14815133390948176,0.042880082968622446,0.01048637495841831,0.012140042032115161,0.02410479204263538,4.10410575568676e-05,0.012482625083066523,0.013236625003628433,0.0014637080021202564,0.05132879118900746,0.11687037500087172,7.90830235928297e-05,0.17555441695731133,0.028025625040754676,0.203580041998066,2.4082954041659832e-05,0.00015020801220089197,0.1448960000416264,0.3259303339291364,0.5058798328973353
993,random_0990,random_cycle_chord,20260823,baseline,0,200,3,9,11,5.399844059360847,True,True,,perf/incremental-yamada-frontier-order,1d8374f42cccbb16d78d44100a65ca603d7d1997,3.14.7,macOS-26.6.2-arm64-arm-64bit-Mach-O,arm,0.03227991599123925,0.14743845805060118,0.024224665947258472,0.006380916922353208,0.006398834055289626,0.012634666985832155,2.1666986867785454e-05,0.00654533295892179,0.006747500039637089,0.0005588330095633864,0.026507999980822206,0.06353108398616314,5.733396392315626e-05,0.1408586249453947,0.008967209025286138,0.14982583397068083,1.4082994312047958e-05,6.841705180704594e-05,0.07249829301144928,0.2522166670532897,0.397198082995601
994,random_0991,random_cycle_chord,20260823,baseline,0,200,3,10,12,4.61982978494109,True,True,,perf/incremental-yamada-frontier-order,1d8374f42cccbb16d78d44100a65ca603d7d1997,3.14.7,macOS-26.6.2-arm64-arm-64bit-Mach-O,arm,0.031240084092132747,0.14773745799902827,0.022755791898816824,0.0063693750416859984,0.0065577090717852116,0.012967291986569762,2.108304761350155e-05,0.0067067500203847885,0.006926250061951578,0.0005414579063653946,0.027162833022885025,0.06286587496288121,6.154202856123447e-05,0.14516554097644985,0.008111875038594007,0.15327741601504385,1.4125020243227482e-05,6.399990525096655e-05,0.07097775000147521,0.24995529209263623,0.39924616599455476
995,random_0992,random_cycle_chord,20260823,baseline,0,200,3,11,13,4.060345440926005,True,True,,perf/incremental-yamada-frontier-order,1d8374f42cccbb16d78d44100a65ca603d7d1997,3.14.7,macOS-26.6.2-arm64-arm-64bit-Mach-O,arm,0.031517666997388005,0.14761424995958805,0.02037183300126344,0.006254500010982156,0.006434082984924316,0.012640542001463473,2.0583043806254864e-05,0.006559832952916622,0.006746125058270991,0.0005309580592438579,0.0264980411157012,0.0595767090562731,6.687501445412636e-05,0.16708954190835357,0.008534666965715587,0.17562420887406915,1.3750046491622925e-05,6.425008177757263e-05,0.06811137602198869,0.24724329297896475,0.4184559580171481
996,random_0993,random_cycle_chord,20260823,baseline,0,200,3,8,10,6.127215414639943,True,True,,perf/incremental-yamada-frontier-order,1d8374f42cccbb16d78d44100a65ca603d7d1997,3.14.7,macOS-26.6.2-arm64-arm-64bit-Mach-O,arm,0.03224525006953627,0.14805612503550947,0.03351216693408787,0.0064486670307815075,0.006642375024966896,0.013135499903000891,2.1875021047890186e-05,0.0068203749833628535,0.007035417016595602,0.000559584004804492,0.02757275092881173,0.07419487496372312,5.829101428389549e-05,0.1289400840178132,0.0090938750654459,0.1380339590832591,1.395796425640583e-05,6.866594776511192e-05,0.08328875002916902,0.26359012513421476,0.39664583292324096
997,random_0994,random_cycle_chord,20260823,crossing_rich,9,200,7,12,18,4.880936873194078,True,True,,perf/incremental-yamada-frontier-order,1d8374f42cccbb16d78d44100a65ca603d7d1997,3.14.7,macOS-26.6.2-arm64-arm-64bit-Mach-O,arm,0.048818042036145926,0.14911324996501207,0.052607082994654775,0.01433687494136393,0.016731000039726496,0.03304791694972664,5.025009158998728e-05,0.017102167010307312,0.01828329195268452,0.0021049169590696692,0.07058854296337813,0.1543090830091387,0.0002525829477235675,0.3507690840633586,0.06164424994494766,0.41241333400830626,3.4084077924489975e-05,0.00022254092618823051,0.21595333295408636,0.41388462495524436,0.7688051250297576
998,random_0995,random_cycle_chord,20260823,baseline,0,200,5,15,19,4.047084219612363,True,True,,perf/incremental-yamada-frontier-order,1d8374f42cccbb16d78d44100a65ca603d7d1997,3.14.7,macOS-26.6.2-arm64-arm-64bit-Mach-O,arm,0.04645291599445045,0.14797437493689358,0.021412333007901907,0.008994249976240098,0.00971200002823025,0.01936662499792874,5.050003528594971e-05,0.009959583985619247,0.010220500058494508,0.0009114589774981141,0.04050866805482656,0.08066629199311137,0.00010616704821586609,0.2451452079694718,0.013661375036463141,0.25880658300593495,2.1125073544681072e-05,9.63329803198576e-05,0.09432766702957451,0.28875495796091855,0.538339167018421
999,random_0996,random_cycle_chord,20260823,crossing_rich,4,200,5,10,14,5.530708168467236,True,True,,perf/incremental-yamada-frontier-order,1d8374f42cccbb16d78d44100a65ca603d7d1997,3.14.7,macOS-26.6.2-arm64-arm-64bit-Mach-O,arm,0.04182004206813872,0.14860412501730025,0.0510058329673484,0.009635749971494079,0.010598790948279202,0.0208627498941496,3.808399196714163e-05,0.010841749957762659,0.011535290977917612,0.0013116669142618775,0.04458954173605889,0.11586329201236367,8.712499402463436e-05,0.185603707912378,0.02474525000434369,0.2103489579167217,2.3667002096772194e-05,0.00014750007539987564,0.14060854201670736,0.3310327091021463,0.5211184999207035
1000,random_0997,random_cycle_chord,20260823,baseline,0,200,3,9,11,5.342111798554812,True,True,,perf/incremental-yamada-frontier-order,1d8374f42cccbb16d78d44100a65ca603d7d1997,3.14.7,macOS-26.6.2-arm64-arm-64bit-Mach-O,arm,0.03206862497609109,0.15812408295460045,0.029675250058062375,0.006827583885751665,0.006589416996575892,0.012953042052686214,2.1832995116710663e-05,0.006715625058859587,0.006896291975863278,0.0005085420561954379,0.027095334138721228,0.07020645798183978,6.262504030019045e-05,0.14166645798832178,0.0082094999961555,0.14987595798447728,1.616694498807192e-05,6.612506695091724e-05,0.07841595797799528,0.2686086659086868,0.41449941601604223
1001,random_0998,random_cycle_chord,20260823,crossing_rich,5,200,5,8,12,4.118086091164315,True,True,,perf/incremental-yamada-frontier-order,1d8374f42cccbb16d78d44100a65ca603d7d1997,3.14.7,macOS-26.6.2-arm64-arm-64bit-Mach-O,arm,0.03066658298484981,0.14823170797899365,0.040035582962445915,0.010736499913036823,0.012493040994741023,0.024754874990321696,4.141696263104677e-05,0.012982125044800341,0.013744583004154265,0.0013994170585647225,0.05292241706047207,0.11622141697444022,0.00016375002451241016,0.16286129201762378,0.028037416050210595,0.19089870806783438,2.3582950234413147e-05,0.00014629203360527754,0.1442588330246508,0.3231571239884943,0.49060745909810066
1002,random_0999,random_cycle_chord,20260823,baseline,0,200,3,11,13,5.225615253402291,True,True,,perf/incremental-yamada-frontier-order,1d8374f42cccbb16d78d44100a65ca603d7d1997,3.14.7,macOS-26.6.2-arm64-arm-64bit-Mach-O,arm,0.03672191605437547,0.14758591703139246,0.024059541057795286,0.006554792053066194,0.006638290942646563,0.01306216698139906,2.1999934688210487e-05,0.006755625014193356,0.006893667043186724,0.0004892079159617424,0.027222666889429092,0.06449437502305955,6.325007416307926e-05,0.1665489999577403,0.00754762499127537,0.17409662494901568,1.4082994312047958e-05,6.366695743054152e-05,0.07204200001433492,0.25634983310010284,0.42705245898105204
1003,random_1000,random_cycle_chord,20260823,crossing_rich,6,200,6,11,16,5.220918066061958,True,True,,perf/incremental-yamada-frontier-order,1d8374f42cccbb16d78d44100a65ca603d7d1997,3.14.7,macOS-26.6.2-arm64-arm-64bit-Mach-O,arm,0.046789166051894426,0.14859445893671364,0.05150954099372029,0.011285915970802307,0.012869957950897515,0.025378374964930117,5.3750001825392246e-05,0.013080665958113968,0.01400066597852856,0.001711375080049038,0.054224831983447075,0.1299352910136804,9.491597302258015e-05,0.2153941250871867,0.03338154195807874,0.24877566704526544,2.8499984182417393e-05,0.00017729098908603191,0.16331683297175914,0.3587004579603672,0.5790490419603884
1004,random_1001,random_cycle_chord,20260823,baseline,0,200,3,8,10,6.224188890947761,True,True,,perf/incremental-yamada-frontier-order,1d8374f42cccbb16d78d44100a65ca603d7d1997,3.14.7,macOS-26.6.2-arm64-arm-64bit-Mach-O,arm,0.03298904106486589,0.14795595803298056,0.0313027499942109,0.006612499943003058,0.0066539590479806066,0.013093875022605062,2.1417043171823025e-05,0.006781416945159435,0.006997624994255602,0.0005653329426422715,0.027459666947834194,0.0720479580340907,5.6750024668872356e-05,0.13050949992612004,0.00938845903147012,0.13989795895759016,1.4959019608795643e-05,7.424992509186268e-05,0.08143641706556082,0.26238141616340727,0.3970333749894053
1005,random_1002,random_cycle_chord,20260823,crossing_rich,5,200,5,8,12,4.168124712400029,True,True,,perf/incremental-yamada-frontier-order,1d8374f42cccbb16d78d44100a65ca603d7d1997,3.14.7,macOS-26.6.2-arm64-arm-64bit-Mach-O,arm,0.030296292039565742,0.14819083409383893,0.041234124917536974,0.010697832913137972,0.012505667051300406,0.02468425000552088,3.754207864403725e-05,0.01276441605295986,0.01336474996060133,0.0013462919741868973,0.052197250071913004,0.11666770791634917,0.00018454191740602255,0.16050429095048457,0.02766145800705999,0.18816574895754457,2.3833010345697403e-05,0.00014529097825288773,0.14432916592340916,0.32281629205681384,0.48813762492500246
1006,random_1003,random_cycle_chord,20260823,baseline,0,200,3,8,10,6.18666945507813,True,True,,perf/incremental-yamada-frontier-order,1d8374f42cccbb16d78d44100a65ca603d7d1997,3.14.7,macOS-26.6.2-arm64-arm-64bit-Mach-O,arm,0.032925750012509525,0.14799516694620252,0.031227334053255618,0.006596917053684592,0.006669166032224894,0.013220834080129862,2.1333922632038593e-05,0.006833999999798834,0.0070260000647976995,0.0005642499309033155,0.02766641799826175,0.07217862491961569,5.595805123448372e-05,0.12837908300571144,0.00891754194162786,0.1372966249473393,1.425005029886961e-05,7.17920484021306e-05,0.08109616686124355,0.2620170838199556,0.3945230410899967
1007,random_1004,random_cycle_chord,20260823,crossing_rich,4,200,5,11,15,5.221616929353188,True,True,,perf/incremental-yamada-frontier-order,1d8374f42cccbb16d78d44100a65ca603d7d1997,3.14.7,macOS-26.6.2-arm64-arm-64bit-Mach-O,arm,0.04300279193557799,0.14823549997527152,0.050813041045330465,0.010082541964948177,0.011521540931425989,0.022643291973508894,3.754207864403725e-05,0.011741874972358346,0.01236170798074454,0.0013021249324083328,0.04808654193766415,0.120536332949996,8.554209489375353e-05,0.19804279203526676,0.024158083950169384,0.22220087598543614,2.3417058400809765e-05,0.00014054100029170513,0.14469441690016538,0.3359327088110149,0.5384434580337256
1008,random_1005,random_cycle_chord,20260823,crossing_rich,2,200,4,9,12,6.006006290493096,True,True,,perf/incremental-yamada-frontier-order,1d8374f42cccbb16d78d44100a65ca603d7d1997,3.14.7,macOS-26.6.2-arm64-arm-64bit-Mach-O,arm,0.03811433294322342,0.14826024998910725,0.04846087493933737,0.008207708015106618,0.008666542009450495,0.017064542043954134,2.8165988624095917e-05,0.00885233306325972,0.00930591591168195,0.000913208001293242,0.03616416500881314,0.10152595804538578,7.237493991851807e-05,0.15717212506569922,0.016222624923102558,0.17339474998880178,1.9124941900372505e-05,0.00010587496217340231,0.11774858296848834,0.304123165900819,0.4655624160077423
1009,random_1006,random_cycle_chord,20260823,baseline,0,200,4,11,14,4.049486880917459,True,True,,perf/incremental-yamada-frontier-order,1d8374f42cccbb16d78d44100a65ca603d7d1997,3.14.7,macOS-26.6.2-arm64-arm-64bit-Mach-O,arm,0.03406233305577189,0.14783070900011808,0.022368333069607615,0.007425667019560933,0.007620917051099241,0.015003083040937781,2.983398735523224e-05,0.00778841704595834,0.008050333010032773,0.0007417909801006317,0.03161345806438476,0.06905437493696809,7.495807949453592e-05,0.18103079195134342,0.01163712504785508,0.1926679169991985,2.0750099793076515e-05,8.875003550201654e-05,0.08069149998482317,0.26258454204071313,0.4479336249642074
1010,random_1007,random_cycle_chord,20260823,baseline,0,200,4,10,13,4.661473416471828,True,True,,perf/incremental-yamada-frontier-order,1d8374f42cccbb16d78d44100a65ca603d7d1997,3.14.7,macOS-26.6.2-arm64-arm-64bit-Mach-O,arm,0.03993941599037498,0.14822187495883554,0.022183624911122024,0.007436790969222784,0.007646457990631461,0.015018457896076143,2.8499984182417393e-05,0.007804249995388091,0.008109666989184916,0.0007603750564157963,0.03172124992124736,0.06901400000788271,7.166701834648848e-05,0.15728329203557223,0.01208262494765222,0.16936591698322445,1.8292106688022614e-05,8.512497879564762e-05,0.08109662495553493,0.26925791590474546,0.4308335829991847
1011,random_1008,random_cycle_chord,20260823,crossing_rich,4,200,5,10,14,5.526060266160497,True,True,,perf/incremental-yamada-frontier-order,1d8374f42cccbb16d78d44100a65ca603d7d1997,3.14.7,macOS-26.6.2-arm64-arm-64bit-Mach-O,arm,0.04221087496262044,0.14871729095466435,0.050969666917808354,0.009847208973951638,0.011128165991976857,0.021796084009110928,3.700004890561104e-05,0.01129595807287842,0.011928707943297923,0.0012937079882249236,0.046351458062417805,0.11833108391147107,8.204206824302673e-05,0.18462479207664728,0.026941541000269353,0.21156633307691664,3.700004890561104e-05,0.00015724997501820326,0.14527262491174042,0.3362007908290252,0.5254353330237791
1012,random_1009,random_cycle_chord,20260823,crossing_rich,2,200,4,9,12,6.084930808930641,True,True,,perf/incremental-yamada-frontier-order,1d8374f42cccbb16d78d44100a65ca603d7d1997,3.14.7,macOS-26.6.2-arm64-arm-64bit-Mach-O,arm,0.040378833073191345,0.15017083298880607,0.05241337500046939,0.008470917004160583,0.009061875054612756,0.020063541014678776,5.579099524766207e-05,0.009204040979966521,0.009574167081154883,0.0009474169928580523,0.039844957063905895,0.10983158403541893,8.445803541690111e-05,0.15973987500183284,0.01752858399413526,0.1772684589959681,2.5250017642974854e-05,0.00011491600889712572,0.1273601680295542,0.3179098340915516,0.4820020420011133
1013,random_1010,random_cycle_chord,20260823,crossing_rich,5,200,5,8,12,4.282942464923692,True,True,,perf/incremental-yamada-frontier-order,1d8374f42cccbb16d78d44100a65ca603d7d1997,3.14.7,macOS-26.6.2-arm64-arm-64bit-Mach-O,arm,0.03203991602640599,0.1486876669805497,0.03998579201288521,0.010772209032438695,0.012437792029231787,0.0245710420422256,3.8334052078425884e-05,0.012672583921812475,0.013383916928432882,0.0013808750081807375,0.05204675195273012,0.11527591606136411,0.00020174996461719275,0.16186679201200604,0.02825612493325025,0.1901229169452563,2.3417058400809765e-05,0.00015029101632535458,0.14353204099461436,0.32425962400157005,0.490925292018801
1014,random_1011,random_cycle_chord,20260823,baseline,0,200,4,11,14,4.04730665891885,True,True,,perf/incremental-yamada-frontier-order,1d8374f42cccbb16d78d44100a65ca603d7d1997,3.14.7,macOS-26.6.2-arm64-arm-64bit-Mach-O,arm,0.03556320792995393,0.14794529101345688,0.020873792003840208,0.007966125034727156,0.008541624993085861,0.01674283400643617,2.9957969672977924e-05,0.008633333025500178,0.008875958970747888,0.0006971670081838965,0.03497925098054111,0.0723878750577569,7.458403706550598e-05,0.183152083074674,0.010798541945405304,0.19395062502007931,1.795799471437931e-05,7.916707545518875e-05,0.0831864170031622,0.266694915946573,0.4541392090031877
1015,random_1012,random_cycle_chord,20260823,crossing_rich,5,200,5,9,13,4.216118620256746,True,True,,perf/incremental-yamada-frontier-order,1d8374f42cccbb16d78d44100a65ca603d7d1997,3.14.7,macOS-26.6.2-arm64-arm-64bit-Mach-O,arm,0.033241958008147776,0.1483469168888405,0.03918500000145286,0.010556541965343058,0.01219187502283603,0.02417804196011275,3.8499943912029266e-05,0.012571916915476322,0.013230875018052757,0.0013970830477774143,0.05141641688533127,0.11338424996938556,8.612498641014099e-05,0.17353766702581197,0.027614249964244664,0.20115191699005663,2.3667002096772194e-05,0.00014770799316465855,0.14099849993363023,0.3225873748306185,0.5006165420636535
1016,random_1013,random_cycle_chord,20260823,baseline,0,200,4,10,13,4.653908501254964,True,True,,perf/incremental-yamada-frontier-order,1d8374f42cccbb16d78d44100a65ca603d7d1997,3.14.7,macOS-26.6.2-arm64-arm-64bit-Mach-O,arm,0.03360383305698633,0.14785829093307257,0.0224941250635311,0.0076836670050397515,0.00836279196664691,0.016431999974884093,2.916704397648573e-05,0.00849024998024106,0.008733708993531764,0.0007486250251531601,0.03443375101778656,0.07300129102077335,7.675006054341793e-05,0.15502029203344136,0.010970833012834191,0.16599112504627556,1.8208054825663567e-05,8.254195563495159e-05,0.08397212403360754,0.26543424802366644,0.4247139999642968
1017,random_1014,random_cycle_chord,20260823,baseline,0,200,4,11,14,4.111501364459845,True,True,,perf/incremental-yamada-frontier-order,1d8374f42cccbb16d78d44100a65ca603d7d1997,3.14.7,macOS-26.6.2-arm64-arm-64bit-Mach-O,arm,0.034788541961461306,0.1475675409892574,0.019467333098873496,0.007806958048604429,0.008592915954068303,0.016870541963726282,2.9667047783732414e-05,0.008758459007367492,0.008928833995014429,0.0006751250475645065,0.03526262706145644,0.07115541596431285,8.095894008874893e-05,0.17982533294707537,0.01019895903300494,0.1900242919800803,1.762493047863245e-05,7.433397695422173e-05,0.08135437499731779,0.2637104579480365,0.4477996249916032
1018,random_1015,random_cycle_chord,20260823,baseline,0,200,3,8,10,6.1671443105822945,True,True,,perf/incremental-yamada-frontier-order,1d8374f42cccbb16d78d44100a65ca603d7d1997,3.14.7,macOS-26.6.2-arm64-arm-64bit-Mach-O,arm,0.03270058298949152,0.1483898339793086,0.030386874917894602,0.006594666978344321,0.0066991670755669475,0.01324312505312264,2.204196061939001e-05,0.006839542067609727,0.007054125075228512,0.0005988340126350522,0.02775766816921532,0.07145754201337695,5.6541990488767624e-05,0.12901974993292242,0.009493957972154021,0.13851370790507644,1.3999990187585354e-05,7.087504491209984e-05,0.08095149998553097,0.2620419169543311,0.3951833340106532
1019,random_1016,random_cycle_chord,20260823,crossing_rich,2,200,4,10,13,5.622195598502815,True,True,,perf/incremental-yamada-frontier-order,1d8374f42cccbb16d78d44100a65ca603d7d1997,3.14.7,macOS-26.6.2-arm64-arm-64bit-Mach-O,arm,0.03986470797099173,0.1480072500417009,0.047233749995939434,0.008349666022695601,0.008742707897908986,0.01728554198052734,2.9208953492343426e-05,0.008939584018662572,0.009315334027633071,0.0008739579934626818,0.03644362697377801,0.10080062504857779,8.162506856024265e-05,0.16895137506071478,0.01603358390275389,0.18498495896346867,2.362497616559267e-05,9.591598063707352e-05,0.11683420895133168,0.3047061669640243,0.47791933303233236
1020,random_1017,random_cycle_chord,20260823,crossing_rich,3,200,5,10,14,5.178264721783319,True,True,,perf/incremental-yamada-frontier-order,1d8374f42cccbb16d78d44100a65ca603d7d1997,3.14.7,macOS-26.6.2-arm64-arm-64bit-Mach-O,arm,0.04088883404619992,0.15814337495248765,0.04313908296171576,0.009826457942835987,0.010184874990954995,0.020089374971576035,3.8499943912029266e-05,0.010456292075105011,0.011023790924809873,0.0012385830050334334,0.04284654092043638,0.10603245894890279,8.499994874000549e-05,0.2591233749408275,0.02939799998421222,0.2885213749250397,2.5667017325758934e-05,0.00013916706666350365,0.135430458933115,0.33446266793180257,0.5974702920066193
1021,random_1018,random_cycle_chord,20260823,baseline,0,200,3,8,10,6.137856809349076,True,True,,perf/incremental-yamada-frontier-order,1d8374f42cccbb16d78d44100a65ca603d7d1997,3.14.7,macOS-26.6.2-arm64-arm-64bit-Mach-O,arm,0.03315200004726648,0.1479517910629511,0.030102292075753212,0.006472333101555705,0.006683416897431016,0.013163166935555637,2.2000051103532314e-05,0.006810083985328674,0.0070697920164093375,0.000567625043913722,0.027632668032310903,0.07091012503951788,5.787494592368603e-05,0.13021429209038615,0.009139500092715025,0.13935379218310118,1.3750046491622925e-05,7.087492849677801e-05,0.0800496251322329,0.2611534162424505,0.3955727919237688
1022,random_1019,random_cycle_chord,20260823,baseline,0,200,3,9,11,5.396956329132226,True,True,,perf/incremental-yamada-frontier-order,1d8374f42cccbb16d78d44100a65ca603d7d1997,3.14.7,macOS-26.6.2-arm64-arm-64bit-Mach-O,arm,0.03204758407082409,0.14763241703622043,0.03042454191017896,0.006779792020097375,0.006897832965478301,0.013651999994181097,2.208305522799492e-05,0.0070469159400090575,0.007201167056336999,0.0005235420539975166,0.028445708099752665,0.07256633404176682,5.9750047512352467e-05,0.1410948330303654,0.008505875011906028,0.14960070804227144,1.395796425640583e-05,6.845803000032902e-05,0.08107220905367285,0.26075221016071737,0.40598558296915144
1023,random_1020,random_cycle_chord,20260823,crossing_rich,4,200,5,10,14,5.424191370025576,True,True,,perf/incremental-yamada-frontier-order,1d8374f42cccbb16d78d44100a65ca603d7d1997,3.14.7,macOS-26.6.2-arm64-arm-64bit-Mach-O,arm,0.04129333305172622,0.14836595801170915,0.04981900006532669,0.009633125038817525,0.01060625002719462,0.02092374989297241,3.6708079278469086e-05,0.01088454108685255,0.011487166048027575,0.001275791903026402,0.044607957010157406,0.11470145895145833,7.937499321997166e-05,0.18371950008440763,0.02410987496841699,0.20782937505282462,2.2916938178241253e-05,0.00013537495397031307,0.13881133391987532,0.3284706249833107,0.5166628750739619
1024,random_1021,random_cycle_chord,20260823,baseline,0,200,4,13,16,4.566818812754861,True,True,,perf/incremental-yamada-frontier-order,1d8374f42cccbb16d78d44100a65ca603d7d1997,3.14.7,macOS-26.6.2-arm64-arm-64bit-Mach-O,arm,0.04138608300127089,0.14769687491934747,0.022893000044859946,0.007879207958467305,0.008331125020049512,0.01640683296136558,2.9208953492343426e-05,0.008545834105461836,0.00882166693918407,0.0007444999646395445,0.034548042924143374,0.07367858302313834,7.712503429502249e-05,0.20552808395586908,0.011160625028423965,0.21668870898429304,1.808302477002144e-05,8.433300536125898e-05,0.08483920805156231,0.27392216597218066,0.4837323749670759
1025,random_1022,random_cycle_chord,20260823,baseline,0,200,3,9,11,5.412301404744875,True,True,,perf/incremental-yamada-frontier-order,1d8374f42cccbb16d78d44100a65ca603d7d1997,3.14.7,macOS-26.6.2-arm64-arm-64bit-Mach-O,arm,0.031954457983374596,0.14757133391685784,0.02722445805557072,0.00651191605720669,0.006624875008128583,0.013048208085820079,2.2041029296815395e-05,0.006760999909602106,0.007030875072814524,0.0005331669235602021,0.027395291021093726,0.06777608289849013,5.979195702821016e-05,0.14188187499530613,0.008403374929912388,0.15028524992521852,1.3459008187055588e-05,6.52089947834611e-05,0.07617945782840252,0.25570524972863495,0.4017121250508353
1026,random_1023,random_cycle_chord,20260823,baseline,0,200,4,14,17,4.293626613372345,True,True,,perf/incremental-yamada-frontier-order,1d8374f42cccbb16d78d44100a65ca603d7d1997,3.14.7,macOS-26.6.2-arm64-arm-64bit-Mach-O,arm,0.04278250003699213,0.14769533299840987,0.024497249978594482,0.007723624934442341,0.008119832957163453,0.01604016695637256,2.904096618294716e-05,0.008318791980855167,0.008564374991692603,0.0007115000626072288,0.033663874957710505,0.07403170806355774,8.337502367794514e-05,0.21794766595121473,0.010959209059365094,0.22890687501057982,1.8166028894484043e-05,7.90000194683671e-05,0.08499091712292284,0.27546875015832484,0.497694541933015
1027,random_1024,random_cycle_chord,20260823,baseline,0,200,4,11,14,4.03163342820655,True,True,,perf/incremental-yamada-frontier-order,1d8374f42cccbb16d78d44100a65ca603d7d1997,3.14.7,macOS-26.6.2-arm64-arm-64bit-Mach-O,arm,0.034638416953384876,0.14753533294424415,0.021174833993427455,0.007739917025901377,0.008249790989793837,0.016364749986678362,2.883397974073887e-05,0.008474416914395988,0.008622499997727573,0.0006638329941779375,0.0341543338727206,0.07134541601408273,7.291592191904783e-05,0.18004970799665898,0.009886250016279519,0.1899359580129385,1.7249956727027893e-05,7.341697346419096e-05,0.08123166603036225,0.26340541592799127,0.4476942499168217
1028,random_1025,random_cycle_chord,20260823,baseline,0,200,4,11,14,4.087115175426898,True,True,,perf/incremental-yamada-frontier-order,1d8374f42cccbb16d78d44100a65ca603d7d1997,3.14.7,macOS-26.6.2-arm64-arm-64bit-Mach-O,arm,0.03490749991033226,0.1475554999196902,0.02084733301308006,0.007743958034552634,0.008295624982565641,0.016336333006620407,2.9916991479694843e-05,0.008439833065494895,0.008699125028215349,0.0007587909931316972,0.03426399908494204,0.07117741601541638,7.508299313485622e-05,0.18106583401095122,0.011471875011920929,0.19253770902287215,1.808302477002144e-05,8.837494533509016e-05,0.08264929102733731,0.26511229085735977,0.45049841597210616
1029,random_1026,random_cycle_chord,20260823,baseline,0,200,3,10,12,5.621324942711308,True,True,,perf/incremental-yamada-frontier-order,1d8374f42cccbb16d78d44100a65ca603d7d1997,3.14.7,macOS-26.6.2-arm64-arm-64bit-Mach-O,arm,0.03578729194123298,0.14795400004368275,0.027608249918557703,0.006738750031217933,0.006915875012055039,0.013673666981048882,2.2082938812673092e-05,0.007084582932293415,0.007301000063307583,0.0005504579748958349,0.02863179089035839,0.06991425005253404,6.220804061740637e-05,0.14545704191550612,0.008183833910152316,0.15364087582565844,1.3499986380338669e-05,6.704195402562618e-05,0.07809808396268636,0.2618393759476021,0.41143358300905675
1030,random_1027,random_cycle_chord,20260823,crossing_rich,6,200,6,11,16,5.222913601239932,True,True,,perf/incremental-yamada-frontier-order,1d8374f42cccbb16d78d44100a65ca603d7d1997,3.14.7,macOS-26.6.2-arm64-arm-64bit-Mach-O,arm,0.04616579203866422,0.1481957919895649,0.05105962499510497,0.013583541964180768,0.013727916986681521,0.0269709579879418,4.6791043132543564e-05,0.013984082965180278,0.014865249977447093,0.0016347919590771198,0.057501873932778835,0.1359150829957798,9.366695303469896e-05,0.2136068750405684,0.03149483306333423,0.24510170810390264,2.8957962058484554e-05,0.00017258408479392529,0.16740991605911404,0.36177150008734316,0.5800685411086306
1031,random_1028,random_cycle_chord,20260823,crossing_rich,4,200,5,8,12,6.589928292207313,True,True,,perf/incremental-yamada-frontier-order,1d8374f42cccbb16d78d44100a65ca603d7d1997,3.14.7,macOS-26.6.2-arm64-arm-64bit-Mach-O,arm,0.042948042042553425,0.14893200004007667,0.06717508297879249,0.009644540958106518,0.010638999985530972,0.02105708292219788,3.724999260157347e-05,0.010875541949644685,0.011582958977669477,0.0013855419820174575,0.04493837582413107,0.132431042031385,0.00015595799777656794,0.15913733409252018,0.02578670799266547,0.18492404208518565,2.3083994165062904e-05,0.00015183305367827415,0.15821775002405047,0.35009779210668057,0.5138026250060648
1032,random_1029,random_cycle_chord,20260823,crossing_rich,2,200,4,9,12,5.848433040039672,True,True,,perf/incremental-yamada-frontier-order,1d8374f42cccbb16d78d44100a65ca603d7d1997,3.14.7,macOS-26.6.2-arm64-arm-64bit-Mach-O,arm,0.037314999965019524,0.1478891670703888,0.04988808301277459,0.008366249967366457,0.009022834012284875,0.017782417009584606,2.887495793402195e-05,0.00920558301731944,0.00958091695792973,0.0009594580624252558,0.037557250005193055,0.10486083396244794,7.004197686910629e-05,0.15606858301907778,0.015879958984442055,0.17194854200351983,1.8000020645558834e-05,0.00010220904368907213,0.12074079294689,0.3059449599822983,0.46626116696279496
1033,random_1030,random_cycle_chord,20260823,baseline,0,200,3,11,13,4.0700424553753125,True,True,,perf/incremental-yamada-frontier-order,1d8374f42cccbb16d78d44100a65ca603d7d1997,3.14.7,macOS-26.6.2-arm64-arm-64bit-Mach-O,arm,0.031782542006112635,0.1473683340009302,0.016293999971821904,0.006997167016379535,0.007076125009916723,0.013926708023063838,2.13750172406435e-05,0.0072220409056171775,0.007359708077274263,0.0005427919095382094,0.029072623932734132,0.05945904098916799,6.629095878452063e-05,0.16816354100592434,0.008461916935630143,0.1766254579415545,1.366704236716032e-05,6.845803000032902e-05,0.06792095792479813,0.24707183393184096,0.41937949997372925
1034,random_1031,random_cycle_chord,20260823,crossing_rich,4,200,5,9,13,6.080276603972508,True,True,,perf/incremental-yamada-frontier-order,1d8374f42cccbb16d78d44100a65ca603d7d1997,3.14.7,macOS-26.6.2-arm64-arm-64bit-Mach-O,arm,0.042677082936279476,0.14861208305228502,0.06486129097174853,0.009449208970181644,0.010281207971274853,0.020279207965359092,3.691599704325199e-05,0.010519625036977232,0.01119354204274714,0.0013012500712648034,0.04333054111339152,0.1279547499725595,8.154206443578005e-05,0.17308004200458527,0.025107124936766922,0.1981871669413522,2.3083994165062904e-05,0.00014187500346451998,0.15306187490932643,0.3443510408978909,0.5218756659887731
1035,random_1032,random_cycle_chord,20260823,baseline,0,200,3,9,11,5.39267519138066,True,True,,perf/incremental-yamada-frontier-order,1d8374f42cccbb16d78d44100a65ca603d7d1997,3.14.7,macOS-26.6.2-arm64-arm-64bit-Mach-O,arm,0.03236174990888685,0.14768454199656844,0.025508709019050002,0.006399292033165693,0.006378291989676654,0.012600000016391277,2.2083986550569534e-05,0.006553750019520521,0.006761791999451816,0.0005636250134557486,0.026501251035369933,0.0648058750666678,6.375007797032595e-05,0.14215820899698883,0.00893008301500231,0.15108829201199114,1.3749930076301098e-05,6.758293602615595e-05,0.0737359580816701,0.2537822499871254,0.4000841670203954
1036,random_1033,random_cycle_chord,20260823,baseline,0,200,3,8,10,6.20640588754778,True,True,,perf/incremental-yamada-frontier-order,1d8374f42cccbb16d78d44100a65ca603d7d1997,3.14.7,macOS-26.6.2-arm64-arm-64bit-Mach-O,arm,0.03298745898064226,0.14768862503115088,0.03463945793919265,0.006627916009165347,0.006770708947442472,0.01352625002618879,3.0250055715441704e-05,0.00698000006377697,0.0072532909689471126,0.000572916935198009,0.028362708049826324,0.07642370904795825,5.6292046792805195e-05,0.12863512500189245,0.009071334032341838,0.13770645903423429,1.3750046491622925e-05,6.808305624872446e-05,0.08549504308030009,0.26617112709209323,0.3989248340949416
1037,random_1034,random_cycle_chord,20260823,baseline,0,200,3,10,12,4.645197655660665,True,True,,perf/incremental-yamada-frontier-order,1d8374f42cccbb16d78d44100a65ca603d7d1997,3.14.7,macOS-26.6.2-arm64-arm-64bit-Mach-O,arm,0.031683500041253865,0.1476610410027206,0.021944915992207825,0.006392958923242986,0.0065573330502957106,0.012901874957606196,2.0749983377754688e-05,0.0066882090177387,0.006895459024235606,0.000565042020753026,0.027071335003711283,0.061984875006601214,6.11250288784504e-05,0.15305954101495445,0.009233708027750254,0.1622932490427047,1.3999990187585354e-05,6.870902143418789e-05,0.07121858303435147,0.2505631240783259,0.40775212505832314
1038,random_1035,random_cycle_chord,20260823,baseline,0,200,3,10,12,4.6727730578689926,True,True,,perf/incremental-yamada-frontier-order,1d8374f42cccbb16d78d44100a65ca603d7d1997,3.14.7,macOS-26.6.2-arm64-arm-64bit-Mach-O,arm,0.032061000005342066,0.14793041697703302,0.020858249976299703,0.0070195000153034925,0.007442832924425602,0.014316832995973527,2.666609361767769e-05,0.0072556670056656,0.007340000011026859,0.0005250000394880772,0.029464166145771742,0.06481508305296302,7.162499241530895e-05,0.14420283399522305,0.0084283750038594,0.15263120899908245,1.4374963939189911e-05,6.758398376405239e-05,0.07324345805682242,0.2532348750391975,0.40156024997122586
1039,random_1036,random_cycle_chord,20260823,crossing_rich,8,200,7,14,20,4.28997653344139,True,True,,perf/incremental-yamada-frontier-order,1d8374f42cccbb16d78d44100a65ca603d7d1997,3.14.7,macOS-26.6.2-arm64-arm-64bit-Mach-O,arm,0.05065483401995152,0.14904733397997916,0.04771658394020051,0.014822417055256665,0.016069666016846895,0.03168012492824346,5.104194860905409e-05,0.016414667014032602,0.01834483293350786,0.0021194579312577844,0.06861012475565076,0.14726533298380673,0.00012987502850592136,0.2785389170749113,0.046814417000859976,0.32535333407577127,4.1207997128367424e-05,0.00022666703443974257,0.1940797499846667,0.3937819179845974,0.6773704999359325
1040,random_1037,random_cycle_chord,20260823,baseline,0,200,3,9,11,5.35814184969129,True,True,,perf/incremental-yamada-frontier-order,1d8374f42cccbb16d78d44100a65ca603d7d1997,3.14.7,macOS-26.6.2-arm64-arm-64bit-Mach-O,arm,0.03228733397554606,0.16602070804219693,0.02666062500793487,0.0067230419954285026,0.006407250068150461,0.012601875001564622,2.154102548956871e-05,0.006554458057507873,0.006648957962170243,0.0005310829728841782,0.026357915019616485,0.06616783305071294,6.079208105802536e-05,0.14247879094909877,0.008551249979063869,0.15103004092816263,1.5332945622503757e-05,7.15409405529499e-05,0.07471908302977681,0.2730271250475198,0.41971258306875825
1041,random_1038,random_cycle_chord,20260823,baseline,0,200,3,8,10,6.206484718131017,True,True,,perf/incremental-yamada-frontier-order,1d8374f42cccbb16d78d44100a65ca603d7d1997,3.14.7,macOS-26.6.2-arm64-arm-64bit-Mach-O,arm,0.03353162494022399,0.14788249996490777,0.030076875002123415,0.0067324580159038305,0.006667917012237012,0.013113792054355145,2.1959072910249233e-05,0.006786459009163082,0.007005499908700585,0.0005655839340761304,0.02749329397920519,0.07098954205866903,5.549995694309473e-05,0.1286163330078125,0.009175208979286253,0.13779154198709875,1.3832934200763702e-05,7.158308289945126e-05,0.08016475103795528,0.26157887594308704,0.3943243749672547
1042,random_1039,random_cycle_chord,20260823,crossing_rich,5,200,5,8,12,4.239564245337103,True,True,,perf/incremental-yamada-frontier-order,1d8374f42cccbb16d78d44100a65ca603d7d1997,3.14.7,macOS-26.6.2-arm64-arm-64bit-Mach-O,arm,0.030911291018128395,0.1482460000552237,0.04277987510431558,0.01092466595582664,0.012429874972440302,0.024581167032010853,3.8499943912029266e-05,0.012746583903208375,0.013394374982453883,0.0013281670399010181,0.05208879290148616,0.11825991701334715,0.00025991699658334255,0.2641109579708427,0.025981082930229604,0.2900920409010723,2.4249893613159657e-05,0.000138541916385293,0.14424099994357675,0.32339829101692885,0.5918578749988228
1043,random_1040,random_cycle_chord,20260823,baseline,0,200,4,11,14,4.090819471841519,True,True,,perf/incremental-yamada-frontier-order,1d8374f42cccbb16d78d44100a65ca603d7d1997,3.14.7,macOS-26.6.2-arm64-arm-64bit-Mach-O,arm,0.033969375072047114,0.14784629200585186,0.020138125051744282,0.007435458013787866,0.0077049159444868565,0.015171166975051165,3.345799632370472e-05,0.007941959076561034,0.008291833917610347,0.0008345830719918013,0.03227300103753805,0.06757791701238602,7.291696965694427e-05,0.18218200001865625,0.011715958011336625,0.19389795802999288,1.8542050383985043e-05,8.350005373358727e-05,0.07929387502372265,0.26110954210162163,0.4475687920348719
1044,random_1041,random_cycle_chord,20260823,baseline,0,200,3,11,13,4.068227137114943,True,True,,perf/incremental-yamada-frontier-order,1d8374f42cccbb16d78d44100a65ca603d7d1997,3.14.7,macOS-26.6.2-arm64-arm-64bit-Mach-O,arm,0.03151687502395362,0.1476550829829648,0.021465292084030807,0.006665042019449174,0.006740125012584031,0.013317208969965577,2.1541956812143326e-05,0.006859916960820556,0.007079083938151598,0.0005485839210450649,0.02782633574679494,0.06271520897280425,6.491690874099731e-05,0.16729629202745855,0.008940500090830028,0.17623679211828858,1.4374963939189911e-05,6.716698408126831e-05,0.07165570906363428,0.2508276670705527,0.42228841700125486
1045,random_1042,random_cycle_chord,20260823,crossing_rich,6,200,6,11,16,5.221431877880347,True,True,,perf/incremental-yamada-frontier-order,1d8374f42cccbb16d78d44100a65ca603d7d1997,3.14.7,macOS-26.6.2-arm64-arm-64bit-Mach-O,arm,0.046645292080938816,0.1487134579801932,0.05151233298238367,0.011357291950844228,0.012895582942292094,0.025422749924473464,5.379202775657177e-05,0.013083499972708523,0.0140174999833107,0.0017029999289661646,0.054280541837215424,0.13009099999908358,9.337498340755701e-05,0.21366900007706136,0.03251491696573794,0.2461839170427993,2.858403604477644e-05,0.0001792920520529151,0.16260591696482152,0.35796466702595353,0.5763291670009494
1046,random_1043,random_cycle_chord,20260823,crossing_rich,6,200,6,11,16,5.223503055814694,True,True,,perf/incremental-yamada-frontier-order,1d8374f42cccbb16d78d44100a65ca603d7d1997,3.14.7,macOS-26.6.2-arm64-arm-64bit-Mach-O,arm,0.04627991700544953,0.148441250086762,0.05650162498932332,0.01176283392123878,0.013663417077623308,0.02703074994497001,4.741700831800699e-05,0.01402212493121624,0.01486662495881319,0.0017377909971401095,0.05770470784045756,0.13967574993148446,9.358290117233992e-05,0.2149079580558464,0.03521879203617573,0.2501267500920221,2.8832932002842426e-05,0.00018425006419420242,0.1748945419676602,0.36961570905987173,0.5892217500368133
1047,random_1044,random_cycle_chord,20260823,crossing_rich,6,200,6,10,15,5.617745130042095,True,True,,perf/incremental-yamada-frontier-order,1d8374f42cccbb16d78d44100a65ca603d7d1997,3.14.7,macOS-26.6.2-arm64-arm-64bit-Mach-O,arm,0.04618500010110438,0.14905050001107156,0.06000149995088577,0.011870416929014027,0.01314254105091095,0.02577458298765123,5.725002847611904e-05,0.013229375006631017,0.01409541699104011,0.0016835830174386501,0.054840208031237125,0.13990604202263057,0.00023337500169873238,0.19237125001382083,0.033780707977712154,0.22615195799153298,3.112491685897112e-05,0.00018295797053724527,0.17368675000034273,0.36892225011251867,0.56672866595909
1048,random_1045,random_cycle_chord,20260823,crossing_rich,4,200,5,9,13,6.0760651654322,True,True,,perf/incremental-yamada-frontier-order,1d8374f42cccbb16d78d44100a65ca603d7d1997,3.14.7,macOS-26.6.2-arm64-arm-64bit-Mach-O,arm,0.04204149998258799,0.14821950008627027,0.05483300006017089,0.009911666973493993,0.011199916945770383,0.022193582961335778,3.6541023291647434e-05,0.01151804206892848,0.01215504202991724,0.0013216250808909535,0.0472248331643641,0.12320162507239729,7.962505333125591e-05,0.1726724160835147,0.02461091708391905,0.19728333316743374,2.279097680002451e-05,0.0001408330863341689,0.14781254215631634,0.3380735422251746,0.515196125023067
1049,random_1046,random_cycle_chord,20260823,baseline,0,200,3,10,12,5.618349423157615,True,True,,perf/incremental-yamada-frontier-order,1d8374f42cccbb16d78d44100a65ca603d7d1997,3.14.7,macOS-26.6.2-arm64-arm-64bit-Mach-O,arm,0.035701041924767196,0.14820991596207023,0.030119291972368956,0.006597542087547481,0.006588374963030219,0.013017540914006531,2.150004729628563e-05,0.006726832943968475,0.006914875004440546,0.0005391250597313046,0.027219873969443142,0.07054491608869284,6.275007035583258e-05,0.14374795800540596,0.008769707987084985,0.15251766599249095,1.3791956007480621e-05,6.687501445412636e-05,0.07931462407577783,0.26322558196261525,0.41110345791094005
1050,random_1047,random_cycle_chord,20260823,crossing_rich,5,200,5,9,13,4.356987139361742,True,True,,perf/incremental-yamada-frontier-order,1d8374f42cccbb16d78d44100a65ca603d7d1997,3.14.7,macOS-26.6.2-arm64-arm-64bit-Mach-O,arm,0.033564292010851204,0.14801633299794048,0.03978020907379687,0.0106607920024544,0.012221041950397193,0.024116790969856083,4.604191053658724e-05,0.012468791916035116,0.013217875035479665,0.001392749953083694,0.051242249784991145,0.11393983301240951,8.841592352837324e-05,0.17560337495524436,0.028119166032411158,0.20372254098765552,2.366595435887575e-05,0.00015058298595249653,0.14205899904482067,0.32363962405361235,0.5039648750098422
1051,random_1048,random_cycle_chord,20260823,crossing_rich,8,200,7,13,19,4.372959733408069,True,True,,perf/incremental-yamada-frontier-order,1d8374f42cccbb16d78d44100a65ca603d7d1997,3.14.7,macOS-26.6.2-arm64-arm-64bit-Mach-O,arm,0.04893454094417393,0.14851429092232138,0.05376662500202656,0.015039582969620824,0.015584625070914626,0.030641374993138015,6.708293221890926e-05,0.015789167024195194,0.01686204201541841,0.0020239170407876372,0.06538358400575817,0.14983104192651808,0.00010862504132091999,0.2622027499601245,0.0438515410060063,0.3060542909661308,3.38749960064888e-05,0.0002091669011861086,0.19368258293252438,0.3911314147990197,0.658419500105083
1052,random_1049,random_cycle_chord,20260823,crossing_rich,2,200,4,8,11,6.5886042352635155,True,True,,perf/incremental-yamada-frontier-order,1d8374f42cccbb16d78d44100a65ca603d7d1997,3.14.7,macOS-26.6.2-arm64-arm-64bit-Mach-O,arm,0.03929412504658103,0.14820104092359543,0.05758354195859283,0.008321500034071505,0.00865237507969141,0.01705758401658386,2.9791961424052715e-05,0.008844541036523879,0.009277042001485825,0.0009705830598250031,0.03617954207584262,0.11076383397448808,7.02079851180315e-05,0.14407995902001858,0.017137833987362683,0.16121779300738126,1.916696783155203e-05,0.00010787497740238905,0.12790166796185076,0.3153968339320272,0.46373924997169524
1053,random_1050,random_cycle_chord,20260823,baseline,0,200,3,11,13,4.072239339443143,True,True,,perf/incremental-yamada-frontier-order,1d8374f42cccbb16d78d44100a65ca603d7d1997,3.14.7,macOS-26.6.2-arm64-arm-64bit-Mach-O,arm,0.03163395810406655,0.1473920000717044,0.018888583057560027,0.0065757910488173366,0.006752083892934024,0.013261666987091303,2.116698306053877e-05,0.006887792027555406,0.007103875046595931,0.0005498329410329461,0.027824333985336125,0.06006004102528095,7.124990224838257e-05,0.16918700002133846,0.009009417030028999,0.17819641705136746,1.591700129210949e-05,8.891604375094175e-05,0.06906945805530995,0.2480954162310809,0.42148866690695286
1054,random_1051,random_cycle_chord,20260823,baseline,0,200,3,11,13,5.225912821705058,True,True,,perf/incremental-yamada-frontier-order,1d8374f42cccbb16d78d44100a65ca603d7d1997,3.14.7,macOS-26.6.2-arm64-arm-64bit-Mach-O,arm,0.03757800010498613,0.1479410829488188,0.025200083036907017,0.006432750029489398,0.0065561250085011125,0.012925166985951364,2.1707965061068535e-05,0.006712457980029285,0.0069000000366941094,0.0005480829859152436,0.02710741595365107,0.06531566707417369,6.520806346088648e-05,0.16710945800878108,0.008944707922637463,0.17605416593141854,1.4582998119294643e-05,6.749993190169334e-05,0.07426037499681115,0.2597794580506161,0.43102704198099673
1055,random_1052,random_cycle_chord,20260823,baseline,0,200,3,10,12,4.6900248567935945,True,True,,perf/incremental-yamada-frontier-order,1d8374f42cccbb16d78d44100a65ca603d7d1997,3.14.7,macOS-26.6.2-arm64-arm-64bit-Mach-O,arm,0.031457790988497436,0.1481682910816744,0.024299583048559725,0.006456000031903386,0.006519124959595501,0.012778916978277266,2.104195300489664e-05,0.006642624968662858,0.006791625055484474,0.0005436660721898079,0.026777875027619302,0.0640714589972049,6.450002547353506e-05,0.1429367499658838,0.008666250039823353,0.15160300000570714,1.3457960449159145e-05,6.541702896356583e-05,0.07273770903702825,0.2523637911072001,0.3994291250128299
1056,random_1053,random_cycle_chord,20260823,crossing_rich,3,200,5,10,14,5.377289934438147,True,True,,perf/incremental-yamada-frontier-order,1d8374f42cccbb16d78d44100a65ca603d7d1997,3.14.7,macOS-26.6.2-arm64-arm-64bit-Mach-O,arm,0.04073845804668963,0.14833920798264444,0.054134790902026,0.009407958015799522,0.009948249906301498,0.019615415949374437,3.629201091825962e-05,0.010211916989646852,0.010841833078302443,0.0012127499794587493,0.04191820800770074,0.11544199998024851,8.062494453042746e-05,0.2603559580165893,0.028398208087310195,0.2887541661038995,2.662499900907278e-05,0.00013537495397031307,0.1438402080675587,0.3329178740968928,0.5974837500834838
1057,random_1054,random_cycle_chord,20260823,baseline,0,200,3,13,15,4.567296247013838,True,True,,perf/incremental-yamada-frontier-order,1d8374f42cccbb16d78d44100a65ca603d7d1997,3.14.7,macOS-26.6.2-arm64-arm-64bit-Mach-O,arm,0.039151874952949584,0.15481199999339879,0.024223332991823554,0.006721958052366972,0.0067508750362321734,0.013241083011962473,2.104195300489664e-05,0.006871625082567334,0.007049166946671903,0.0005634579574689269,0.027746374951675534,0.06546104198787361,7.004197686910629e-05,0.19253870903048664,0.00890745793003589,0.20144616696052253,1.3875076547265053e-05,6.758305244147778e-05,0.0743684999179095,0.26833237486425787,0.4650329169817269
1058,random_1055,random_cycle_chord,20260823,crossing_rich,5,200,6,11,16,4.6039942960218685,True,True,,perf/incremental-yamada-frontier-order,1d8374f42cccbb16d78d44100a65ca603d7d1997,3.14.7,macOS-26.6.2-arm64-arm-64bit-Mach-O,arm,0.04223008395638317,0.1492113749263808,0.044861249974928796,0.011058832984417677,0.012647917028516531,0.024878707947209477,5.3875031881034374e-05,0.012936457991600037,0.013540458981879056,0.0015433330554515123,0.052952833008021116,0.12156524998135865,0.00010345794726163149,0.2133140410296619,0.027750124922022223,0.24106416595168412,2.733408473432064e-05,0.00016191601753234863,0.14931537490338087,0.34075683378614485,0.5588807079475373
1059,random_1056,random_cycle_chord,20260823,baseline,0,200,3,11,13,4.080043393294701,True,True,,perf/incremental-yamada-frontier-order,1d8374f42cccbb16d78d44100a65ca603d7d1997,3.14.7,macOS-26.6.2-arm64-arm-64bit-Mach-O,arm,0.031503416947089136,0.14752020803280175,0.016347500029951334,0.006874707993119955,0.0066521670669317245,0.01311724993865937,2.1332991309463978e-05,0.006807832978665829,0.006954749929718673,0.0005480420077219605,0.027449207846075296,0.05734166700858623,6.608408875763416e-05,0.16828091710340232,0.008626916911453009,0.17690783401485533,1.3958080671727657e-05,6.52919989079237e-05,0.06596858392003924,0.24499220889993012,0.4174040419748053
1060,random_1057,random_cycle_chord,20260823,baseline,0,200,3,11,13,5.232186895039514,True,True,,perf/incremental-yamada-frontier-order,1d8374f42cccbb16d78d44100a65ca603d7d1997,3.14.7,macOS-26.6.2-arm64-arm-64bit-Mach-O,arm,0.03747045900672674,0.15662366710603237,0.024341000011190772,0.0070983750047162175,0.006998499971814454,0.013778208056464791,2.2417050786316395e-05,0.007168291020207107,0.007285582949407399,0.0005500409752130508,0.028804540052078664,0.06726170901674777,6.691599264740944e-05,0.16764708294067532,0.008727459004148841,0.17637454194482416,1.5415949746966362e-05,7.366703357547522e-05,0.07598916802089661,0.2700832941336557,0.44195670902263373
1061,random_1058,random_cycle_chord,20260823,crossing_rich,4,200,5,9,13,6.082193463586837,True,True,,perf/incremental-yamada-frontier-order,1d8374f42cccbb16d78d44100a65ca603d7d1997,3.14.7,macOS-26.6.2-arm64-arm-64bit-Mach-O,arm,0.04335054103285074,0.14892487495671958,0.0644773329840973,0.009733375045470893,0.01055833394639194,0.020732166012749076,3.899994771927595e-05,0.010787624982185662,0.011439708061516285,0.0013130410807207227,0.04431154008489102,0.12911600002553314,7.979199290275574e-05,0.1734607919352129,0.02561679109930992,0.19907758303452283,2.3250002413988113e-05,0.0001431250711902976,0.15473279112484306,0.3470082071144134,0.5249818339943886
1062,random_1059,random_cycle_chord,20260823,baseline,0,200,3,9,11,5.40786827189897,True,True,,perf/incremental-yamada-frontier-order,1d8374f42cccbb16d78d44100a65ca603d7d1997,3.14.7,macOS-26.6.2-arm64-arm-64bit-Mach-O,arm,0.032325959065929055,0.1476946669863537,0.02483608399052173,0.006584874936379492,0.006698959041386843,0.013274791999720037,2.5540939532220364e-05,0.006863499991595745,0.0070335830096155405,0.0005269579123705626,0.027724373852834105,0.06586712505668402,5.795806646347046e-05,0.14091487496625632,0.008235416025854647,0.14915029099211097,1.5875091776251793e-05,6.533297710120678e-05,0.07410254108253866,0.2541231671348214,0.3991844999836758
1063,random_1060,random_cycle_chord,20260823,baseline,0,200,3,11,13,4.032434558135118,True,True,,perf/incremental-yamada-frontier-order,1d8374f42cccbb16d78d44100a65ca603d7d1997,3.14.7,macOS-26.6.2-arm64-arm-64bit-Mach-O,arm,0.03158112498931587,0.14920595800504088,0.017338541918434203,0.00647887506056577,0.006579458946362138,0.012929958058521152,2.1916930563747883e-05,0.006703000050038099,0.006917624967172742,0.0005706659285351634,0.027143165934830904,0.05755899997893721,6.524997297674417e-05,0.1670046669896692,0.008950124960392714,0.17595479195006192,1.3749930076301098e-05,7.058307528495789e-05,0.06650912493932992,0.24729620793368667,0.4184352080337703
1064,random_1061,random_cycle_chord,20260823,crossing_rich,5,200,5,9,13,4.221495616382832,True,True,,perf/incremental-yamada-frontier-order,1d8374f42cccbb16d78d44100a65ca603d7d1997,3.14.7,macOS-26.6.2-arm64-arm-64bit-Mach-O,arm,0.03309908404480666,0.15100470802281052,0.04524616606067866,0.010871707927435637,0.012052500038407743,0.024337999988347292,8.525000885128975e-05,0.012413416057825089,0.01310454192571342,0.0013704159064218402,0.05131162388715893,0.11952724994625896,9.774998761713505e-05,0.1952891250839457,0.03032025007996708,0.22560937516391277,2.716702874749899e-05,0.00015470897778868675,0.14984750002622604,0.3339512920938432,0.5341992910252884
1065,random_1062,random_cycle_chord,20260823,baseline,0,200,3,9,11,5.390812421950548,True,True,,perf/incremental-yamada-frontier-order,1d8374f42cccbb16d78d44100a65ca603d7d1997,3.14.7,macOS-26.6.2-arm64-arm-64bit-Mach-O,arm,0.033605625038035214,0.15074029203969985,0.024627125007100403,0.006835374981164932,0.007013583090156317,0.0138770000776276,2.279097680002451e-05,0.007182874949648976,0.007351042004302144,0.0005780410720035434,0.029011749080382288,0.06750766700133681,6.1208033002913e-05,0.1433931669453159,0.009017208009026945,0.15241037495434284,1.5749945305287838e-05,7.466692477464676e-05,0.07652487501036376,0.2608707920880988,0.4084279160015285
1066,random_1063,random_cycle_chord,20260823,baseline,0,200,3,11,13,5.219660196887189,True,True,,perf/incremental-yamada-frontier-order,1d8374f42cccbb16d78d44100a65ca603d7d1997,3.14.7,macOS-26.6.2-arm64-arm-64bit-Mach-O,arm,0.03687920805532485,0.1482129170326516,0.026204291032627225,0.0066676250426098704,0.0068884160136803985,0.013524333015084267,2.1916930563747883e-05,0.007020041928626597,0.007178958039730787,0.000497999950312078,0.028243249864317477,0.06802266708109528,6.733299233019352e-05,0.1670966250821948,0.007899582968093455,0.17499620805028826,1.3625016435980797e-05,6.366590969264507e-05,0.07592225004918873,0.2610143751371652,0.432254874962382
1067,random_1064,random_cycle_chord,20260823,baseline,0,200,3,10,12,4.68024482152966,True,True,,perf/incremental-yamada-frontier-order,1d8374f42cccbb16d78d44100a65ca603d7d1997,3.14.7,macOS-26.6.2-arm64-arm-64bit-Mach-O,arm,0.05033699993509799,0.15809808298945427,0.02455454203300178,0.00804420793429017,0.007588292006403208,0.015239957952871919,5.587493069469929e-05,0.0077122499933466315,0.007584541919641197,0.000517625012435019,0.031110249808989465,0.07133862504269928,7.683294825255871e-05,0.14875175000634044,0.00805083301384002,0.15680258302018046,1.4542019926011562e-05,7.087504491209984e-05,0.0793894580565393,0.28782454098109156,0.44082804198842496
1068,random_1065,random_cycle_chord,20260823,baseline,0,200,4,10,13,4.628996538250223,True,True,,perf/incremental-yamada-frontier-order,1d8374f42cccbb16d78d44100a65ca603d7d1997,3.14.7,macOS-26.6.2-arm64-arm-64bit-Mach-O,arm,0.03362908400595188,0.14819337497465312,0.02273708302527666,0.007811417104676366,0.008374000084586442,0.016504000057466328,2.904096618294716e-05,0.008565458003431559,0.008825667086057365,0.0007272500079125166,0.034651416121050715,0.07360000000335276,7.304106839001179e-05,0.15595391707029194,0.010148958070203662,0.1661028751404956,1.8125050701200962e-05,8.283299393951893e-05,0.08374895807355642,0.26557141705416143,0.4258056249236688
1069,random_1066,random_cycle_chord,20260823,crossing_rich,6,200,6,11,16,5.222882361471021,True,True,,perf/incremental-yamada-frontier-order,1d8374f42cccbb16d78d44100a65ca603d7d1997,3.14.7,macOS-26.6.2-arm64-arm-64bit-Mach-O,arm,0.04660708305891603,0.14964008296374232,0.05335625004954636,0.0116827089805156,0.013199082924984396,0.026039207936264575,5.9292069636285305e-05,0.013406042009592056,0.01422058290336281,0.0016240410041064024,0.05534916592296213,0.1336325000738725,0.00010349997319281101,0.21654391707852483,0.03381950000766665,0.2503634170861915,2.9125018045306206e-05,0.00017654197290539742,0.16745200008153915,0.3636991661041975,0.5850050420267507
1070,random_1067,random_cycle_chord,20260823,baseline,0,200,3,10,12,4.648453485021201,True,True,,perf/incremental-yamada-frontier-order,1d8374f42cccbb16d78d44100a65ca603d7d1997,3.14.7,macOS-26.6.2-arm64-arm-64bit-Mach-O,arm,0.0323248750064522,0.15386237506754696,0.023882957990281284,0.006828167010098696,0.006632625008933246,0.013038917095400393,2.2416934370994568e-05,0.006713957991451025,0.006878625019453466,0.0005267079686746001,0.02718062500935048,0.06454441696405411,7.145898416638374e-05,0.15382458397652954,0.008545750053599477,0.16237033403012902,1.750001683831215e-05,7.733295205980539e-05,0.07309016701765358,0.25927741709165275,0.41751795797608793
1071,random_1068,random_cycle_chord,20260823,baseline,0,200,3,11,13,4.13384845551073,True,True,,perf/incremental-yamada-frontier-order,1d8374f42cccbb16d78d44100a65ca603d7d1997,3.14.7,macOS-26.6.2-arm64-arm-64bit-Mach-O,arm,0.03211987507529557,0.14821612497325987,0.01757216698024422,0.00649941700976342,0.006629375042393804,0.012983958004042506,2.1834042854607105e-05,0.006741084042005241,0.006899499916471541,0.0005429580342024565,0.02718933403957635,0.05791012500412762,6.566708907485008e-05,0.16768937499728054,0.00871587498113513,0.17640524997841567,1.3792072422802448e-05,6.574997678399086e-05,0.06662599998526275,0.24696200003381819,0.41883920901454985
1072,random_1069,random_cycle_chord,20260823,baseline,0,200,3,11,13,5.223407622495467,True,True,,perf/incremental-yamada-frontier-order,1d8374f42cccbb16d78d44100a65ca603d7d1997,3.14.7,macOS-26.6.2-arm64-arm-64bit-Mach-O,arm,0.03639395907521248,0.14877233398146927,0.02674524998292327,0.006510542007163167,0.0065818330040201545,0.012903749942779541,2.2166059352457523e-05,0.006719333003275096,0.0069021249655634165,0.0005516670644283295,0.02709904103539884,0.06695658306125551,6.770901381969452e-05,0.16798004100564867,0.00900262501090765,0.17698266601655632,1.4291959814727306e-05,7.01668905094266e-05,0.07595920807216316,0.2611255011288449,0.433280416065827
1073,random_1070,random_cycle_chord,20260823,crossing_rich,4,200,5,8,12,6.584237965916564,True,True,,perf/incremental-yamada-frontier-order,1d8374f42cccbb16d78d44100a65ca603d7d1997,3.14.7,macOS-26.6.2-arm64-arm-64bit-Mach-O,arm,0.04323275003116578,0.14926033397205174,0.06315912504214793,0.009933291003108025,0.010719874990172684,0.021128583000972867,4.133302718400955e-05,0.010962250060401857,0.01169854192994535,0.0014681670581921935,0.04529887507669628,0.12914879200980067,0.0001574999187141657,0.16483654105104506,0.028855875018052757,0.19369241606909782,2.720800694078207e-05,0.00016833399422466755,0.15800466702785343,0.35049775103107095,0.5200938750058413
1074,random_1071,random_cycle_chord,20260823,baseline,0,200,4,11,14,4.080227527944668,True,True,,perf/incremental-yamada-frontier-order,1d8374f42cccbb16d78d44100a65ca603d7d1997,3.14.7,macOS-26.6.2-arm64-arm-64bit-Mach-O,arm,0.03409245901275426,0.14810099999886006,0.022560583078302443,0.007850166992284358,0.008512458065524697,0.01688295800704509,2.8374954126775265e-05,0.008751792018301785,0.008985458058305085,0.0007635829970240593,0.035412166034802794,0.07436179195065051,7.291592191904783e-05,0.18458191701211035,0.011880874983035028,0.19646279199514538,2.008303999900818e-05,9.020790457725525e-05,0.08624266693368554,0.26843612594529986,0.4573349580168724
1075,random_1072,random_cycle_chord,20260823,crossing_rich,3,200,4,8,11,4.168825240133584,True,True,,perf/incremental-yamada-frontier-order,1d8374f42cccbb16d78d44100a65ca603d7d1997,3.14.7,macOS-26.6.2-arm64-arm-64bit-Mach-O,arm,0.0282841669395566,0.14875425002537668,0.03672266600187868,0.009129291982389987,0.010106832953169942,0.019966208026744425,3.0374969355762005e-05,0.010335749946534634,0.010780000011436641,0.000976957962848246,0.04208929091691971,0.09807591699063778,6.7666987888515e-05,0.15017187502235174,0.025253083906136453,0.1754249589284882,1.8708989955484867e-05,0.0001100829103961587,0.12332900089677423,0.3003674178617075,0.4547387500060722
1076,random_1073,random_cycle_chord,20260823,crossing_rich,2,200,4,8,11,6.3761981250699815,True,True,,perf/incremental-yamada-frontier-order,1d8374f42cccbb16d78d44100a65ca603d7d1997,3.14.7,macOS-26.6.2-arm64-arm-64bit-Mach-O,arm,0.03838533291127533,0.14849404199048877,0.05122683406807482,0.008230541949160397,0.008651790907606483,0.017049915972165763,3.004202153533697e-05,0.008860833011567593,0.009315208997577429,0.0009597080061212182,0.03621570800896734,0.10435224999673665,6.616697646677494e-05,0.14555370796006173,0.016975709004327655,0.16252941696438938,1.8832972273230553e-05,0.00010699999984353781,0.1213279590010643,0.3082073339028284,0.45802804199047387
1077,random_1074,random_cycle_chord,20260823,baseline,0,200,3,10,12,4.673938661280933,True,True,,perf/incremental-yamada-frontier-order,1d8374f42cccbb16d78d44100a65ca603d7d1997,3.14.7,macOS-26.6.2-arm64-arm-64bit-Mach-O,arm,0.03181458299513906,0.1478458340279758,0.02030170790385455,0.006496292073279619,0.006538458983413875,0.012907666969113052,2.1458021365106106e-05,0.006701958947815001,0.006924167042598128,0.0005564589519053698,0.027111709932796657,0.060467417002655566,6.0916063375771046e-05,0.14342670794576406,0.008837834000587463,0.15226454194635153,1.3999990187585354e-05,7.033301517367363e-05,0.06930525100324303,0.2489656680263579,0.39653212495613843
1078,random_1075,random_cycle_chord,20260823,baseline,0,200,3,8,10,6.135295884849907,True,True,,perf/incremental-yamada-frontier-order,1d8374f42cccbb16d78d44100a65ca603d7d1997,3.14.7,macOS-26.6.2-arm64-arm-64bit-Mach-O,arm,0.032724416931159794,0.14865850005298853,0.033977874903939664,0.006623249966651201,0.006683000014163554,0.013337207958102226,2.5124987587332726e-05,0.0068994170287624,0.007028041989542544,0.0005415000487118959,0.0278312920127064,0.07513499993365258,7.087504491209984e-05,0.13009837502613664,0.00865233305376023,0.13875070807989687,1.4874967746436596e-05,7.270905189216137e-05,0.08378733298741281,0.26517024997156113,0.39946145797148347
1079,random_1076,random_cycle_chord,20260823,baseline,0,200,3,11,13,5.223320396279255,True,True,,perf/incremental-yamada-frontier-order,1d8374f42cccbb16d78d44100a65ca603d7d1997,3.14.7,macOS-26.6.2-arm64-arm-64bit-Mach-O,arm,0.03653712500818074,0.14762508403509855,0.024943499942310154,0.00645354192238301,0.0066064579878002405,0.013012249954044819,2.1167099475860596e-05,0.0067348749144002795,0.006910416996106505,0.0005144999595358968,0.02719320892356336,0.06521549995522946,6.579188629984856e-05,0.1662404170492664,0.007986541953869164,0.17422695900313556,1.4082994312047958e-05,6.437499541789293e-05,0.07320204190909863,0.2573642509523779,0.4277403340674937
1080,random_1077,random_cycle_chord,20260823,baseline,0,200,3,10,12,5.622669984767195,True,True,,perf/incremental-yamada-frontier-order,1d8374f42cccbb16d78d44100a65ca603d7d1997,3.14.7,macOS-26.6.2-arm64-arm-64bit-Mach-O,arm,0.036392792011611164,0.15864333300851285,0.027277291985228658,0.0067645839881151915,0.006655583041720092,0.013062083045952022,2.3999949917197227e-05,0.006785708013921976,0.006909332936629653,0.0005369579885154963,0.027318081934936345,0.06803512503392994,6.60829246044159e-05,0.15340645890682936,0.008644208079203963,0.16205066698603332,1.7332960851490498e-05,7.375003769993782e-05,0.07667933311313391,0.2717154581332579,0.42936145805288106
1081,random_1078,random_cycle_chord,20260823,baseline,0,200,4,11,14,4.0574756997260115,True,True,,perf/incremental-yamada-frontier-order,1d8374f42cccbb16d78d44100a65ca603d7d1997,3.14.7,macOS-26.6.2-arm64-arm-64bit-Mach-O,arm,0.03481012489646673,0.17535283300094306,0.025726374937221408,0.008280999958515167,0.009823416010476649,0.017466917051933706,6.65419502183795e-05,0.008169625070877373,0.008924708003178239,0.0007885410450398922,0.03541633312124759,0.07931383303366601,0.00010429101530462503,0.19286275003105402,0.01177237497176975,0.20463512500282377,1.937500201165676e-05,8.9708948507905e-05,0.09108620800543576,0.30124916590284556,0.5010290000354871
1082,random_1079,random_cycle_chord,20260823,crossing_rich,2,200,4,10,13,5.625257889738853,True,True,,perf/incremental-yamada-frontier-order,1d8374f42cccbb16d78d44100a65ca603d7d1997,3.14.7,macOS-26.6.2-arm64-arm-64bit-Mach-O,arm,0.04011062497738749,0.15249704208690673,0.048592417035251856,0.008845458971336484,0.009686916950158775,0.01871866697911173,6.095890421420336e-05,0.010095249977894127,0.009993499959819019,0.0009683329844847322,0.03983670880552381,0.10701216699089855,8.79999715834856e-05,0.16324437502771616,0.016356916981749237,0.1796012920094654,1.9417027942836285e-05,0.00011004193220287561,0.12336908397264779,0.315976751036942,0.48367637500632554
1083,random_1080,random_cycle_chord,20260823,baseline,0,200,4,10,13,4.655774448818468,True,True,,perf/incremental-yamada-frontier-order,1d8374f42cccbb16d78d44100a65ca603d7d1997,3.14.7,macOS-26.6.2-arm64-arm-64bit-Mach-O,arm,0.03388070804066956,0.14817837497685105,0.025804916978813708,0.007525290944613516,0.007667624973692,0.015145208919420838,2.875004429370165e-05,0.00786912499461323,0.008125332999043167,0.0007472920697182417,0.03191570902708918,0.07294012501370162,7.087492849677801e-05,0.16570379200857133,0.011484417016617954,0.17718820902518928,1.825008075684309e-05,8.50410433486104e-05,0.08442454203031957,0.2664836250478402,0.43648029200267047
1084,random_1081,random_cycle_chord,20260823,baseline,0,200,4,11,14,4.038477681455387,True,True,,perf/incremental-yamada-frontier-order,1d8374f42cccbb16d78d44100a65ca603d7d1997,3.14.7,macOS-26.6.2-arm64-arm-64bit-Mach-O,arm,0.03552741603925824,0.1513496250845492,0.020722542074508965,0.007827708963304758,0.00830395903903991,0.01631845801603049,3.0208961106836796e-05,0.008437625016085804,0.008668874972499907,0.0007158339722082019,0.03417100093793124,0.07105254102498293,7.529102731496096e-05,0.18134687503334135,0.01076641702093184,0.1921132920542732,1.8916907720267773e-05,8.174998220056295e-05,0.08181895804591477,0.2686959991697222,0.45434879104141146
1085,random_1082,random_cycle_chord,20260823,crossing_rich,5,200,5,8,12,4.176498662681881,True,True,,perf/incremental-yamada-frontier-order,1d8374f42cccbb16d78d44100a65ca603d7d1997,3.14.7,macOS-26.6.2-arm64-arm-64bit-Mach-O,arm,0.030330666922964156,0.1487577500520274,0.034616958000697196,0.01096904103178531,0.012499875039793551,0.02490629197563976,3.787502646446228e-05,0.012769458000548184,0.013430959079414606,0.001349582918919623,0.052494167000986636,0.11061379197053611,0.00016050005797296762,0.2656001669820398,0.027275666943751276,0.2928758339257911,3.3833086490631104e-05,0.0001676669344305992,0.1378894589142874,0.31697787588927895,0.5869671669788659
1086,random_1083,random_cycle_chord,20260823,baseline,0,200,3,10,12,4.673476199189524,True,True,,perf/incremental-yamada-frontier-order,1d8374f42cccbb16d78d44100a65ca603d7d1997,3.14.7,macOS-26.6.2-arm64-arm-64bit-Mach-O,arm,0.03311558300629258,0.1490301659796387,0.024016167037189007,0.006701832986436784,0.006729000015184283,0.013227750081568956,2.162496093660593e-05,0.006880040979012847,0.0070757908979430795,0.0005422499962151051,0.027747456915676594,0.06521308398805559,6.612495053559542e-05,0.14183458290062845,0.008281333022750914,0.15011591592337936,1.4208955690264702e-05,6.954197306185961e-05,0.0734944170108065,0.2556401659967378,0.4016410830663517
1087,random_1084,random_cycle_chord,20260823,crossing_rich,8,200,7,15,21,4.045854011506745,True,True,,perf/incremental-yamada-frontier-order,1d8374f42cccbb16d78d44100a65ca603d7d1997,3.14.7,macOS-26.6.2-arm64-arm-64bit-Mach-O,arm,0.05278908391483128,0.1492334579816088,0.048424834036268294,0.016332916915416718,0.01626725005917251,0.032025541993789375,6.858294364064932e-05,0.01653133297804743,0.01751320797484368,0.0020272500114515424,0.06816591590177268,0.14924229099415243,0.00012166600208729506,0.29175637499429286,0.04625545802991837,0.33801183302421123,3.6375015042722225e-05,0.0002204999327659607,0.1954977490240708,0.3975202909205109,0.694579791976139
1088,random_1085,random_cycle_chord,20260823,baseline,0,200,3,9,11,5.4110457730010815,True,True,,perf/incremental-yamada-frontier-order,1d8374f42cccbb16d78d44100a65ca603d7d1997,3.14.7,macOS-26.6.2-arm64-arm-64bit-Mach-O,arm,0.03231466608121991,0.14873454091139138,0.025340417050756514,0.006681291968561709,0.0067159999161958694,0.013163291965611279,2.133403904736042e-05,0.00680199998896569,0.007022958947345614,0.0005344169912859797,0.027544001932255924,0.0663007500115782,6.083399057388306e-05,0.14252829097677022,0.00867958297021687,0.1512078739469871,1.362490002065897e-05,6.9082947447896e-05,0.07498033298179507,0.25602953997440636,0.4027285829652101
1089,random_1086,random_cycle_chord,20260823,baseline,0,200,3,10,12,4.628171649607608,True,True,,perf/incremental-yamada-frontier-order,1d8374f42cccbb16d78d44100a65ca603d7d1997,3.14.7,macOS-26.6.2-arm64-arm-64bit-Mach-O,arm,0.03110083402134478,0.14816891693044454,0.02101483300793916,0.006634125020354986,0.006805208045989275,0.013417167006991804,2.254103310406208e-05,0.0069344580406323075,0.007121916976757348,0.0005541659193113446,0.028050248976796865,0.06252329202834517,6.337498780339956e-05,0.14933429204393178,0.008483250043354928,0.1578175420872867,1.3832934200763702e-05,6.408290937542915e-05,0.0710065420717001,0.2502762930234894,0.40371945896185935
1090,random_1087,random_cycle_chord,20260823,baseline,0,200,4,14,17,4.2882513650298115,True,True,,perf/incremental-yamada-frontier-order,1d8374f42cccbb16d78d44100a65ca603d7d1997,3.14.7,macOS-26.6.2-arm64-arm-64bit-Mach-O,arm,0.042714291950687766,0.14818449993617833,0.022867875057272613,0.007888291962444782,0.00858991697896272,0.016990332980640233,2.9207905754446983e-05,0.008769250009208918,0.008959459024481475,0.0007195000071078539,0.035467749927192926,0.07484025007579476,8.579203858971596e-05,0.21890454192180187,0.010768249980174005,0.22967279190197587,1.8000020645558834e-05,8.204102050513029e-05,0.08560850005596876,0.27650729194283485,0.49970095802564174
1091,random_1088,random_cycle_chord,20260823,baseline,0,200,3,10,12,4.64862904535769,True,True,,perf/incremental-yamada-frontier-order,1d8374f42cccbb16d78d44100a65ca603d7d1997,3.14.7,macOS-26.6.2-arm64-arm-64bit-Mach-O,arm,0.031577666057273746,0.1483503330964595,0.021579041960649192,0.0064457079861313105,0.006631999975070357,0.01301220792811364,2.204196061939001e-05,0.006746958009898663,0.0069058750523254275,0.0005507499445229769,0.027237832895480096,0.06191366701386869,6.354204379022121e-05,0.1447971670422703,0.008817791938781738,0.15361495898105204,1.433398574590683e-05,7.033301517367363e-05,0.07073145895265043,0.2506594581063837,0.3996464580995962
1092,random_1089,random_cycle_chord,20260823,baseline,0,200,3,8,10,6.124614340590667,True,True,,perf/incremental-yamada-frontier-order,1d8374f42cccbb16d78d44100a65ca603d7d1997,3.14.7,macOS-26.6.2-arm64-arm-64bit-Mach-O,arm,0.032431542058475316,0.14837233303114772,0.033354499959386885,0.006627833005040884,0.006673958036117256,0.013141792034730315,2.13750172406435e-05,0.006793291890062392,0.006975333904847503,0.0005348750855773687,0.027466667932458222,0.07414162496570498,5.720800254493952e-05,0.12849104090128094,0.008360333973541856,0.1368513748748228,1.4040968380868435e-05,6.679107900708914e-05,0.08250195893924683,0.26330583402886987,0.39594370895065367
1093,random_1090,random_cycle_chord,20260823,baseline,0,200,3,9,11,5.355836334792019,True,True,,perf/incremental-yamada-frontier-order,1d8374f42cccbb16d78d44100a65ca603d7d1997,3.14.7,macOS-26.6.2-arm64-arm-64bit-Mach-O,arm,0.03203887492418289,0.14805954205803573,0.026000624988228083,0.006231417064554989,0.006398582947440445,0.012560000061057508,2.13750172406435e-05,0.006541666924022138,0.006716375006362796,0.0005569159984588623,0.026396333007141948,0.06504537502769381,7.341592572629452e-05,0.1482030829647556,0.009849834023043513,0.1580529169877991,2.2208900190889835e-05,8.433300536125898e-05,0.07489520905073732,0.25499362603295594,0.4074252920690924
1094,random_1091,random_cycle_chord,20260823,baseline,0,200,3,10,12,4.649548520613088,True,True,,perf/incremental-yamada-frontier-order,1d8374f42cccbb16d78d44100a65ca603d7d1997,3.14.7,macOS-26.6.2-arm64-arm-64bit-Mach-O,arm,0.032976833055727184,0.15087445895187557,0.02475370792672038,0.00746691704262048,0.006849542027339339,0.013968916959129274,4.8042042180895805e-05,0.007156000006943941,0.0069315420696511865,0.0005533749936148524,0.02865787607152015,0.06775454198941588,7.879198528826237e-05,0.14349408308044076,0.008162000100128353,0.1516560831805691,1.6584061086177826e-05,7.26659782230854e-05,0.07591654208954424,0.259767834097147,0.40745329204946756
1095,random_1092,random_cycle_chord,20260823,baseline,0,200,3,8,10,6.144612464169698,True,True,,perf/incremental-yamada-frontier-order,1d8374f42cccbb16d78d44100a65ca603d7d1997,3.14.7,macOS-26.6.2-arm64-arm-64bit-Mach-O,arm,0.032374082948081195,0.14843775006011128,0.030678125098347664,0.006703874911181629,0.006700000027194619,0.013333833892829716,2.158398274332285e-05,0.0068448749370872974,0.007117334054782987,0.0005835420452058315,0.027901168912649155,0.07200275000650436,5.745899397879839e-05,0.1302503750193864,0.010250500054098666,0.14050087507348508,1.8666964024305344e-05,8.091598283499479e-05,0.08225325006060302,0.2630650830687955,0.3974923749919981
1096,random_1093,random_cycle_chord,20260823,baseline,0,200,4,10,13,4.687740181007886,True,True,,perf/incremental-yamada-frontier-order,1d8374f42cccbb16d78d44100a65ca603d7d1997,3.14.7,macOS-26.6.2-arm64-arm-64bit-Mach-O,arm,0.03583479207009077,0.15099320793524384,0.024290583096444607,0.00793700001668185,0.007651958032511175,0.015182957984507084,3.162503708153963e-05,0.007849916932173073,0.008631541975773871,0.0007415830623358488,0.03243762499187142,0.07234337495174259,9.858293924480677e-05,0.17217270797118545,0.011077916948124766,0.1832506249193102,2.0709005184471607e-05,8.783291559666395e-05,0.08342129189986736,0.27024929190520197,0.4467841659206897
1097,random_1094,random_cycle_chord,20260823,crossing_rich,2,200,4,8,11,6.588136773001817,True,True,,perf/incremental-yamada-frontier-order,1d8374f42cccbb16d78d44100a65ca603d7d1997,3.14.7,macOS-26.6.2-arm64-arm-64bit-Mach-O,arm,0.039046459016390145,0.14933454093988985,0.05476508301217109,0.008551666978746653,0.008908624993637204,0.017570291995070875,3.174995072185993e-05,0.009173957980237901,0.009625167003832757,0.0010111660230904818,0.037412332952953875,0.10966570791788399,7.087504491209984e-05,0.14571100007742643,0.01736408390570432,0.16307508398313075,1.9584083929657936e-05,0.00011095800437033176,0.1270297918235883,0.3154107917798683,0.4654149590060115
1098,random_1095,random_cycle_chord,20260823,crossing_rich,2,200,4,8,11,6.6026143024064785,True,True,,perf/incremental-yamada-frontier-order,1d8374f42cccbb16d78d44100a65ca603d7d1997,3.14.7,macOS-26.6.2-arm64-arm-64bit-Mach-O,arm,0.03959708393085748,0.1490836669690907,0.0560298339696601,0.00828862504567951,0.008559874957427382,0.016836791997775435,2.9708025977015495e-05,0.008700583945028484,0.009180499939247966,0.001006999984383583,0.035754583892412484,0.10865941701922566,6.66249543428421e-05,0.15379329200368375,0.019873291021212935,0.17366658302489668,3.587501123547554e-05,0.00013404095079749823,0.1285327080404386,0.31721345894038677,0.47543108300305903
1099,random_1096,random_cycle_chord,20260823,crossing_rich,6,200,6,10,15,5.619907881299059,True,True,,perf/incremental-yamada-frontier-order,1d8374f42cccbb16d78d44100a65ca603d7d1997,3.14.7,macOS-26.6.2-arm64-arm-64bit-Mach-O,arm,0.05547825002577156,0.15041687502525747,0.057889207964763045,0.011425624950788915,0.0128522920422256,0.025371541967615485,4.4625019654631615e-05,0.013178583001717925,0.01406812493223697,0.0017090840265154839,0.054371958947740495,0.13657950004562736,0.000225124997086823,0.21021437493618578,0.03475424996577203,0.2449686249019578,3.1708041206002235e-05,0.00018112501129508018,0.1713337500113994,0.3772288750624284,0.5925817498937249
1100,random_1097,random_cycle_chord,20260823,crossing_rich,5,200,5,8,12,4.20743836952952,True,True,,perf/incremental-yamada-frontier-order,1d8374f42cccbb16d78d44100a65ca603d7d1997,3.14.7,macOS-26.6.2-arm64-arm-64bit-Mach-O,arm,0.030976667068898678,0.1588272500084713,0.04269545804709196,0.011262790998443961,0.012416834011673927,0.02456799999345094,3.6958022974431515e-05,0.012709207949228585,0.01343108294531703,0.0013537909835577011,0.05209903989452869,0.1185070420615375,0.000171166961081326,0.2637839999515563,0.030980083043687046,0.29476408299524337,2.675002906471491e-05,0.0001486249966546893,0.14948712510522455,0.33929104218259454,0.607555458904244
1101,random_1098,random_cycle_chord,20260823,crossing_rich,6,200,6,12,17,4.8023399148055415,True,True,,perf/incremental-yamada-frontier-order,1d8374f42cccbb16d78d44100a65ca603d7d1997,3.14.7,macOS-26.6.2-arm64-arm-64bit-Mach-O,arm,0.04639029107056558,0.14862379198893905,0.04916158295236528,0.011730542057193816,0.013195417006500065,0.026099874987266958,6.083305925130844e-05,0.013395500020124018,0.014212124980986118,0.0017201249720528722,0.055488458019681275,0.1296262500109151,9.608303662389517e-05,0.23058691702317446,0.035416207974776626,0.2660031249979511,2.933293581008911e-05,0.0001824169885367155,0.16504245798569173,0.36005654104519635,0.595365333952941
1102,random_1099,random_cycle_chord,20260823,baseline,0,200,4,10,13,4.64833584898577,True,True,,perf/incremental-yamada-frontier-order,1d8374f42cccbb16d78d44100a65ca603d7d1997,3.14.7,macOS-26.6.2-arm64-arm-64bit-Mach-O,arm,0.03392716601956636,0.148361291969195,0.02551683399360627,0.007490209070965648,0.007614083006046712,0.014993458986282349,2.8832932002842426e-05,0.007793333032168448,0.008034374914132059,0.0007194579811766744,0.03156945784576237,0.07221691601444036,7.529195863753557e-05,0.1660931659862399,0.011159458081237972,0.17725262406747788,1.8583028577268124e-05,8.158304262906313e-05,0.08337637409567833,0.2656648320844397,0.43604275002144277
1103,random_1100,random_cycle_chord,20260823,baseline,0,200,3,8,10,6.13909927842546,True,True,,perf/incremental-yamada-frontier-order,1d8374f42cccbb16d78d44100a65ca603d7d1997,3.14.7,macOS-26.6.2-arm64-arm-64bit-Mach-O,arm,0.032284250017255545,0.14819945895578712,0.03251575003378093,0.0066197499400004745,0.0067417919635772705,0.013287708046846092,2.158398274332285e-05,0.006875667022541165,0.007056124974042177,0.0005474579520523548,0.027788541978225112,0.07368483406025916,6.154202856123447e-05,0.12944487493950874,0.009162000031210482,0.13860687497071922,1.3874960131943226e-05,6.766605656594038e-05,0.08284683409146965,0.2633305430645123,0.3969110840698704
1104,random_1101,random_cycle_chord,20260823,baseline,0,200,3,10,12,4.654403038559714,True,True,,perf/incremental-yamada-frontier-order,1d8374f42cccbb16d78d44100a65ca603d7d1997,3.14.7,macOS-26.6.2-arm64-arm-64bit-Mach-O,arm,0.0315049170749262,0.14790045807603747,0.02179704199079424,0.0064117079600691795,0.006455583032220602,0.012758999946527183,2.150004729628563e-05,0.006568749900907278,0.006805208045989275,0.0005512499483302236,0.026705707889050245,0.061389375012367964,7.229100447148085e-05,0.1538018750725314,0.008601709036156535,0.16240358410868794,1.3332930393517017e-05,6.812508217990398e-05,0.0699910840485245,0.24939645919948816,0.40733658301178366
1105,random_1102,random_cycle_chord,20260823,baseline,0,200,4,11,14,4.055488576879521,True,True,,perf/incremental-yamada-frontier-order,1d8374f42cccbb16d78d44100a65ca603d7d1997,3.14.7,macOS-26.6.2-arm64-arm-64bit-Mach-O,arm,0.03442820790223777,0.14833283401094377,0.021738957962952554,0.007715624989941716,0.008259000023826957,0.01620462501887232,2.9082992114126682e-05,0.008407750050537288,0.00868274993263185,0.0007250000489875674,0.03404920804314315,0.07179004105273634,7.475004531443119e-05,0.18066391593310982,0.011035292060114443,0.19169920799322426,1.7542042769491673e-05,8.300004992634058e-05,0.08282533311285079,0.26558637502603233,0.4505427909316495
1106,random_1103,random_cycle_chord,20260823,crossing_rich,4,200,5,10,14,5.625781019553049,True,True,,perf/incremental-yamada-frontier-order,1d8374f42cccbb16d78d44100a65ca603d7d1997,3.14.7,macOS-26.6.2-arm64-arm-64bit-Mach-O,arm,0.042389667010866106,0.14866979094222188,0.05453770805615932,0.009848583955317736,0.01068020798265934,0.02095375000499189,3.6833924241364e-05,0.010871541919186711,0.011609832989051938,0.0013480830239132047,0.04482004186138511,0.11992025002837181,8.279201574623585e-05,0.1729481250513345,0.026065542013384402,0.1990136670647189,2.3499946109950542e-05,0.0001425000373274088,0.1459857920417562,0.3370452499948442,0.5144559160107747
1107,random_1104,random_cycle_chord,20260823,baseline,0,200,3,9,11,5.384292374384374,True,True,,perf/incremental-yamada-frontier-order,1d8374f42cccbb16d78d44100a65ca603d7d1997,3.14.7,macOS-26.6.2-arm64-arm-64bit-Mach-O,arm,0.031706999987363815,0.14749837503768504,0.025910791009664536,0.006762917037121952,0.007025624974630773,0.0138271659379825,2.091703936457634e-05,0.007159041939303279,0.007288207998499274,0.0005100000416859984,0.028805332956835628,0.06852312490809709,6.612506695091724e-05,0.14161029201932251,0.008296124986372888,0.1499064170056954,1.3708020560443401e-05,6.270792800933123e-05,0.07681924989446998,0.25602462491951883,0.401745916926302
1108,random_1105,random_cycle_chord,20260823,crossing_rich,3,200,5,11,15,4.628762163555855,True,True,,perf/incremental-yamada-frontier-order,1d8374f42cccbb16d78d44100a65ca603d7d1997,3.14.7,macOS-26.6.2-arm64-arm-64bit-Mach-O,arm,0.038863749941810966,0.14808858302421868,0.04302266601007432,0.00943275005556643,0.010157958953641355,0.0199811669299379,3.8792029954493046e-05,0.010419665952213109,0.010973084019497037,0.0012025829637423158,0.04261529189534485,0.10526704206131399,8.412497118115425e-05,0.19662758393678814,0.02143691701348871,0.21806450095027685,2.2707972675561905e-05,0.00012924999464303255,0.1267039590748027,0.31365629204083234,0.5147389579797164
1109,random_1106,random_cycle_chord,20260823,baseline,0,200,3,10,12,4.701596104375613,True,True,,perf/incremental-yamada-frontier-order,1d8374f42cccbb16d78d44100a65ca603d7d1997,3.14.7,macOS-26.6.2-arm64-arm-64bit-Mach-O,arm,0.03130704094655812,0.14805333293043077,0.02446708409115672,0.0066741249756887555,0.0067724579712376,0.013290375005453825,2.104195300489664e-05,0.006887124967761338,0.0071027500089257956,0.000558583065867424,0.02785987500101328,0.06579220807179809,6.195902824401855e-05,0.14242445910349488,0.008971625007689,0.15139608411118388,1.3874960131943226e-05,6.929202936589718e-05,0.07476383307948709,0.254124206956476,0.40068337495904416
1110,random_1107,random_cycle_chord,20260823,crossing_rich,2,200,4,11,14,5.044324622093027,True,True,,perf/incremental-yamada-frontier-order,1d8374f42cccbb16d78d44100a65ca603d7d1997,3.14.7,macOS-26.6.2-arm64-arm-64bit-Mach-O,arm,0.03907958301715553,0.14806099992711097,0.038998792064376175,0.008447583066299558,0.009027749998494983,0.017919750069268048,2.9207905754446983e-05,0.009296750067733228,0.009712417027913034,0.0009577909950166941,0.03791591606568545,0.09441691695246845,7.291696965694427e-05,0.1826724170241505,0.016754542011767626,0.19942695903591812,1.9167084246873856e-05,0.00010750000365078449,0.11117145896423608,0.2983120419085026,0.48526158405002207
1111,random_1108,random_cycle_chord,20260823,baseline,0,200,4,11,14,4.032515494540895,True,True,,perf/incremental-yamada-frontier-order,1d8374f42cccbb16d78d44100a65ca603d7d1997,3.14.7,macOS-26.6.2-arm64-arm-64bit-Mach-O,arm,0.03426058299373835,0.1479645420331508,0.02067162503954023,0.007722208043560386,0.008306083967909217,0.01630191702861339,2.875004429370165e-05,0.008473832975141704,0.008662124979309738,0.0006908749928697944,0.034157500020228326,0.07088337489403784,7.445900700986385e-05,0.18182945798616856,0.010270167025737464,0.19209962501190603,1.7874990589916706e-05,7.779092993587255e-05,0.08115354191977531,0.26337866694666445,0.4494610840920359
1112,random_1109,random_cycle_chord,20260823,baseline,0,200,3,8,10,6.166401633088776,True,True,,perf/incremental-yamada-frontier-order,1d8374f42cccbb16d78d44100a65ca603d7d1997,3.14.7,macOS-26.6.2-arm64-arm-64bit-Mach-O,arm,0.03269849997013807,0.14851904090028256,0.030613458948209882,0.006653042044490576,0.006707166088744998,0.013248875038698316,2.1499930880963802e-05,0.0068790840450674295,0.007075625006109476,0.0006074999691918492,0.027832583989948034,0.07182604202535003,5.633395630866289e-05,0.12775466602761298,0.009785583009943366,0.13754024903755635,1.395796425640583e-05,7.537507917732e-05,0.0816116250352934,0.26282916590571404,0.39472075004596263
1113,random_1110,random_cycle_chord,20260823,crossing_rich,5,200,5,9,13,4.207066476823138,True,True,,perf/incremental-yamada-frontier-order,1d8374f42cccbb16d78d44100a65ca603d7d1997,3.14.7,macOS-26.6.2-arm64-arm-64bit-Mach-O,arm,0.0328455000417307,0.14865975000429899,0.04143308300990611,0.010447416920214891,0.011968917096965015,0.02360879094339907,3.6917044781148434e-05,0.012179292039945722,0.012885833042673767,0.0013772909296676517,0.05008812400046736,0.11396999994758517,7.695902604609728e-05,0.18152266601100564,0.030282083083875477,0.21180474909488112,2.650008536875248e-05,0.0001582909608259797,0.14425208303146064,0.32575733307749033,0.5117878329474479
1114,random_1111,random_cycle_chord,20260823,crossing_rich,5,200,5,8,12,4.238191312370799,True,True,,perf/incremental-yamada-frontier-order,1d8374f42cccbb16d78d44100a65ca603d7d1997,3.14.7,macOS-26.6.2-arm64-arm-64bit-Mach-O,arm,0.03166729095391929,0.14989074994809926,0.04493291606195271,0.011056915973313153,0.012724332977086306,0.02470745798200369,4.012498538941145e-05,0.012788582942448556,0.013544874964281917,0.0013626660220324993,0.05244370689615607,0.12120625004172325,0.0002698330208659172,0.2942654169164598,0.027844791067764163,0.32211020798422396,3.6207959055900574e-05,0.00015900004655122757,0.14905104110948741,0.33060908201150596,0.6294467500410974
1115,random_1112,random_cycle_chord,20260823,crossing_rich,5,200,5,9,13,4.148978708418978,True,True,,perf/incremental-yamada-frontier-order,1d8374f42cccbb16d78d44100a65ca603d7d1997,3.14.7,macOS-26.6.2-arm64-arm-64bit-Mach-O,arm,0.03404479206074029,0.1539075409527868,0.039160125073976815,0.01079970900900662,0.012317541986703873,0.02425187500193715,3.699993249028921e-05,0.012587792007252574,0.013238959014415741,0.0013274999801069498,0.051443125936202705,0.11375354207120836,7.704098243266344e-05,0.17508095793891698,0.02840637497138232,0.2034873329102993,2.5625107809901237e-05,0.00015350000467151403,0.14215991704259068,0.3301122500561178,0.5102475410094485
1116,random_1113,random_cycle_chord,20260823,crossing_rich,5,200,5,9,13,4.219780623116093,True,True,,perf/incremental-yamada-frontier-order,1d8374f42cccbb16d78d44100a65ca603d7d1997,3.14.7,macOS-26.6.2-arm64-arm-64bit-Mach-O,arm,0.03321650007274002,0.15223041700664908,0.041673375060781837,0.010989291942678392,0.012417541001923382,0.024101959075778723,5.470798350870609e-05,0.012828333070501685,0.013359667034819722,0.0014089170144870877,0.051753584179095924,0.11688916699495167,0.00010170903988182545,0.18202991608995944,0.028175667044706643,0.21020558313466609,2.8916052542626858e-05,0.00016425002831965685,0.1450648340396583,0.3305117511190474,0.5173955410718918
1117,random_1114,random_cycle_chord,20260823,baseline,0,200,3,8,10,6.187479568600145,True,True,,perf/incremental-yamada-frontier-order,1d8374f42cccbb16d78d44100a65ca603d7d1997,3.14.7,macOS-26.6.2-arm64-arm-64bit-Mach-O,arm,0.035211917012929916,0.15026220795698464,0.03293904208112508,0.006800166913308203,0.0068786670453846455,0.013190167024731636,2.5999965146183968e-05,0.006980499951168895,0.007066000020131469,0.0005579999415203929,0.027820666902698576,0.07447666593361646,7.004092913120985e-05,0.1351964579662308,0.010174041031859815,0.14537049899809062,2.1249987185001373e-05,8.120795246213675e-05,0.08465070696547627,0.27012483193539083,0.4095977080287412
1118,random_1115,random_cycle_chord,20260823,baseline,0,200,3,9,11,5.384954963940251,True,True,,perf/incremental-yamada-frontier-order,1d8374f42cccbb16d78d44100a65ca603d7d1997,3.14.7,macOS-26.6.2-arm64-arm-64bit-Mach-O,arm,0.03399000002536923,0.14933999988716096,0.030284584034234285,0.00685400003567338,0.006988999899476767,0.013913457980379462,2.4667009711265564e-05,0.007318249903619289,0.007719999994151294,0.000618165940977633,0.029594540828838944,0.07374170806724578,7.516704499721527e-05,0.14873637503478676,0.013897250057198107,0.16263362509198487,1.7042038962244987e-05,7.933401502668858e-05,0.08763895812444389,0.2709689580369741,0.4312993750208989
1119,random_1116,random_cycle_chord,20260823,baseline,0,200,3,10,12,4.659891863109565,True,True,,perf/incremental-yamada-frontier-order,1d8374f42cccbb16d78d44100a65ca603d7d1997,3.14.7,macOS-26.6.2-arm64-arm-64bit-Mach-O,arm,0.07374116696882993,0.1524236670229584,0.020969416946172714,0.006829666090197861,0.006544833071529865,0.01327333296649158,2.704095095396042e-05,0.006732292007654905,0.0070462500443682075,0.0006104590138420463,0.0276893749833107,0.062054416979663074,7.324991747736931e-05,0.14420241699554026,0.00927404104731977,0.15347645804286003,1.6124919056892395e-05,7.716706022620201e-05,0.07132845802698284,0.29749329201877117,0.44595033407676965
1120,random_1117,random_cycle_chord,20260823,baseline,0,200,3,10,12,5.621679710602971,True,True,,perf/incremental-yamada-frontier-order,1d8374f42cccbb16d78d44100a65ca603d7d1997,3.14.7,macOS-26.6.2-arm64-arm-64bit-Mach-O,arm,0.0362551249563694,0.15812512498814613,0.026232582982629538,0.007077499991282821,0.007019000011496246,0.013748041004873812,2.162496093660593e-05,0.007147707976400852,0.007308708969503641,0.0005428750300779939,0.028768957941792905,0.0691171659855172,6.966607179492712e-05,0.15225566702429205,0.009034458082169294,0.16129012510646135,1.650000922381878e-05,7.375003769993782e-05,0.0781516240676865,0.272531874012202,0.42902195802889764
1121,random_1118,random_cycle_chord,20260823,baseline,0,200,4,14,17,4.290636472220774,True,True,,perf/incremental-yamada-frontier-order,1d8374f42cccbb16d78d44100a65ca603d7d1997,3.14.7,macOS-26.6.2-arm64-arm-64bit-Mach-O,arm,0.042483167024329305,0.14788075000979006,0.02250866696704179,0.007800083956681192,0.008077832986600697,0.01591933297459036,2.9166112653911114e-05,0.00824487500358373,0.00848337507341057,0.0007122081005945802,0.03338895726483315,0.07180408295243979,8.729100227355957e-05,0.21934708300977945,0.011123167001642287,0.23047025001142174,1.77919864654541e-05,8.320901542901993e-05,0.08292724995408207,0.27329116698820144,0.4969327920116484
1122,random_1119,random_cycle_chord,20260823,baseline,0,200,3,10,12,5.619853024872162,True,True,,perf/incremental-yamada-frontier-order,1d8374f42cccbb16d78d44100a65ca603d7d1997,3.14.7,macOS-26.6.2-arm64-arm-64bit-Mach-O,arm,0.035440250067040324,0.14801212504971772,0.02601720904931426,0.0068007499212399125,0.007158417021855712,0.014112790930084884,2.1583051420748234e-05,0.007279416895471513,0.0074070419650524855,0.0004999589873477817,0.029320791829377413,0.06931583303958178,6.408302579075098e-05,0.15482549997977912,0.007842291961424053,0.16266779194120318,1.4458084478974342e-05,6.412493530660868e-05,0.07715812500100583,0.2606105001177639,0.4195490839192644
1123,random_1120,random_cycle_chord,20260823,baseline,0,200,3,11,13,4.07120771802165,True,True,,perf/incremental-yamada-frontier-order,1d8374f42cccbb16d78d44100a65ca603d7d1997,3.14.7,macOS-26.6.2-arm64-arm-64bit-Mach-O,arm,0.031620125053450465,0.14870512497145683,0.01938175002578646,0.006660958053544164,0.006771167041733861,0.013310624985024333,2.174999099224806e-05,0.006903334055095911,0.007063917000778019,0.0005307908868417144,0.027830416918732226,0.06066416599787772,6.754102651029825e-05,0.16707216599024832,0.008317333995364606,0.17538949998561293,1.3915938325226307e-05,6.595905870199203e-05,0.06898149999324232,0.24930675001814961,0.4206507079070434
1124,random_1121,random_cycle_chord,20260823,crossing_rich,5,200,5,9,13,4.201629294256714,True,True,,perf/incremental-yamada-frontier-order,1d8374f42cccbb16d78d44100a65ca603d7d1997,3.14.7,macOS-26.6.2-arm64-arm-64bit-Mach-O,arm,0.033199958968907595,0.14937445905525237,0.04241466708481312,0.010942083084955812,0.013266250025480986,0.025086250039748847,7.158401422202587e-05,0.012506416998803616,0.013316959026269615,0.0013855410506948829,0.052366751129738986,0.11905116599518806,0.00011608400382101536,0.17694329097867012,0.028089083032682538,0.20503237401135266,2.5458051823079586e-05,0.00015729200094938278,0.1471402490278706,0.32971466705203056,0.5114012910053134
1125,random_1122,random_cycle_chord,20260823,baseline,0,200,3,8,10,6.152691393581853,True,True,,perf/incremental-yamada-frontier-order,1d8374f42cccbb16d78d44100a65ca603d7d1997,3.14.7,macOS-26.6.2-arm64-arm-64bit-Mach-O,arm,0.03443420794792473,0.15234583406709135,0.03439320798497647,0.007726209005340934,0.0068869589595124125,0.013740791007876396,4.3082982301712036e-05,0.007212833035737276,0.007296791998669505,0.0005793750751763582,0.028872874099761248,0.07790504198055714,7.883296348154545e-05,0.13574541709385812,0.01005795900709927,0.1458033761009574,2.333405427634716e-05,8.462509140372276e-05,0.08796300098765641,0.2747430430026725,0.414908291073516
1126,random_1123,random_cycle_chord,20260823,crossing_rich,3,200,4,8,11,4.14810217055787,True,True,,perf/incremental-yamada-frontier-order,1d8374f42cccbb16d78d44100a65ca603d7d1997,3.14.7,macOS-26.6.2-arm64-arm-64bit-Mach-O,arm,0.028501749970018864,0.1509152080398053,0.037625874974764884,0.00961850001476705,0.010571457911282778,0.02104704105295241,4.7625042498111725e-05,0.010833125095814466,0.011363625060766935,0.0010401250328868628,0.044331541284918785,0.10218066698871553,9.91669949144125e-05,0.15321920905262232,0.018313542008399963,0.17153275106102228,2.3125088773667812e-05,0.0001129580195993185,0.12049420899711549,0.29991116700693965,0.4575928340200335
1127,random_1124,random_cycle_chord,20260823,baseline,0,200,3,10,12,5.628346283428152,True,True,,perf/incremental-yamada-frontier-order,1d8374f42cccbb16d78d44100a65ca603d7d1997,3.14.7,macOS-26.6.2-arm64-arm-64bit-Mach-O,arm,0.03725516702979803,0.14875608310103416,0.031581209041178226,0.00682258396409452,0.006995707983151078,0.013820207910612226,2.2542080841958523e-05,0.007134375046007335,0.007297125062905252,0.0005332920700311661,0.028807542170397937,0.07422712503466755,6.545800715684891e-05,0.15270170802250504,0.008369165938347578,0.16107087396085262,1.4333054423332214e-05,6.870797369629145e-05,0.08259629097301513,0.2686075411038473,0.4254777079913765
1128,random_1125,random_cycle_chord,20260823,crossing_rich,6,200,6,11,16,5.223484228384635,True,True,,perf/incremental-yamada-frontier-order,1d8374f42cccbb16d78d44100a65ca603d7d1997,3.14.7,macOS-26.6.2-arm64-arm-64bit-Mach-O,arm,0.04634779202751815,0.14984633296262473,0.05409570806659758,0.011766750016249716,0.013206665986217558,0.02597583399619907,5.88749535381794e-05,0.013462417060509324,0.014142249943688512,0.0015750840539112687,0.055214460007846355,0.1343314580153674,9.474996477365494e-05,0.21780929202213883,0.0514561670133844,0.26926545903552324,4.0917075239121914e-05,0.00018154096323996782,0.1857876250287518,0.3819817500188947,0.6050829170271754
1129,random_1126,random_cycle_chord,20260823,baseline,0,200,4,11,14,4.051690023588878,True,True,,perf/incremental-yamada-frontier-order,1d8374f42cccbb16d78d44100a65ca603d7d1997,3.14.7,macOS-26.6.2-arm64-arm-64bit-Mach-O,arm,0.04594462504610419,0.16838733293116093,0.019728541024960577,0.007722791051492095,0.008044124930165708,0.019657124998047948,6.929191295057535e-05,0.014657292049378157,0.02633320796303451,0.0009400000562891364,0.06165691697970033,0.09718374989461154,0.00015654193703085184,0.1920349170686677,0.011538166902028024,0.20357308397069573,1.9875005818903446e-05,9.558303281664848e-05,0.10872191679663956,0.3230538747739047,0.5197316659614444
1130,random_1127,random_cycle_chord,20260823,baseline,0,200,3,8,10,6.143094076913457,True,True,,perf/incremental-yamada-frontier-order,1d8374f42cccbb16d78d44100a65ca603d7d1997,3.14.7,macOS-26.6.2-arm64-arm-64bit-Mach-O,arm,0.03332162497099489,0.15503004100173712,0.03267174994107336,0.006808875012211502,0.007130958954803646,0.0137049580225721,3.570795524865389e-05,0.00716058409307152,0.0072547090239822865,0.0005922919372096658,0.028748251032084227,0.07538362499326468,6.945803761482239e-05,0.13066404196433723,0.009631375083699822,0.14029541704803705,1.5333062037825584e-05,7.704203017055988e-05,0.0850150000769645,0.2733666660496965,0.4082188749453053
1131,random_1128,random_cycle_chord,20260823,crossing_rich,2,200,4,8,11,6.575010566535224,True,True,,perf/incremental-yamada-frontier-order,1d8374f42cccbb16d78d44100a65ca603d7d1997,3.14.7,macOS-26.6.2-arm64-arm-64bit-Mach-O,arm,0.04029204207472503,0.14942487503867596,0.056374792009592056,0.008828917052596807,0.008837708039209247,0.017459000111557543,3.0416063964366913e-05,0.009067166014574468,0.009582041995599866,0.001044499920681119,0.03718312410637736,0.11125170800369233,7.070798892527819e-05,0.1497873750049621,0.01880674995481968,0.16859412495978177,1.9749975763261318e-05,0.00012466695625334978,0.130058457958512,0.319775375071913,0.47396133292932063
1132,random_1129,random_cycle_chord,20260823,crossing_rich,4,200,5,9,13,6.082752070192239,True,True,,perf/incremental-yamada-frontier-order,1d8374f42cccbb16d78d44100a65ca603d7d1997,3.14.7,macOS-26.6.2-arm64-arm-64bit-Mach-O,arm,0.043284542043693364,0.15379541600123048,0.058462874963879585,0.010127916932106018,0.010742000071331859,0.021323541994206607,6.716698408126831e-05,0.011041624937206507,0.011681292089633644,0.0013947910629212856,0.04550841706804931,0.12487979105208069,0.00010750000365078449,0.1784805409843102,0.025204750010743737,0.20368529099505395,2.5499961338937283e-05,0.00014887505676597357,0.15008454106282443,0.34716449910774827,0.5303756250068545
1133,random_1130,random_cycle_chord,20260823,crossing_rich,5,200,6,11,16,4.636593218978732,True,True,,perf/incremental-yamada-frontier-order,1d8374f42cccbb16d78d44100a65ca603d7d1997,3.14.7,macOS-26.6.2-arm64-arm-64bit-Mach-O,arm,0.04171387490350753,0.15134329197462648,0.04520716704428196,0.011753708007745445,0.012630583019927144,0.024830374983139336,6.104202475398779e-05,0.013343374943360686,0.013899374986067414,0.0015924160834401846,0.05372658302076161,0.1233661660226062,0.00010866601951420307,0.21915274998173118,0.02985916694160551,0.24901191692333668,3.104202914983034e-05,0.000164708006195724,0.1532253329642117,0.3462824998423457,0.5701212499989197
1134,random_1131,random_cycle_chord,20260823,crossing_rich,3,200,4,8,11,4.222803785832456,True,True,,perf/incremental-yamada-frontier-order,1d8374f42cccbb16d78d44100a65ca603d7d1997,3.14.7,macOS-26.6.2-arm64-arm-64bit-Mach-O,arm,0.02805666602216661,0.14850000001024455,0.0359213330084458,0.00908633298240602,0.010121957981027663,0.01987754099536687,2.9709073714911938e-05,0.010305707924999297,0.010737500037066638,0.000989207997918129,0.04193966602906585,0.09709575003944337,6.700004450976849e-05,0.2420101249590516,0.0265182500006631,0.2685283749597147,2.6541994884610176e-05,0.00011662498582154512,0.12361400004010648,0.30017066607251763,0.546031208941713
1135,random_1132,random_cycle_chord,20260823,baseline,0,200,3,9,11,5.395936971000245,True,True,,perf/incremental-yamada-frontier-order,1d8374f42cccbb16d78d44100a65ca603d7d1997,3.14.7,macOS-26.6.2-arm64-arm-64bit-Mach-O,arm,0.03342108300421387,0.15318887506145984,0.027595374966040254,0.00729245797265321,0.007433208986185491,0.01456570893060416,2.3792032152414322e-05,0.007521292078308761,0.007748833973892033,0.0005517499521374702,0.03041137696709484,0.07275779207702726,7.483398076146841e-05,0.1435833340510726,0.008317500003613532,0.15190083405468613,1.791701652109623e-05,8.054100908339024e-05,0.08107529208064079,0.2676852501463145,0.41560887498781085
1136,random_1133,random_cycle_chord,20260823,baseline,0,200,3,8,10,6.163009999399396,True,True,,perf/incremental-yamada-frontier-order,1d8374f42cccbb16d78d44100a65ca603d7d1997,3.14.7,macOS-26.6.2-arm64-arm-64bit-Mach-O,arm,0.033593000029213727,0.2073049999307841,0.045523749897256494,0.010522207943722606,0.00881237501744181,0.01629004196729511,5.079200491309166e-05,0.01303204195573926,0.009793333010748029,0.0006220829673111439,0.039788291906006634,0.10468754102475941,8.283299393951893e-05,0.13960554206278175,0.00970387493725866,0.1493094170000404,2.029107417911291e-05,8.341693319380283e-05,0.11439141596201807,0.3552894159220159,0.5001895830500871
1137,random_1134,random_cycle_chord,20260823,baseline,0,200,3,13,15,4.567591419756412,True,True,,perf/incremental-yamada-frontier-order,1d8374f42cccbb16d78d44100a65ca603d7d1997,3.14.7,macOS-26.6.2-arm64-arm-64bit-Mach-O,arm,0.04125720798037946,0.15368170896545053,0.023253416060470045,0.007459707907401025,0.007533040945418179,0.014919625013135374,3.7125078961253166e-05,0.007749249925836921,0.00796724995598197,0.0005770829739049077,0.031250332947820425,0.06952295894734561,9.304098784923553e-05,0.20593545795418322,0.009520416962914169,0.2154558749170974,1.558393705636263e-05,7.220800034701824e-05,0.07904337591025978,0.27398229285608977,0.4844675000058487
1138,random_1135,random_cycle_chord,20260823,crossing_rich,2,200,4,8,11,6.419980030069067,True,True,,perf/incremental-yamada-frontier-order,1d8374f42cccbb16d78d44100a65ca603d7d1997,3.14.7,macOS-26.6.2-arm64-arm-64bit-Mach-O,arm,0.039708000025711954,0.19395099999383092,0.05763216596096754,0.008509250008501112,0.008754875045269728,0.017198916990309954,3.4207943826913834e-05,0.00895254104398191,0.009419624926522374,0.000920457998290658,0.03652574890293181,0.11145341594237834,8.195801638066769e-05,0.14745762501843274,0.016839542076922953,0.1642971670953557,4.6791043132543564e-05,0.00011908297892659903,0.1282929580193013,0.36195195803884417,0.514242957928218
1139,random_1136,random_cycle_chord,20260823,baseline,0,200,3,11,13,4.073403328009313,True,True,,perf/incremental-yamada-frontier-order,1d8374f42cccbb16d78d44100a65ca603d7d1997,3.14.7,macOS-26.6.2-arm64-arm-64bit-Mach-O,arm,0.03334733296651393,0.15051454200875014,0.0183463750872761,0.006848750053904951,0.006770874955691397,0.013720083981752396,3.724999260157347e-05,0.007587999920360744,0.00781304098200053,0.0005880410317331553,0.029746415908448398,0.06173220800701529,8.712499402463436e-05,0.1709239169722423,0.010139083955436945,0.18106300092767924,2.4333014152944088e-05,9.291700553148985e-05,0.07187129196245223,0.2557331669377163,0.4310030840570107
1140,random_1137,random_cycle_chord,20260823,baseline,0,200,3,11,13,5.227990095707577,True,True,,perf/incremental-yamada-frontier-order,1d8374f42cccbb16d78d44100a65ca603d7d1997,3.14.7,macOS-26.6.2-arm64-arm-64bit-Mach-O,arm,0.03840216703247279,0.15954404103104025,0.023971957969479263,0.006984584033489227,0.00673766597174108,0.01317987497895956,2.1916930563747883e-05,0.006886041024699807,0.007028041989542544,0.000547208939678967,0.027663083863444626,0.06537741608917713,7.216702215373516e-05,0.1690355830360204,0.008675874909386039,0.17771145794540644,1.6125035472214222e-05,7.379194721579552e-05,0.07405329099856317,0.2719994990620762,0.445282542030327
1141,random_1138,random_cycle_chord,20260823,crossing_rich,2,200,4,10,13,5.440353727504367,True,True,,perf/incremental-yamada-frontier-order,1d8374f42cccbb16d78d44100a65ca603d7d1997,3.14.7,macOS-26.6.2-arm64-arm-64bit-Mach-O,arm,0.03854879201389849,0.15487304097041488,0.051947625004686415,0.00863970909267664,0.00874312489759177,0.017017124919220805,3.5958015359938145e-05,0.008856290951371193,0.009323125006631017,0.0009416249813511968,0.03617412387393415,0.10554179199971259,9.370793122798204e-05,0.1850902499863878,0.018443999928422272,0.20353424991481006,2.3041036911308765e-05,0.00010999990627169609,0.12398579192813486,0.3174076249124482,0.5069305829238147
1142,random_1139,random_cycle_chord,20260823,crossing_rich,5,200,5,9,13,4.253089718749662,True,True,,perf/incremental-yamada-frontier-order,1d8374f42cccbb16d78d44100a65ca603d7d1997,3.14.7,macOS-26.6.2-arm64-arm-64bit-Mach-O,arm,0.037528041983023286,0.15446958306711167,0.04323858302086592,0.011332374997437,0.01227800000924617,0.024074999964796007,5.708297248929739e-05,0.012611084035597742,0.013106666970998049,0.0013522080844268203,0.051202042028307915,0.11809649993665516,0.00010195898357778788,0.18481791706290096,0.033414916950277984,0.21823283401317894,0.00010133394971489906,0.0003493749536573887,0.15151141688693315,0.3435090419370681,0.5341365840286016
1143,random_1140,random_cycle_chord,20260823,crossing_rich,3,200,4,8,11,4.211299195157338,True,True,,perf/incremental-yamada-frontier-order,1d8374f42cccbb16d78d44100a65ca603d7d1997,3.14.7,macOS-26.6.2-arm64-arm-64bit-Mach-O,arm,0.028918624971993268,0.15198758291080594,0.033633458078838885,0.009508749935775995,0.01022745796944946,0.020021500065922737,4.2541068978607655e-05,0.010562625015154481,0.010867999983020127,0.0009650830179452896,0.04245974915102124,0.09587133303284645,9.591702837496996e-05,0.24339200009126216,0.018066250020638108,0.26145825011190027,2.1792016923427582e-05,0.00011429202277213335,0.11393758305348456,0.29484379093628377,0.5424760839669034
1144,random_1141,random_cycle_chord,20260823,baseline,0,200,4,10,13,4.68178301452286,True,True,,perf/incremental-yamada-frontier-order,1d8374f42cccbb16d78d44100a65ca603d7d1997,3.14.7,macOS-26.6.2-arm64-arm-64bit-Mach-O,arm,0.034324457985349,0.14854487497359514,0.023557042004540563,0.007840333972126245,0.008177125011570752,0.01616066601127386,3.0957977287471294e-05,0.008969874936155975,0.010016708984039724,0.0007997089996933937,0.035977916908450425,0.07557920797262341,0.00011274998541921377,0.19122091692406684,0.014179083053022623,0.20539999997708946,2.637505531311035e-05,9.629200212657452e-05,0.08975829102564603,0.2726276239845902,0.4682830000529066
1145,random_1142,random_cycle_chord,20260823,crossing_rich,4,200,5,10,14,5.427693491218722,True,True,,perf/incremental-yamada-frontier-order,1d8374f42cccbb16d78d44100a65ca603d7d1997,3.14.7,macOS-26.6.2-arm64-arm-64bit-Mach-O,arm,0.053407291998155415,0.16683212493080646,0.04648016707506031,0.009970542043447495,0.010960582992993295,0.02160899993032217,4.299997817724943e-05,0.01124308304861188,0.011917750001884997,0.0013545829569920897,0.046167415915988386,0.113613500026986,9.612494613975286e-05,0.17563958396203816,0.02527345798444003,0.2009130419464782,2.566596958786249e-05,0.00014704104978591204,0.13888695801142603,0.3591263749403879,0.5395762500120327
1146,random_1143,random_cycle_chord,20260823,baseline,0,200,3,11,13,5.227282391545584,True,True,,perf/incremental-yamada-frontier-order,1d8374f42cccbb16d78d44100a65ca603d7d1997,3.14.7,macOS-26.6.2-arm64-arm-64bit-Mach-O,arm,0.03659837495069951,0.1488404159899801,0.025381959043443203,0.00742929195985198,0.0072202919982373714,0.01760695897974074,5.820801015943289e-05,0.008160084020346403,0.009139416040852666,0.0005593750393018126,0.03552404209040105,0.075596958049573,8.466700091958046e-05,0.17589099996257573,0.008524584001861513,0.18441558396443725,1.5332945622503757e-05,6.866699550300837e-05,0.08412154205143452,0.2695603329921141,0.4496563330758363
1147,random_1144,random_cycle_chord,20260823,baseline,0,200,4,10,13,4.666915627140159,True,True,,perf/incremental-yamada-frontier-order,1d8374f42cccbb16d78d44100a65ca603d7d1997,3.14.7,macOS-26.6.2-arm64-arm-64bit-Mach-O,arm,0.034532417077571154,0.15875679103191942,0.0258915409212932,0.007785124937072396,0.007664083037525415,0.01508249994367361,2.945796586573124e-05,0.007868582964874804,0.008086540969088674,0.0007074580062180758,0.031774539849720895,0.073140750057064,6.9082947447896e-05,0.17432416696101427,0.011515624937601388,0.18583979189861566,2.008303999900818e-05,9.125005453824997e-05,0.08465637499466538,0.27794558310415596,0.45668241707608104
1148,random_1145,random_cycle_chord,20260823,baseline,0,200,3,9,11,5.362914283292836,True,True,,perf/incremental-yamada-frontier-order,1d8374f42cccbb16d78d44100a65ca603d7d1997,3.14.7,macOS-26.6.2-arm64-arm-64bit-Mach-O,arm,0.032360709039494395,0.14837495796382427,0.02640558301936835,0.0063593750819563866,0.006388375069946051,0.012556249974295497,2.1582935005426407e-05,0.006522165960632265,0.006692124996334314,0.0005232909461483359,0.026315414812415838,0.06548916699830443,6.241700612008572e-05,0.14834537508431822,0.009087792015634477,0.1574331670999527,1.5125027857720852e-05,7.187505252659321e-05,0.0745769590139389,0.25531262601725757,0.4078320839907974
1149,random_1146,random_cycle_chord,20260823,crossing_rich,5,200,5,8,12,4.1666351341818935,True,True,,perf/incremental-yamada-frontier-order,1d8374f42cccbb16d78d44100a65ca603d7d1997,3.14.7,macOS-26.6.2-arm64-arm-64bit-Mach-O,arm,0.03537449997384101,0.15286308398935944,0.036517292028293014,0.010818665963597596,0.012496625073254108,0.02465866704005748,3.679189831018448e-05,0.012811208958737552,0.013450292055495083,0.0013394589768722653,0.052296418929472566,0.11216195905581117,0.00015812506899237633,0.16028645797632635,0.026384416967630386,0.18667087494395673,2.3667002096772194e-05,0.00014804094098508358,0.13854637602344155,0.326783959986642,0.4916154999518767
1150,random_1147,random_cycle_chord,20260823,crossing_rich,4,200,5,9,13,6.080548163627631,True,True,,perf/incremental-yamada-frontier-order,1d8374f42cccbb16d78d44100a65ca603d7d1997,3.14.7,macOS-26.6.2-arm64-arm-64bit-Mach-O,arm,0.04213487496599555,0.1796306250616908,0.06896841700654477,0.010584292002022266,0.011542332940734923,0.022710666991770267,4.650000482797623e-05,0.011826333007775247,0.012473874958232045,0.00135254196356982,0.048409916926175356,0.13954345905222,9.03330510482192e-05,0.19040324992965907,0.028341833967715502,0.21874508389737457,4.0207989513874054e-05,0.0001545419218018651,0.1678852930199355,0.38965079304762185,0.5882580420002341
1151,random_1148,random_cycle_chord,20260823,baseline,0,200,3,11,13,5.223710091741057,True,True,,perf/incremental-yamada-frontier-order,1d8374f42cccbb16d78d44100a65ca603d7d1997,3.14.7,macOS-26.6.2-arm64-arm-64bit-Mach-O,arm,0.038585291942581534,0.1493198750540614,0.02713908301666379,0.006717540905810893,0.006829374935477972,0.013377042021602392,2.2124964743852615e-05,0.006933790980838239,0.007802458945661783,0.0006792090134695172,0.028814625926315784,0.06952100002672523,0.0001026670215651393,0.16935433296021074,0.008701083017513156,0.1780554159777239,1.4457968063652515e-05,7.270800415426493e-05,0.07822208304423839,0.26612725004088134,0.43974570906721056
1152,random_1149,random_cycle_chord,20260823,baseline,0,200,3,10,12,4.685567481796135,True,True,,perf/incremental-yamada-frontier-order,1d8374f42cccbb16d78d44100a65ca603d7d1997,3.14.7,macOS-26.6.2-arm64-arm-64bit-Mach-O,arm,0.031161457998678088,0.1482367500429973,0.02435191604308784,0.006456458009779453,0.0064721249509602785,0.012780250050127506,2.120796125382185e-05,0.006647584028542042,0.006792417028918862,0.0005220830207690597,0.026763542089611292,0.0640634159790352,6.154098082333803e-05,0.15371674997732043,0.008440834004431963,0.1621575839817524,1.3750046491622925e-05,6.78329961374402e-05,0.07250424998346716,0.25190245802514255,0.4097507919650525
1153,random_1150,random_cycle_chord,20260823,baseline,0,200,3,9,11,5.339796424706656,True,True,,perf/incremental-yamada-frontier-order,1d8374f42cccbb16d78d44100a65ca603d7d1997,3.14.7,macOS-26.6.2-arm64-arm-64bit-Mach-O,arm,0.03148258407600224,0.15511241601780057,0.02603062498383224,0.00665508396923542,0.0065072920406237245,0.012640291941352189,3.2625044696033e-05,0.006505624973215163,0.0067819159012287855,0.0005196660058572888,0.02648012386634946,0.06569308298639953,7.462501525878906e-05,0.14383441710378975,0.0086367919575423,0.15247120906133205,1.937500201165676e-05,7.829105015844107e-05,0.07432987494394183,0.26092487503774464,0.40905987506266683
1154,random_1151,random_cycle_chord,20260823,crossing_rich,2,200,4,10,13,4.965602718969444,True,True,,perf/incremental-yamada-frontier-order,1d8374f42cccbb16d78d44100a65ca603d7d1997,3.14.7,macOS-26.6.2-arm64-arm-64bit-Mach-O,arm,0.03653595899231732,0.1522673749132082,0.04093170806299895,0.00856649992056191,0.008869374985806644,0.01756979094352573,3.0125025659799576e-05,0.009049624903127551,0.009520375053398311,0.0009753329213708639,0.03714524884708226,0.09554079198278487,7.333303801715374e-05,0.2584417089819908,0.0176674589747563,0.2761091679567471,2.1416926756501198e-05,0.00011991697829216719,0.11320825095754117,0.3020115848630667,0.5646206249948591
1155,random_1152,random_cycle_chord,20260823,crossing_rich,4,200,5,11,15,5.224377090713646,True,True,,perf/incremental-yamada-frontier-order,1d8374f42cccbb16d78d44100a65ca603d7d1997,3.14.7,macOS-26.6.2-arm64-arm-64bit-Mach-O,arm,0.04562695790082216,0.15186262491624802,0.04928208398632705,0.010109207942150533,0.011595583986490965,0.022834458970464766,6.374996155500412e-05,0.011911000008694828,0.012438165955245495,0.0013468340039253235,0.048594208899885416,0.11962666700128466,0.00010070798452943563,0.20418645802419633,0.026111625018529594,0.23029808304272592,2.7082976885139942e-05,0.00015154096763581038,0.14573829201981425,0.34322787483688444,0.5520453330827877
1156,random_1153,random_cycle_chord,20260823,crossing_rich,3,200,4,8,11,4.247926745999405,True,True,,perf/incremental-yamada-frontier-order,1d8374f42cccbb16d78d44100a65ca603d7d1997,3.14.7,macOS-26.6.2-arm64-arm-64bit-Mach-O,arm,0.028357499977573752,0.22772904206067324,0.036252290941774845,0.009711041930131614,0.010407709050923586,0.021054584067314863,5.9833982959389687e-05,0.011694457964040339,0.011482917005196214,0.001044958014972508,0.045336751034483314,0.10175545793026686,8.899997919797897e-05,0.24853550002444535,0.026364584104157984,0.27490008412860334,2.008303999900818e-05,0.00012099999003112316,0.12812004203442484,0.38420658407267183,0.6367285420419648
1157,random_1154,random_cycle_chord,20260823,baseline,0,200,3,11,13,4.057045496526885,True,True,,perf/incremental-yamada-frontier-order,1d8374f42cccbb16d78d44100a65ca603d7d1997,3.14.7,macOS-26.6.2-arm64-arm-64bit-Mach-O,arm,0.032073625014163554,0.15221312502399087,0.021946458029560745,0.00647129095159471,0.006678375066258013,0.013085916987620294,2.179096918553114e-05,0.006786915939301252,0.007032583002001047,0.0005537500837817788,0.027480956981889904,0.06259658304043114,6.783392746001482e-05,0.17582345800474286,0.009375958936288953,0.1851994169410318,1.670804340392351e-05,7.599999662488699e-05,0.0719725419767201,0.2562592920148745,0.4363116250606254
1158,random_1155,random_cycle_chord,20260823,crossing_rich,3,200,4,8,11,4.12611363738825,True,True,,perf/incremental-yamada-frontier-order,1d8374f42cccbb16d78d44100a65ca603d7d1997,3.14.7,macOS-26.6.2-arm64-arm-64bit-Mach-O,arm,0.028191708959639072,0.14863145793788135,0.03609833400696516,0.009616167051717639,0.010407165973447263,0.02068266598507762,5.220901221036911e-05,0.010542667005211115,0.011024457984603941,0.0009796669473871589,0.043281666934490204,0.09944762499071658,8.549995254725218e-05,0.15169633296318352,0.01881362497806549,0.170509957941249,2.1625077351927757e-05,0.00011433300096541643,0.11826124996878207,0.2950844168663025,0.451115750009194
1159,random_1156,random_cycle_chord,20260823,crossing_rich,5,200,5,8,12,4.166860673904986,True,True,,perf/incremental-yamada-frontier-order,1d8374f42cccbb16d78d44100a65ca603d7d1997,3.14.7,macOS-26.6.2-arm64-arm-64bit-Mach-O,arm,0.032020249986089766,0.15015883301384747,0.04373337491415441,0.010976999998092651,0.012623207992874086,0.024870040942914784,3.774999640882015e-05,0.012940375017933547,0.013500166940502822,0.0013742090668529272,0.0527225419646129,0.1200944579904899,0.0001819160534068942,0.16609325003810227,0.028199249994941056,0.19429250003304332,2.575002145022154e-05,0.00015120801981538534,0.14829370798543096,0.3304727909853682,0.501130000106059
1160,random_1157,random_cycle_chord,20260823,crossing_rich,4,200,5,8,12,6.60217574006046,True,True,,perf/incremental-yamada-frontier-order,1d8374f42cccbb16d78d44100a65ca603d7d1997,3.14.7,macOS-26.6.2-arm64-arm-64bit-Mach-O,arm,0.04373774991836399,0.15910958300810307,0.0728029579622671,0.010708916001021862,0.011140750022605062,0.021590166026726365,6.574997678399086e-05,0.011250416981056333,0.0121566669549793,0.0014417499769479036,0.04650474991649389,0.14121129200793803,0.0001949169673025608,0.16543366701807827,0.02701687498483807,0.19245054200291634,2.8000096790492535e-05,0.0001599169336259365,0.1682281669927761,0.37107549991924316,0.5412895419867709
1161,random_1158,random_cycle_chord,20260823,crossing_rich,5,200,5,9,13,4.213970975760942,True,True,,perf/incremental-yamada-frontier-order,1d8374f42cccbb16d78d44100a65ca603d7d1997,3.14.7,macOS-26.6.2-arm64-arm-64bit-Mach-O,arm,0.033857000060379505,0.15888212493155152,0.06276875000912696,0.014759290963411331,0.013774791965261102,0.026756874984130263,8.237501606345177e-05,0.014267707942053676,0.04014541592914611,0.004790582926943898,0.0860429567983374,0.1774229999864474,0.0003257079515606165,0.1980291249928996,0.029440042097121477,0.22746916709002107,2.7125002816319466e-05,0.00016404094640165567,0.20686304208356887,0.3996021670754999,0.6032441249117255
1162,random_1159,random_cycle_chord,20260823,crossing_rich,5,200,5,8,12,4.1256702436411725,True,True,,perf/incremental-yamada-frontier-order,1d8374f42cccbb16d78d44100a65ca603d7d1997,3.14.7,macOS-26.6.2-arm64-arm-64bit-Mach-O,arm,0.030606333049945533,0.15027099999133497,0.04028375004418194,0.010842625051736832,0.012645459035411477,0.024889459018595517,3.866699989885092e-05,0.012854999979026616,0.01356470794416964,0.0013883330393582582,0.05273616698104888,0.11654124991036952,0.0002032499760389328,0.1722643340472132,0.029280166956596076,0.20154450100380927,2.4834065698087215e-05,0.0001525420229882002,0.1458214168669656,0.3266987499082461,0.5036240000044927
1163,random_1160,random_cycle_chord,20260823,crossing_rich,2,200,4,9,12,5.823342578972144,True,True,,perf/incremental-yamada-frontier-order,1d8374f42cccbb16d78d44100a65ca603d7d1997,3.14.7,macOS-26.6.2-arm64-arm-64bit-Mach-O,arm,0.039400249952450395,0.14894558303058147,0.048163540894165635,0.008472000015899539,0.008794249966740608,0.017346458043903112,2.920802216976881e-05,0.010008541983552277,0.009666875004768372,0.0009879999561235309,0.03803908301051706,0.10349591705016792,8.216593414545059e-05,0.15610191691666842,0.01677950005978346,0.17288141697645187,1.941609662026167e-05,0.00011249992530792952,0.12027541710995138,0.30862125009298325,0.46905258297920227
1164,random_1161,random_cycle_chord,20260823,baseline,0,200,3,9,11,5.38526534601016,True,True,,perf/incremental-yamada-frontier-order,1d8374f42cccbb16d78d44100a65ca603d7d1997,3.14.7,macOS-26.6.2-arm64-arm-64bit-Mach-O,arm,0.031849041930399835,0.14904229203239083,0.027942667016759515,0.01644091692287475,0.007236749981530011,0.01621350005734712,0.00010791700333356857,0.013921334058977664,0.012537708971649408,0.0009343329584226012,0.04371479304973036,0.09538824995979667,0.00010362500324845314,0.15587866702117026,0.008819959009997547,0.1646986260311678,1.8000020645558834e-05,7.670803461223841e-05,0.10420820896979421,0.2850995429325849,0.44524233299307525
1165,random_1162,random_cycle_chord,20260823,baseline,0,200,3,9,11,5.355663086681038,True,True,,perf/incremental-yamada-frontier-order,1d8374f42cccbb16d78d44100a65ca603d7d1997,3.14.7,macOS-26.6.2-arm64-arm-64bit-Mach-O,arm,0.032068958040326834,0.1481938329525292,0.025911999982781708,0.006499249953776598,0.0064131669932976365,0.012583958101458848,2.095801755785942e-05,0.006567916949279606,0.006757750059477985,0.0005517919780686498,0.026482375105842948,0.06532633304595947,6.129196844995022e-05,0.1459131669253111,0.00943816697690636,0.15535133390221745,1.5874975360929966e-05,7.520790677517653e-05,0.07476450002286583,0.25502729101572186,0.4051568330032751
1166,random_1163,random_cycle_chord,20260823,baseline,0,200,3,9,11,5.402651437956673,True,True,,perf/incremental-yamada-frontier-order,1d8374f42cccbb16d78d44100a65ca603d7d1997,3.14.7,macOS-26.6.2-arm64-arm-64bit-Mach-O,arm,0.03664225002285093,0.17843758407980204,0.02756641700398177,0.006819125032052398,0.0067780830431729555,0.01325387496035546,2.2458028979599476e-05,0.006887833005748689,0.007026916020549834,0.0005272079724818468,0.02771828998811543,0.06890212500002235,6.025005131959915e-05,0.1432227500481531,0.008518708986230195,0.1517414590343833,1.4999997802078724e-05,6.933289114385843e-05,0.07742083398625255,0.2925006680889055,0.439942582976073
1167,random_1164,random_cycle_chord,20260823,baseline,0,200,3,8,10,6.154351731213451,True,True,,perf/incremental-yamada-frontier-order,1d8374f42cccbb16d78d44100a65ca603d7d1997,3.14.7,macOS-26.6.2-arm64-arm-64bit-Mach-O,arm,0.032881292048841715,0.14991224999539554,0.04125220899004489,0.007359832990914583,0.007198791019618511,0.013458790956065059,5.2332994528114796e-05,0.007086208090186119,0.007334167021326721,0.0006202079821377993,0.028551707044243813,0.08439525007270277,7.920793723315e-05,0.14130137499887496,0.01010454201605171,0.15140591701492667,1.8874998204410076e-05,8.883292321115732e-05,0.09449979208875448,0.27729333413299173,0.4229826250812039
1168,random_1165,random_cycle_chord,20260823,crossing_rich,5,200,5,8,12,4.2047607960574025,True,True,,perf/incremental-yamada-frontier-order,1d8374f42cccbb16d78d44100a65ca603d7d1997,3.14.7,macOS-26.6.2-arm64-arm-64bit-Mach-O,arm,0.03279245807789266,0.1729053750168532,0.053894000011496246,0.012003374984487891,0.012635082937777042,0.024815749959088862,4.666706081479788e-05,0.012934208963997662,0.013573333038948476,0.0014183750608935952,0.05278833408374339,0.13135866704396904,0.0002776659093797207,0.26841587491799146,0.038820791989564896,0.30723666690755635,2.5166082195937634e-05,0.00015787500888109207,0.17017945903353393,0.3758772921282798,0.6543490410549566
1169,random_1166,random_cycle_chord,20260823,crossing_rich,5,200,5,8,12,4.180757920806061,True,True,,perf/incremental-yamada-frontier-order,1d8374f42cccbb16d78d44100a65ca603d7d1997,3.14.7,macOS-26.6.2-arm64-arm-64bit-Mach-O,arm,0.030278958030976355,0.14882983302231878,0.040290124947205186,0.010745750041678548,0.012438250007107854,0.02461937500629574,3.787502646446228e-05,0.01268179202452302,0.013331042020581663,0.0013330410001799464,0.05200312507804483,0.1155119159957394,0.00015916710253804922,0.3422610000707209,0.03006045799702406,0.37232145806774497,3.166694659739733e-05,0.00017370795831084251,0.14557237399276346,0.3246811650460586,0.671503874938935
1170,random_1167,random_cycle_chord,20260823,crossing_rich,5,200,5,8,12,4.1619768833011905,True,True,,perf/incremental-yamada-frontier-order,1d8374f42cccbb16d78d44100a65ca603d7d1997,3.14.7,macOS-26.6.2-arm64-arm-64bit-Mach-O,arm,0.03306304104626179,0.15957308292854577,0.042465041973628104,0.011579084093682468,0.01260645897127688,0.02456654200796038,3.754196222871542e-05,0.012782249948941171,0.013446290977299213,0.001304415985941887,0.052137040882371366,0.11882416706066579,0.00018991599790751934,0.16233995906077325,0.027304208022542298,0.18964416708331555,2.762500662356615e-05,0.00014916597865521908,0.14612837508320808,0.33876449905801564,0.5059600829845294
1171,random_1168,random_cycle_chord,20260823,crossing_rich,4,200,5,10,14,5.489933403899536,True,True,,perf/incremental-yamada-frontier-order,1d8374f42cccbb16d78d44100a65ca603d7d1997,3.14.7,macOS-26.6.2-arm64-arm-64bit-Mach-O,arm,0.04334137495607138,0.14953291602432728,0.04907775006722659,0.010505958925932646,0.010940750013105571,0.021117374999448657,4.283292219042778e-05,0.010930875083431602,0.011593958945013583,0.0013184170238673687,0.04500345897395164,0.11557450005784631,8.954200893640518e-05,0.18291887501254678,0.025157875032164156,0.20807675004471093,2.479099202901125e-05,0.00014462508261203766,0.14073237509001046,0.3336066660704091,0.5211010000202805
1172,random_1169,random_cycle_chord,20260823,crossing_rich,2,200,4,9,12,6.084676605932151,True,True,,perf/incremental-yamada-frontier-order,1d8374f42cccbb16d78d44100a65ca603d7d1997,3.14.7,macOS-26.6.2-arm64-arm-64bit-Mach-O,arm,0.03953208297025412,0.15504508395679295,0.05519354098942131,0.00846429099328816,0.008768082945607603,0.017273832927457988,3.033305983990431e-05,0.008965167100541294,0.009390832972712815,0.0009085419587790966,0.0365687080193311,0.10902120906393975,6.924988701939583e-05,0.1621444580378011,0.01658887497615069,0.17873333301395178,2.195802517235279e-05,0.00010979105718433857,0.12561008404009044,0.3201872509671375,0.4868252499727532
1173,random_1170,random_cycle_chord,20260823,baseline,0,200,3,8,10,6.2041905288017825,True,True,,perf/incremental-yamada-frontier-order,1d8374f42cccbb16d78d44100a65ca603d7d1997,3.14.7,macOS-26.6.2-arm64-arm-64bit-Mach-O,arm,0.032756000058725476,0.15137079206760973,0.03252254205290228,0.006799999973736703,0.006719416007399559,0.013184209004975855,2.1916930563747883e-05,0.006803083000704646,0.007160624954849482,0.0005850839661434293,0.02775491785723716,0.07381700002588332,6.350001785904169e-05,0.13198495807591826,0.009602290927432477,0.14158724900335073,1.5249941498041153e-05,7.479195483028889e-05,0.0834192909533158,0.267546083079651,0.40389995905570686
1174,random_1171,random_cycle_chord,20260823,baseline,0,200,3,11,13,5.226401885378074,True,True,,perf/incremental-yamada-frontier-order,1d8374f42cccbb16d78d44100a65ca603d7d1997,3.14.7,macOS-26.6.2-arm64-arm-64bit-Mach-O,arm,0.03774566703941673,0.15154549991711974,0.029218125040642917,0.006895667058415711,0.007200250052846968,0.014222916099242866,2.2458028979599476e-05,0.007365291938185692,0.007487750030122697,0.0005042499396950006,0.029602666036225855,0.07293616700917482,7.199996616691351e-05,0.16877724998630583,0.008069375064224005,0.17684662505052984,1.391698606312275e-05,6.583298090845346e-05,0.08100554207339883,0.2702967090299353,0.4432282919296995
1175,random_1172,random_cycle_chord,20260823,crossing_rich,5,200,5,9,13,4.362204668775034,True,True,,perf/incremental-yamada-frontier-order,1d8374f42cccbb16d78d44100a65ca603d7d1997,3.14.7,macOS-26.6.2-arm64-arm-64bit-Mach-O,arm,0.033330208039842546,0.14918883296195418,0.040730959037318826,0.010534624918363988,0.012198875076137483,0.024031833047047257,3.6624958738684654e-05,0.01243787503335625,0.013151124934665859,0.0013475000159814954,0.051004957989789546,0.11450345802586526,8.662499021738768e-05,0.17611141595989466,0.02795479097403586,0.20406620693393052,2.5082961656153202e-05,0.0001514169853180647,0.14245824899990112,0.32497729000169784,0.5055371250491589
1176,random_1173,random_cycle_chord,20260823,crossing_rich,4,200,5,10,14,5.378226614725175,True,True,,perf/incremental-yamada-frontier-order,1d8374f42cccbb16d78d44100a65ca603d7d1997,3.14.7,macOS-26.6.2-arm64-arm-64bit-Mach-O,arm,0.04123966593760997,0.14876866608392447,0.052812666981481016,0.009856624994426966,0.011064167018048465,0.021894124918617308,3.799994010478258e-05,0.011397458030842245,0.012007499928586185,0.0013035000301897526,0.04664058284834027,0.12040691706351936,8.804106619209051e-05,0.18922345899045467,0.026083041913807392,0.21530650090426207,2.7125002816319466e-05,0.00014474999625235796,0.14648995897732675,0.3364982909988612,0.5302992499200627
1177,random_1174,random_cycle_chord,20260823,crossing_rich,3,200,4,8,11,4.221808155970755,True,True,,perf/incremental-yamada-frontier-order,1d8374f42cccbb16d78d44100a65ca603d7d1997,3.14.7,macOS-26.6.2-arm64-arm-64bit-Mach-O,arm,0.028059166041202843,0.19722037494648248,0.053605583030730486,0.01001012499909848,0.0108009580289945,0.02068750001490116,7.141707465052605e-05,0.010707124951295555,0.011178417014889419,0.0010529590072110295,0.04369741806294769,0.11814808310009539,9.02919564396143e-05,0.2374801249243319,0.026973166037350893,0.2644532909616828,2.9624905437231064e-05,0.00013175001367926598,0.14512124913744628,0.3704007901251316,0.6121042919112369
1178,random_1175,random_cycle_chord,20260823,crossing_rich,8,200,7,13,19,4.566976263280145,True,True,,perf/incremental-yamada-frontier-order,1d8374f42cccbb16d78d44100a65ca603d7d1997,3.14.7,macOS-26.6.2-arm64-arm-64bit-Mach-O,arm,0.05058412509970367,0.1543717080494389,0.04817816708236933,0.014673874946311116,0.0158167079789564,0.031120416009798646,8.570798672735691e-05,0.015996500034816563,0.017125542042776942,0.002052915981039405,0.06638108205515891,0.14511750009842217,0.00011825002729892731,0.30221616697963327,0.05100254190620035,0.3532187088858336,4.4208019971847534e-05,0.00021774997003376484,0.19612004200462252,0.4010758751537651,0.7086844589794055
1179,random_1176,random_cycle_chord,20260823,baseline,0,200,3,10,12,5.6205895428475685,True,True,,perf/incremental-yamada-frontier-order,1d8374f42cccbb16d78d44100a65ca603d7d1997,3.14.7,macOS-26.6.2-arm64-arm-64bit-Mach-O,arm,0.035626875003799796,0.18860887503251433,0.04308245796710253,0.02687649999279529,0.01783920801244676,0.023239957983605564,5.9165991842746735e-05,0.008516000001691282,0.008355707977898419,0.000564665999263525,0.040735497954301536,0.12874062499031425,8.600007276982069e-05,0.15491033298894763,0.008286334108561277,0.1631966670975089,1.7208047211170197e-05,7.870804984122515e-05,0.13702695909887552,0.36126270913518965,0.5206447499804199
1180,random_1177,random_cycle_chord,20260823,baseline,0,200,3,9,11,5.416805450682564,True,True,,perf/incremental-yamada-frontier-order,1d8374f42cccbb16d78d44100a65ca603d7d1997,3.14.7,macOS-26.6.2-arm64-arm-64bit-Mach-O,arm,0.03250441700220108,0.16499874996952713,0.027637833962216973,0.007192709017544985,0.006855958024971187,0.013709750026464462,4.5082997530698776e-05,0.007062957971356809,0.007418124936521053,0.0005720840999856591,0.028808000031858683,0.0705224999692291,0.00010904204100370407,0.15262437495402992,0.00969237508252263,0.16231675003655255,1.8915976397693157e-05,7.599999662488699e-05,0.08021487505175173,0.27771804202347994,0.4346556660020724
1181,random_1178,random_cycle_chord,20260823,crossing_rich,6,200,6,14,19,4.293721144164207,True,True,,perf/incremental-yamada-frontier-order,1d8374f42cccbb16d78d44100a65ca603d7d1997,3.14.7,macOS-26.6.2-arm64-arm-64bit-Mach-O,arm,0.05001370795071125,0.1489681249950081,0.04232208302710205,0.013870875001884997,0.014605958014726639,0.028687833924777806,5.0208065658807755e-05,0.014865166042000055,0.015466790995560586,0.001662875059992075,0.06073287408798933,0.13157766696531326,0.00011387502308934927,0.25380062498152256,0.03432841692119837,0.28812904190272093,2.8875074349343777e-05,0.00017641601152718067,0.16590608388651162,0.364887916832231,0.6234842090634629
1182,random_1179,random_cycle_chord,20260823,crossing_rich,2,200,4,8,11,6.584042430846661,True,True,,perf/incremental-yamada-frontier-order,1d8374f42cccbb16d78d44100a65ca603d7d1997,3.14.7,macOS-26.6.2-arm64-arm-64bit-Mach-O,arm,0.039173875004053116,0.14875454094726592,0.05938987503759563,0.008397333091124892,0.008623834000900388,0.01695325004402548,3.0249939300119877e-05,0.00880466599483043,0.009375417022965848,0.0010530839208513498,0.03621666692197323,0.11265487491618842,7.470801938325167e-05,0.1456677089445293,0.01953383395448327,0.16520154289901257,1.879094634205103e-05,0.0001252919901162386,0.1321887088706717,0.32011712482199073,0.47009779198560864
1183,random_1180,random_cycle_chord,20260823,baseline,0,200,3,9,11,5.351287117530087,True,True,,perf/incremental-yamada-frontier-order,1d8374f42cccbb16d78d44100a65ca603d7d1997,3.14.7,macOS-26.6.2-arm64-arm-64bit-Mach-O,arm,0.032230917015112936,0.14776883297599852,0.024500457919202745,0.006901790970005095,0.0070429579354822636,0.013991541927680373,4.3208012357354164e-05,0.007259042002260685,0.007339041912928224,0.0005371250445023179,0.029169958899728954,0.06763458298519254,6.604194641113281e-05,0.1412896669935435,0.00845120893791318,0.14974087593145669,1.4416058547794819e-05,6.791600026190281e-05,0.07608579192310572,0.2560855419142172,0.4015124589204788
1184,random_1181,random_cycle_chord,20260823,crossing_rich,3,200,5,11,15,4.683324777372708,True,True,,perf/incremental-yamada-frontier-order,1d8374f42cccbb16d78d44100a65ca603d7d1997,3.14.7,macOS-26.6.2-arm64-arm-64bit-Mach-O,arm,0.0393567499704659,0.14851920900400728,0.04043379204813391,0.009785166010260582,0.01072550006210804,0.021066499990411103,3.67090106010437e-05,0.010936707956716418,0.011396207963116467,0.001148583018220961,0.04458470793906599,0.1055622500134632,8.641707245260477e-05,0.19700495898723602,0.020779583021067083,0.2177845420083031,2.2833002731204033e-05,0.00012391607742756605,0.12634183303453028,0.31421779200900346,0.5156858749687672
1185,random_1182,random_cycle_chord,20260823,crossing_rich,3,200,4,8,11,4.2596514747886935,True,True,,perf/incremental-yamada-frontier-order,1d8374f42cccbb16d78d44100a65ca603d7d1997,3.14.7,macOS-26.6.2-arm64-arm-64bit-Mach-O,arm,0.02792262507136911,0.1479033330688253,0.04002687509637326,0.00904033298138529,0.010065749986097217,0.01981283293571323,2.9499991796910763e-05,0.01030041603371501,0.010815708083100617,0.0010149999288842082,0.04197345697320998,0.10113295796327293,6.841705180704594e-05,0.14603879197966307,0.01944749988615513,0.1654862918658182,1.970806624740362e-05,0.00011558295227587223,0.12058045784942806,0.2964064159896225,0.44670199998654425
1186,random_1183,random_cycle_chord,20260823,baseline,0,200,3,11,13,5.227521814381216,True,True,,perf/incremental-yamada-frontier-order,1d8374f42cccbb16d78d44100a65ca603d7d1997,3.14.7,macOS-26.6.2-arm64-arm-64bit-Mach-O,arm,0.03692229208536446,0.14804433390963823,0.027173042064532638,0.006691542104817927,0.0067735419142991304,0.013378666946664453,2.116698306053877e-05,0.006927124923095107,0.007115624961443245,0.0005243750056251884,0.027966958819888532,0.06862383300904185,6.504193879663944e-05,0.1678203750634566,0.008390125003643334,0.17621050006709993,1.3959011994302273e-05,6.458302959799767e-05,0.07701395801268518,0.26198058400768787,0.43392612505704165
1187,random_1184,random_cycle_chord,20260823,crossing_rich,5,200,6,12,17,4.074501040724194,True,True,,perf/incremental-yamada-frontier-order,1d8374f42cccbb16d78d44100a65ca603d7d1997,3.14.7,macOS-26.6.2-arm64-arm-64bit-Mach-O,arm,0.042139625060372055,0.1484323750482872,0.04226562497206032,0.011277499957941473,0.012763333972543478,0.025089083006605506,6.091699469834566e-05,0.012904333998449147,0.01365750003606081,0.0015898339916020632,0.05330166802741587,0.11966054199729115,9.724998380988836e-05,0.22542466700542718,0.030046124942600727,0.2554707919480279,2.7499976567924023e-05,0.00016470893751829863,0.14970666693989187,0.34027866704855114,0.5702855830313638
1188,random_1185,random_cycle_chord,20260823,baseline,0,200,4,11,14,4.01210998671298,True,True,,perf/incremental-yamada-frontier-order,1d8374f42cccbb16d78d44100a65ca603d7d1997,3.14.7,macOS-26.6.2-arm64-arm-64bit-Mach-O,arm,0.03392033406998962,0.14776862494181842,0.018805042025633156,0.007584584061987698,0.007572416914626956,0.014948833966627717,2.8833048418164253e-05,0.007762207998894155,0.008040959015488625,0.0007362500764429569,0.03151708410587162,0.06550487491767853,7.441593334078789e-05,0.18085091700777411,0.010953458957374096,0.1918043759651482,1.8124934285879135e-05,8.395896293222904e-05,0.07645833387505263,0.25814729288686067,0.4432842080714181
1189,random_1186,random_cycle_chord,20260823,baseline,0,200,4,13,16,4.567364738805248,True,True,,perf/incremental-yamada-frontier-order,1d8374f42cccbb16d78d44100a65ca603d7d1997,3.14.7,macOS-26.6.2-arm64-arm-64bit-Mach-O,arm,0.040910791023634374,0.14828541700262576,0.02227287506684661,0.007639167015440762,0.00796037504915148,0.01567870902363211,2.975005190819502e-05,0.00820816692430526,0.0084707090863958,0.0007547918939962983,0.03314212698023766,0.07104025001171976,7.879105396568775e-05,0.2063104590633884,0.011484125046990812,0.21779458411037922,1.8000020645558834e-05,8.425000123679638e-05,0.08252437505871058,0.2717205830849707,0.4823097500484437
1190,random_1187,random_cycle_chord,20260823,baseline,0,200,4,14,17,4.291687408352246,True,True,,perf/incremental-yamada-frontier-order,1d8374f42cccbb16d78d44100a65ca603d7d1997,3.14.7,macOS-26.6.2-arm64-arm-64bit-Mach-O,arm,0.04296258301474154,0.14838949998375028,0.02213037491310388,0.00796650000847876,0.00865624996367842,0.017064208048395813,2.975005190819502e-05,0.008798750001005828,0.009073207969777286,0.0007269580382853746,0.0356928741093725,0.07447270792908967,8.187489584088326e-05,0.21993208408821374,0.011098791961558163,0.2310308760497719,1.8416903913021088e-05,8.220900781452656e-05,0.08557149989064783,0.27692358288913965,0.5011532079661265
1191,random_1188,random_cycle_chord,20260823,crossing_rich,6,200,6,14,19,4.2975256709009875,True,True,,perf/incremental-yamada-frontier-order,1d8374f42cccbb16d78d44100a65ca603d7d1997,3.14.7,macOS-26.6.2-arm64-arm-64bit-Mach-O,arm,0.04791287495754659,0.1488295840099454,0.04355462500825524,0.01372404198627919,0.013799999956972897,0.02710441593080759,4.900002386420965e-05,0.014087916002608836,0.01492987503297627,0.0016723329899832606,0.057843539980240166,0.12896712496876717,0.00010029098484665155,0.25159945897758007,0.033171124989166856,0.2847705839667469,2.8708018362522125e-05,0.00017737492453306913,0.16213824995793402,0.358880708925426,0.6151933750370517
1192,random_1189,random_cycle_chord,20260823,crossing_rich,3,200,4,9,12,4.555780153852421,True,True,,perf/incremental-yamada-frontier-order,1d8374f42cccbb16d78d44100a65ca603d7d1997,3.14.7,macOS-26.6.2-arm64-arm-64bit-Mach-O,arm,0.031179583980701864,0.14817579195369035,0.03792329097632319,0.008904208079911768,0.00971345801372081,0.019198124995455146,2.9749935492873192e-05,0.009958083042874932,0.010432415991090238,0.0010243330616503954,0.040642707026563585,0.097210209001787,7.091707084327936e-05,0.15781508409418166,0.018102125031873584,0.17591720912605524,1.895800232887268e-05,0.00011012493632733822,0.11531233403366059,0.2946677099680528,0.4567139999708161
1193,random_1190,random_cycle_chord,20260823,crossing_rich,3,200,4,8,11,4.242480684868231,True,True,,perf/incremental-yamada-frontier-order,1d8374f42cccbb16d78d44100a65ca603d7d1997,3.14.7,macOS-26.6.2-arm64-arm-64bit-Mach-O,arm,0.02769741602241993,0.14833483402617276,0.04141304094810039,0.009102582931518555,0.010011167032644153,0.019787582918070257,2.9916060157120228e-05,0.010221917065791786,0.010686750058084726,0.0009623330552130938,0.04168849915731698,0.10224149993155152,6.858294364064932e-05,0.18726229202002287,0.017198625020682812,0.20446091704070568,2.091703936457634e-05,0.0001154160127043724,0.11944012495223433,0.295472375000827,0.4870510419132188
1194,random_1191,random_cycle_chord,20260823,baseline,0,200,3,8,10,6.2138823799912455,True,True,,perf/incremental-yamada-frontier-order,1d8374f42cccbb16d78d44100a65ca603d7d1997,3.14.7,macOS-26.6.2-arm64-arm-64bit-Mach-O,arm,0.033827208913862705,0.15739383304025978,0.03817995800636709,0.007306250045076013,0.0069317909656092525,0.013564458000473678,4.3042004108428955e-05,0.007119332905858755,0.007381999981589615,0.0006252080202102661,0.028734040912240744,0.08119408297352493,7.841596379876137e-05,0.19146562495734543,0.013131750049069524,0.20459737500641495,1.9542057998478413e-05,8.66670161485672e-05,0.09432583302259445,0.28554687497671694,0.48153233295306563
1195,random_1192,random_cycle_chord,20260823,crossing_rich,5,200,5,9,13,4.148059248863632,True,True,,perf/incremental-yamada-frontier-order,1d8374f42cccbb16d78d44100a65ca603d7d1997,3.14.7,macOS-26.6.2-arm64-arm-64bit-Mach-O,arm,0.03853112494107336,0.16284145798999816,0.042283917078748345,0.02406766708008945,0.01554033299908042,0.026399791007861495,7.116596680134535e-05,0.013418499962426722,0.013666209066286683,0.001449291012249887,0.05500495701562613,0.13695933297276497,0.00011391693260520697,0.18840799992904067,0.03107345791067928,0.21948145783971995,3.0459021218121052e-05,0.00016645900905132294,0.16803279088344425,0.36940537381451577,0.5626425419468433
1196,random_1193,random_cycle_chord,20260823,baseline,0,200,3,8,10,6.152004919030015,True,True,,perf/incremental-yamada-frontier-order,1d8374f42cccbb16d78d44100a65ca603d7d1997,3.14.7,macOS-26.6.2-arm64-arm-64bit-Mach-O,arm,0.03405520902015269,0.1503929579630494,0.03290170803666115,0.006755084032192826,0.006691166083328426,0.013465999974869192,4.10410575568676e-05,0.007005874998867512,0.007159708067774773,0.0005792920710518956,0.02825191617012024,0.07461941603105515,6.77499920129776e-05,0.13289100001566112,0.009579499950632453,0.14247049996629357,1.5415949746966362e-05,7.791595999151468e-05,0.0841989159816876,0.2686470829648897,0.4057555419858545
1197,random_1194,random_cycle_chord,20260823,crossing_rich,6,200,6,11,16,5.22290454666598,True,True,,perf/incremental-yamada-frontier-order,1d8374f42cccbb16d78d44100a65ca603d7d1997,3.14.7,macOS-26.6.2-arm64-arm-64bit-Mach-O,arm,0.04953841702081263,0.150997249991633,0.05694625002797693,0.011580707971006632,0.013377125025726855,0.026489874930121005,4.633399657905102e-05,0.013676250004209578,0.014653624966740608,0.0016889580292627215,0.05655504192691296,0.13850091700442135,9.670795407146215e-05,0.21996112493798137,0.036222291993908584,0.25618341693188995,3.1833071261644363e-05,0.00018199998885393143,0.17472320899832994,0.37525887601077557,0.6000442089280114
1198,random_1195,random_cycle_chord,20260823,baseline,0,200,3,9,11,5.414206139863231,True,True,,perf/incremental-yamada-frontier-order,1d8374f42cccbb16d78d44100a65ca603d7d1997,3.14.7,macOS-26.6.2-arm64-arm-64bit-Mach-O,arm,0.03312816598918289,0.15019570803269744,0.026604542043060064,0.006517000030726194,0.006389708025380969,0.012574874912388623,2.5209039449691772e-05,0.006990749971009791,0.006757832947187126,0.0005399580113589764,0.026888624881394207,0.06641933298669755,8.512497879564762e-05,0.14370616700034589,0.00872799998614937,0.15243416698649526,1.4499993994832039e-05,7.170799653977156e-05,0.07514733297284693,0.25847120699472725,0.4064483339898288
1199,random_1196,random_cycle_chord,20260823,baseline,0,200,3,11,13,5.2196916592043605,True,True,,perf/incremental-yamada-frontier-order,1d8374f42cccbb16d78d44100a65ca603d7d1997,3.14.7,macOS-26.6.2-arm64-arm-64bit-Mach-O,arm,0.037125707953237,0.148594000027515,0.025107458932325244,0.006681333063170314,0.006622708053328097,0.012996500008739531,3.0125025659799576e-05,0.006668583955615759,0.007048832951113582,0.0005489590112119913,0.027293000952340662,0.06572791701182723,7.708300836384296e-05,0.17042504204437137,0.008706249995157123,0.1791312920395285,1.5874975360929966e-05,7.120799273252487e-05,0.07443416700698435,0.26015387498773634,0.4347678329795599
1200,random_1197,random_cycle_chord,20260823,crossing_rich,2,200,4,11,14,5.00159323035852,True,True,,perf/incremental-yamada-frontier-order,1d8374f42cccbb16d78d44100a65ca603d7d1997,3.14.7,macOS-26.6.2-arm64-arm-64bit-Mach-O,arm,0.039211084018461406,0.1579821250634268,0.03957850008737296,0.00900562503375113,0.008986208005808294,0.017657874966971576,3.954197745770216e-05,0.009852167102508247,0.009562833001837134,0.0008860829984769225,0.03799850004725158,0.09560350002720952,0.00010379194281995296,0.1860533329891041,0.015944666927680373,0.20199799991678447,2.0042061805725098e-05,0.0001081250375136733,0.1115481669548899,0.3087413760367781,0.49922145798336715
1201,random_1198,random_cycle_chord,20260823,baseline,0,200,3,10,12,4.666761129315033,True,True,,perf/incremental-yamada-frontier-order,1d8374f42cccbb16d78d44100a65ca603d7d1997,3.14.7,macOS-26.6.2-arm64-arm-64bit-Mach-O,arm,0.03169308404903859,0.14799004106316715,0.021889291936531663,0.006593875004909933,0.006556499982252717,0.01299579197075218,2.279097680002451e-05,0.006727500003762543,0.00684029096737504,0.0005367500707507133,0.0271231239894405,0.06218241702299565,6.262504030019045e-05,0.15338700008578598,0.008496041991747916,0.1618830420775339,1.5042023733258247e-05,7.354200351983309e-05,0.07067845901474357,0.2503615841269493,0.4079013750888407
1202,random_1199,random_cycle_chord,20260823,baseline,0,200,4,11,14,4.082579289613507,True,True,,perf/incremental-yamada-frontier-order,1d8374f42cccbb16d78d44100a65ca603d7d1997,3.14.7,macOS-26.6.2-arm64-arm-64bit-Mach-O,arm,0.0342036250513047,0.14868624997325242,0.019217916997149587,0.0077491250121966004,0.00822383293416351,0.01620116690173745,2.9499991796910763e-05,0.008412875002250075,0.008751292014494538,0.0007430840050801635,0.03413791791535914,0.06935550004709512,7.254094816744328e-05,0.18247224995866418,0.023096582968719304,0.20556883292738348,4.950002767145634e-05,0.00011224998161196709,0.09245208301581442,0.27534195804037154,0.4626184169901535
1203,random_1200,random_cycle_chord,20260823,crossing_rich,4,200,5,9,13,6.079088270852916,True,True,,perf/incremental-yamada-frontier-order,1d8374f42cccbb16d78d44100a65ca603d7d1997,3.14.7,macOS-26.6.2-arm64-arm-64bit-Mach-O,arm,0.0440582080045715,0.14962375001050532,0.06156654201913625,0.00981570896692574,0.010636250022798777,0.021073499927297235,3.783300053328276e-05,0.010877874912694097,0.011541916988790035,0.0012760000536218286,0.04480712488293648,0.12686054199002683,8.308305405080318e-05,0.17643812496680766,0.024969334015622735,0.2014074589824304,2.4582957848906517e-05,0.0001439159968867898,0.15182987600564957,0.3455118340207264,0.5264986250549555
1204,random_1201,random_cycle_chord,20260823,baseline,0,200,4,11,14,4.094791938894302,True,True,,perf/incremental-yamada-frontier-order,1d8374f42cccbb16d78d44100a65ca603d7d1997,3.14.7,macOS-26.6.2-arm64-arm-64bit-Mach-O,arm,0.03390270809177309,0.14813087496440858,0.01964970794506371,0.007882750011049211,0.008237249916419387,0.016212958027608693,2.9792077839374542e-05,0.008365666028112173,0.008645416935905814,0.0007327089551836252,0.03398654202464968,0.06978220795281231,7.454201113432646e-05,0.18874666607007384,0.012995542027056217,0.20174220809713006,2.533290535211563e-05,9.762495756149292e-05,0.08277774997986853,0.2648113330360502,0.4579525419976562
1205,random_1202,random_cycle_chord,20260823,baseline,0,200,3,10,12,4.646385214052645,True,True,,perf/incremental-yamada-frontier-order,1d8374f42cccbb16d78d44100a65ca603d7d1997,3.14.7,macOS-26.6.2-arm64-arm-64bit-Mach-O,arm,0.036026958958245814,0.15658429206814617,0.022596292081288993,0.007177749997936189,0.006926249945536256,0.013802250032313168,5.3333002142608166e-05,0.007246833993121982,0.007319625001400709,0.0005775829777121544,0.02899962500669062,0.06572574994061142,8.983304724097252e-05,0.16540712502319366,0.009792041964828968,0.17519916698802263,1.916696783155203e-05,8.191692177206278e-05,0.07551779190544039,0.2681290429318324,0.43817895790562034
1206,random_1203,random_cycle_chord,20260823,baseline,0,200,3,11,13,4.07213372690045,True,True,,perf/incremental-yamada-frontier-order,1d8374f42cccbb16d78d44100a65ca603d7d1997,3.14.7,macOS-26.6.2-arm64-arm-64bit-Mach-O,arm,0.03281549992971122,0.14848004200030118,0.022451624972745776,0.006728957989253104,0.0066795829916372895,0.01322279090527445,2.191704697906971e-05,0.00687916693277657,0.0070191670674830675,0.0005387499695643783,0.027681791922077537,0.06356145802419633,6.591703277081251e-05,0.16678112489171326,0.008682874962687492,0.17546399985440075,1.4166929759085178e-05,7.00000673532486e-05,0.07224433298688382,0.2535398749168962,0.42448625003453344
1207,random_1204,random_cycle_chord,20260823,baseline,0,200,3,9,11,5.351988643515874,True,True,,perf/incremental-yamada-frontier-order,1d8374f42cccbb16d78d44100a65ca603d7d1997,3.14.7,macOS-26.6.2-arm64-arm-64bit-Mach-O,arm,0.03214525000657886,0.14814162498805672,0.026473292033188045,0.006426291074603796,0.006614250014536083,0.012983083026483655,2.0832987502217293e-05,0.006755542010068893,0.006941333063878119,0.0005239589372649789,0.027224750025197864,0.06675774999894202,6.108300294727087e-05,0.1421474169474095,0.008649208000861108,0.15079662494827062,1.7708982340991497e-05,6.870809011161327e-05,0.07540695799980313,0.2556938329944387,0.4019973330432549
1208,random_1205,random_cycle_chord,20260823,baseline,0,200,3,9,11,5.301072112459092,True,True,,perf/incremental-yamada-frontier-order,1d8374f42cccbb16d78d44100a65ca603d7d1997,3.14.7,macOS-26.6.2-arm64-arm-64bit-Mach-O,arm,0.03178149997256696,0.14852770802099258,0.025320125045254827,0.006579375010915101,0.0065908749820664525,0.013012790936045349,2.1415995433926582e-05,0.006784708006307483,0.006988083012402058,0.000534208957105875,0.02734120690729469,0.0658520000288263,6.137497257441282e-05,0.1407058750046417,0.008229958009906113,0.14893583301454782,1.3915938325226307e-05,6.78329961374402e-05,0.07408195803873241,0.25439116603229195,0.399235500022769
1209,random_1206,random_cycle_chord,20260823,baseline,0,200,3,9,11,5.355950714870598,True,True,,perf/incremental-yamada-frontier-order,1d8374f42cccbb16d78d44100a65ca603d7d1997,3.14.7,macOS-26.6.2-arm64-arm-64bit-Mach-O,arm,0.032079000025987625,0.14776895800605416,0.026439083041623235,0.006288292002864182,0.006373791955411434,0.012526709004305303,2.091703936457634e-05,0.0064819579711183906,0.0066183749586343765,0.000509666046127677,0.026157625019550323,0.06527791696134955,6.362493149936199e-05,0.14109712501522154,0.008239499991759658,0.1493366250069812,1.3750046491622925e-05,6.600003689527512e-05,0.0735174169531092,0.253365374985151,0.3986040420131758
1210,random_1207,random_cycle_chord,20260823,baseline,0,200,3,11,13,5.230200042686186,True,True,,perf/incremental-yamada-frontier-order,1d8374f42cccbb16d78d44100a65ca603d7d1997,3.14.7,macOS-26.6.2-arm64-arm-64bit-Mach-O,arm,0.03760608297307044,0.14793920901138335,0.023720792029052973,0.006583290989510715,0.006679375073872507,0.013166791992262006,2.2666994482278824e-05,0.00681420904584229,0.0070357079384848475,0.0005874999333173037,0.027626875904388726,0.06463091692421585,6.879190914332867e-05,0.16814849991351366,0.009605917031876743,0.1777544169453904,1.4832941815257072e-05,7.383304182440042e-05,0.0742368339560926,0.2597821259405464,0.432094749994576
1211,random_1208,random_cycle_chord,20260823,baseline,0,200,3,9,11,5.356785241664788,True,True,,perf/incremental-yamada-frontier-order,1d8374f42cccbb16d78d44100a65ca603d7d1997,3.14.7,macOS-26.6.2-arm64-arm-64bit-Mach-O,arm,0.032275417004711926,0.1493189160246402,0.027294500032439828,0.006400584010407329,0.006418125005438924,0.01282591710332781,3.650004509836435e-05,0.006601874949410558,0.0067827500170096755,0.0005378329660743475,0.026784875080920756,0.06691770802717656,7.033406291157007e-05,0.14473270904272795,0.008878499967977405,0.15361120901070535,1.4457968063652515e-05,7.033301517367363e-05,0.07579620799515396,0.2573905410245061,0.4063106250250712
1212,random_1209,random_cycle_chord,20260823,baseline,0,200,3,8,10,6.15856689853248,True,True,,perf/incremental-yamada-frontier-order,1d8374f42cccbb16d78d44100a65ca603d7d1997,3.14.7,macOS-26.6.2-arm64-arm-64bit-Mach-O,arm,0.033045917050912976,0.1490614579524845,0.03133525000885129,0.006612166995182633,0.00672499998472631,0.013227666961029172,2.208305522799492e-05,0.006843041046522558,0.0070776669308543205,0.0005640001036226749,0.02773445809725672,0.07242691598366946,5.745794624090195e-05,0.12999012495856732,0.009399540955200791,0.1393896659137681,1.737498678267002e-05,7.599999662488699e-05,0.08182645693887025,0.2639338319422677,0.3980798339471221
1213,random_1210,random_cycle_chord,20260823,crossing_rich,3,200,5,10,14,4.845138109243405,True,True,,perf/incremental-yamada-frontier-order,1d8374f42cccbb16d78d44100a65ca603d7d1997,3.14.7,macOS-26.6.2-arm64-arm-64bit-Mach-O,arm,0.03892783389892429,0.15042695798911154,0.04336616594810039,0.009738749940879643,0.010477415984496474,0.020560666918754578,3.645801916718483e-05,0.01067654206417501,0.011246583075262606,0.0012137909652665257,0.043734041042625904,0.10735070810187608,8.454103954136372e-05,0.1829894999973476,0.0228928339201957,0.2058823339175433,2.416700590401888e-05,0.00013504200614988804,0.13024354202207178,0.3195983339101076,0.5071925830561668
1214,random_1211,random_cycle_chord,20260823,baseline,0,200,5,15,19,4.043940928316725,True,True,,perf/incremental-yamada-frontier-order,1d8374f42cccbb16d78d44100a65ca603d7d1997,3.14.7,macOS-26.6.2-arm64-arm-64bit-Mach-O,arm,0.04594312503468245,0.14807229198049754,0.024353666929528117,0.009002584032714367,0.00988862500526011,0.0193679160438478,3.6415993236005306e-05,0.010067916009575129,0.010414250078611076,0.0009176669409498572,0.040804165066219866,0.08408116595819592,9.92499990388751e-05,0.24739620799664408,0.014222458936274052,0.26161866693291813,2.162496093660593e-05,9.808409959077835e-05,0.09830362489446998,0.29231904190964997,0.5441651670262218
1215,random_1212,random_cycle_chord,20260823,crossing_rich,5,200,5,8,12,4.28733476170523,True,True,,perf/incremental-yamada-frontier-order,1d8374f42cccbb16d78d44100a65ca603d7d1997,3.14.7,macOS-26.6.2-arm64-arm-64bit-Mach-O,arm,0.03103570907842368,0.14950441697146744,0.042111958959139884,0.010740166995674372,0.012423250009305775,0.024503250024281442,3.8082944229245186e-05,0.01272324996534735,0.013411874999292195,0.00134170800447464,0.05201816593762487,0.11732708406634629,0.00026345800142735243,0.2604517498984933,0.024896875023841858,0.28534862492233515,2.7416972443461418e-05,0.0001392909325659275,0.14222395909018815,0.32276408514007926,0.5876050839433447
1216,random_1213,random_cycle_chord,20260823,baseline,0,200,4,10,13,4.685398285043173,True,True,,perf/incremental-yamada-frontier-order,1d8374f42cccbb16d78d44100a65ca603d7d1997,3.14.7,macOS-26.6.2-arm64-arm-64bit-Mach-O,arm,0.03392216702923179,0.1490523749962449,0.02318087499588728,0.007430083001963794,0.007716999971307814,0.015175667009316385,2.9542017728090286e-05,0.007861125050112605,0.008083458989858627,0.0007267920300364494,0.03187658509705216,0.07023012498393655,7.624994032084942e-05,0.16897066601086408,0.011136417044326663,0.18010708305519074,1.816696021705866e-05,8.425000123679638e-05,0.08136654202826321,0.2643410840537399,0.43761054205242544
1217,random_1214,random_cycle_chord,20260823,baseline,0,200,4,10,13,4.627232950428097,True,True,,perf/incremental-yamada-frontier-order,1d8374f42cccbb16d78d44100a65ca603d7d1997,3.14.7,macOS-26.6.2-arm64-arm-64bit-Mach-O,arm,0.03378662501927465,0.1477996250614524,0.023575584054924548,0.007704791962169111,0.008256917004473507,0.016195375006645918,2.9582995921373367e-05,0.008371667005121708,0.008661000058054924,0.0008186670020222664,0.03407629206776619,0.07363970810547471,7.383304182440042e-05,0.16826666693668813,0.012820166070014238,0.18108683300670236,1.8165912479162216e-05,9.374995715916157e-05,0.08645987417548895,0.268046124256216,0.44060762494336814
1218,random_1215,random_cycle_chord,20260823,baseline,0,200,3,10,12,4.662862502706698,True,True,,perf/incremental-yamada-frontier-order,1d8374f42cccbb16d78d44100a65ca603d7d1997,3.14.7,macOS-26.6.2-arm64-arm-64bit-Mach-O,arm,0.031108791939914227,0.14821387501433492,0.022179292049258947,0.0068370000226423144,0.00702141597867012,0.013740499969571829,2.3249885998666286e-05,0.007105667027644813,0.0073350840248167515,0.0005333750741556287,0.02873787598218769,0.06479508394841105,6.350001785904169e-05,0.16201674996409565,0.009285292006097734,0.17130204197019339,1.5249941498041153e-05,7.133290637284517e-05,0.07408037595450878,0.2534030429087579,0.41959425003733486
1219,random_1216,random_cycle_chord,20260823,crossing_rich,3,200,5,10,14,5.628317686897609,True,True,,perf/incremental-yamada-frontier-order,1d8374f42cccbb16d78d44100a65ca603d7d1997,3.14.7,macOS-26.6.2-arm64-arm-64bit-Mach-O,arm,0.042554707964882255,0.15555058408062905,0.05201679200399667,0.009788042050786316,0.010322334012016654,0.020241124904714525,4.666706081479788e-05,0.010904832975938916,0.011384916957467794,0.0012602499919012189,0.04383779189083725,0.11600183299742639,9.81249613687396e-05,0.19374875002540648,0.022308957995846868,0.21605770802125335,2.720800694078207e-05,0.00013800000306218863,0.13831079099327326,0.33641608303878456,0.5347892079735175
1220,random_1217,random_cycle_chord,20260823,crossing_rich,2,200,4,9,12,5.80675382427925,True,True,,perf/incremental-yamada-frontier-order,1d8374f42cccbb16d78d44100a65ca603d7d1997,3.14.7,macOS-26.6.2-arm64-arm-64bit-Mach-O,arm,0.03947808290831745,0.16863383306190372,0.051904291030950844,0.009687958983704448,0.009318833006545901,0.017730124993249774,5.362497176975012e-05,0.009197833016514778,0.009576500044204295,0.0010339999571442604,0.03759208298288286,0.10856462502852082,9.191699791699648e-05,0.25350820808671415,0.018479541991837323,0.27198775007855147,2.4458044208586216e-05,0.00012049998622387648,0.12704416702035815,0.3351560829905793,0.5931430839700624
1221,random_1218,random_cycle_chord,20260823,crossing_rich,5,200,5,8,12,4.1688629156002275,True,True,,perf/incremental-yamada-frontier-order,1d8374f42cccbb16d78d44100a65ca603d7d1997,3.14.7,macOS-26.6.2-arm64-arm-64bit-Mach-O,arm,0.031015500077046454,0.23140129097737372,0.04411020805127919,0.012151915929280221,0.013563708984293044,0.027132624993100762,7.733399979770184e-05,0.014001916977576911,0.01482124999165535,0.0016934159211814404,0.057726541883312166,0.12761887500528246,0.00020516698714345694,0.2744747499236837,0.026751625002361834,0.30122637492604554,2.9542017728090286e-05,0.00015779107343405485,0.1543705000076443,0.41678729106206447,0.6958371249493212
1222,random_1219,random_cycle_chord,20260823,baseline,0,200,4,11,14,4.070768915478396,True,True,,perf/incremental-yamada-frontier-order,1d8374f42cccbb16d78d44100a65ca603d7d1997,3.14.7,macOS-26.6.2-arm64-arm-64bit-Mach-O,arm,0.035862334072589874,0.15033879200927913,0.021111541893333197,0.008411083021201193,0.008444791892543435,0.016518958029337227,3.6125071346759796e-05,0.008550375001505017,0.008753457921557128,0.0007495420286431909,0.034608458052389324,0.07262058299966156,9.062502067536116e-05,0.18311083398293704,0.011122082942165434,0.19423291692510247,2.2666994482278824e-05,9.104108903557062e-05,0.083742665941827,0.269943792023696,0.45746808405965567
1223,random_1220,random_cycle_chord,20260823,crossing_rich,5,200,5,8,12,4.235929357332215,True,True,,perf/incremental-yamada-frontier-order,1d8374f42cccbb16d78d44100a65ca603d7d1997,3.14.7,macOS-26.6.2-arm64-arm-64bit-Mach-O,arm,0.031130291055887938,0.17732941696885973,0.036002625012770295,0.011092624976299703,0.012582542025484145,0.02486558398231864,4.8874993808567524e-05,0.012803541962057352,0.013482582988217473,0.0013781249290332198,0.05257870885543525,0.11231324996333569,0.0001741249579936266,0.16150033299345523,0.02703662496060133,0.18853695795405656,2.4833017960190773e-05,0.0001569580053910613,0.13934987492393702,0.3478095829486847,0.5160845830105245
1224,random_1221,random_cycle_chord,20260823,crossing_rich,5,200,6,11,16,4.653821705198749,True,True,,perf/incremental-yamada-frontier-order,1d8374f42cccbb16d78d44100a65ca603d7d1997,3.14.7,macOS-26.6.2-arm64-arm-64bit-Mach-O,arm,0.04502583295106888,0.15063245804049075,0.04478479200042784,0.011723708943463862,0.013216083054430783,0.025906915892846882,6.241595838218927e-05,0.01336762506980449,0.014037291053682566,0.0015253749443218112,0.05489962291903794,0.124672667006962,9.654101449996233e-05,0.21454662492033094,0.028329875087365508,0.24287650000769645,3.045797348022461e-05,0.00016183301340788603,0.1530025420943275,0.34866083308588713,0.5678834579885006
1225,random_1222,random_cycle_chord,20260823,baseline,0,200,3,11,13,4.100001938469529,True,True,,perf/incremental-yamada-frontier-order,1d8374f42cccbb16d78d44100a65ca603d7d1997,3.14.7,macOS-26.6.2-arm64-arm-64bit-Mach-O,arm,0.03171837504487485,0.14826866704970598,0.01643279194831848,0.0068428750382736325,0.006536542088724673,0.012905959039926529,2.1875021047890186e-05,0.006701790960505605,0.0068684169091284275,0.000560667016543448,0.0270587089471519,0.05689045798499137,6.462493911385536e-05,0.16719329205807298,0.008827000041492283,0.17602029209956527,1.395796425640583e-05,6.962497718632221e-05,0.06571745802648365,0.24570450012106448,0.41705629194620997
1226,random_1223,random_cycle_chord,20260823,baseline,0,200,3,9,11,5.4005688228466,True,True,,perf/incremental-yamada-frontier-order,1d8374f42cccbb16d78d44100a65ca603d7d1997,3.14.7,macOS-26.6.2-arm64-arm-64bit-Mach-O,arm,0.03230679198168218,0.14841395802795887,0.02695074991788715,0.006710457964800298,0.0069518330274149776,0.013777667074464262,2.174999099224806e-05,0.007156666950322688,0.0073364999843761325,0.0005150829674676061,0.028807666967622936,0.06943999999202788,6.087496876716614e-05,0.1416457500308752,0.007967874989844859,0.14961362502072006,1.3708020560443401e-05,6.612495053559542e-05,0.07740787498187274,0.2581286249915138,0.4039161669788882
1227,random_1224,random_cycle_chord,20260823,baseline,0,200,3,9,11,5.354879563797972,True,True,,perf/incremental-yamada-frontier-order,1d8374f42cccbb16d78d44100a65ca603d7d1997,3.14.7,macOS-26.6.2-arm64-arm-64bit-Mach-O,arm,0.03196683304850012,0.14806466607842594,0.026805375004187226,0.0063853340689092875,0.00641250004991889,0.012596750049851835,2.2042077034711838e-05,0.006528083002194762,0.006686791079118848,0.0005298330215737224,0.02636349922977388,0.06598587497137487,5.858403164893389e-05,0.14152862504124641,0.008493124973028898,0.1500217500142753,1.4874967746436596e-05,7.183407433331013e-05,0.07447899994440377,0.25451049907132983,0.40019429207313806
1228,random_1225,random_cycle_chord,20260823,baseline,0,200,3,12,14,4.876746378062576,True,True,,perf/incremental-yamada-frontier-order,1d8374f42cccbb16d78d44100a65ca603d7d1997,3.14.7,macOS-26.6.2-arm64-arm-64bit-Mach-O,arm,0.03809195791836828,0.1484349580714479,0.02324887504801154,0.006918000057339668,0.006702667102217674,0.013501041918061674,5.024997517466545e-05,0.006917665945366025,0.007200457970611751,0.0005539170233532786,0.028223332832567394,0.06520566705148667,9.716697968542576e-05,0.18814900005236268,0.008664624998345971,0.19681362505070865,1.5583005733788013e-05,7.06670107319951e-05,0.07387029204983264,0.26039720803964883,0.4527691659750417
1229,random_1226,random_cycle_chord,20260823,baseline,0,200,4,10,13,4.68581041200916,True,True,,perf/incremental-yamada-frontier-order,1d8374f42cccbb16d78d44100a65ca603d7d1997,3.14.7,macOS-26.6.2-arm64-arm-64bit-Mach-O,arm,0.03480170795228332,0.1528798749204725,0.02337870793417096,0.007784374989569187,0.007959833019413054,0.01551862491760403,4.087504930794239e-05,0.00816954206675291,0.00853324995841831,0.000782166956923902,0.033044458949007094,0.07221608294639736,9.0167042799294e-05,0.17322062491439283,0.011781624983996153,0.18500224989838898,2.0417035557329655e-05,9.287497960031033e-05,0.08399770793039352,0.27167929080314934,0.44929358293302357
1230,random_1227,random_cycle_chord,20260823,baseline,0,200,3,10,12,5.628104153044649,True,True,,perf/incremental-yamada-frontier-order,1d8374f42cccbb16d78d44100a65ca603d7d1997,3.14.7,macOS-26.6.2-arm64-arm-64bit-Mach-O,arm,0.03800841700285673,0.15173504094127566,0.027794375084340572,0.0073867919854819775,0.016539291944354773,0.021548124961555004,7.041601929813623e-05,0.008363666944205761,0.009440249996259809,0.0011007089633494616,0.04052316688466817,0.09230112505611032,0.0001754160039126873,0.15310541703365743,0.008052541990764439,0.16115795902442187,1.4291028492152691e-05,6.866699550300837e-05,0.10035366704687476,0.29009712499100715,0.44756845803931355
1231,random_1228,random_cycle_chord,20260823,baseline,0,200,3,8,10,6.157893223942051,True,True,,perf/incremental-yamada-frontier-order,1d8374f42cccbb16d78d44100a65ca603d7d1997,3.14.7,macOS-26.6.2-arm64-arm-64bit-Mach-O,arm,0.033132834010757506,0.15056654205545783,0.03255195799283683,0.007142000016756356,0.006926458911038935,0.013519208994694054,3.266602288931608e-05,0.0069983749417588115,0.007194790989160538,0.000638082972727716,0.028383123921230435,0.07502450002357364,6.479199510067701e-05,0.1305418750271201,0.009751749923452735,0.14029362495057285,1.5457975678145885e-05,8.362496737390757e-05,0.08477624994702637,0.2684756260132417,0.4033174170181155
1232,random_1229,random_cycle_chord,20260823,crossing_rich,5,200,5,9,13,4.315199317193573,True,True,,perf/incremental-yamada-frontier-order,1d8374f42cccbb16d78d44100a65ca603d7d1997,3.14.7,macOS-26.6.2-arm64-arm-64bit-Mach-O,arm,0.03442637494299561,0.1508321249857545,0.0467799169709906,0.013634083094075322,0.011943374993279576,0.023431792040355504,3.724999260157347e-05,0.012170791975222528,0.012911709025502205,0.001391708035953343,0.04994325106963515,0.12233699997887015,8.549995254725218e-05,0.18390933296177536,0.028310416964814067,0.21221974992658943,3.50000336766243e-05,0.00016250007320195436,0.15064741694368422,0.3359059168724343,0.525043583009392
1233,random_1230,random_cycle_chord,20260823,crossing_rich,5,200,5,10,14,4.087860821866949,True,True,,perf/incremental-yamada-frontier-order,1d8374f42cccbb16d78d44100a65ca603d7d1997,3.14.7,macOS-26.6.2-arm64-arm-64bit-Mach-O,arm,0.03553275007288903,0.1535279160598293,0.03893858299124986,0.011155458050779998,0.01680691703222692,0.025403957930393517,6.729201413691044e-05,0.012874957988969982,0.013572917087003589,0.0014676250284537673,0.053386750048957765,0.12036541709676385,0.00012116599828004837,0.193653833004646,0.04244700004346669,0.2361008330481127,3.854196984320879e-05,0.00016299996059387922,0.16281241714023054,0.35187308327294886,0.5506263340357691
1234,random_1231,random_cycle_chord,20260823,baseline,0,200,3,8,10,6.172166078641061,True,True,,perf/incremental-yamada-frontier-order,1d8374f42cccbb16d78d44100a65ca603d7d1997,3.14.7,macOS-26.6.2-arm64-arm-64bit-Mach-O,arm,0.03486458398401737,0.1702877919888124,0.03329587506595999,0.009057292016223073,0.010731707909144461,0.013894959003664553,8.949998300522566e-05,0.007230915944091976,0.007375375018455088,0.0006290409946814179,0.02921979094389826,0.08235866692848504,9.766698349267244e-05,0.16512116696685553,0.00964566704351455,0.17476683401037008,1.4874967746436596e-05,7.779092993587255e-05,0.09200433397199959,0.29715670994482934,0.4666989160468802
1235,random_1232,random_cycle_chord,20260823,crossing_rich,5,200,5,9,13,4.316784914673292,True,True,,perf/incremental-yamada-frontier-order,1d8374f42cccbb16d78d44100a65ca603d7d1997,3.14.7,macOS-26.6.2-arm64-arm-64bit-Mach-O,arm,0.03385245893150568,0.15530579106416553,0.040398583048954606,0.011084249941632152,0.012689667055383325,0.030833416036330163,7.691700011491776e-05,0.012507166946306825,0.012987707974389195,0.0013757500564679503,0.05778095801360905,0.12201995903160423,9.583297651261091e-05,0.18001708399970084,0.02816691598854959,0.20818399998825043,2.5541987270116806e-05,0.00015445798635482788,0.15018687502015382,0.33934512501582503,0.5243222080171108
1236,random_1233,random_cycle_chord,20260823,baseline,0,200,3,10,12,4.626201960075073,True,True,,perf/incremental-yamada-frontier-order,1d8374f42cccbb16d78d44100a65ca603d7d1997,3.14.7,macOS-26.6.2-arm64-arm-64bit-Mach-O,arm,0.030728459008969367,0.14837562502361834,0.02259374991990626,0.0067125000059604645,0.006716165924444795,0.013150000013411045,2.3333006538450718e-05,0.006934541976079345,0.007003834005445242,0.000555209000594914,0.027666918002068996,0.06371145800221711,7.154198829084635e-05,0.15669216692913324,0.008790749940089881,0.16548291686922312,1.4375080354511738e-05,7.308402564376593e-05,0.072502207942307,0.2516062919748947,0.4125404169317335
1237,random_1234,random_cycle_chord,20260823,baseline,0,200,3,8,10,6.165365023073558,True,True,,perf/incremental-yamada-frontier-order,1d8374f42cccbb16d78d44100a65ca603d7d1997,3.14.7,macOS-26.6.2-arm64-arm-64bit-Mach-O,arm,0.03237425000406802,0.149115958949551,0.03473154199309647,0.007177290972322226,0.006755916983820498,0.01326512498781085,2.2666994482278824e-05,0.006876958068460226,0.007119333022274077,0.0005709170363843441,0.027855000109411776,0.07653970899991691,5.779194179922342e-05,0.13129887508694082,0.009524833993054926,0.14082370907999575,1.4749937690794468e-05,7.470801938325167e-05,0.08606454299297184,0.26755475194659084,0.4030184999573976
1238,random_1235,random_cycle_chord,20260823,baseline,0,200,4,15,18,4.046266397014704,True,True,,perf/incremental-yamada-frontier-order,1d8374f42cccbb16d78d44100a65ca603d7d1997,3.14.7,macOS-26.6.2-arm64-arm-64bit-Mach-O,arm,0.0439365420024842,0.14967795903794467,0.02109499997459352,0.007718750042840838,0.00806975003797561,0.016349790967069566,5.204102490097284e-05,0.008461624966003,0.008728459011763334,0.0007425419753417373,0.03433445794507861,0.0712438749615103,9.87079693004489e-05,0.23228887503501028,0.010993084055371583,0.24328195909038186,2.1041021682322025e-05,8.825003169476986e-05,0.08223695901688188,0.27585146005731076,0.5124975410290062
1239,random_1236,random_cycle_chord,20260823,crossing_rich,2,200,4,8,11,6.5881059531401736,True,True,,perf/incremental-yamada-frontier-order,1d8374f42cccbb16d78d44100a65ca603d7d1997,3.14.7,macOS-26.6.2-arm64-arm-64bit-Mach-O,arm,0.03910383291076869,0.14895058306865394,0.05359054100699723,0.008298540953546762,0.008798041031695902,0.017444374971091747,2.9832939617335796e-05,0.009051333065144718,0.009535958990454674,0.0009819999104365706,0.037043499876745045,0.10775737499352545,7.108296267688274e-05,0.14822125004138798,0.016887541976757348,0.16510879201814532,1.9999919459223747e-05,0.00011641695164144039,0.12464491697028279,0.3126993329497054,0.46521504200063646
1240,random_1237,random_cycle_chord,20260823,baseline,0,200,4,11,14,4.058619554023277,True,True,,perf/incremental-yamada-frontier-order,1d8374f42cccbb16d78d44100a65ca603d7d1997,3.14.7,macOS-26.6.2-arm64-arm-64bit-Mach-O,arm,0.03604358294978738,0.16438820795156062,0.023215083056129515,0.008289583027362823,0.0083057910669595,0.016330874990671873,3.0166935175657272e-05,0.00872724992223084,0.008748707943595946,0.0007647080346941948,0.03460170782636851,0.07443970791064203,9.366602171212435e-05,0.18624337506480515,0.01172491698525846,0.1979682920500636,2.1709012798964977e-05,9.291700553148985e-05,0.08616462489590049,0.2865964157972485,0.4773382090497762
1241,random_1238,random_cycle_chord,20260823,baseline,0,200,3,10,12,4.6932880976507665,True,True,,perf/incremental-yamada-frontier-order,1d8374f42cccbb16d78d44100a65ca603d7d1997,3.14.7,macOS-26.6.2-arm64-arm-64bit-Mach-O,arm,0.03161945904139429,0.14836770808324218,0.02121875004377216,0.006463958998210728,0.006580666056834161,0.012888374971225858,2.2000051103532314e-05,0.0067368330201134086,0.006874834070913494,0.0005318339681252837,0.027053876081481576,0.06133708299603313,6.283295806497335e-05,0.15596362494397908,0.008880084031261504,0.1648437089752406,1.591700129210949e-05,7.083301898092031e-05,0.07021716702729464,0.2502043341519311,0.4103269169572741
1242,random_1239,random_cycle_chord,20260823,crossing_rich,5,200,5,8,12,4.29404102954156,True,True,,perf/incremental-yamada-frontier-order,1d8374f42cccbb16d78d44100a65ca603d7d1997,3.14.7,macOS-26.6.2-arm64-arm-64bit-Mach-O,arm,0.03211037500295788,0.15099620900582522,0.04083995905239135,0.010961625026538968,0.012544124969281256,0.02500658400822431,4.3042004108428955e-05,0.012910833000205457,0.013853874988853931,0.0013737920671701431,0.05318812606856227,0.11756766599137336,0.00018833298236131668,0.2681649170117453,0.026544291991740465,0.29470920900348574,2.6292051188647747e-05,0.00015008402988314629,0.14411195798311383,0.3272185419918969,0.5999998340848833
1243,random_1240,random_cycle_chord,20260823,baseline,0,200,3,11,13,5.219546098622754,True,True,,perf/incremental-yamada-frontier-order,1d8374f42cccbb16d78d44100a65ca603d7d1997,3.14.7,macOS-26.6.2-arm64-arm-64bit-Mach-O,arm,0.03663816605694592,0.14845924999099225,0.025826417026109993,0.006868917029350996,0.006977541954256594,0.01374645798932761,3.0708033591508865e-05,0.007074250024743378,0.007212833035737276,0.000603665946982801,0.028667915030382574,0.0683607499813661,0.00010558299254626036,0.16856699995696545,0.008043000008910894,0.17660999996587634,1.60830095410347e-05,6.77499920129776e-05,0.07640374999027699,0.26150116603821516,0.4343162919394672
1244,random_1241,random_cycle_chord,20260823,crossing_rich,7,200,7,12,18,4.06066171278001,True,True,,perf/incremental-yamada-frontier-order,1d8374f42cccbb16d78d44100a65ca603d7d1997,3.14.7,macOS-26.6.2-arm64-arm-64bit-Mach-O,arm,0.04493629198987037,0.14930112508591264,0.0452630000654608,0.016280416981317103,0.015226625022478402,0.02995187498163432,7.512501906603575e-05,0.015415875008329749,0.01620283303782344,0.0019532080041244626,0.063598916050978,0.14043129095807672,0.00028674991335719824,0.2467338329879567,0.045088208047673106,0.2918220410356298,4.0375045500695705e-05,0.0002107920590788126,0.18551949900574982,0.37975691608153284,0.6316117499954998
1245,random_1242,random_cycle_chord,20260823,crossing_rich,5,200,6,12,17,4.471834781182768,True,True,,perf/incremental-yamada-frontier-order,1d8374f42cccbb16d78d44100a65ca603d7d1997,3.14.7,macOS-26.6.2-arm64-arm-64bit-Mach-O,arm,0.044020542060025036,0.14912437507882714,0.04569458297919482,0.01186058297753334,0.013400290976278484,0.026718374923802912,7.816695142537355e-05,0.01390741707291454,0.014434833079576492,0.0016131249722093344,0.05675191699992865,0.12775424995925277,0.00011350004933774471,0.32934562501031905,0.03942712501157075,0.3687727500218898,3.120908513665199e-05,0.0001715420512482524,0.16718137497082353,0.3603262921096757,0.6936324579874054
1246,random_1243,random_cycle_chord,20260823,crossing_rich,3,200,4,8,11,4.251497933659591,True,True,,perf/incremental-yamada-frontier-order,1d8374f42cccbb16d78d44100a65ca603d7d1997,3.14.7,macOS-26.6.2-arm64-arm-64bit-Mach-O,arm,0.027956791105680168,0.14851724996697158,0.03715075005311519,0.009258500067517161,0.01004841597750783,0.019850124954245985,3.270793240517378e-05,0.010303375078365207,0.010625250055454671,0.000948708038777113,0.04176016605924815,0.09824712504632771,6.795907393097878e-05,0.2343513750238344,0.017166625009849668,0.2515180000336841,1.9708997569978237e-05,0.00011012505274266005,0.11541375005617738,0.2918877911288291,0.5303103330079466
1247,random_1244,random_cycle_chord,20260823,crossing_rich,3,200,5,10,14,5.624052225823284,True,True,,perf/incremental-yamada-frontier-order,1d8374f42cccbb16d78d44100a65ca603d7d1997,3.14.7,macOS-26.6.2-arm64-arm-64bit-Mach-O,arm,0.042273292085155845,0.1486903749173507,0.05081725004129112,0.009646375081501901,0.010269875056110322,0.020232875016517937,3.674998879432678e-05,0.01053833297919482,0.011073958012275398,0.0011506670853123069,0.04303258308209479,0.11379962507635355,8.175009861588478e-05,0.1710601249942556,0.02072962501551956,0.19178975000977516,2.3042084649205208e-05,0.0001235420349985361,0.1345292500918731,0.32549291709437966,0.501002624980174
1248,random_1245,random_cycle_chord,20260823,baseline,0,200,4,11,14,4.102989377397459,True,True,,perf/incremental-yamada-frontier-order,1d8374f42cccbb16d78d44100a65ca603d7d1997,3.14.7,macOS-26.6.2-arm64-arm-64bit-Mach-O,arm,0.03453212499152869,0.14778541692066938,0.019324583001434803,0.007695000036619604,0.008233292028307915,0.01622533390764147,2.912490162998438e-05,0.008434000075794756,0.008658957900479436,0.0007185830036178231,0.03406599978916347,0.06934466701932251,7.275003008544445e-05,0.1819169579539448,0.011169167002663016,0.19308612495660782,1.795799471437931e-05,8.291704580187798e-05,0.08051383402198553,0.2628313759341836,0.44899779092520475
1249,random_1246,random_cycle_chord,20260823,baseline,0,200,3,11,13,4.072668436313668,True,True,,perf/incremental-yamada-frontier-order,1d8374f42cccbb16d78d44100a65ca603d7d1997,3.14.7,macOS-26.6.2-arm64-arm-64bit-Mach-O,arm,0.03152987500652671,0.14759299997240305,0.020084292045794427,0.006687832996249199,0.006793749984353781,0.013377208961173892,2.237502485513687e-05,0.006956124911084771,0.007037708070129156,0.0005393750034272671,0.027932791970670223,0.061518542002886534,6.691704038530588e-05,0.16738408303353935,0.008698166930116713,0.17608224996365607,1.4291959814727306e-05,6.683298852294683e-05,0.07021670893300325,0.249339583911933,0.42087041691411287
1250,random_1247,random_cycle_chord,20260823,crossing_rich,5,200,5,8,12,4.173011441886578,True,True,,perf/incremental-yamada-frontier-order,1d8374f42cccbb16d78d44100a65ca603d7d1997,3.14.7,macOS-26.6.2-arm64-arm-64bit-Mach-O,arm,0.030918583972379565,0.14855033298954368,0.03970116702839732,0.01082600001245737,0.012490333057940006,0.02469020790886134,3.816699609160423e-05,0.012852124986238778,0.013436250039376318,0.001362791983410716,0.052379541913978755,0.11543070897459984,0.00017374998424202204,0.1610699170269072,0.0277212499640882,0.1887911669909954,2.3499946109950542e-05,0.00014816701877862215,0.14315195893868804,0.3226208759006113,0.488228915957734
1251,random_1248,random_cycle_chord,20260823,baseline,0,200,3,8,10,6.1896781386673885,True,True,,perf/incremental-yamada-frontier-order,1d8374f42cccbb16d78d44100a65ca603d7d1997,3.14.7,macOS-26.6.2-arm64-arm-64bit-Mach-O,arm,0.03292449994478375,0.14817870792467147,0.034265958005562425,0.006641749991104007,0.006681583006866276,0.013197958003729582,2.174999099224806e-05,0.006840792018920183,0.007003167062066495,0.0005588330095633864,0.027622500085271895,0.07523062499240041,6.279104854911566e-05,0.12872804200742394,0.008934375015087426,0.13766241702251136,1.3708951883018017e-05,6.89999433234334e-05,0.08416500000748783,0.26526820787694305,0.39813787501771003
1252,random_1249,random_cycle_chord,20260823,crossing_rich,2,200,4,8,11,6.586687686536239,True,True,,perf/incremental-yamada-frontier-order,1d8374f42cccbb16d78d44100a65ca603d7d1997,3.14.7,macOS-26.6.2-arm64-arm-64bit-Mach-O,arm,0.03911170898936689,0.14842595800291747,0.0594234160380438,0.008359542000107467,0.008610708056949079,0.017009333008900285,2.9582995921373367e-05,0.008806708035990596,0.009274833952076733,0.0009877081029117107,0.0361081660958007,0.11252904194407165,7.170799653977156e-05,0.14257562498096377,0.01695116702467203,0.1595267920056358,1.9000028260052204e-05,0.00011045800056308508,0.12948020896874368,0.31701787596102804,0.4638674169545993
1253,random_1250,random_cycle_chord,20260823,crossing_rich,2,200,4,9,12,5.812754442846708,True,True,,perf/incremental-yamada-frontier-order,1d8374f42cccbb16d78d44100a65ca603d7d1997,3.14.7,macOS-26.6.2-arm64-arm-64bit-Mach-O,arm,0.03723912499845028,0.14838508295360953,0.047904415987432,0.008554833009839058,0.008944791974499822,0.0177367499563843,3.4791999496519566e-05,0.009248332935385406,0.009680667077191174,0.001010625041089952,0.03771116700954735,0.10314520797692239,6.920797750353813e-05,0.15683604206424206,0.016613333951681852,0.17344937601592392,1.9000028260052204e-05,0.00010462501086294651,0.11975854192860425,0.30538274988066405,0.46649558399803936
1254,random_1251,random_cycle_chord,20260823,baseline,0,200,4,11,14,4.071479383633215,True,True,,perf/incremental-yamada-frontier-order,1d8374f42cccbb16d78d44100a65ca603d7d1997,3.14.7,macOS-26.6.2-arm64-arm-64bit-Mach-O,arm,0.03420741599984467,0.14782425004523247,0.022956250002607703,0.007862708996981382,0.008386417059227824,0.01651083305478096,2.987496554851532e-05,0.00857720896601677,0.008787124999798834,0.0007125830743461847,0.034617625060491264,0.07384895801078528,8.01669666543603e-05,0.18071424996014684,0.010673374985344708,0.19138762494549155,1.7707934603095055e-05,7.520895451307297e-05,0.08452233299612999,0.26655399904120713,0.45150541700422764
1255,random_1252,random_cycle_chord,20260823,crossing_rich,5,200,5,8,12,4.19674246406035,True,True,,perf/incremental-yamada-frontier-order,1d8374f42cccbb16d78d44100a65ca603d7d1997,3.14.7,macOS-26.6.2-arm64-arm-64bit-Mach-O,arm,0.0305148750776425,0.14855074998922646,0.03509295789990574,0.010776457958854735,0.01254449994303286,0.024847624939866364,4.0375045500695705e-05,0.012826459016650915,0.01353470899630338,0.0013964170357212424,0.0526455850340426,0.11109274998307228,0.00017791602294892073,0.1632826660061255,0.029837375041097403,0.1931200410472229,2.391706220805645e-05,0.0001525420229882002,0.14093012502416968,0.31999575009103864,0.4883255419554189
1256,random_1253,random_cycle_chord,20260823,crossing_rich,3,200,4,8,11,4.190316348718329,True,True,,perf/incremental-yamada-frontier-order,1d8374f42cccbb16d78d44100a65ca603d7d1997,3.14.7,macOS-26.6.2-arm64-arm-64bit-Mach-O,arm,0.02784108300693333,0.14858849998563528,0.03418499999679625,0.009115458000451326,0.010060083935968578,0.01993874995969236,2.9290909878909588e-05,0.010287458077073097,0.0107379169203341,0.0009817919926717877,0.041975207859650254,0.09536174999084324,6.604206282645464e-05,0.246958207921125,0.018661250011064112,0.2656194579321891,2.2500054910779e-05,0.0001177079975605011,0.11402300000190735,0.29045258299447596,0.5414957919856533
1257,random_1254,random_cycle_chord,20260823,crossing_rich,9,200,7,15,21,4.046553486448215,True,True,,perf/incremental-yamada-frontier-order,1d8374f42cccbb16d78d44100a65ca603d7d1997,3.14.7,macOS-26.6.2-arm64-arm-64bit-Mach-O,arm,0.05334587499964982,0.15030391700565815,0.04596999997738749,0.014972541946917772,0.01673429098445922,0.033677709056064487,0.0001053329324349761,0.018972457968629897,0.019738249946385622,0.0021732919849455357,0.07466704188846052,0.15240029199048877,0.00013349996879696846,0.2981777919922024,0.04897925001569092,0.3471570420078933,3.5375007428228855e-05,0.0002274170983582735,0.2013795420061797,0.40502933401148766,0.7091497910441831
1258,random_1255,random_cycle_chord,20260823,baseline,0,200,3,8,10,6.133165411131936,True,True,,perf/incremental-yamada-frontier-order,1d8374f42cccbb16d78d44100a65ca603d7d1997,3.14.7,macOS-26.6.2-arm64-arm-64bit-Mach-O,arm,0.033503042068332434,0.1518660830333829,0.03138687496539205,0.006694582989439368,0.006701625068672001,0.013249625102616847,2.287491224706173e-05,0.006851083016954362,0.007167791947722435,0.0005660000024363399,0.027857374981977046,0.07266000006347895,6.745895370841026e-05,0.13125116599258035,0.008745290921069682,0.13999645691365004,1.4416058547794819e-05,7.1333022788167e-05,0.08140529098454863,0.26677441608626395,0.4022118339780718
1259,random_1256,random_cycle_chord,20260823,baseline,0,200,3,11,13,4.1187580919815225,True,True,,perf/incremental-yamada-frontier-order,1d8374f42cccbb16d78d44100a65ca603d7d1997,3.14.7,macOS-26.6.2-arm64-arm-64bit-Mach-O,arm,0.03170054196380079,0.14908258395735174,0.018278125091455877,0.006938999984413385,0.0069413750898092985,0.013684542034752667,2.3042084649205208e-05,0.007015791954472661,0.007715290994383395,0.000525499926880002,0.02896416699513793,0.061142582911998034,8.141598664224148e-05,0.1723178749671206,0.008347666938789189,0.18066554190590978,1.5583005733788013e-05,6.741599645465612e-05,0.06949024985078722,0.25027337577193975,0.42682712501846254
1260,random_1257,random_cycle_chord,20260823,crossing_rich,3,200,5,10,14,5.623562779990326,True,True,,perf/incremental-yamada-frontier-order,1d8374f42cccbb16d78d44100a65ca603d7d1997,3.14.7,macOS-26.6.2-arm64-arm-64bit-Mach-O,arm,0.04235608293674886,0.15898370801005512,0.05058670905418694,0.00992116704583168,0.010321791050955653,0.02020883304066956,3.833300434052944e-05,0.010588083998300135,0.011188499978743494,0.0012826659949496388,0.04330641601700336,0.11417087493464351,9.112502448260784e-05,0.17314445797819644,0.022526249988004565,0.195670707966201,2.504198346287012e-05,0.00014366698451340199,0.13669712492264807,0.33803691586945206,0.5157878340687603
1261,random_1258,random_cycle_chord,20260823,crossing_rich,3,200,4,9,12,4.475244849111688,True,True,,perf/incremental-yamada-frontier-order,1d8374f42cccbb16d78d44100a65ca603d7d1997,3.14.7,macOS-26.6.2-arm64-arm-64bit-Mach-O,arm,0.031054915976710618,0.14943562494590878,0.041096625034697354,0.009228541981428862,0.009696500026620924,0.019204040989279747,3.0542025342583656e-05,0.009987459052354097,0.010484791942872107,0.0010278340196236968,0.04073466802947223,0.10078370897099376,7.558404467999935e-05,0.16087029199115932,0.020150833996012807,0.18102112598717213,2.350006252527237e-05,0.00013100006617605686,0.12093454296700656,0.30142508388962597,0.4666693329345435
1262,random_1259,random_cycle_chord,20260823,crossing_rich,4,200,5,11,15,4.680797676877272,True,True,,perf/incremental-yamada-frontier-order,1d8374f42cccbb16d78d44100a65ca603d7d1997,3.14.7,macOS-26.6.2-arm64-arm-64bit-Mach-O,arm,0.03988725005183369,0.1484396669548005,0.041693625040352345,0.010480166994966567,0.011582708917558193,0.022816999931819737,5.295907612890005e-05,0.011835334007628262,0.012295624939724803,0.001280916971154511,0.04828183492645621,0.11207966692745686,8.77920538187027e-05,0.2010230419691652,0.025269416044466197,0.2262924580136314,2.4791923351585865e-05,0.00014283298514783382,0.13734908297192305,0.32567599997855723,0.5312384580029175
1263,random_1260,random_cycle_chord,20260823,crossing_rich,5,200,5,8,12,4.168215373869654,True,True,,perf/incremental-yamada-frontier-order,1d8374f42cccbb16d78d44100a65ca603d7d1997,3.14.7,macOS-26.6.2-arm64-arm-64bit-Mach-O,arm,0.030592541908845305,0.14863599999807775,0.03933354199398309,0.010803541983477771,0.012388041941449046,0.024515625089406967,3.791600465774536e-05,0.012698041973635554,0.013351541943848133,0.0013328749919310212,0.05193600000347942,0.11449458298739046,0.00016366702038794756,0.25988575001247227,0.035414000041782856,0.29529975005425513,2.8208945877850056e-05,0.00014974991790950298,0.14990858302917331,0.32913712493609637,0.5929922909708694
1264,random_1261,random_cycle_chord,20260823,baseline,0,200,3,11,13,4.031549271422972,True,True,,perf/incremental-yamada-frontier-order,1d8374f42cccbb16d78d44100a65ca603d7d1997,3.14.7,macOS-26.6.2-arm64-arm-64bit-Mach-O,arm,0.03155499999411404,0.14753220800776035,0.020163332927040756,0.006339624989777803,0.006428207969292998,0.01268849999178201,2.12501036003232e-05,0.006607417017221451,0.0067593330750241876,0.000546208000741899,0.02662270818836987,0.05957249994389713,6.583402864634991e-05,0.16673883399926126,0.00864620809443295,0.1753850420936942,1.3874960131943226e-05,6.983301136642694e-05,0.06821870803833008,0.24730591604020447,0.4181805410189554
1265,random_1262,random_cycle_chord,20260823,crossing_rich,4,200,5,11,15,4.632876630479052,True,True,,perf/incremental-yamada-frontier-order,1d8374f42cccbb16d78d44100a65ca603d7d1997,3.14.7,macOS-26.6.2-arm64-arm-64bit-Mach-O,arm,0.039585708058439195,0.14870525000151247,0.04176900000311434,0.010024041985161602,0.011039625038392842,0.021801082999445498,4.0207989513874054e-05,0.011330500012263656,0.011861707898788154,0.001227332977578044,0.046260831877589226,0.10913008300121874,9.858293924480677e-05,0.19907195796258748,0.02292725001461804,0.22199920797720551,2.3999949917197227e-05,0.00013391603715717793,0.13205733301583678,0.32034829107578844,0.5240340000018477
1266,random_1263,random_cycle_chord,20260823,baseline,0,200,3,11,13,5.226241775781515,True,True,,perf/incremental-yamada-frontier-order,1d8374f42cccbb16d78d44100a65ca603d7d1997,3.14.7,macOS-26.6.2-arm64-arm-64bit-Mach-O,arm,0.03669587499462068,0.14814374991692603,0.02683420805260539,0.006745832972228527,0.00674820807762444,0.01331654202658683,2.1332991309463978e-05,0.006895166006870568,0.007017749943770468,0.0005300829652696848,0.027780873933807015,0.0681281250435859,6.866699550300837e-05,0.16719745902810246,0.008418125100433826,0.17561558412853628,1.3791024684906006e-05,6.579095497727394e-05,0.07654625014401972,0.26138587505556643,0.43273033399600536
1267,random_1264,random_cycle_chord,20260823,crossing_rich,5,200,5,8,12,4.224444086728262,True,True,,perf/incremental-yamada-frontier-order,1d8374f42cccbb16d78d44100a65ca603d7d1997,3.14.7,macOS-26.6.2-arm64-arm-64bit-Mach-O,arm,0.030905540916137397,0.14993254200089723,0.040089666028507054,0.010863083996810019,0.012457542004995048,0.024558624951168895,3.704207483679056e-05,0.012717708945274353,0.013384125079028308,0.0013552920427173376,0.052052793093025684,0.11549704207573086,0.0002558750566095114,0.1916594160720706,0.026070124935358763,0.21772954100742936,2.3707980290055275e-05,0.00014666595961898565,0.14156716701108962,0.32240524992812425,0.5187652499880642
1268,random_1265,random_cycle_chord,20260823,baseline,0,200,4,15,18,4.051183732154813,True,True,,perf/incremental-yamada-frontier-order,1d8374f42cccbb16d78d44100a65ca603d7d1997,3.14.7,macOS-26.6.2-arm64-arm-64bit-Mach-O,arm,0.044036833103746176,0.14820258296094835,0.018744667060673237,0.007643582997843623,0.00796333304606378,0.01557133300229907,2.9791961424052715e-05,0.008074000012129545,0.008301082998514175,0.0007197909289970994,0.03269599890336394,0.06707470898982137,8.812500163912773e-05,0.2318735420703888,0.011182874906808138,0.24305641697719693,1.8042046576738358e-05,8.104206062853336e-05,0.07825758389662951,0.27049699996132404,0.5066507089650258
1269,random_1266,random_cycle_chord,20260823,crossing_rich,2,200,4,8,11,6.585760729915873,True,True,,perf/incremental-yamada-frontier-order,1d8374f42cccbb16d78d44100a65ca603d7d1997,3.14.7,macOS-26.6.2-arm64-arm-64bit-Mach-O,arm,0.038870375021360815,0.14881841593887657,0.05503820802550763,0.008356125093996525,0.00862133305054158,0.017033791984431446,2.9249931685626507e-05,0.008786249905824661,0.009278999990783632,0.0009782080305740237,0.03610649984329939,0.10814845806453377,7.650000043213367e-05,0.14432166703045368,0.018032749998383224,0.1623544170288369,1.9415980204939842e-05,0.00010962504893541336,0.126181208062917,0.3138699990231544,0.46246145805343986
1270,random_1267,random_cycle_chord,20260823,baseline,0,200,4,11,14,4.073125666213904,True,True,,perf/incremental-yamada-frontier-order,1d8374f42cccbb16d78d44100a65ca603d7d1997,3.14.7,macOS-26.6.2-arm64-arm-64bit-Mach-O,arm,0.034642667043954134,0.14777912490535527,0.022205417044460773,0.00785716692917049,0.008327375049702823,0.016364707960747182,3.066693898290396e-05,0.008484541904181242,0.008697833050973713,0.0007407501107081771,0.03431849996559322,0.07273637491744012,8.025008719414473e-05,0.18183616595342755,0.011436875094659626,0.19327304104808718,1.825008075684309e-05,8.370797149837017e-05,0.08417325001209974,0.26659504196140915,0.45278129098005593
1271,random_1268,random_cycle_chord,20260823,baseline,0,200,3,8,10,6.17280701719716,True,True,,perf/incremental-yamada-frontier-order,1d8374f42cccbb16d78d44100a65ca603d7d1997,3.14.7,macOS-26.6.2-arm64-arm-64bit-Mach-O,arm,0.03264600003603846,0.14843745902180672,0.030550291994586587,0.006701458944007754,0.006712250062264502,0.013221875065937638,2.1666986867785454e-05,0.006860958063043654,0.007061749929562211,0.0005951250204816461,0.027761375065892935,0.07174437504727393,5.9125013649463654e-05,0.1284586660331115,0.009527083020657301,0.1379857490537688,1.391698606312275e-05,7.337494753301144e-05,0.08127145806793123,0.2623549171257764,0.39494387502782047
1272,random_1269,random_cycle_chord,20260823,baseline,0,200,4,10,13,4.650084181860897,True,True,,perf/incremental-yamada-frontier-order,1d8374f42cccbb16d78d44100a65ca603d7d1997,3.14.7,macOS-26.6.2-arm64-arm-64bit-Mach-O,arm,0.034211291931569576,0.14825058297719806,0.02254537504632026,0.007951375097036362,0.008338707964867353,0.01637125003617257,2.9082992114126682e-05,0.008477833005599678,0.008824249962344766,0.0007414579158648849,0.034443873912096024,0.07330616598483175,7.087504491209984e-05,0.15732495894189924,0.010458459029905498,0.16778341797180474,1.7750076949596405e-05,8.033402264118195e-05,0.08376462501473725,0.2662264999235049,0.42783820792101324
1273,random_1270,random_cycle_chord,20260823,baseline,0,200,4,11,14,4.064333371561325,True,True,,perf/incremental-yamada-frontier-order,1d8374f42cccbb16d78d44100a65ca603d7d1997,3.14.7,macOS-26.6.2-arm64-arm-64bit-Mach-O,arm,0.035017959075048566,0.14966300001833588,0.022089416976086795,0.00803416594862938,0.008270999998785555,0.016342708957381546,3.0542025342583656e-05,0.008503749966621399,0.009090916952118278,0.0008267079247161746,0.03479462582617998,0.07321737497113645,9.304098784923553e-05,0.18703458295203745,0.011911000008694828,0.19894558296073228,2.133403904736042e-05,9.741599205881357e-05,0.08512837497983128,0.2698093340732157,0.46135012491140515
1274,random_1271,random_cycle_chord,20260823,baseline,0,200,3,9,11,5.3832227978855265,True,True,,perf/incremental-yamada-frontier-order,1d8374f42cccbb16d78d44100a65ca603d7d1997,3.14.7,macOS-26.6.2-arm64-arm-64bit-Mach-O,arm,0.0326445420505479,0.15274458401836455,0.03052320796996355,0.006611375021748245,0.006831458071246743,0.012764708953909576,2.5833025574684143e-05,0.006634999997913837,0.006814374937675893,0.0005303750513121486,0.02677029196638614,0.07076683302875608,6.674998439848423e-05,0.1412621249910444,0.008618624997325242,0.14988074998836964,1.4167046174407005e-05,7.079204078763723e-05,0.07938545802608132,0.26477458409499377,0.4102371670305729
1275,random_1272,random_cycle_chord,20260823,crossing_rich,5,200,5,8,12,4.222143141654302,True,True,,perf/incremental-yamada-frontier-order,1d8374f42cccbb16d78d44100a65ca603d7d1997,3.14.7,macOS-26.6.2-arm64-arm-64bit-Mach-O,arm,0.030718458932824433,0.15108362503815442,0.036348292022012174,0.012930291006341577,0.013916707946918905,0.026028707972727716,6.629200652241707e-05,0.012969166971743107,0.013684125035069883,0.0013888340909034014,0.054137126076966524,0.1174132089363411,0.00020329200197011232,0.16245800000615418,0.028416417073458433,0.1908744170796126,2.6582973077893257e-05,0.00015458301641047,0.14582962600979954,0.3276317099807784,0.49496737495064735
1276,random_1273,random_cycle_chord,20260823,crossing_rich,3,200,4,8,11,4.168293257811609,True,True,,perf/incremental-yamada-frontier-order,1d8374f42cccbb16d78d44100a65ca603d7d1997,3.14.7,macOS-26.6.2-arm64-arm-64bit-Mach-O,arm,0.027797708986327052,0.1485122919548303,0.03151079104281962,0.00918529205955565,0.010115917073562741,0.019939124933443964,2.9666931368410587e-05,0.010347040952183306,0.01074812503065914,0.0009706249693408608,0.04203458281699568,0.0928729169536382,6.65830448269844e-05,0.14553129207342863,0.017678417032584548,0.16320970910601318,1.9000028260052204e-05,0.0001139170490205288,0.11055133398622274,0.2868613349273801,0.43696508393622935
1277,random_1274,random_cycle_chord,20260823,crossing_rich,2,200,4,8,11,6.5871647301629555,True,True,,perf/incremental-yamada-frontier-order,1d8374f42cccbb16d78d44100a65ca603d7d1997,3.14.7,macOS-26.6.2-arm64-arm-64bit-Mach-O,arm,0.03928516595624387,0.1489935830468312,0.0605862500378862,0.008379958919249475,0.008612458012066782,0.017403666046448052,3.587501123547554e-05,0.008967749890871346,0.009579792036674917,0.0010647500166669488,0.03705183300189674,0.11465700005646795,7.312500383704901e-05,0.14668970799539238,0.01846016605850309,0.16514987405389547,1.991703175008297e-05,0.00012000009883195162,0.13311716611497104,0.3213959151180461,0.4723808750277385
1278,random_1275,random_cycle_chord,20260823,crossing_rich,5,200,6,11,16,4.6385721436217935,True,True,,perf/incremental-yamada-frontier-order,1d8374f42cccbb16d78d44100a65ca603d7d1997,3.14.7,macOS-26.6.2-arm64-arm-64bit-Mach-O,arm,0.04172870807815343,0.14837241603527218,0.04535583301912993,0.011687375023029745,0.01300233299843967,0.0258059169864282,6.858399137854576e-05,0.01332999998703599,0.014043458038941026,0.001589583931490779,0.05483754293527454,0.12493579206056893,9.67090018093586e-05,0.21540987503249198,0.03121749998535961,0.2466273750178516,3.116694279015064e-05,0.00017995794769376516,0.15615329204592854,0.34625441615935415,0.5663273750105873
1279,random_1276,random_cycle_chord,20260823,baseline,0,200,3,10,12,5.627651849917394,True,True,,perf/incremental-yamada-frontier-order,1d8374f42cccbb16d78d44100a65ca603d7d1997,3.14.7,macOS-26.6.2-arm64-arm-64bit-Mach-O,arm,0.03604958299547434,0.14814654097426683,0.02781695791054517,0.006621459033340216,0.006623000022955239,0.013026874978095293,2.1542073227465153e-05,0.006727083004079759,0.0068801670568063855,0.000523083028383553,0.027178750140592456,0.06825899996329099,6.208301056176424e-05,0.14076600002590567,0.008233082946389914,0.14899908297229558,1.4125020243227482e-05,6.812496576458216e-05,0.0764920829096809,0.26068820687942207,0.4055902080144733
1280,random_1277,random_cycle_chord,20260823,baseline,0,200,4,10,13,4.629944232090394,True,True,,perf/incremental-yamada-frontier-order,1d8374f42cccbb16d78d44100a65ca603d7d1997,3.14.7,macOS-26.6.2-arm64-arm-64bit-Mach-O,arm,0.034393709036521614,0.15798058302607387,0.02283137501217425,0.00813570898026228,0.008346040965989232,0.016457458026707172,2.9542017728090286e-05,0.008576832944527268,0.00878012494649738,0.000731542007997632,0.034575499943457544,0.07391883293166757,7.354200351983309e-05,0.1554829590022564,0.01032025006134063,0.16580320906359702,2.0124949514865875e-05,8.979195263236761e-05,0.0842390829930082,0.2766133750556037,0.43646491691470146
1281,random_1278,random_cycle_chord,20260823,baseline,0,200,4,11,14,4.0644756353942135,True,True,,perf/incremental-yamada-frontier-order,1d8374f42cccbb16d78d44100a65ca603d7d1997,3.14.7,macOS-26.6.2-arm64-arm-64bit-Mach-O,arm,0.03409312502481043,0.14829804201144725,0.021172875072807074,0.007629208033904433,0.00780033296905458,0.01536458299960941,2.9249931685626507e-05,0.008020499954000115,0.008223000098951161,0.0007289169589057565,0.03236624994315207,0.06899562501348555,7.241708226501942e-05,0.18027920799795538,0.011258207960054278,0.19153741595800966,1.7916085198521614e-05,8.233403787016869e-05,0.08025383297353983,0.2626450000097975,0.4471882920479402
1282,random_1279,random_cycle_chord,20260823,baseline,0,200,3,11,13,5.228637475597043,True,True,,perf/incremental-yamada-frontier-order,1d8374f42cccbb16d78d44100a65ca603d7d1997,3.14.7,macOS-26.6.2-arm64-arm-64bit-Mach-O,arm,0.036736832931637764,0.14817029202822596,0.024532874929718673,0.006880750064738095,0.006998417084105313,0.013733541942201555,2.274999860674143e-05,0.0070912090595811605,0.007294334005564451,0.0005422499962151051,0.028684085002169013,0.06711620802525431,6.829097401350737e-05,0.1671552910702303,0.008586999960243702,0.175742291030474,1.4291959814727306e-05,6.787502206861973e-05,0.07570320798549801,0.26061033294536173,0.43195350002497435
1283,random_1280,random_cycle_chord,20260823,baseline,0,200,3,8,10,6.127655958505895,True,True,,perf/incremental-yamada-frontier-order,1d8374f42cccbb16d78d44100a65ca603d7d1997,3.14.7,macOS-26.6.2-arm64-arm-64bit-Mach-O,arm,0.032578084035776556,0.14854408300016075,0.0333070830674842,0.0064827080350369215,0.006649040966294706,0.013117750058881938,2.13750172406435e-05,0.0067877910332754254,0.00701325002592057,0.0005561250727623701,0.027496291208080947,0.07395450002513826,5.983305163681507e-05,0.12914624996483326,0.009249291964806616,0.13839554192963988,1.404189970344305e-05,6.954092532396317e-05,0.08320379198994488,0.2643259590258822,0.3976152080576867
1284,random_1281,random_cycle_chord,20260823,baseline,0,200,4,11,14,4.032620027458734,True,True,,perf/incremental-yamada-frontier-order,1d8374f42cccbb16d78d44100a65ca603d7d1997,3.14.7,macOS-26.6.2-arm64-arm-64bit-Mach-O,arm,0.034395917085930705,0.14854095806367695,0.02356233401224017,0.007716374937444925,0.008114957949146628,0.01604374998714775,3.5792007111012936e-05,0.008344333968125284,0.00855720799881965,0.0007533329771831632,0.03373441693838686,0.07315754098817706,8.112494833767414e-05,0.18340937502216548,0.011632916983217001,0.19504229200538248,1.7749960534274578e-05,8.433300536125898e-05,0.08479045797139406,0.2677273331210017,0.45548608305398375
1285,random_1282,random_cycle_chord,20260823,crossing_rich,3,200,4,8,11,4.188870561728432,True,True,,perf/incremental-yamada-frontier-order,1d8374f42cccbb16d78d44100a65ca603d7d1997,3.14.7,macOS-26.6.2-arm64-arm-64bit-Mach-O,arm,0.027790416963398457,0.14927024999633431,0.0377602499211207,0.009159040986560285,0.010255916975438595,0.02011466701515019,3.0333991162478924e-05,0.010435208911076188,0.010772874928079545,0.0009475830011069775,0.04230066784657538,0.09950408292934299,6.991601549088955e-05,0.14703495800495148,0.01833875000011176,0.16537370800506324,1.9707949832081795e-05,0.00010745902545750141,0.11784283292945474,0.2949034998891875,0.4465049159480259
1286,random_1283,random_cycle_chord,20260823,baseline,0,200,3,11,13,4.0787836207030965,True,True,,perf/incremental-yamada-frontier-order,1d8374f42cccbb16d78d44100a65ca603d7d1997,3.14.7,macOS-26.6.2-arm64-arm-64bit-Mach-O,arm,0.031733208103105426,0.1482198330340907,0.01857604191172868,0.0065119999926537275,0.006496709072962403,0.012749374960549176,2.1959072910249233e-05,0.006634207908064127,0.006841000053100288,0.0005748749244958162,0.026821416919119656,0.05842562497127801,6.720889359712601e-05,0.16670900001190603,0.009035959024913609,0.17574495903681964,1.404189970344305e-05,7.279193960130215e-05,0.06746158399619162,0.24741462513338774,0.4183239999692887
1287,random_1284,random_cycle_chord,20260823,crossing_rich,3,200,4,8,11,4.122869943799433,True,True,,perf/incremental-yamada-frontier-order,1d8374f42cccbb16d78d44100a65ca603d7d1997,3.14.7,macOS-26.6.2-arm64-arm-64bit-Mach-O,arm,0.027505166013725102,0.14875237504020333,0.03129674994852394,0.009240041952580214,0.010171000030823052,0.020083875046111643,3.15000070258975e-05,0.01038158405572176,0.010904166963882744,0.0010052500292658806,0.042406376102007926,0.0931420000270009,7.216690573841333e-05,0.1508791249943897,0.020765500026755035,0.17164462502114475,3.0832947231829166e-05,0.00012125005014240742,0.11390750005375594,0.2901650411076844,0.4453658750280738
1288,random_1285,random_cycle_chord,20260823,crossing_rich,3,200,4,10,13,4.049115565476232,True,True,,perf/incremental-yamada-frontier-order,1d8374f42cccbb16d78d44100a65ca603d7d1997,3.14.7,macOS-26.6.2-arm64-arm-64bit-Mach-O,arm,0.03399545804131776,0.15327524999156594,0.03608495800290257,0.009480500011704862,0.009696458000689745,0.019101583980955184,3.1125033274292946e-05,0.009881999925710261,0.01033924997318536,0.0009916670387610793,0.04034562595188618,0.09563491598237306,8.766597602516413e-05,0.1744994589826092,0.019651290960609913,0.19415074994321913,2.004194539040327e-05,0.00011608295608311892,0.11528620694298297,0.3025569149758667,0.4816567919915542
1289,random_1286,random_cycle_chord,20260823,baseline,0,200,3,11,13,4.031507421315155,True,True,,perf/incremental-yamada-frontier-order,1d8374f42cccbb16d78d44100a65ca603d7d1997,3.14.7,macOS-26.6.2-arm64-arm-64bit-Mach-O,arm,0.032152416999451816,0.15053304203320295,0.021335124969482422,0.006690916954539716,0.006736582960002124,0.013314499985426664,3.1832954846322536e-05,0.006910959025844932,0.0070342919789254665,0.0005497089587152004,0.027841292903758585,0.06262387498281896,7.583398837596178e-05,0.1676833339734003,0.008935834048315883,0.17661916802171618,1.4416058547794819e-05,7.199996616691351e-05,0.07155970903113484,0.2542451680637896,0.426208958029747
1290,random_1287,random_cycle_chord,20260823,baseline,0,200,3,10,12,4.702941202336564,True,True,,perf/incremental-yamada-frontier-order,1d8374f42cccbb16d78d44100a65ca603d7d1997,3.14.7,macOS-26.6.2-arm64-arm-64bit-Mach-O,arm,0.031865915982052684,0.21408887498546392,0.04644279205240309,0.010641958098858595,0.00967883295379579,0.1043070419691503,7.316702976822853e-05,0.016511290916241705,0.007635749992914498,0.000637291930615902,0.12916454183869064,0.19597974990028888,8.899997919797897e-05,0.170194249949418,0.01058420806657523,0.18077845801599324,2.6499968953430653e-05,9.27499495446682e-05,0.2065639579668641,0.4525187489343807,0.6381065829191357
1291,random_1288,random_cycle_chord,20260823,baseline,0,200,3,10,12,5.6219146237669495,True,True,,perf/incremental-yamada-frontier-order,1d8374f42cccbb16d78d44100a65ca603d7d1997,3.14.7,macOS-26.6.2-arm64-arm-64bit-Mach-O,arm,0.0384104170370847,0.16628875001333654,0.031236124923452735,0.007529624970629811,0.007230874965898693,0.014470499940216541,4.8375106416642666e-05,0.00755887501873076,0.00770316703710705,0.0005614589899778366,0.03034237609244883,0.0763685000129044,8.504197467118502e-05,0.1614387499867007,0.008769583073444664,0.17020833306014538,1.6916077584028244e-05,7.320789154618979e-05,0.08513808308634907,0.2898372501367703,0.4556877500144765
1292,random_1289,random_cycle_chord,20260823,baseline,0,200,4,12,15,4.87863760994961,True,True,,perf/incremental-yamada-frontier-order,1d8374f42cccbb16d78d44100a65ca603d7d1997,3.14.7,macOS-26.6.2-arm64-arm-64bit-Mach-O,arm,0.04194737505167723,0.15049545804504305,0.025886708055622876,0.007910249987617135,0.008093290962278843,0.015793042024597526,4.491698928177357e-05,0.008277290966361761,0.00860199995804578,0.0007356660207733512,0.03345291595906019,0.07538133300840855,9.908294305205345e-05,0.19726433407049626,0.010971374926157296,0.20823570899665356,1.8542050383985043e-05,8.908298332244158e-05,0.08635270793456584,0.2787955410312861,0.48043895803857595
1293,random_1290,random_cycle_chord,20260823,crossing_rich,5,200,5,9,13,4.4343669266836265,True,True,,perf/incremental-yamada-frontier-order,1d8374f42cccbb16d78d44100a65ca603d7d1997,3.14.7,macOS-26.6.2-arm64-arm-64bit-Mach-O,arm,0.03395199996884912,0.15160729200579226,0.045224125031381845,0.010996042052283883,0.012520749936811626,0.023959500016644597,4.895904567092657e-05,0.012406499939970672,0.013246707967482507,0.0013509589480236173,0.05101262591779232,0.11980983300600201,9.62910708039999e-05,0.17749754199758172,0.027052583056502044,0.20455012505408376,2.4916953407227993e-05,0.0001514169853180647,0.14686241606250405,0.33242170803714544,0.5144827499752864
1294,random_1291,random_cycle_chord,20260823,crossing_rich,2,200,4,8,11,6.41078612306926,True,True,,perf/incremental-yamada-frontier-order,1d8374f42cccbb16d78d44100a65ca603d7d1997,3.14.7,macOS-26.6.2-arm64-arm-64bit-Mach-O,arm,0.038686375017277896,0.1497672499390319,0.051924249972216785,0.008427291992120445,0.008609666023403406,0.01713258307427168,3.341690171509981e-05,0.008877458982169628,0.009226999944075942,0.0009267500136047602,0.03619720891583711,0.10518595902249217,6.866699550300837e-05,0.14492637501098216,0.016844291938468814,0.16177066694945097,2.0709005184471607e-05,0.000116499955765903,0.12203025096096098,0.3104838759172708,0.45969525002874434
1295,random_1292,random_cycle_chord,20260823,baseline,0,200,3,10,12,4.6853109365618995,True,True,,perf/incremental-yamada-frontier-order,1d8374f42cccbb16d78d44100a65ca603d7d1997,3.14.7,macOS-26.6.2-arm64-arm-64bit-Mach-O,arm,0.03135575004853308,0.14785145805217326,0.020519457990303636,0.00649337493814528,0.006495167035609484,0.012802333105355501,2.2208085283637047e-05,0.006633583921939135,0.006822125054895878,0.0005410410230979323,0.026821291190572083,0.06034883402753621,6.258301436901093e-05,0.14309229201171547,0.008564208052121103,0.15165650006383657,1.4082994312047958e-05,6.912497337907553e-05,0.06891304207965732,0.24812025018036366,0.39534145896323025
1296,random_1293,random_cycle_chord,20260823,crossing_rich,5,200,5,9,13,4.363471687437861,True,True,,perf/incremental-yamada-frontier-order,1d8374f42cccbb16d78d44100a65ca603d7d1997,3.14.7,macOS-26.6.2-arm64-arm-64bit-Mach-O,arm,0.033305375021882355,0.1492836669785902,0.03950187494046986,0.010680290986783803,0.012285792035982013,0.02425562497228384,3.700004890561104e-05,0.01255633297841996,0.013233582954853773,0.0013450420228764415,0.051427582977339625,0.11392979195807129,7.983401883393526e-05,0.17631925002206117,0.02801833301782608,0.20433758303988725,2.487492747604847e-05,0.00014775001909583807,0.14194812497589737,0.3245371669763699,0.505396332941018
1297,random_1294,random_cycle_chord,20260823,crossing_rich,4,200,5,11,15,4.599941930563782,True,True,,perf/incremental-yamada-frontier-order,1d8374f42cccbb16d78d44100a65ca603d7d1997,3.14.7,macOS-26.6.2-arm64-arm-64bit-Mach-O,arm,0.039025416946969926,0.14850033295806497,0.040391665999777615,0.009928249986842275,0.010870750062167645,0.02148362493608147,3.7416000850498676e-05,0.011128416983410716,0.011829374940134585,0.0013020839542150497,0.04578091681469232,0.1070057920878753,8.304195944219828e-05,0.1977299579884857,0.02464433293789625,0.22237429092638195,2.3875036276876926e-05,0.00014116696547716856,0.13165012502577156,0.31917587493080646,0.5214213749859482
1298,random_1295,random_cycle_chord,20260823,crossing_rich,4,200,6,12,17,4.498170570826396,True,True,,perf/incremental-yamada-frontier-order,1d8374f42cccbb16d78d44100a65ca603d7d1997,3.14.7,macOS-26.6.2-arm64-arm-64bit-Mach-O,arm,0.044390249997377396,0.148877042112872,0.04369833297096193,0.011429458972997963,0.012859500013291836,0.02523308398667723,5.816703196614981e-05,0.013131166924722493,0.013739833026193082,0.0014830000000074506,0.053645250969566405,0.12168037495575845,9.604194201529026e-05,0.23247791698668152,0.027351750060915947,0.25982966704759747,3.0166003853082657e-05,0.00015770900063216686,0.1490321250166744,0.3422994171269238,0.5794567089760676
1299,random_1296,random_cycle_chord,20260823,crossing_rich,2,200,4,8,11,6.573105093551171,True,True,,perf/incremental-yamada-frontier-order,1d8374f42cccbb16d78d44100a65ca603d7d1997,3.14.7,macOS-26.6.2-arm64-arm-64bit-Mach-O,arm,0.04022829094901681,0.14856554195284843,0.05472237500362098,0.008402416948229074,0.00859029102139175,0.01698770804796368,2.929195761680603e-05,0.008773749927058816,0.009206333081237972,0.0009627919644117355,0.03595987497828901,0.10770195908844471,6.558303721249104e-05,0.14856233401224017,0.01772916701156646,0.16629150102380663,1.9165920093655586e-05,0.00011562509462237358,0.12543112610001117,0.3142249590018764,0.4670609999448061
1300,random_1297,random_cycle_chord,20260823,crossing_rich,4,200,5,8,12,6.598616919403812,True,True,,perf/incremental-yamada-frontier-order,1d8374f42cccbb16d78d44100a65ca603d7d1997,3.14.7,macOS-26.6.2-arm64-arm-64bit-Mach-O,arm,0.04315225000027567,0.15844941698014736,0.06759774999227375,0.010063415975309908,0.010752832982689142,0.021265957970172167,4.441698547452688e-05,0.011017833021469414,0.03916041704360396,0.0014856250490993261,0.07297425006981939,0.1614229999249801,0.00021291710436344147,0.16846829105634242,0.026236332952976227,0.19470462400931865,2.6416964828968048e-05,0.00015949993394315243,0.18765933287795633,0.38926099985837936,0.562861374928616
1301,random_1298,random_cycle_chord,20260823,baseline,0,200,3,10,12,5.622142449130881,True,True,,perf/incremental-yamada-frontier-order,1d8374f42cccbb16d78d44100a65ca603d7d1997,3.14.7,macOS-26.6.2-arm64-arm-64bit-Mach-O,arm,0.03632529196329415,0.1481584160355851,0.02840016596019268,0.0067070829682052135,0.006590042030438781,0.012949833064340055,2.2165942937135696e-05,0.006721540936268866,0.006873124977573752,0.0005514170043170452,0.027118081925436854,0.06883395800832659,6.49159774184227e-05,0.14505095907952636,0.009019582998007536,0.1540705420775339,1.4457968063652515e-05,6.979098543524742e-05,0.07785354100633413,0.2623372490052134,0.4115454580169171
1302,random_1299,random_cycle_chord,20260823,baseline,0,200,3,11,13,5.228723626018584,True,True,,perf/incremental-yamada-frontier-order,1d8374f42cccbb16d78d44100a65ca603d7d1997,3.14.7,macOS-26.6.2-arm64-arm-64bit-Mach-O,arm,0.036773959058336914,0.14761824999004602,0.02701862493995577,0.006729832966811955,0.006883915979415178,0.013605750049464405,2.13750172406435e-05,0.0070433750515803695,0.007201167056336999,0.0005313330329954624,0.02840300020761788,0.06905412499327213,6.7666987888515e-05,0.1672835829667747,0.008512375061400235,0.17579595802817494,1.391698606312275e-05,6.841693539172411e-05,0.07756650005467236,0.2619587091030553,0.4333859160542488
1303,random_1300,random_cycle_chord,20260823,baseline,0,200,4,12,15,4.8753477804975285,True,True,,perf/incremental-yamada-frontier-order,1d8374f42cccbb16d78d44100a65ca603d7d1997,3.14.7,macOS-26.6.2-arm64-arm-64bit-Mach-O,arm,0.03983941697515547,0.14818512497004122,0.024615042028017342,0.007894790964201093,0.008443583035841584,0.016674374928697944,3.0459021218121052e-05,0.008653750061057508,0.009021499892696738,0.0007981669623404741,0.035178250866010785,0.07615862495731562,8.679204620420933e-05,0.17775224999058992,0.010129582951776683,0.1878818329423666,1.8167076632380486e-05,8.141703438013792e-05,0.08628820790909231,0.274312749854289,0.4563684999011457
1304,random_1301,random_cycle_chord,20260823,baseline,0,200,3,9,11,5.413284792332709,True,True,,perf/incremental-yamada-frontier-order,1d8374f42cccbb16d78d44100a65ca603d7d1997,3.14.7,macOS-26.6.2-arm64-arm-64bit-Mach-O,arm,0.03251162508968264,0.14750720898155123,0.023666958091780543,0.006872417056001723,0.00702908297535032,0.013833874952979386,2.1458021365106106e-05,0.0071540409699082375,0.0073144999332726,0.0005151659715920687,0.028839039849117398,0.06642625003587455,6.266694981604815e-05,0.14195645810104907,0.008303915965370834,0.1502603740664199,1.404189970344305e-05,6.416591349989176e-05,0.07473016600124538,0.25474900007247925,0.4008279589470476
1305,random_1302,random_cycle_chord,20260823,baseline,0,200,3,10,12,4.6461480757262565,True,True,,perf/incremental-yamada-frontier-order,1d8374f42cccbb16d78d44100a65ca603d7d1997,3.14.7,macOS-26.6.2-arm64-arm-64bit-Mach-O,arm,0.031334000057540834,0.1475703330943361,0.020680167013779283,0.006789874983951449,0.006965208915062249,0.013699625036679208,2.145895268768072e-05,0.0071139170322567225,0.007253624964505434,0.0005213330732658505,0.028609959059394896,0.0630646669305861,6.520794704556465e-05,0.15552758297417313,0.008309249999001622,0.16383683297317475,1.4209072105586529e-05,6.375007797032595e-05,0.07137391692958772,0.25027825008146465,0.4099328749580309
1306,random_1303,random_cycle_chord,20260823,baseline,0,200,3,8,10,6.1648999981452315,True,True,,perf/incremental-yamada-frontier-order,1d8374f42cccbb16d78d44100a65ca603d7d1997,3.14.7,macOS-26.6.2-arm64-arm-64bit-Mach-O,arm,0.03269420797005296,0.14799091697204858,0.030427583027631044,0.006489790976047516,0.006646458990871906,0.013081667013466358,2.1541956812143326e-05,0.006764459074474871,0.006965833017602563,0.0005626250058412552,0.02739612606819719,0.07097908295691013,6.133306305855513e-05,0.12803116696886718,0.008926459006033838,0.13695762597490102,1.3874960131943226e-05,7.116596680134535e-05,0.07990554196294397,0.2605906669050455,0.39275733300019056
1307,random_1304,random_cycle_chord,20260823,baseline,0,200,3,11,13,5.22915460096969,True,True,,perf/incremental-yamada-frontier-order,1d8374f42cccbb16d78d44100a65ca603d7d1997,3.14.7,macOS-26.6.2-arm64-arm-64bit-Mach-O,arm,0.03656912501901388,0.14760454092174768,0.02444054197985679,0.0066940829856321216,0.006811458035372198,0.01342366705648601,2.162496093660593e-05,0.0069387080147862434,0.007127499906346202,0.0005195409758016467,0.02803104091435671,0.06599641696084291,6.691599264740944e-05,0.16730658302549273,0.008120583021081984,0.1754271660465747,1.3542012311518192e-05,6.462493911385536e-05,0.07411699998192489,0.25829066592268646,0.4297228339128196
1308,random_1305,random_cycle_chord,20260823,crossing_rich,4,200,5,10,14,5.622220799459513,True,True,,perf/incremental-yamada-frontier-order,1d8374f42cccbb16d78d44100a65ca603d7d1997,3.14.7,macOS-26.6.2-arm64-arm-64bit-Mach-O,arm,0.04208204091992229,0.1487236670218408,0.0540684579173103,0.0096284169703722,0.010596791980788112,0.020890000043436885,3.679096698760986e-05,0.01087737490888685,0.011483625043183565,0.0012660420034080744,0.044553832965902984,0.11888070800341666,8.150003850460052e-05,0.1845050840638578,0.02306004101410508,0.20756512507796288,2.2791093215346336e-05,0.00013791699893772602,0.14194074901752174,0.33274645695928484,0.5217140830354765
1309,random_1306,random_cycle_chord,20260823,baseline,0,200,4,11,14,4.070177629456447,True,True,,perf/incremental-yamada-frontier-order,1d8374f42cccbb16d78d44100a65ca603d7d1997,3.14.7,macOS-26.6.2-arm64-arm-64bit-Mach-O,arm,0.03421512490604073,0.14786266698502004,0.021550250006839633,0.007758292020298541,0.008201749995350838,0.016238959040492773,2.9667047783732414e-05,0.008432749891653657,0.0086439159931615,0.0007347919745370746,0.034080083947628736,0.0716166669735685,7.587496656924486e-05,0.18129987502470613,0.011075500049628317,0.19237537507433444,1.8040998838841915e-05,8.245895151048899e-05,0.08269216702319682,0.2647699589142576,0.45035549998283386
1310,random_1307,random_cycle_chord,20260823,baseline,0,200,4,14,17,4.293571995607051,True,True,,perf/incremental-yamada-frontier-order,1d8374f42cccbb16d78d44100a65ca603d7d1997,3.14.7,macOS-26.6.2-arm64-arm-64bit-Mach-O,arm,0.04237049992661923,0.14772520796395838,0.02204979199450463,0.0076575829880312085,0.008139624958857894,0.015991709078662097,2.9542017728090286e-05,0.008297374937683344,0.008492707973346114,0.0007059579947963357,0.03351729200221598,0.07139041693881154,9.220791980624199e-05,0.21771637501660734,0.010679041035473347,0.2283954160520807,1.820793841034174e-05,8.099991828203201e-05,0.08206945797428489,0.2721651658648625,0.49416629201732576
1311,random_1308,random_cycle_chord,20260823,baseline,0,200,3,8,10,6.161768414081359,True,True,,perf/incremental-yamada-frontier-order,1d8374f42cccbb16d78d44100a65ca603d7d1997,3.14.7,macOS-26.6.2-arm64-arm-64bit-Mach-O,arm,0.03290058393031359,0.14832883304916322,0.03356895793695003,0.00670912500936538,0.006678165984340012,0.013145417091436684,2.1374900825321674e-05,0.006807166035287082,0.007007665932178497,0.0005506250308826566,0.027532248990610242,0.07450720807537436,6.270792800933123e-05,0.12874158297199756,0.008720125071704388,0.13746170804370195,1.3750046491622925e-05,6.78329961374402e-05,0.08322733314707875,0.26445675012655556,0.3973321670200676
1312,random_1309,random_cycle_chord,20260823,crossing_rich,5,200,6,11,16,4.6443104295066675,True,True,,perf/incremental-yamada-frontier-order,1d8374f42cccbb16d78d44100a65ca603d7d1997,3.14.7,macOS-26.6.2-arm64-arm-64bit-Mach-O,arm,0.04325320804491639,0.1491566669428721,0.05145808297675103,0.011189999990165234,0.012516833026893437,0.024651417043060064,5.654094275087118e-05,0.012739624944515526,0.01358808297663927,0.001631750026717782,0.052667415933683515,0.12787754193414003,0.00010083301458507776,0.2158325839554891,0.031974166049622,0.2478067500051111,2.8291018679738045e-05,0.00016912491992115974,0.15985170798376203,0.3522615829715505,0.572732999920845
1313,random_1310,random_cycle_chord,20260823,crossing_rich,4,200,5,11,15,5.2226740423038445,True,True,,perf/incremental-yamada-frontier-order,1d8374f42cccbb16d78d44100a65ca603d7d1997,3.14.7,macOS-26.6.2-arm64-arm-64bit-Mach-O,arm,0.0428553749807179,0.1488195420242846,0.046806041966192424,0.010031208978034556,0.011256042052991688,0.022241499973461032,3.629201091825962e-05,0.011570915929041803,0.012229750049300492,0.0013293750816956162,0.0474078330444172,0.11553387506864965,8.595897816121578e-05,0.1985251249279827,0.02572887495625764,0.22425399988424033,2.4165958166122437e-05,0.00014599994756281376,0.1412627500249073,0.3329376670299098,0.5359827920328826
1314,random_1311,random_cycle_chord,20260823,baseline,0,200,3,10,12,4.658574678149309,True,True,,perf/incremental-yamada-frontier-order,1d8374f42cccbb16d78d44100a65ca603d7d1997,3.14.7,macOS-26.6.2-arm64-arm-64bit-Mach-O,arm,0.030843707965686917,0.14800933294463903,0.021074249991215765,0.0064872909570112824,0.006565124960616231,0.012882540933787823,2.1417043171823025e-05,0.006733958027325571,0.006975083029828966,0.0006101670442149043,0.027223166078329086,0.06136916601099074,6.212503649294376e-05,0.15406966593582183,0.008780083968304098,0.16284974990412593,1.3666925951838493e-05,7.037504110485315e-05,0.07014924997929484,0.24900229088962078,0.4072144170058891
1315,random_1312,random_cycle_chord,20260823,baseline,0,200,4,15,18,4.046271984711403,True,True,,perf/incremental-yamada-frontier-order,1d8374f42cccbb16d78d44100a65ca603d7d1997,3.14.7,macOS-26.6.2-arm64-arm-64bit-Mach-O,arm,0.04329066595528275,0.14762187493033707,0.021224041003733873,0.007745874929241836,0.00799433293286711,0.015756082953885198,2.9082992114126682e-05,0.008178791031241417,0.008415458025410771,0.0007052080472931266,0.03308462304994464,0.07007483299821615,8.299993351101875e-05,0.2303313750308007,0.01075879205018282,0.24109016708098352,1.795799471437931e-05,7.995800115168095e-05,0.08083362504839897,0.2717461659340188,0.5063465000130236
1316,random_1313,random_cycle_chord,20260823,crossing_rich,2,200,4,10,13,5.625462497283216,True,True,,perf/incremental-yamada-frontier-order,1d8374f42cccbb16d78d44100a65ca603d7d1997,3.14.7,macOS-26.6.2-arm64-arm-64bit-Mach-O,arm,0.03881058294791728,0.14857654203660786,0.04705920803826302,0.008203083067201078,0.008491207961924374,0.016739833052270114,2.9916991479694843e-05,0.008650208008475602,0.009054124937392771,0.0008996670367196202,0.0353737500263378,0.09915379190351814,7.187505252659321e-05,0.16757079202216119,0.016135166049934924,0.1837059580720961,1.8125050701200962e-05,0.00010024989023804665,0.11528895795345306,0.3026760829379782,0.47448824997991323
1317,random_1314,random_cycle_chord,20260823,baseline,0,200,3,11,13,4.104170129520848,True,True,,perf/incremental-yamada-frontier-order,1d8374f42cccbb16d78d44100a65ca603d7d1997,3.14.7,macOS-26.6.2-arm64-arm-64bit-Mach-O,arm,0.03228933294303715,0.14771195803768933,0.01854204200208187,0.006617584032937884,0.0067888329504057765,0.013388458057306707,2.1542073227465153e-05,0.00695524993352592,0.007178916013799608,0.000559207983314991,0.02810337406117469,0.06007079198025167,6.458302959799767e-05,0.16806729207746685,0.009217915940098464,0.1772852080175653,1.4124903827905655e-05,6.958295125514269e-05,0.06928870792035013,0.24928999890107661,0.4215218750759959
1318,random_1315,random_cycle_chord,20260823,baseline,0,200,3,11,13,5.225653901406607,True,True,,perf/incremental-yamada-frontier-order,1d8374f42cccbb16d78d44100a65ca603d7d1997,3.14.7,macOS-26.6.2-arm64-arm-64bit-Mach-O,arm,0.03685270808637142,0.14973999990615994,0.028134499909356236,0.006781208096072078,0.006817374960519373,0.01378758403006941,4.299997817724943e-05,0.00756633304990828,0.007165791001170874,0.0005355830071493983,0.029098291066475213,0.0709447090048343,8.050003089010715e-05,0.1757305000210181,0.008645000052638352,0.18437550007365644,1.466704998165369e-05,7.1709044277668e-05,0.07958970905747265,0.266182417050004,0.4461484170751646
1319,random_1316,random_cycle_chord,20260823,baseline,0,200,3,11,13,4.056254928827903,True,True,,perf/incremental-yamada-frontier-order,1d8374f42cccbb16d78d44100a65ca603d7d1997,3.14.7,macOS-26.6.2-arm64-arm-64bit-Mach-O,arm,0.03272091702092439,0.14932799991220236,0.022157124942168593,0.006911874981597066,0.007068125065416098,0.013986582984216511,2.320797648280859e-05,0.00723062502220273,0.007355874986387789,0.0005109170451760292,0.02910720801446587,0.06526349997147918,7.712491787970066e-05,0.19996516697574407,0.008770042099058628,0.2087352090748027,1.5583005733788013e-05,6.691704038530588e-05,0.0740335420705378,0.25608245900366455,0.4602300419937819
1320,random_1317,random_cycle_chord,20260823,crossing_rich,3,200,4,8,11,4.268455473143895,True,True,,perf/incremental-yamada-frontier-order,1d8374f42cccbb16d78d44100a65ca603d7d1997,3.14.7,macOS-26.6.2-arm64-arm-64bit-Mach-O,arm,0.029013207997195423,0.16049491695594043,0.036819832981564105,0.009641333017498255,0.01017912500537932,0.02004895801655948,3.187498077750206e-05,0.010360750020481646,0.010779000003822148,0.0009652499575167894,0.04218583297915757,0.09885308297816664,7.683399599045515e-05,0.233891166979447,0.018217500066384673,0.2521086670458317,2.2333930246531963e-05,0.00011079199612140656,0.11707058304455131,0.30657870799768716,0.5446192080853507
1321,random_1318,random_cycle_chord,20260823,crossing_rich,4,200,5,8,12,6.602334550293299,True,True,,perf/incremental-yamada-frontier-order,1d8374f42cccbb16d78d44100a65ca603d7d1997,3.14.7,macOS-26.6.2-arm64-arm-64bit-Mach-O,arm,0.04292337503284216,0.14895787497516721,0.06937054195441306,0.009661125019192696,0.010563625022768974,0.020791999995708466,3.8874917663633823e-05,0.01079408300574869,0.0116115000564605,0.00141120795160532,0.04464766592718661,0.1342763330321759,0.000160665949806571,0.16052662499714643,0.027668582974001765,0.1881952079711482,2.420798409730196e-05,0.00015591701958328485,0.16194491600617766,0.35382616601418704,0.5189705420052633
1322,random_1319,random_cycle_chord,20260823,baseline,0,200,3,8,10,6.173651548151055,True,True,,perf/incremental-yamada-frontier-order,1d8374f42cccbb16d78d44100a65ca603d7d1997,3.14.7,macOS-26.6.2-arm64-arm-64bit-Mach-O,arm,0.033102208049967885,0.14847987494431436,0.03405812499113381,0.006614958983846009,0.006634207908064127,0.013082915917038918,2.2000051103532314e-05,0.006789791048504412,0.006940332939848304,0.0005321250064298511,0.027367164962925017,0.07469437504187226,5.904200952500105e-05,0.12971708306577057,0.00848370895255357,0.13820079201832414,1.4082994312047958e-05,6.566697265952826e-05,0.08317808399442583,0.2647601669887081,0.3986154580488801
1323,random_1320,random_cycle_chord,20260823,crossing_rich,3,200,4,9,12,4.404135157895713,True,True,,perf/incremental-yamada-frontier-order,1d8374f42cccbb16d78d44100a65ca603d7d1997,3.14.7,macOS-26.6.2-arm64-arm-64bit-Mach-O,arm,0.030966290971264243,0.1483072090195492,0.03633566608186811,0.008919790969230235,0.009710042038932443,0.01923312491271645,2.954108640551567e-05,0.009933792054653168,0.010408874950371683,0.0010245830053463578,0.04062991600949317,0.09562170796561986,7.395900320261717e-05,0.15767970902379602,0.01924766704905778,0.1769273760728538,2.1292013116180897e-05,0.00012125005014240742,0.11486937501467764,0.2941428750054911,0.45609720901120454
1324,random_1321,random_cycle_chord,20260823,crossing_rich,2,200,4,8,11,6.452155879574938,True,True,,perf/incremental-yamada-frontier-order,1d8374f42cccbb16d78d44100a65ca603d7d1997,3.14.7,macOS-26.6.2-arm64-arm-64bit-Mach-O,arm,0.03827254194766283,0.1485485420562327,0.05224537500180304,0.008265041979029775,0.008602792047895491,0.016957041923888028,2.920802216976881e-05,0.008793124929070473,0.009183833026327193,0.000916499993763864,0.035879707895219326,0.10502008290495723,7.30419997125864e-05,0.14364462508819997,0.015886417008005083,0.15953104209620506,1.895800232887268e-05,0.0001051250146701932,0.12090649991296232,0.30772758391685784,0.4556467499351129
1325,random_1322,random_cycle_chord,20260823,baseline,0,200,3,10,12,4.688561414669258,True,True,,perf/incremental-yamada-frontier-order,1d8374f42cccbb16d78d44100a65ca603d7d1997,3.14.7,macOS-26.6.2-arm64-arm-64bit-Mach-O,arm,0.031169500085525215,0.14810983301140368,0.0212170829763636,0.0062535840552300215,0.0063120829872787,0.012365625007078052,2.162496093660593e-05,0.006427916930988431,0.006640583975240588,0.0005554589442908764,0.026011209818534553,0.0598131250590086,7.837498560547829e-05,0.15460633300244808,0.008881457964889705,0.1634877909673378,1.3584038242697716e-05,6.77499920129776e-05,0.0686945830238983,0.2479739161208272,0.40671991603448987
1326,random_1323,random_cycle_chord,20260823,baseline,0,200,3,8,10,6.171153007130344,True,True,,perf/incremental-yamada-frontier-order,1d8374f42cccbb16d78d44100a65ca603d7d1997,3.14.7,macOS-26.6.2-arm64-arm-64bit-Mach-O,arm,0.03287504205945879,0.14822104095946997,0.03487058402970433,0.006588625023141503,0.006662665982730687,0.013123417040333152,2.1292013116180897e-05,0.00683974998537451,0.0069731250405311584,0.0005442909896373749,0.027501875068992376,0.07564258296042681,5.5999960750341415e-05,0.1287623340031132,0.00862745800986886,0.13738979201298207,1.3874960131943226e-05,6.824999582022429e-05,0.08427004097029567,0.26536612398922443,0.39824987505562603
1327,random_1324,random_cycle_chord,20260823,baseline,0,200,3,8,10,6.147314756109396,True,True,,perf/incremental-yamada-frontier-order,1d8374f42cccbb16d78d44100a65ca603d7d1997,3.14.7,macOS-26.6.2-arm64-arm-64bit-Mach-O,arm,0.03268920804839581,0.14816641702782363,0.030660999938845634,0.006521000061184168,0.006650125025771558,0.013136334018781781,2.045894507318735e-05,0.006799917086027563,0.007015625014901161,0.0005806660046800971,0.02755300106946379,0.07140400004573166,5.862500984221697e-05,0.12902175006456673,0.00930150004569441,0.13832325011026114,1.3916054740548134e-05,7.129204459488392e-05,0.08070550009142607,0.2615611251676455,0.39471954095643014
1328,random_1325,random_cycle_chord,20260823,baseline,0,200,3,10,12,4.629009365780995,True,True,,perf/incremental-yamada-frontier-order,1d8374f42cccbb16d78d44100a65ca603d7d1997,3.14.7,macOS-26.6.2-arm64-arm-64bit-Mach-O,arm,0.030827500042505562,0.14803895796649158,0.02124995901249349,0.0064467089250683784,0.006568541983142495,0.012978167040273547,2.1709012798964977e-05,0.006673833937384188,0.0069079590030014515,0.0005694999126717448,0.027151168906129897,0.06143508292734623,6.483402103185654e-05,0.15419987495988607,0.009030875051394105,0.16323075001128018,1.383305061608553e-05,6.645801477134228e-05,0.07046595797874033,0.24933241598773748,0.40765016595833004
1329,random_1326,random_cycle_chord,20260823,baseline,0,200,4,13,16,4.563421716772675,True,True,,perf/incremental-yamada-frontier-order,1d8374f42cccbb16d78d44100a65ca603d7d1997,3.14.7,macOS-26.6.2-arm64-arm-64bit-Mach-O,arm,0.04093479097355157,0.14814258296974003,0.02525025000795722,0.007857125019654632,0.008637333987280726,0.017066083033569157,2.8791953809559345e-05,0.008837750065140426,0.0091709999833256,0.0007967909332364798,0.03590041596908122,0.07767074997536838,7.749989163130522e-05,0.20750095800030977,0.012206915998831391,0.21970787399914116,1.791701652109623e-05,8.895900100469589e-05,0.08987766597419977,0.2789550399174914,0.49074108398053795
1330,random_1327,random_cycle_chord,20260823,crossing_rich,5,200,6,13,18,4.569155373328429,True,True,,perf/incremental-yamada-frontier-order,1d8374f42cccbb16d78d44100a65ca603d7d1997,3.14.7,macOS-26.6.2-arm64-arm-64bit-Mach-O,arm,0.04644066607579589,0.15196404105518013,0.043750207987613976,0.011410500039346516,0.012908916105516255,0.02560683398041874,5.6750024668872356e-05,0.013479209039360285,0.014362709014676511,0.0017507500015199184,0.05525625206064433,0.1233688750071451,0.00010166701395064592,0.23894945799838752,0.03086491604335606,0.2698143740417436,3.1250063329935074e-05,0.000173417036421597,0.15423379105050117,0.3526384981814772,0.5964731669519097
1331,random_1328,random_cycle_chord,20260823,crossing_rich,4,200,5,10,14,5.626651593519174,True,True,,perf/incremental-yamada-frontier-order,1d8374f42cccbb16d78d44100a65ca603d7d1997,3.14.7,macOS-26.6.2-arm64-arm-64bit-Mach-O,arm,0.042191000073216856,0.1498436250258237,0.051737000001594424,0.00999891699757427,0.011340292054228485,0.02227375004440546,3.774999640882015e-05,0.011583916028030217,0.012138040969148278,0.001203749910928309,0.047237206948921084,0.12034799996763468,8.083297871053219e-05,0.2678010000381619,0.022123250062577426,0.2899242501007393,2.420798409730196e-05,0.00012804195284843445,0.1424712500302121,0.33450587512925267,0.6064844169886783
1332,random_1329,random_cycle_chord,20260823,baseline,0,200,4,12,15,4.874949746688664,True,True,,perf/incremental-yamada-frontier-order,1d8374f42cccbb16d78d44100a65ca603d7d1997,3.14.7,macOS-26.6.2-arm64-arm-64bit-Mach-O,arm,0.03973087505437434,0.1480601669754833,0.024776041973382235,0.0078001669608056545,0.008534458000212908,0.016848624916747212,2.9542017728090286e-05,0.008699291967786849,0.008891957928426564,0.0007042910438030958,0.03517370787449181,0.07631133298855275,7.745902985334396e-05,0.19195070897694677,0.010145167005248368,0.20209587598219514,1.8000020645558834e-05,7.912504952400923e-05,0.08645649999380112,0.27424754202365875,0.4704739999724552
1333,random_1330,random_cycle_chord,20260823,crossing_rich,2,200,4,9,12,5.924535922874376,True,True,,perf/incremental-yamada-frontier-order,1d8374f42cccbb16d78d44100a65ca603d7d1997,3.14.7,macOS-26.6.2-arm64-arm-64bit-Mach-O,arm,0.03772575000766665,0.1480853749671951,0.04870195803232491,0.008285542018711567,0.008662999956868589,0.017074457951821387,2.962502185255289e-05,0.008858707966282964,0.009284249972552061,0.0009287500288337469,0.03617579094134271,0.10185295902192593,7.06670107319951e-05,0.15644766599871218,0.015961083001457155,0.17240874900016934,1.9125058315694332e-05,0.00010662502609193325,0.11781404202338308,0.3036251669982448,0.4643430419964716
1334,random_1331,random_cycle_chord,20260823,baseline,0,200,3,8,10,6.15073041167343,True,True,,perf/incremental-yamada-frontier-order,1d8374f42cccbb16d78d44100a65ca603d7d1997,3.14.7,macOS-26.6.2-arm64-arm-64bit-Mach-O,arm,0.032856957986950874,0.15078533301129937,0.03228879196103662,0.007407791097648442,0.007104374933987856,0.013727999990805984,3.970903344452381e-05,0.0069380420027300715,0.0074667909648269415,0.0006175830494612455,0.028790125041268766,0.07562029198743403,7.991609163582325e-05,0.12982624990399927,0.00926229206379503,0.1390885419677943,1.4708959497511387e-05,7.933296728879213e-05,0.08488258405122906,0.2685248750494793,0.4026903749909252
1335,random_1332,random_cycle_chord,20260823,crossing_rich,4,200,5,10,14,5.617837739072898,True,True,,perf/incremental-yamada-frontier-order,1d8374f42cccbb16d78d44100a65ca603d7d1997,3.14.7,macOS-26.6.2-arm64-arm-64bit-Mach-O,arm,0.04211104195564985,0.1507386249722913,0.056849375017918646,0.010028834105469286,0.011216583079658449,0.022111041005700827,3.641610965132713e-05,0.011505042086355388,0.012125541921705008,0.001256417017430067,0.04703445814084262,0.12516308296471834,8.000002708286047e-05,0.2721315829548985,0.023997249896638095,0.29612883285153657,2.5541987270116806e-05,0.00013925007078796625,0.14916033286135644,0.3420099997892976,0.6183405000483617
1336,random_1333,random_cycle_chord,20260823,crossing_rich,4,200,5,10,14,5.625891904221019,True,True,,perf/incremental-yamada-frontier-order,1d8374f42cccbb16d78d44100a65ca603d7d1997,3.14.7,macOS-26.6.2-arm64-arm-64bit-Mach-O,arm,0.04235945898108184,0.14904362498782575,0.05341979209333658,0.009691375074908137,0.010877624968998134,0.021435500006191432,3.7291902117431164e-05,0.01108383305836469,0.011755958083085716,0.001311332918703556,0.045623915968462825,0.11964679101947695,8.200004231184721e-05,0.18253745802212507,0.0249090000288561,0.20744645805098116,2.3667002096772194e-05,0.0001433748984709382,0.14455579104833305,0.33595887501724064,0.5229946249164641
1337,random_1334,random_cycle_chord,20260823,baseline,0,200,3,10,12,4.65925712288434,True,True,,perf/incremental-yamada-frontier-order,1d8374f42cccbb16d78d44100a65ca603d7d1997,3.14.7,macOS-26.6.2-arm64-arm-64bit-Mach-O,arm,0.03160637489054352,0.14776995894499123,0.020300833974033594,0.006612417055293918,0.006641332991421223,0.013101082993671298,2.1332991309463978e-05,0.0067761249374598265,0.007003291975706816,0.000579916057176888,0.027481748955324292,0.06105554092209786,6.275007035583258e-05,0.14271949999965727,0.009120209026150405,0.15183970902580768,1.3959011994302273e-05,7.162499241530895e-05,0.07017574994824827,0.24955208378378302,0.396396541967988
1338,random_1335,random_cycle_chord,20260823,crossing_rich,8,200,7,13,19,4.270048398874442,True,True,,perf/incremental-yamada-frontier-order,1d8374f42cccbb16d78d44100a65ca603d7d1997,3.14.7,macOS-26.6.2-arm64-arm-64bit-Mach-O,arm,0.047564957989379764,0.1484863329678774,0.046652041957713664,0.014622832997702062,0.015940000070258975,0.031248582992702723,6.29170099273324e-05,0.01615866704378277,0.01728150004055351,0.0020429170690476894,0.06679458415601403,0.14406133303418756,0.00010724994353950024,0.2622127910144627,0.043770833988673985,0.3059836250031367,3.545801155269146e-05,0.00021175004076212645,0.18783216702286154,0.3838834579801187,0.6517686250153929
1339,random_1336,random_cycle_chord,20260823,crossing_rich,4,200,5,10,14,5.401955714794742,True,True,,perf/incremental-yamada-frontier-order,1d8374f42cccbb16d78d44100a65ca603d7d1997,3.14.7,macOS-26.6.2-arm64-arm-64bit-Mach-O,arm,0.04121316596865654,0.14863308297935873,0.05066041694954038,0.009960833005607128,0.011038708034902811,0.021745749982073903,3.679096698760986e-05,0.01128995802719146,0.011915249982848763,0.0012760000536218286,0.046263749012723565,0.11795683403033763,8.183298632502556e-05,0.18558591697365046,0.02365720900706947,0.20924312598071992,2.3250002413988113e-05,0.00013666704762727022,0.1416140430374071,0.3314602919854224,0.5215296670794487
1340,random_1337,random_cycle_chord,20260823,crossing_rich,5,200,5,8,12,4.26475114029045,True,True,,perf/incremental-yamada-frontier-order,1d8374f42cccbb16d78d44100a65ca603d7d1997,3.14.7,macOS-26.6.2-arm64-arm-64bit-Mach-O,arm,0.030978415976278484,0.1589166249614209,0.04201970808207989,0.011082458076998591,0.012389375013299286,0.02452083397656679,4.358310252428055e-05,0.012795125017873943,0.013511250028386712,0.0013857920421287417,0.05225658416748047,0.11778074991889298,0.0002700840122997761,0.20470241701696068,0.038412375026382506,0.2431147920433432,4.025001544505358e-05,0.0001712079392746091,0.15619312494527549,0.34608816588297486,0.5553477499634027
1341,random_1338,random_cycle_chord,20260823,baseline,0,200,3,11,13,5.224406715795914,True,True,,perf/incremental-yamada-frontier-order,1d8374f42cccbb16d78d44100a65ca603d7d1997,3.14.7,macOS-26.6.2-arm64-arm-64bit-Mach-O,arm,0.037955540930852294,0.14800908393226564,0.026893707923591137,0.006747375009581447,0.006817083922214806,0.0133487080456689,2.1999934688210487e-05,0.006922875065356493,0.00709395797457546,0.000525958021171391,0.027913499041460454,0.0683916249545291,7.49579630792141e-05,0.16762737499084324,0.0086514160502702,0.17627879104111344,1.4125020243227482e-05,6.587500683963299e-05,0.0770430410047993,0.26300766586791724,0.43480691697914153
1342,random_1339,random_cycle_chord,20260823,baseline,0,200,3,8,10,6.1262718181050095,True,True,,perf/incremental-yamada-frontier-order,1d8374f42cccbb16d78d44100a65ca603d7d1997,3.14.7,macOS-26.6.2-arm64-arm-64bit-Mach-O,arm,0.03234216698911041,0.14807066705543548,0.03296487499028444,0.006536582950502634,0.006680959020741284,0.013121875002980232,2.0792009308934212e-05,0.006807707948610187,0.0069933750201016665,0.0005448339506983757,0.027488583931699395,0.07369008404202759,5.9999991208314896e-05,0.12972824997268617,0.008731374982744455,0.13845962495543063,1.3999990187585354e-05,6.89169391989708e-05,0.08242145902477205,0.26283429306931794,0.3967007090104744
1343,random_1340,random_cycle_chord,20260823,crossing_rich,2,200,4,8,11,6.584079185449724,True,True,,perf/incremental-yamada-frontier-order,1d8374f42cccbb16d78d44100a65ca603d7d1997,3.14.7,macOS-26.6.2-arm64-arm-64bit-Mach-O,arm,0.03896191599778831,0.18096445803530514,0.05884891701862216,0.008420250029303133,0.008881833055056632,0.017298749997280538,4.0499959141016006e-05,0.00896595895756036,0.009530541021376848,0.0010700419079512358,0.03690579184331,0.11309587501455098,9.887502528727055e-05,0.145938792033121,0.01892691699322313,0.16486570902634412,2.437504008412361e-05,0.00013991701416671276,0.13202279200777411,0.35194916604086757,0.502261291956529
1344,random_1341,random_cycle_chord,20260823,baseline,0,200,3,8,10,6.227798763938517,True,True,,perf/incremental-yamada-frontier-order,1d8374f42cccbb16d78d44100a65ca603d7d1997,3.14.7,macOS-26.6.2-arm64-arm-64bit-Mach-O,arm,0.03305008297320455,0.14833912497851998,0.030932583031244576,0.006701084086671472,0.00667437503580004,0.01315691601485014,2.229190431535244e-05,0.006853458937257528,0.007201292086392641,0.0006169159896671772,0.02785087493248284,0.07217845798004419,5.9542013332247734e-05,0.13021191605366766,0.009154500090517104,0.13936641614418477,1.3792072422802448e-05,6.908399518579245e-05,0.08133295807056129,0.2627221660222858,0.39707145805004984
1345,random_1342,random_cycle_chord,20260823,crossing_rich,4,200,5,10,14,5.373097898988723,True,True,,perf/incremental-yamada-frontier-order,1d8374f42cccbb16d78d44100a65ca603d7d1997,3.14.7,macOS-26.6.2-arm64-arm-64bit-Mach-O,arm,0.04115791595540941,0.14926120801828802,0.05217820894904435,0.009869250003248453,0.010932334000244737,0.021586959017440677,3.6624958738684654e-05,0.011200499953702092,0.011897208052687347,0.0012937079882249236,0.046014999970793724,0.11902750004082918,8.354196324944496e-05,0.18489974993281066,0.02571133302990347,0.21061108296271414,2.4458044208586216e-05,0.0001414589351043105,0.14473883307073265,0.3351579570444301,0.5245760830584913
1346,random_1343,random_cycle_chord,20260823,crossing_rich,2,200,4,9,12,6.0275133123931495,True,True,,perf/incremental-yamada-frontier-order,1d8374f42cccbb16d78d44100a65ca603d7d1997,3.14.7,macOS-26.6.2-arm64-arm-64bit-Mach-O,arm,0.038028334034606814,0.14822183304931968,0.04868245800025761,0.00830912496894598,0.008785791927948594,0.01737595908343792,3.0083931051194668e-05,0.009002249920740724,0.009434874984435737,0.0009728340664878488,0.036816001986153424,0.10261941701173782,6.941694300621748e-05,0.15626204095315188,0.017391916015185416,0.1736539569683373,1.9333092495799065e-05,0.00011208397336304188,0.12001133302692324,0.30626150011084974,0.46677537506911904
1347,random_1344,random_cycle_chord,20260823,baseline,0,200,4,10,13,4.629643777677888,True,True,,perf/incremental-yamada-frontier-order,1d8374f42cccbb16d78d44100a65ca603d7d1997,3.14.7,macOS-26.6.2-arm64-arm-64bit-Mach-O,arm,0.033365792012773454,0.15063887496944517,0.025436083087697625,0.007776292040944099,0.00834445795044303,0.016479916987009346,2.8499984182417393e-05,0.008549291989766061,0.008761959034018219,0.0007220839615911245,0.03454175195656717,0.07612454192712903,7.170799653977156e-05,0.1547765830764547,0.010295458021573722,0.16507204109802842,1.7874990589916706e-05,7.954204920679331e-05,0.08641999994870275,0.2704246669309214,0.42948345898184925
1348,random_1345,random_cycle_chord,20260823,crossing_rich,3,200,4,8,11,4.263380874091268,True,True,,perf/incremental-yamada-frontier-order,1d8374f42cccbb16d78d44100a65ca603d7d1997,3.14.7,macOS-26.6.2-arm64-arm-64bit-Mach-O,arm,0.028134874999523163,0.14804541692137718,0.037228250061161816,0.009235249948687851,0.010007041972130537,0.02032358304131776,4.4375075958669186e-05,0.010436957934871316,0.010864624986425042,0.0010128329740837216,0.04268237401265651,0.09917974995914847,8.333299774676561e-05,0.1500341669889167,0.017692708992399275,0.16772687598131597,2.0041014067828655e-05,0.00011987495236098766,0.11687245895154774,0.2930527508724481,0.44740012497641146
1349,random_1346,random_cycle_chord,20260823,baseline,0,200,3,10,12,4.631625961596342,True,True,,perf/incremental-yamada-frontier-order,1d8374f42cccbb16d78d44100a65ca603d7d1997,3.14.7,macOS-26.6.2-arm64-arm-64bit-Mach-O,arm,0.031240415992215276,0.14942329202312976,0.021916666999459267,0.006910208030603826,0.0071353750536218286,0.014140791026875377,2.150004729628563e-05,0.00730220798868686,0.0074505830416455865,0.0005417499924078584,0.029456832096911967,0.06543749989941716,6.270792800933123e-05,0.14980233402457088,0.008017415995709598,0.15781975002028048,1.3791024684906006e-05,6.725010462105274e-05,0.07345491589512676,0.2541186239104718,0.40807725000195205
1350,random_1347,random_cycle_chord,20260823,crossing_rich,5,200,5,9,13,4.446480766751994,True,True,,perf/incremental-yamada-frontier-order,1d8374f42cccbb16d78d44100a65ca603d7d1997,3.14.7,macOS-26.6.2-arm64-arm-64bit-Mach-O,arm,0.033941834000870585,0.1485152910463512,0.04467425006441772,0.01048487494699657,0.01186495809815824,0.023391082999296486,3.6665936931967735e-05,0.012124332948587835,0.012814042042009532,0.0013585420092567801,0.0497246659360826,0.1167818329995498,8.137489203363657e-05,0.17619612510316074,0.027305209077894688,0.20350133418105543,2.3957923986017704e-05,0.00014795793686062098,0.1440870420774445,0.3265441671246663,0.5074714999645948
1351,random_1348,random_cycle_chord,20260823,crossing_rich,5,200,5,8,12,4.269896880239685,True,True,,perf/incremental-yamada-frontier-order,1d8374f42cccbb16d78d44100a65ca603d7d1997,3.14.7,macOS-26.6.2-arm64-arm-64bit-Mach-O,arm,0.030900125042535365,0.1486730839824304,0.044561708928085864,0.01079795800615102,0.01257520797662437,0.02482675004284829,3.6708079278469086e-05,0.01281841704621911,0.013473042054101825,0.001354374922811985,0.05250929214525968,0.12047712504863739,0.00015895802062004805,0.16110579192172736,0.026924584060907364,0.18803037598263472,2.450007013976574e-05,0.0001474160235375166,0.14740170910954475,0.3269749181345105,0.4926129999803379
1352,random_1349,random_cycle_chord,20260823,crossing_rich,5,200,6,11,16,4.57058601483515,True,True,,perf/incremental-yamada-frontier-order,1d8374f42cccbb16d78d44100a65ca603d7d1997,3.14.7,macOS-26.6.2-arm64-arm-64bit-Mach-O,arm,0.0417521670460701,0.14875883294735104,0.04255233402363956,0.011534792021848261,0.013121124939061701,0.025992042035795748,4.7625042498111725e-05,0.013495500083081424,0.014223999925889075,0.0015892500523477793,0.05534841713961214,0.122600834001787,9.366706945002079e-05,0.2130390420788899,0.030461000045761466,0.24350004212465137,2.8292066417634487e-05,0.0001668339828029275,0.15306183404754847,0.3435728340409696,0.5612139169825241
1353,random_1350,random_cycle_chord,20260823,baseline,0,200,4,13,16,4.571766034871494,True,True,,perf/incremental-yamada-frontier-order,1d8374f42cccbb16d78d44100a65ca603d7d1997,3.14.7,macOS-26.6.2-arm64-arm-64bit-Mach-O,arm,0.04049854201730341,0.14784066600259393,0.022418708074837923,0.007896999944932759,0.008381208986975253,0.016525125014595687,2.8582988306879997e-05,0.008597624953836203,0.008834542008116841,0.0007397499866783619,0.03472562495153397,0.07344850001391023,7.970910519361496e-05,0.2056605409597978,0.011328166932798922,0.21698870789259672,1.8459046259522438e-05,8.31669894978404e-05,0.08477666694670916,0.2731158749666065,0.4830534590873867
1354,random_1351,random_cycle_chord,20260823,baseline,0,200,3,11,13,4.067752137395096,True,True,,perf/incremental-yamada-frontier-order,1d8374f42cccbb16d78d44100a65ca603d7d1997,3.14.7,macOS-26.6.2-arm64-arm-64bit-Mach-O,arm,0.032235999940894544,0.1482555839465931,0.01995841704774648,0.006757791968993843,0.006958832964301109,0.013748208992183208,2.2125081159174442e-05,0.007146749994717538,0.007445874973200262,0.0005383749958127737,0.028901334037072957,0.06259545893408358,6.641692016273737e-05,0.1677429999690503,0.008465458988212049,0.17620845895726234,1.3917102478444576e-05,6.816594395786524e-05,0.07106091792229563,0.2515525018097833,0.42344320903066546
1355,random_1352,random_cycle_chord,20260823,crossing_rich,2,200,4,9,12,6.072903113039322,True,True,,perf/incremental-yamada-frontier-order,1d8374f42cccbb16d78d44100a65ca603d7d1997,3.14.7,macOS-26.6.2-arm64-arm-64bit-Mach-O,arm,0.039135915925726295,0.14844787504989654,0.050183999934233725,0.008480250020511448,0.009116875007748604,0.017981749959290028,3.004202153533697e-05,0.009358083014376462,0.009694375097751617,0.0009267500136047602,0.037991000106558204,0.10579879197757691,7.124990224838257e-05,0.15705279202666134,0.017804291914217174,0.1748570839408785,2.1458021365106106e-05,0.00011079199612140656,0.12360308389179409,0.3111868748674169,0.47253845795057714
1356,random_1353,random_cycle_chord,20260823,baseline,0,200,3,8,10,6.136929084786676,True,True,,perf/incremental-yamada-frontier-order,1d8374f42cccbb16d78d44100a65ca603d7d1997,3.14.7,macOS-26.6.2-arm64-arm-64bit-Mach-O,arm,0.03356745804194361,0.1489514169516042,0.03089879103936255,0.0065445409854874015,0.006669290945865214,0.013142125098966062,2.1542073227465153e-05,0.006850291974842548,0.006983957951888442,0.0005518750986084342,0.027549792197532952,0.07168133393861353,5.825003609061241e-05,0.12926100008189678,0.008708292036317289,0.13796929211821407,1.4082994312047958e-05,6.795895751565695e-05,0.08038962597493082,0.2629085009684786,0.3963009580038488
1357,random_1354,random_cycle_chord,20260823,crossing_rich,5,200,5,8,12,4.255721268353459,True,True,,perf/incremental-yamada-frontier-order,1d8374f42cccbb16d78d44100a65ca603d7d1997,3.14.7,macOS-26.6.2-arm64-arm-64bit-Mach-O,arm,0.030742457951419055,0.1488106669858098,0.03962549997959286,0.010683833970688283,0.012383292079903185,0.024500041967257857,3.641704097390175e-05,0.012734625022858381,0.013431750005111098,0.0014075409853830934,0.05211037502158433,0.11483604204840958,0.00017554103396832943,0.1605499170254916,0.028575000003911555,0.18912491702940315,2.366595435887575e-05,0.00015204097144305706,0.14341104205232114,0.32296416698955,0.488044457975775
1358,random_1355,random_cycle_chord,20260823,crossing_rich,5,200,5,9,13,4.3343001200934195,True,True,,perf/incremental-yamada-frontier-order,1d8374f42cccbb16d78d44100a65ca603d7d1997,3.14.7,macOS-26.6.2-arm64-arm-64bit-Mach-O,arm,0.03336462494917214,0.14840762491803616,0.03989562497008592,0.010731584043242037,0.011843290994875133,0.023971457965672016,4.2749918065965176e-05,0.012406916939653456,0.013163874973542988,0.0014162090374156833,0.05100120883435011,0.11350550001952797,8.20419518277049e-05,0.17724304099101573,0.02845745801459998,0.2057004990056157,2.462498378008604e-05,0.00015245901886373758,0.14196295803412795,0.32373520790133625,0.5055040409788489
1359,random_1356,random_cycle_chord,20260823,baseline,0,200,3,8,10,6.154323521207067,True,True,,perf/incremental-yamada-frontier-order,1d8374f42cccbb16d78d44100a65ca603d7d1997,3.14.7,macOS-26.6.2-arm64-arm-64bit-Mach-O,arm,0.03243945899885148,0.1505971250589937,0.04087458399590105,0.006785249919630587,0.006790790939703584,0.01305083290208131,2.5292043574154377e-05,0.006890124990604818,0.007112459046766162,0.0005616670241579413,0.027640376007184386,0.08211937500163913,8.233403787016869e-05,0.13174958305899054,0.008566666976548731,0.14031625003553927,1.4416058547794819e-05,7.170799653977156e-05,0.09068604197818786,0.27372262603603303,0.42983191600069404
1360,random_1357,random_cycle_chord,20260823,baseline,0,200,3,13,15,4.562341766733957,True,True,,perf/incremental-yamada-frontier-order,1d8374f42cccbb16d78d44100a65ca603d7d1997,3.14.7,macOS-26.6.2-arm64-arm-64bit-Mach-O,arm,0.03949766594450921,0.15905112493783236,0.023178959032520652,0.00692199997138232,0.006762000033631921,0.013269999995827675,2.1875021047890186e-05,0.006916249985806644,0.007111708982847631,0.0005871671019122005,0.02790700108744204,0.06478933291509748,8.262507617473602e-05,0.19490124995354563,0.009655790985561907,0.20455704093910754,1.654098741710186e-05,8.158304262906313e-05,0.07444512390065938,0.27299391478300095,0.47217099997214973
1361,random_1358,random_cycle_chord,20260823,baseline,0,200,3,11,13,5.228978687305716,True,True,,perf/incremental-yamada-frontier-order,1d8374f42cccbb16d78d44100a65ca603d7d1997,3.14.7,macOS-26.6.2-arm64-arm-64bit-Mach-O,arm,0.03680241701658815,0.14799954206682742,0.02362637489568442,0.006704665953293443,0.006799499969929457,0.013320332975126803,2.1542073227465153e-05,0.0069080410758033395,0.0070933750830590725,0.0005366660188883543,0.027879957226105034,0.06503012496978045,6.808398757129908e-05,0.1665743748890236,0.008654292090795934,0.17522866697981954,1.3834098353981972e-05,6.858399137854576e-05,0.07368441706057638,0.25848637614399195,0.4292031249497086
1362,random_1359,random_cycle_chord,20260823,baseline,0,200,4,14,17,4.290800713913002,True,True,,perf/incremental-yamada-frontier-order,1d8374f42cccbb16d78d44100a65ca603d7d1997,3.14.7,macOS-26.6.2-arm64-arm-64bit-Mach-O,arm,0.04190716694574803,0.14799045806284994,0.022568666958250105,0.007830832968465984,0.007826042012311518,0.015383541001938283,2.9499991796910763e-05,0.007985583040863276,0.008208458893932402,0.0007329999934881926,0.032340082922019064,0.0705919589381665,8.304195944219828e-05,0.21873395796865225,0.011505375034175813,0.23023933300282806,1.795799471437931e-05,8.308293763548136e-05,0.08209733397234231,0.2719949589809403,0.4950290418928489
1363,random_1360,random_cycle_chord,20260823,baseline,0,200,3,10,12,4.693801061773558,True,True,,perf/incremental-yamada-frontier-order,1d8374f42cccbb16d78d44100a65ca603d7d1997,3.14.7,macOS-26.6.2-arm64-arm-64bit-Mach-O,arm,0.031388500006869435,0.14788883295841515,0.022320832940749824,0.006430750014260411,0.006503375014290214,0.012811082997359335,2.095801755785942e-05,0.006663791951723397,0.006807124940678477,0.0005312920548021793,0.026834249962121248,0.06210745801217854,6.545800715684891e-05,0.1548017089953646,0.008284083916805685,0.1630857929121703,1.4375080354511738e-05,7.15409405529499e-05,0.07039154192898422,0.2496688748942688,0.408619457972236
1364,random_1361,random_cycle_chord,20260823,crossing_rich,3,200,5,12,16,4.409089726939582,True,True,,perf/incremental-yamada-frontier-order,1d8374f42cccbb16d78d44100a65ca603d7d1997,3.14.7,macOS-26.6.2-arm64-arm-64bit-Mach-O,arm,0.0407000829000026,0.14975966699421406,0.03803216607775539,0.010015458101406693,0.010970834060572088,0.021580750006251037,3.916595596820116e-05,0.011258459067903459,0.011751916958019137,0.0011997920228168368,0.04583008401095867,0.10488520795479417,8.595804683864117e-05,0.29804408294148743,0.021234208019450307,0.31927829096093774,2.49580480158329e-05,0.00013475003652274609,0.12611941597424448,0.31657916586846113,0.6188142499886453
1365,random_1362,random_cycle_chord,20260823,baseline,0,200,3,8,10,6.162273281867535,True,True,,perf/incremental-yamada-frontier-order,1d8374f42cccbb16d78d44100a65ca603d7d1997,3.14.7,macOS-26.6.2-arm64-arm-64bit-Mach-O,arm,0.032772458042018116,0.14849816693458706,0.039607000071555376,0.007143500028178096,0.007124625029973686,0.01449229207355529,5.8999983593821526e-05,0.007027666084468365,0.007097208057530224,0.0006023329915478826,0.029278499190695584,0.08320229209493846,7.929105777293444e-05,0.1349884170340374,0.008708000066690147,0.14369641710072756,1.3625016435980797e-05,7.124990224838257e-05,0.0919102921616286,0.2731809171382338,0.4123390829190612
1366,random_1363,random_cycle_chord,20260823,baseline,0,200,4,14,17,4.293456255462987,True,True,,perf/incremental-yamada-frontier-order,1d8374f42cccbb16d78d44100a65ca603d7d1997,3.14.7,macOS-26.6.2-arm64-arm-64bit-Mach-O,arm,0.04218312492594123,0.1482135000405833,0.022126459050923586,0.007561041973531246,0.007840208010748029,0.0154240409610793,2.833292819559574e-05,0.008031125064007938,0.008264916948974133,0.0007057500770315528,0.03245416597928852,0.07000804098788649,7.991702295839787e-05,0.2251636249711737,0.010934124933555722,0.23609774990472943,2.2625084966421127e-05,8.495897054672241e-05,0.08094216592144221,0.27133879088796675,0.5008762079523876
1367,random_1364,random_cycle_chord,20260823,baseline,0,200,4,13,16,4.568214751100384,True,True,,perf/incremental-yamada-frontier-order,1d8374f42cccbb16d78d44100a65ca603d7d1997,3.14.7,macOS-26.6.2-arm64-arm-64bit-Mach-O,arm,0.04088800004683435,0.14856775000225753,0.023345459019765258,0.007741041947156191,0.008063250104896724,0.01586187502834946,2.929195761680603e-05,0.008209625026211143,0.008461582940071821,0.000702250050380826,0.033264625002630055,0.07244129094760865,7.89170153439045e-05,0.20440354093443602,0.010753790964372456,0.21515733189880848,1.7417012713849545e-05,8.116697426885366e-05,0.0831950819119811,0.272650831961073,0.4813253750326112
1368,random_1365,random_cycle_chord,20260823,baseline,0,200,3,9,11,5.383619292387567,True,True,,perf/incremental-yamada-frontier-order,1d8374f42cccbb16d78d44100a65ca603d7d1997,3.14.7,macOS-26.6.2-arm64-arm-64bit-Mach-O,arm,0.03198141709435731,0.14891879202332348,0.027439792058430612,0.006438000011257827,0.006337834056466818,0.012479124940000474,2.1666986867785454e-05,0.006509625003673136,0.006666625034995377,0.000541832996532321,0.026218874962069094,0.06645429192576557,5.9582991525530815e-05,0.14142320805694908,0.00850595801603049,0.14992916607297957,1.4416989870369434e-05,6.933289114385843e-05,0.07496024994179606,0.25586045905947685,0.40142133308108896
1369,random_1366,random_cycle_chord,20260823,crossing_rich,4,200,5,9,13,6.075358818581517,True,True,,perf/incremental-yamada-frontier-order,1d8374f42cccbb16d78d44100a65ca603d7d1997,3.14.7,macOS-26.6.2-arm64-arm-64bit-Mach-O,arm,0.042575416970066726,0.15749170805793256,0.059351291973143816,0.010105332941748202,0.01083445898257196,0.020977457985281944,5.304196383804083e-05,0.011171167017892003,0.04568162502255291,0.0014351248973980546,0.07931841688696295,0.15966745803598315,0.00012533401604741812,0.19237200007773936,0.0290567500051111,0.22142875008285046,3.3958000130951405e-05,0.00015458301641047,0.18872420804109424,0.3887913330690935,0.5859416249440983
1370,random_1367,random_cycle_chord,20260823,baseline,0,200,3,8,10,6.186980886832165,True,True,,perf/incremental-yamada-frontier-order,1d8374f42cccbb16d78d44100a65ca603d7d1997,3.14.7,macOS-26.6.2-arm64-arm-64bit-Mach-O,arm,0.04363949992693961,0.15226020803675056,0.03139966703020036,0.006663040956482291,0.006683874991722405,0.013182249967940152,2.216699067503214e-05,0.006823749979957938,0.007046042010188103,0.0005913750501349568,0.02766558399889618,0.07243116700556129,5.687493830919266e-05,0.1286383750848472,0.009759707958437502,0.13839808304328471,1.4542019926011562e-05,7.870804984122515e-05,0.0821908749639988,0.27809058292768896,0.410996959079057
1371,random_1368,random_cycle_chord,20260823,baseline,0,200,4,10,13,4.695623637412124,True,True,,perf/incremental-yamada-frontier-order,1d8374f42cccbb16d78d44100a65ca603d7d1997,3.14.7,macOS-26.6.2-arm64-arm-64bit-Mach-O,arm,0.0352936249691993,0.15100754203740507,0.023183749988675117,0.008674041950143874,0.0079680000199005,0.01521599991247058,3.67090106010437e-05,0.008726708008907735,0.008373165968805552,0.0007719160057604313,0.03312449890654534,0.07298708299640566,8.537492249161005e-05,0.17251933296211064,0.010725750005804002,0.18324508296791464,2.0292005501687527e-05,8.816702757030725e-05,0.08371283300220966,0.27001400000881404,0.44693145900964737
1372,random_1369,random_cycle_chord,20260823,baseline,0,200,3,10,12,4.664051925759152,True,True,,perf/incremental-yamada-frontier-order,1d8374f42cccbb16d78d44100a65ca603d7d1997,3.14.7,macOS-26.6.2-arm64-arm-64bit-Mach-O,arm,0.030937916017137468,0.14980029105208814,0.02299970807507634,0.0074241249822080135,0.007979499991051853,0.01411112502682954,2.695806324481964e-05,0.007311041932553053,0.007649375009350479,0.0005356250330805779,0.02963412506505847,0.06808975001331419,8.49580392241478e-05,0.16045025002676994,0.009597916970960796,0.17004816699773073,1.808407250791788e-05,7.512501906603575e-05,0.07768766698427498,0.2584258740535006,0.4230917500099167
1373,random_1370,random_cycle_chord,20260823,crossing_rich,5,200,5,9,13,4.331884946837837,True,True,,perf/incremental-yamada-frontier-order,1d8374f42cccbb16d78d44100a65ca603d7d1997,3.14.7,macOS-26.6.2-arm64-arm-64bit-Mach-O,arm,0.03461199998855591,0.15052658400963992,0.04356933303643018,0.011741916998289526,0.012957708910107613,0.02540795796085149,6.016693077981472e-05,0.01341154205147177,0.014072249992750585,0.001495625008828938,0.0544475419446826,0.12278312491253018,0.0001088329590857029,0.19280404201708734,0.030826875008642673,0.22363091702573,2.8290902264416218e-05,0.00016620801761746407,0.15360999992117286,0.3387485839193687,0.5386012920644134
1374,random_1371,random_cycle_chord,20260823,baseline,0,200,3,11,13,5.225612629591909,True,True,,perf/incremental-yamada-frontier-order,1d8374f42cccbb16d78d44100a65ca603d7d1997,3.14.7,macOS-26.6.2-arm64-arm-64bit-Mach-O,arm,0.08760750002693385,0.1588138750521466,0.02492854103911668,0.007188624935224652,0.007115042069926858,0.014043709030374885,3.1832954846322536e-05,0.007300082943402231,0.00749400001950562,0.0005631670355796814,0.02943279198370874,0.06868916691746563,7.654097862541676e-05,0.17781108291819692,0.01050416601356119,0.1883152489317581,2.2292020730674267e-05,8.533301297575235e-05,0.07919333293102682,0.3256147080101073,0.507814749958925
1375,random_1372,random_cycle_chord,20260823,crossing_rich,3,200,5,10,14,5.428332479448499,True,True,,perf/incremental-yamada-frontier-order,1d8374f42cccbb16d78d44100a65ca603d7d1997,3.14.7,macOS-26.6.2-arm64-arm-64bit-Mach-O,arm,0.047177999978885055,0.1914964170427993,0.05182191694620997,0.009841875056736171,0.010301041067577899,0.020167249953374267,5.425000563263893e-05,0.010504000005312264,0.011030541965737939,0.0014047500444576144,0.04316079197451472,0.11517245799768716,0.00011312507558614016,0.19578949990682304,0.02235220791772008,0.21814170782454312,2.7292058803141117e-05,0.00014187500346451998,0.13752466591540724,0.3761990829370916,0.576676958007738
1376,random_1373,random_cycle_chord,20260823,baseline,0,200,3,8,10,6.125183330018547,True,True,,perf/incremental-yamada-frontier-order,1d8374f42cccbb16d78d44100a65ca603d7d1997,3.14.7,macOS-26.6.2-arm64-arm-64bit-Mach-O,arm,0.03330062504392117,0.18185137503314763,0.03413124999497086,0.006859541987068951,0.006797083071433008,0.013398333103395998,3.3374992199242115e-05,0.007013167021796107,0.007146457908675075,0.000567917013540864,0.028159250039607286,0.0759742499794811,7.295794785022736e-05,0.13465824990998954,0.009086082922294736,0.14374433283228427,1.5249941498041153e-05,7.62079143896699e-05,0.08506033290177584,0.30021233297884464,0.4391659579705447
1377,random_1374,random_cycle_chord,20260823,crossing_rich,3,200,4,8,11,4.099925138679742,True,True,,perf/incremental-yamada-frontier-order,1d8374f42cccbb16d78d44100a65ca603d7d1997,3.14.7,macOS-26.6.2-arm64-arm-64bit-Mach-O,arm,0.028244083980098367,0.1556882499717176,0.03789875004440546,0.02243829204235226,0.03126316692214459,0.020240082987584174,5.1416922360658646e-05,0.012055708095431328,0.01860220800153911,0.001134374993853271,0.05208379100076854,0.14374937501270324,0.00037720799446105957,0.22507116699125618,0.04144645796623081,0.266517624957487,3.750005271285772e-05,0.00014595792163163424,0.18519583297893405,0.36912816693075,0.5992005829466507
1378,random_1375,random_cycle_chord,20260823,baseline,0,200,5,15,19,4.050332964922342,True,True,,perf/incremental-yamada-frontier-order,1d8374f42cccbb16d78d44100a65ca603d7d1997,3.14.7,macOS-26.6.2-arm64-arm-64bit-Mach-O,arm,0.052484917105175555,0.16188575001433492,0.021032499964348972,0.009716125088743865,0.05156895890831947,0.029517582966946065,8.425000123679638e-05,0.009925083024427295,0.011359667056240141,0.0009807080496102571,0.051867291098460555,0.13424995902460068,0.0001313749235123396,0.25887216604314744,0.014315332984551787,0.27318749902769923,2.3541972041130066e-05,0.00010108307469636202,0.14856529200915247,0.36293595912866294,0.6264191250083968
1379,random_1376,random_cycle_chord,20260823,baseline,0,200,3,11,13,5.2268436783467624,True,True,,perf/incremental-yamada-frontier-order,1d8374f42cccbb16d78d44100a65ca603d7d1997,3.14.7,macOS-26.6.2-arm64-arm-64bit-Mach-O,arm,0.036600791034288704,0.15060270798858255,0.02588475006632507,0.007161291083320975,0.007027000072412193,0.014254000037908554,4.800001624971628e-05,0.00750166701618582,0.007369540981017053,0.000545124989002943,0.029718333040364087,0.06981083296705037,8.279189933091402e-05,0.16910095803905278,0.008426749962382019,0.1775277080014348,1.4167046174407005e-05,7.320800796151161e-05,0.07823758292943239,0.26544108195230365,0.4387712919851765
1380,random_1377,random_cycle_chord,20260823,baseline,0,200,3,10,12,4.69159698256543,True,True,,perf/incremental-yamada-frontier-order,1d8374f42cccbb16d78d44100a65ca603d7d1997,3.14.7,macOS-26.6.2-arm64-arm-64bit-Mach-O,arm,0.0328317079693079,0.1688105419743806,0.02221112500410527,0.006959291989915073,0.006699667079374194,0.01320233300793916,2.195802517235279e-05,0.006818833062425256,0.007051374996080995,0.000549459015019238,0.027643958106637,0.0635337089188397,6.637489423155785e-05,0.14562337507959455,0.009203125024214387,0.15482650010380894,1.5875091776251793e-05,7.149996235966682e-05,0.07273683394305408,0.2743790838867426,0.4241978330537677
1381,random_1378,random_cycle_chord,20260823,baseline,0,200,4,14,17,4.294044190886065,True,True,,perf/incremental-yamada-frontier-order,1d8374f42cccbb16d78d44100a65ca603d7d1997,3.14.7,macOS-26.6.2-arm64-arm-64bit-Mach-O,arm,0.0436657500686124,0.15050020802300423,0.021493042004294693,0.007824999978765845,0.008374458062462509,0.016519583063200116,3.158301115036011e-05,0.008573958068154752,0.008806957979686558,0.0007087918929755688,0.034640874015167356,0.07235974993091077,8.112506475299597e-05,0.22777295799460262,0.011186458985321224,0.23895941697992384,1.85410026460886e-05,8.512497879564762e-05,0.08354620891623199,0.2777121670078486,0.5097802500240505
1382,random_1379,random_cycle_chord,20260823,crossing_rich,4,200,5,11,15,5.225332763670001,True,True,,perf/incremental-yamada-frontier-order,1d8374f42cccbb16d78d44100a65ca603d7d1997,3.14.7,macOS-26.6.2-arm64-arm-64bit-Mach-O,arm,0.04322954104281962,0.17597754194866866,0.05145137500949204,0.010382499895058572,0.011305041960440576,0.022107457974925637,3.783300053328276e-05,0.01155741699039936,0.012705166940577328,0.0013336250558495522,0.04774149996228516,0.12091924995183945,9.241700172424316e-05,0.20795795891899616,0.02665862499270588,0.23461658391170204,3.1708041206002235e-05,0.00015824998263269663,0.14757787494454533,0.3667849579360336,0.5793685420649126
1383,random_1380,random_cycle_chord,20260823,crossing_rich,5,200,5,8,12,4.231715428264803,True,True,,perf/incremental-yamada-frontier-order,1d8374f42cccbb16d78d44100a65ca603d7d1997,3.14.7,macOS-26.6.2-arm64-arm-64bit-Mach-O,arm,0.03300150006543845,0.15230808302294463,0.04051237495150417,0.011408625054173172,0.012472791015170515,0.024404583033174276,3.7041958421468735e-05,0.012507000006735325,0.013456790940836072,0.0013832920230925083,0.05178870796225965,0.11621683393605053,0.00026775000151246786,0.27540449996013194,0.026888084015809,0.30229258397594094,2.7000089175999165e-05,0.00015229196287691593,0.14310491795185953,0.3284145010402426,0.6084440000122413
1384,random_1381,random_cycle_chord,20260823,crossing_rich,4,200,5,10,14,5.621732086531604,True,True,,perf/incremental-yamada-frontier-order,1d8374f42cccbb16d78d44100a65ca603d7d1997,3.14.7,macOS-26.6.2-arm64-arm-64bit-Mach-O,arm,0.04166312504094094,0.16235524998046458,0.05189254099968821,0.010115833021700382,0.011222457978874445,0.022183542023412883,3.6958022974431515e-05,0.011527958908118308,0.0121157499961555,0.0012632920406758785,0.047127500991337,0.12039133301004767,8.733395952731371e-05,0.28033466695342213,0.023424500017426908,0.30375916697084904,2.3916945792734623e-05,0.00013904203660786152,0.14381583302747458,0.3478342080488801,0.632379291113466
1385,random_1382,random_cycle_chord,20260823,baseline,0,200,3,10,12,4.6590509619739615,True,True,,perf/incremental-yamada-frontier-order,1d8374f42cccbb16d78d44100a65ca603d7d1997,3.14.7,macOS-26.6.2-arm64-arm-64bit-Mach-O,arm,0.0313478329917416,0.14811283303424716,0.022595542017370462,0.00674070802051574,0.006548917037434876,0.012918916996568441,2.208305522799492e-05,0.006735833012498915,0.006858290988020599,0.0005159160355105996,0.02705104008782655,0.06295499997213483,6.091699469834566e-05,0.15227183303795755,0.008302625035867095,0.16057445807382464,1.8415972590446472e-05,6.574997678399086e-05,0.07125762500800192,0.2507182910339907,0.4071267079561949
1386,random_1383,random_cycle_chord,20260823,crossing_rich,5,200,5,9,13,4.321181223430303,True,True,,perf/incremental-yamada-frontier-order,1d8374f42cccbb16d78d44100a65ca603d7d1997,3.14.7,macOS-26.6.2-arm64-arm-64bit-Mach-O,arm,0.033567292033694685,0.14855899999383837,0.04007408395409584,0.01053291605785489,0.01221466704737395,0.024226041045039892,3.716605715453625e-05,0.012596125015988946,0.013218458043411374,0.0013911250280216336,0.05146891518961638,0.11432325001806021,8.12500948086381e-05,0.17427449999377131,0.02838241693098098,0.2026569169247523,2.3916945792734623e-05,0.00014845794066786766,0.1427056669490412,0.32483195897657424,0.5035162499407306
1387,random_1384,random_cycle_chord,20260823,baseline,0,200,3,10,12,4.65178502843241,True,True,,perf/incremental-yamada-frontier-order,1d8374f42cccbb16d78d44100a65ca603d7d1997,3.14.7,macOS-26.6.2-arm64-arm-64bit-Mach-O,arm,0.031185458996333182,0.14866337506100535,0.022087124991230667,0.0067294168984517455,0.006756542017683387,0.013305165921337903,2.2500054910779e-05,0.006917458027601242,0.007099167094565928,0.0005512500647455454,0.027895541163161397,0.0634882909944281,6.275007035583258e-05,0.15423658292274922,0.008589375065639615,0.16282595798838884,1.4332938008010387e-05,6.779201794415712e-05,0.07207766606006771,0.25192650011740625,0.4103262920398265
1388,random_1385,random_cycle_chord,20260823,baseline,0,200,4,14,17,4.291810451028717,True,True,,perf/incremental-yamada-frontier-order,1d8374f42cccbb16d78d44100a65ca603d7d1997,3.14.7,macOS-26.6.2-arm64-arm-64bit-Mach-O,arm,0.042182749952189624,0.14781133295036852,0.022265875013545156,0.007933832937851548,0.008658749982714653,0.017067415989004076,2.9166927561163902e-05,0.008809457998722792,0.009014207986183465,0.0006969169480726123,0.03561716584954411,0.07450245798099786,8.220796007663012e-05,0.21883545792661607,0.010462375008501112,0.22929783293511719,1.8292106688022614e-05,7.612502668052912e-05,0.08496483298949897,0.2749589158920571,0.4980560840340331
1389,random_1386,random_cycle_chord,20260823,baseline,0,200,3,9,11,5.393128546098165,True,True,,perf/incremental-yamada-frontier-order,1d8374f42cccbb16d78d44100a65ca603d7d1997,3.14.7,macOS-26.6.2-arm64-arm-64bit-Mach-O,arm,0.032259915955364704,0.14808254200033844,0.024832958937622607,0.006547000026330352,0.006681832950562239,0.013127708924002945,2.183392643928528e-05,0.006838542059995234,0.007020291988737881,0.0005442090332508087,0.027552585932426155,0.06563354190438986,6.041605956852436e-05,0.1422878330340609,0.008507625083439052,0.15079545811749995,1.3832934200763702e-05,6.695801857858896e-05,0.07414116698782891,0.25448362494353205,0.40089066710788757
1390,random_1387,random_cycle_chord,20260823,baseline,0,200,3,9,11,5.408666923748513,True,True,,perf/incremental-yamada-frontier-order,1d8374f42cccbb16d78d44100a65ca603d7d1997,3.14.7,macOS-26.6.2-arm64-arm-64bit-Mach-O,arm,0.032157458015717566,0.1484425829257816,0.02509116695728153,0.006549958023242652,0.006651166942901909,0.013171165948733687,2.2332998923957348e-05,0.006797124980948865,0.0069939999375492334,0.0005291249835863709,0.027513748849742115,0.065825582947582,6.0083926655352116e-05,0.14945479203015566,0.010948541923426092,0.16040333395358175,2.2249994799494743e-05,8.062506094574928e-05,0.0767741248710081,0.25737416581250727,0.4110480840317905
1391,random_1388,random_cycle_chord,20260823,crossing_rich,4,200,5,10,14,5.579325505672918,True,True,,perf/incremental-yamada-frontier-order,1d8374f42cccbb16d78d44100a65ca603d7d1997,3.14.7,macOS-26.6.2-arm64-arm-64bit-Mach-O,arm,0.047655208967626095,0.15645479201339185,0.05248829198535532,0.010055209044367075,0.011125333025120199,0.02181858289986849,3.808306064456701e-05,0.011346417013555765,0.011946917045861483,0.0012706249253824353,0.04642062494531274,0.12012216600123793,8.070794865489006e-05,0.2699790420010686,0.03273854195140302,0.3027175839524716,2.5208923034369946e-05,0.0001437499886378646,0.15286070795264095,0.3569707089336589,0.6308784999419004
1392,random_1389,random_cycle_chord,20260823,baseline,0,200,3,9,11,5.3726848955219815,True,True,,perf/incremental-yamada-frontier-order,1d8374f42cccbb16d78d44100a65ca603d7d1997,3.14.7,macOS-26.6.2-arm64-arm-64bit-Mach-O,arm,0.03244979202281684,0.14849091705400497,0.02813670807518065,0.006604416994377971,0.006711459020152688,0.01319262501783669,2.104195300489664e-05,0.006913459044881165,0.006993666989728808,0.0005269590765237808,0.02764775208197534,0.06911924993619323,6.02079089730978e-05,0.14124741696286947,0.008240749943070114,0.14948816690593958,1.3874960131943226e-05,6.874999962747097e-05,0.07735999987926334,0.25830070895608515,0.40369899990037084
1393,random_1390,random_cycle_chord,20260823,baseline,0,200,3,8,10,6.179724499383998,True,True,,perf/incremental-yamada-frontier-order,1d8374f42cccbb16d78d44100a65ca603d7d1997,3.14.7,macOS-26.6.2-arm64-arm-64bit-Mach-O,arm,0.03367041691672057,0.14882908295840025,0.034266875009052455,0.006690624984912574,0.006757291033864021,0.013200000044889748,2.2249994799494743e-05,0.0068851669784635305,0.0069879170041531324,0.0005366660188883543,0.02763200004119426,0.07536662509664893,5.8750039897859097e-05,0.12974645907524973,0.008528708945959806,0.13827516802120954,1.570803578943014e-05,6.866594776511192e-05,0.08389533404260874,0.26639483391772956,0.40032945794519037
1394,random_1391,random_cycle_chord,20260823,crossing_rich,5,200,5,8,12,4.26664419849857,True,True,,perf/incremental-yamada-frontier-order,1d8374f42cccbb16d78d44100a65ca603d7d1997,3.14.7,macOS-26.6.2-arm64-arm-64bit-Mach-O,arm,0.03120387508533895,0.14932295796461403,0.04143962496891618,0.01180029206443578,0.012518958072178066,0.02500587492249906,5.279190372675657e-05,0.01268379099201411,0.013740999973379076,0.0013679169351235032,0.052851374726742506,0.1186558329500258,0.00018479092977941036,0.2713800409110263,0.03602983395103365,0.30740987486205995,2.3999949917197227e-05,0.0001486659748479724,0.15468566690105945,0.33521249995101243,0.610638374928385
1395,random_1392,random_cycle_chord,20260823,crossing_rich,3,200,5,10,14,4.878853664427331,True,True,,perf/incremental-yamada-frontier-order,1d8374f42cccbb16d78d44100a65ca603d7d1997,3.14.7,macOS-26.6.2-arm64-arm-64bit-Mach-O,arm,0.038019999978132546,0.15115308295935392,0.04620195890311152,0.010093332966789603,0.010687666945159435,0.021449499996379018,5.225010681897402e-05,0.010792582994326949,0.011761167086660862,0.0012377089587971568,0.04529320914298296,0.11230954190250486,0.00010670896153897047,0.28062420804053545,0.02184508298523724,0.3024692910257727,2.362497616559267e-05,0.00013095804024487734,0.1341546248877421,0.32332770782522857,0.6081895000534132
1396,random_1393,random_cycle_chord,20260823,baseline,0,200,3,9,11,5.339768926354934,True,True,,perf/incremental-yamada-frontier-order,1d8374f42cccbb16d78d44100a65ca603d7d1997,3.14.7,macOS-26.6.2-arm64-arm-64bit-Mach-O,arm,0.03234895900823176,0.14853495801799,0.026523875072598457,0.006740791955962777,0.006920750020071864,0.013065540930256248,2.2125081159174442e-05,0.006716041010804474,0.006913459044881165,0.0005377499619498849,0.027254916029050946,0.06745974998921156,6.754195783287287e-05,0.14147595805115998,0.008730707922950387,0.15020666597411036,1.4125020243227482e-05,6.787502206861973e-05,0.07619045791216195,0.2570743749383837,0.4028387920698151
1397,random_1394,random_cycle_chord,20260823,baseline,0,200,3,10,12,4.660518466111135,True,True,,perf/incremental-yamada-frontier-order,1d8374f42cccbb16d78d44100a65ca603d7d1997,3.14.7,macOS-26.6.2-arm64-arm-64bit-Mach-O,arm,0.03123158391099423,0.15482325002085418,0.02400583296548575,0.00683758407831192,0.006821667077019811,0.013500749948434532,3.416708204895258e-05,0.007009916938841343,0.007076875073835254,0.0005632080137729645,0.028184917056933045,0.0658763749524951,9.112490806728601e-05,0.15366529196035117,0.008933915989473462,0.16259920794982463,1.4874967746436596e-05,7.225002627819777e-05,0.07481029094196856,0.26086512487381697,0.41881854203529656
1398,random_1395,random_cycle_chord,20260823,baseline,0,200,3,12,14,4.876350678657189,True,True,,perf/incremental-yamada-frontier-order,1d8374f42cccbb16d78d44100a65ca603d7d1997,3.14.7,macOS-26.6.2-arm64-arm-64bit-Mach-O,arm,0.03907554200850427,0.14999687497038394,0.022808250039815903,0.006902166991494596,0.00710012495983392,0.014011666993610561,2.204196061939001e-05,0.007322957972064614,0.007406207965686917,0.0005081250565126538,0.029270999948494136,0.06610141694545746,6.945792119950056e-05,0.18152591690886766,0.008272333070635796,0.18979824997950345,1.4499993994832039e-05,6.637501064687967e-05,0.07437375001609325,0.26344616699498147,0.4491593329003081
1399,random_1396,random_cycle_chord,20260823,crossing_rich,3,200,5,10,14,5.397542816129303,True,True,,perf/incremental-yamada-frontier-order,1d8374f42cccbb16d78d44100a65ca603d7d1997,3.14.7,macOS-26.6.2-arm64-arm-64bit-Mach-O,arm,0.04223841708153486,0.14941095805261284,0.05802541703451425,0.009393749991431832,0.010097417049109936,0.01981395890470594,3.720808308571577e-05,0.01030812505632639,0.010909457923844457,0.0012010840000584722,0.042269833968020976,0.11982070899102837,8.187501225620508e-05,0.1732000419870019,0.021928834030404687,0.19512887601740658,2.350006252527237e-05,0.00013225001748651266,0.14174954302143306,0.33339891815558076,0.5110876669641584
1400,random_1397,random_cycle_chord,20260823,crossing_rich,2,200,4,9,12,5.766473534949141,True,True,,perf/incremental-yamada-frontier-order,1d8374f42cccbb16d78d44100a65ca603d7d1997,3.14.7,macOS-26.6.2-arm64-arm-64bit-Mach-O,arm,0.037247291998937726,0.15722641709726304,0.0479449579725042,0.008718083961866796,0.008725999970920384,0.01716970803681761,2.9708025977015495e-05,0.008947583031840622,0.00931808294262737,0.0009165840456262231,0.03638166608288884,0.10179924999829382,7.987499702721834e-05,0.15799158404115587,0.0161639170255512,0.17415550106670707,2.0583043806254864e-05,0.00010900001507252455,0.11796316702384502,0.3124368761200458,0.4747937920037657
1401,random_1398,random_cycle_chord,20260823,baseline,0,200,4,13,16,4.5637005944312925,True,True,,perf/incremental-yamada-frontier-order,1d8374f42cccbb16d78d44100a65ca603d7d1997,3.14.7,macOS-26.6.2-arm64-arm-64bit-Mach-O,arm,0.041587083018384874,0.14740787493065,0.02552050002850592,0.007897667004726827,0.008441250072792172,0.016580750001594424,2.9834103770554066e-05,0.008621207904070616,0.008845875039696693,0.0006863329326733947,0.03476399998180568,0.07665033300872892,8.062506094574928e-05,0.2090938329929486,0.011067249928601086,0.22016108292154968,2.0833918824791908e-05,8.458306547254324e-05,0.08771758293733001,0.2767125408863649,0.4901390830054879
1402,random_1399,random_cycle_chord,20260823,crossing_rich,4,200,5,10,14,5.628169180334873,True,True,,perf/incremental-yamada-frontier-order,1d8374f42cccbb16d78d44100a65ca603d7d1997,3.14.7,macOS-26.6.2-arm64-arm-64bit-Mach-O,arm,0.04397883405908942,0.15805720805656165,0.05614504194818437,0.010071000084280968,0.01128170802257955,0.02152362500783056,6.454193498939276e-05,0.011095667025074363,0.011610165936872363,0.0013465830124914646,0.04564058291725814,0.12319920805748552,9.779189713299274e-05,0.17811312503181398,0.025365457986481488,0.20347858301829547,2.4082954041659832e-05,0.00014583300799131393,0.148564666043967,0.3506007081596181,0.5333046249579638
1403,random_1400,random_cycle_chord,20260823,baseline,0,200,4,15,18,4.047297179375666,True,True,,perf/incremental-yamada-frontier-order,1d8374f42cccbb16d78d44100a65ca603d7d1997,3.14.7,macOS-26.6.2-arm64-arm-64bit-Mach-O,arm,0.043457958032377064,0.14812008303124458,0.01946320803835988,0.007790124975144863,0.008320625056512654,0.016432250034995377,2.9959017410874367e-05,0.008495916961692274,0.008723624981939793,0.0007385830394923687,0.034420334035530686,0.07002095889765769,8.66670161485672e-05,0.23485999996773899,0.011538708000443876,0.24639870796818286,1.8040998838841915e-05,8.729100227355957e-05,0.08155966689810157,0.2731377079617232,0.5122942080488428
1404,random_1401,random_cycle_chord,20260823,baseline,0,200,3,10,12,5.6265761259391445,True,True,,perf/incremental-yamada-frontier-order,1d8374f42cccbb16d78d44100a65ca603d7d1997,3.14.7,macOS-26.6.2-arm64-arm-64bit-Mach-O,arm,0.03517854190431535,0.1477336250245571,0.028105208999477327,0.0067697500344365835,0.007102292031049728,0.013974417001008987,2.1666986867785454e-05,0.007231708033941686,0.007360209012404084,0.000503749935887754,0.029091750970110297,0.07108816702384502,6.220792420208454e-05,0.15176987496670336,0.0078049999428913,0.15957487490959466,1.3165990822017193e-05,6.079208105802536e-05,0.07889316696673632,0.2618053338956088,0.4177073329919949
1405,random_1402,random_cycle_chord,20260823,baseline,0,200,3,9,11,5.330481587432736,True,True,,perf/incremental-yamada-frontier-order,1d8374f42cccbb16d78d44100a65ca603d7d1997,3.14.7,macOS-26.6.2-arm64-arm-64bit-Mach-O,arm,0.031495667062699795,0.14803300006315112,0.0270132499281317,0.006450208020396531,0.006395583972334862,0.012663500034250319,2.095801755785942e-05,0.0065656660590320826,0.0067237080074846745,0.0005299170734360814,0.026503749191761017,0.0663822089554742,5.908403545618057e-05,0.14174920797813684,0.008709999965503812,0.15045920794364065,1.4124903827905655e-05,6.737501826137304e-05,0.07509220892097801,0.2546208760468289,0.400513083091937
1406,random_1403,random_cycle_chord,20260823,baseline,0,200,3,13,15,4.566445408156704,True,True,,perf/incremental-yamada-frontier-order,1d8374f42cccbb16d78d44100a65ca603d7d1997,3.14.7,macOS-26.6.2-arm64-arm-64bit-Mach-O,arm,0.03813570796046406,0.1479328339919448,0.024105624994263053,0.006530000013299286,0.006655916920863092,0.013021041988395154,2.108304761350155e-05,0.0067494160030037165,0.0069248330546543,0.0005154589889571071,0.02723183308262378,0.06454237503930926,7.045897655189037e-05,0.19161891599651426,0.008317416999489069,0.19993633299600333,1.3999990187585354e-05,7.29589955881238e-05,0.07285979203879833,0.2589283339912072,0.45469166606198996
1407,random_1404,random_cycle_chord,20260823,baseline,0,200,3,9,11,5.423039273411373,True,True,,perf/incremental-yamada-frontier-order,1d8374f42cccbb16d78d44100a65ca603d7d1997,3.14.7,macOS-26.6.2-arm64-arm-64bit-Mach-O,arm,0.03186591691337526,0.14820754202082753,0.02773870888631791,0.006455583032220602,0.006663874955847859,0.013059583026915789,2.1540909074246883e-05,0.0068014999851584435,0.00695291708689183,0.0005282919155433774,0.027363832923583686,0.06824158295057714,5.9415935538709164e-05,0.14019462489522994,0.008392042014747858,0.1485866669099778,1.3791956007480621e-05,6.533402483910322e-05,0.076633624965325,0.2567070838995278,0.4010175409493968
1408,random_1405,random_cycle_chord,20260823,baseline,0,200,4,14,17,4.289553062593264,True,True,,perf/incremental-yamada-frontier-order,1d8374f42cccbb16d78d44100a65ca603d7d1997,3.14.7,macOS-26.6.2-arm64-arm-64bit-Mach-O,arm,0.041892708046361804,0.14784929098095745,0.022625292069278657,0.007774624973535538,0.008268582983873785,0.01627254206687212,2.9790913686156273e-05,0.008449707995168865,0.008670125040225685,0.0007325839251279831,0.03415474994108081,0.07285062503069639,8.54589743539691e-05,0.2187293330207467,0.010857874993234873,0.22958720801398158,1.7832964658737183e-05,8.295802399516106e-05,0.08370850002393126,0.2734504990512505,0.49646425002720207
1409,random_1406,random_cycle_chord,20260823,baseline,0,200,3,8,10,6.170129470928539,True,True,,perf/incremental-yamada-frontier-order,1d8374f42cccbb16d78d44100a65ca603d7d1997,3.14.7,macOS-26.6.2-arm64-arm-64bit-Mach-O,arm,0.032446666969917715,0.14826491591520607,0.03127808403223753,0.006567667005583644,0.006689291913062334,0.013174791936762631,2.195802517235279e-05,0.006826833006925881,0.00703195808455348,0.0005738330073654652,0.02762937406077981,0.0721837499877438,5.720800254493952e-05,0.12844891694840044,0.009203125024214387,0.13765204197261482,1.433398574590683e-05,7.091695442795753e-05,0.08138687501195818,0.26209845789708197,0.3946713750483468
1410,random_1407,random_cycle_chord,20260823,baseline,0,200,3,10,12,5.626656142091948,True,True,,perf/incremental-yamada-frontier-order,1d8374f42cccbb16d78d44100a65ca603d7d1997,3.14.7,macOS-26.6.2-arm64-arm-64bit-Mach-O,arm,0.035962624941021204,0.14812270796392113,0.03155920805875212,0.006763666984625161,0.006981582962907851,0.013745542033575475,2.1832995116710663e-05,0.007105667027644813,0.0072804579976946115,0.0005253750132396817,0.028678875067271292,0.07400312495883554,6.450002547353506e-05,0.1535412500379607,0.0085110830841586,0.1620523331221193,1.3874960131943226e-05,6.716698408126831e-05,0.08251420804299414,0.2665995409479365,0.4242832090239972
1411,random_1408,random_cycle_chord,20260823,baseline,0,200,3,11,13,5.230430906018845,True,True,,perf/incremental-yamada-frontier-order,1d8374f42cccbb16d78d44100a65ca603d7d1997,3.14.7,macOS-26.6.2-arm64-arm-64bit-Mach-O,arm,0.03712150000501424,0.14794075000099838,0.023699666024185717,0.006886124960146844,0.007013584021478891,0.01391341700218618,2.162496093660593e-05,0.007207958027720451,0.007344333920627832,0.0005104170413687825,0.02899775095283985,0.06661637499928474,6.88750296831131e-05,0.16751695796847343,0.008079375023953617,0.17559633299242705,1.425005029886961e-05,6.295798812061548e-05,0.07469575002323836,0.259758000029251,0.43139958300162107
1412,random_1409,random_cycle_chord,20260823,crossing_rich,2,200,4,9,12,5.808748146349757,True,True,,perf/incremental-yamada-frontier-order,1d8374f42cccbb16d78d44100a65ca603d7d1997,3.14.7,macOS-26.6.2-arm64-arm-64bit-Mach-O,arm,0.036955708055756986,0.1482660409528762,0.04774766694754362,0.008331666002050042,0.008782083983533084,0.017298458027653396,2.9125018045306206e-05,0.008981749997474253,0.009364083060063422,0.0008986660977825522,0.03657208220101893,0.10146024997811764,7.566693238914013e-05,0.15674045798368752,0.015943957958370447,0.17268441594205797,1.8999911844730377e-05,0.00010387494694441557,0.11740420793648809,0.3026259569451213,0.46362466702703387
1413,random_1410,random_cycle_chord,20260823,crossing_rich,5,200,5,9,13,4.38966236535554,True,True,,perf/incremental-yamada-frontier-order,1d8374f42cccbb16d78d44100a65ca603d7d1997,3.14.7,macOS-26.6.2-arm64-arm-64bit-Mach-O,arm,0.03346499998588115,0.14848874998278916,0.04088899993803352,0.010422167018987238,0.0119722920935601,0.02371300000231713,4.2792060412466526e-05,0.012250249972566962,0.01292849995661527,0.0013851659605279565,0.050319707952439785,0.11363699997309595,8.537503890693188e-05,0.17410670802928507,0.027170791989192367,0.20127750001847744,2.416700590401888e-05,0.00015374994836747646,0.14080779196228832,0.32276154193095863,0.5013906250242144
1414,random_1411,random_cycle_chord,20260823,baseline,0,200,3,11,13,5.219820256417116,True,True,,perf/incremental-yamada-frontier-order,1d8374f42cccbb16d78d44100a65ca603d7d1997,3.14.7,macOS-26.6.2-arm64-arm-64bit-Mach-O,arm,0.037131041986867785,0.14797329204156995,0.02601329202298075,0.006741625024005771,0.006717291078530252,0.013267415924929082,2.2332998923957348e-05,0.006848750053904951,0.007046708022244275,0.000541832996532321,0.027727039996534586,0.0672180000692606,6.912497337907553e-05,0.1678939579287544,0.008889292017556727,0.17678324994631112,1.3833981938660145e-05,6.758293602615595e-05,0.07610729208681732,0.26121162611525506,0.43325054203160107
1415,random_1412,random_cycle_chord,20260823,crossing_rich,5,200,5,10,14,4.016910367590484,True,True,,perf/incremental-yamada-frontier-order,1d8374f42cccbb16d78d44100a65ca603d7d1997,3.14.7,macOS-26.6.2-arm64-arm-64bit-Mach-O,arm,0.034679583040997386,0.14951212494634092,0.037409542012028396,0.010347582981921732,0.011956040980294347,0.02363166701979935,3.716605715453625e-05,0.012224917067214847,0.012957083992660046,0.0013997090281918645,0.050250543165020645,0.1099980000872165,8.499994874000549e-05,0.3403491670032963,0.04267583298496902,0.38302499998826534,3.7334044463932514e-05,0.00015950005035847425,0.15267383307218552,0.3368655410595238,0.6811049579409882
1416,random_1413,random_cycle_chord,20260823,baseline,0,200,4,10,13,4.634115795438936,True,True,,perf/incremental-yamada-frontier-order,1d8374f42cccbb16d78d44100a65ca603d7d1997,3.14.7,macOS-26.6.2-arm64-arm-64bit-Mach-O,arm,0.03469395905267447,0.1490960830124095,0.025106583023443818,0.0075233340030536056,0.007669707993045449,0.015040916041471064,3.016588743776083e-05,0.007824499974958599,0.008114042109809816,0.0007650828920304775,0.03177470690570772,0.07210233400110155,7.137504871934652e-05,0.15911249991040677,0.011864250060170889,0.17097674997057766,1.879199407994747e-05,9.004108142107725e-05,0.08396658406127244,0.2677566261263564,0.43119995889719576
1417,random_1414,random_cycle_chord,20260823,baseline,0,200,4,11,14,4.035509452013963,True,True,,perf/incremental-yamada-frontier-order,1d8374f42cccbb16d78d44100a65ca603d7d1997,3.14.7,macOS-26.6.2-arm64-arm-64bit-Mach-O,arm,0.0343667920678854,0.14803904108703136,0.02440445893444121,0.00803149992134422,0.009596583084203303,0.01743087498471141,5.41249755769968e-05,0.008671582909300923,0.009305750019848347,0.0008043750422075391,0.036266707931645215,0.07833816693164408,9.733298793435097e-05,0.18614041700493544,0.012109708040952682,0.19825012504588813,1.9916100427508354e-05,9.120791219174862e-05,0.09044787497259676,0.27285370812751353,0.4634039159864187
1418,random_1415,random_cycle_chord,20260823,baseline,0,200,3,10,12,4.629099280395217,True,True,,perf/incremental-yamada-frontier-order,1d8374f42cccbb16d78d44100a65ca603d7d1997,3.14.7,macOS-26.6.2-arm64-arm-64bit-Mach-O,arm,0.0313858330482617,0.1479870000621304,0.021705124992877245,0.006786791956983507,0.007031667046248913,0.01381166698411107,2.208305522799492e-05,0.007143749971874058,0.007280707941390574,0.0005456249928101897,0.028803832945413888,0.06434695899952203,6.37079356238246e-05,0.15653799998108298,0.008721707970835268,0.16525970795191824,1.4167046174407005e-05,6.995908915996552e-05,0.0730686669703573,0.2524415000807494,0.41313649993389845
1419,random_1416,random_cycle_chord,20260823,crossing_rich,5,200,5,8,12,4.183989647526706,True,True,,perf/incremental-yamada-frontier-order,1d8374f42cccbb16d78d44100a65ca603d7d1997,3.14.7,macOS-26.6.2-arm64-arm-64bit-Mach-O,arm,0.030580000020563602,0.14819337497465312,0.03984212502837181,0.010829583974555135,0.012511415989138186,0.024753375095315278,3.762508276849985e-05,0.01276420895010233,0.013466250034980476,0.0013759579742327332,0.052397417137399316,0.1156138340011239,0.00017445790581405163,0.1623469580663368,0.028896250063553452,0.19124320812989026,2.3416010662913322e-05,0.00015041709411889315,0.14451008406467736,0.3232834590598941,0.4901522919535637
1420,random_1417,random_cycle_chord,20260823,crossing_rich,3,200,4,8,11,4.155248505700643,True,True,,perf/incremental-yamada-frontier-order,1d8374f42cccbb16d78d44100a65ca603d7d1997,3.14.7,macOS-26.6.2-arm64-arm-64bit-Mach-O,arm,0.02817216608673334,0.15721124992705882,0.03683445800561458,0.009643833036534488,0.010126666980795562,0.019866458023898304,3.133295103907585e-05,0.010273791966028512,0.01080925005953759,0.0010208339663222432,0.042001666966825724,0.09863341599702835,7.004197686910629e-05,0.1468998750206083,0.018289458006620407,0.1651893330272287,2.266594674438238e-05,0.00011558400001376867,0.11692287400364876,0.3023062900174409,0.4535210420144722
1421,random_1418,random_cycle_chord,20260823,baseline,0,200,3,8,10,6.21476369156923,True,True,,perf/incremental-yamada-frontier-order,1d8374f42cccbb16d78d44100a65ca603d7d1997,3.14.7,macOS-26.6.2-arm64-arm-64bit-Mach-O,arm,0.03345816594082862,0.1482061669230461,0.03020475001540035,0.006713374983519316,0.00670966599136591,0.013280667015351355,2.1499930880963802e-05,0.006889666081406176,0.007022875011898577,0.00055312504991889,0.027767833089455962,0.07141466694884002,5.495792720466852e-05,0.12908666697330773,0.00883066700771451,0.13791733398102224,1.3959011994302273e-05,7.016700692474842e-05,0.08024533395655453,0.26190966682042927,0.3951248750090599
1422,random_1419,random_cycle_chord,20260823,baseline,0,200,3,9,11,5.3812644847204645,True,True,,perf/incremental-yamada-frontier-order,1d8374f42cccbb16d78d44100a65ca603d7d1997,3.14.7,macOS-26.6.2-arm64-arm-64bit-Mach-O,arm,0.03239020798355341,0.14901316596660763,0.025561124901287258,0.006490083993412554,0.006451499997638166,0.012663250090554357,2.4416949599981308e-05,0.006600834080018103,0.00681979104410857,0.0005622908938676119,0.026670583058148623,0.06519233295693994,5.916692316532135e-05,0.14222433301620185,0.008784833014942706,0.15100916603114456,1.4167046174407005e-05,7.004197686910629e-05,0.07397716597188264,0.2553805399220437,0.40176404104568064
1423,random_1420,random_cycle_chord,20260823,baseline,0,200,3,11,13,5.231416065388206,True,True,,perf/incremental-yamada-frontier-order,1d8374f42cccbb16d78d44100a65ca603d7d1997,3.14.7,macOS-26.6.2-arm64-arm-64bit-Mach-O,arm,0.03704158298205584,0.14763783290982246,0.02431641600560397,0.006654916913248599,0.006657792022451758,0.013108457904309034,2.133403904736042e-05,0.006805291981436312,0.006993084098212421,0.0005597089184448123,0.02748787694144994,0.06513620796613395,6.441702134907246e-05,0.16777620802167803,0.008993208990432322,0.17676941701211035,1.3791024684906006e-05,7.12500186637044e-05,0.07412941695656627,0.2588088328484446,0.43073474999982864
1424,random_1421,random_cycle_chord,20260823,crossing_rich,4,200,5,10,14,5.622162989083619,True,True,,perf/incremental-yamada-frontier-order,1d8374f42cccbb16d78d44100a65ca603d7d1997,3.14.7,macOS-26.6.2-arm64-arm-64bit-Mach-O,arm,0.04312024998944253,0.14897291595116258,0.05657645803876221,0.009922917000949383,0.01113549992442131,0.02185545803513378,4.233396612107754e-05,0.011315374984405935,0.012047791969962418,0.0013480420457199216,0.04660900100134313,0.12427720800042152,8.170795626938343e-05,0.18368704104796052,0.02573037496767938,0.2094174160156399,2.416700590401888e-05,0.00014291610568761826,0.1500075829681009,0.342100748908706,0.5302947090240195
1425,random_1422,random_cycle_chord,20260823,baseline,0,200,4,15,18,4.046266493763457,True,True,,perf/incremental-yamada-frontier-order,1d8374f42cccbb16d78d44100a65ca603d7d1997,3.14.7,macOS-26.6.2-arm64-arm-64bit-Mach-O,arm,0.043503666995093226,0.14797558297868818,0.019036417012102902,0.007724334020167589,0.008237208938226104,0.016215375042520463,2.829195000231266e-05,0.008379667066037655,0.008622208028100431,0.0007395000429823995,0.03398504212964326,0.06900983396917582,8.745898958295584e-05,0.23119216703344136,0.010928999981842935,0.2421211670152843,1.7874990589916706e-05,8.337502367794514e-05,0.07993883395101875,0.27141808392480016,0.50688808306586
1426,random_1423,random_cycle_chord,20260823,baseline,0,200,3,10,12,4.6421857089437015,True,True,,perf/incremental-yamada-frontier-order,1d8374f42cccbb16d78d44100a65ca603d7d1997,3.14.7,macOS-26.6.2-arm64-arm-64bit-Mach-O,arm,0.031115916091948748,0.1480849999934435,0.02120512502733618,0.006396874901838601,0.006505000055767596,0.012873540981672704,2.1583051420748234e-05,0.006662666914053261,0.006867917021736503,0.0005704590585082769,0.026996167027391493,0.061121833976358175,6.241595838218927e-05,0.1450242919381708,0.008633082965388894,0.15365737490355968,1.3499986380338669e-05,6.699992809444666e-05,0.06975491694174707,0.2489558330271393,0.39810829202178866
1427,random_1424,random_cycle_chord,20260823,baseline,0,200,3,10,12,5.622019081298901,True,True,,perf/incremental-yamada-frontier-order,1d8374f42cccbb16d78d44100a65ca603d7d1997,3.14.7,macOS-26.6.2-arm64-arm-64bit-Mach-O,arm,0.03604741697199643,0.14799933298490942,0.029514834051951766,0.006732333917170763,0.006961875013075769,0.013762124930508435,2.1459069103002548e-05,0.007112917024642229,0.0072325419168919325,0.000520500005222857,0.028649542946368456,0.07187800004612654,6.341701373457909e-05,0.15382325008977205,0.008186958031728864,0.1620102081215009,1.3459008187055588e-05,6.374996155500412e-05,0.08006495807785541,0.26411170803476125,0.42206658399663866
1428,random_1425,random_cycle_chord,20260823,crossing_rich,3,200,4,8,11,4.115928357826961,True,True,,perf/incremental-yamada-frontier-order,1d8374f42cccbb16d78d44100a65ca603d7d1997,3.14.7,macOS-26.6.2-arm64-arm-64bit-Mach-O,arm,0.027438833029009402,0.1891872501000762,0.03162483300548047,0.009418957983143628,0.010367959039285779,0.020192999974824488,4.124990664422512e-05,0.01026720809750259,0.011002917075529695,0.001021833042614162,0.04252620809711516,0.09396995906718075,8.516700472682714e-05,0.14682162494864315,0.018761999905109406,0.16558362485375255,1.9208993762731552e-05,0.00011804106179624796,0.11273195897229016,0.32935804210137576,0.4804627919802442
1429,random_1426,random_cycle_chord,20260823,crossing_rich,2,200,4,8,11,6.584481564126663,True,True,,perf/incremental-yamada-frontier-order,1d8374f42cccbb16d78d44100a65ca603d7d1997,3.14.7,macOS-26.6.2-arm64-arm-64bit-Mach-O,arm,0.03957816702313721,0.14904954098165035,0.05350649997126311,0.008203416946344078,0.008613958023488522,0.01696758298203349,2.8957962058484554e-05,0.008832540945149958,0.009261667029932141,0.0009724579285830259,0.0360632068477571,0.10641404101625085,6.762496195733547e-05,0.14377045794390142,0.0191976249916479,0.16296808293554932,2.4416018277406693e-05,0.00012145796790719032,0.12561166600789875,0.3142393740126863,0.46232479193713516
1430,random_1427,random_cycle_chord,20260823,crossing_rich,5,200,5,8,12,4.1843655784669656,True,True,,perf/incremental-yamada-frontier-order,1d8374f42cccbb16d78d44100a65ca603d7d1997,3.14.7,macOS-26.6.2-arm64-arm-64bit-Mach-O,arm,0.03193624992854893,0.15473662491422147,0.03949441702570766,0.011035165982320905,0.012541916919872165,0.024533582967706025,5.3999945521354675e-05,0.012879792018793523,0.01361020898912102,0.001501374994404614,0.052578958915546536,0.11569683405105025,0.00018508301582187414,0.16133104090113193,0.02602150000166148,0.1873525409027934,2.4165958166122437e-05,0.00015566602814942598,0.14171833405271173,0.3283912088954821,0.49436729098670185
1431,random_1428,random_cycle_chord,20260823,baseline,0,200,4,11,14,4.045705083566362,True,True,,perf/incremental-yamada-frontier-order,1d8374f42cccbb16d78d44100a65ca603d7d1997,3.14.7,macOS-26.6.2-arm64-arm-64bit-Mach-O,arm,0.03402875002939254,0.14803012507036328,0.02308866602834314,0.007572167087346315,0.007813834003172815,0.015420958050526679,2.8165988624095917e-05,0.008015916915610433,0.008221792057156563,0.0007098750211298466,0.032396708033047616,0.07089779095258564,7.61660048738122e-05,0.17935479106381536,0.010758666088804603,0.19011345715261996,1.7915968783199787e-05,8.179096039384604e-05,0.08165645704139024,0.26371533214114606,0.44735345791559666
1432,random_1429,random_cycle_chord,20260823,baseline,0,200,3,8,10,6.14338991906476,True,True,,perf/incremental-yamada-frontier-order,1d8374f42cccbb16d78d44100a65ca603d7d1997,3.14.7,macOS-26.6.2-arm64-arm-64bit-Mach-O,arm,0.03242575004696846,0.14830808399710804,0.03206979192327708,0.006658333004452288,0.006693499977700412,0.013176500098779798,2.13750172406435e-05,0.006808332982473075,0.006956333993002772,0.0005384170217439532,0.027500959113240242,0.07294141699094325,5.76250022277236e-05,0.1284072499256581,0.008562374976463616,0.13696962490212172,1.3791956007480621e-05,6.579200271517038e-05,0.08150379196740687,0.26223762601148337,0.3947597910882905
1433,random_1430,random_cycle_chord,20260823,crossing_rich,2,200,4,10,13,5.618002747235533,True,True,,perf/incremental-yamada-frontier-order,1d8374f42cccbb16d78d44100a65ca603d7d1997,3.14.7,macOS-26.6.2-arm64-arm-64bit-Mach-O,arm,0.03936070890631527,0.14863979106303304,0.04666183399967849,0.008255125023424625,0.008591167046688497,0.016920833964832127,2.8833048418164253e-05,0.008800833951681852,0.00923833402339369,0.0009475840488448739,0.03593641903717071,0.09947037498932332,7.587508298456669e-05,0.16797570802737027,0.017142957891337574,0.18511866591870785,1.8832972273230553e-05,0.00010900001507252455,0.11661333288066089,0.3046138328500092,0.47686475003138185
1434,random_1431,random_cycle_chord,20260823,crossing_rich,5,200,5,8,12,4.135313888183339,True,True,,perf/incremental-yamada-frontier-order,1d8374f42cccbb16d78d44100a65ca603d7d1997,3.14.7,macOS-26.6.2-arm64-arm-64bit-Mach-O,arm,0.0307504590600729,0.14845504192635417,0.03928654198534787,0.010767042054794729,0.01257320900913328,0.02483304194174707,3.629201091825962e-05,0.012883750023320317,0.013509333948604763,0.0013732090592384338,0.05263562698382884,0.11529604205861688,0.0001721670851111412,0.1614635830046609,0.028032207977958024,0.18949579098261893,2.420798409730196e-05,0.00014812499284744263,0.1433282500365749,0.32253375102300197,0.4885841669747606
1435,random_1432,random_cycle_chord,20260823,crossing_rich,5,200,5,9,13,4.252861998473589,True,True,,perf/incremental-yamada-frontier-order,1d8374f42cccbb16d78d44100a65ca603d7d1997,3.14.7,macOS-26.6.2-arm64-arm-64bit-Mach-O,arm,0.033132500015199184,0.148897249950096,0.03970283304806799,0.010377375059761107,0.01204716693609953,0.023995042080059648,3.691692836582661e-05,0.012319041066803038,0.0131042500725016,0.0013739169808104634,0.050829167128540576,0.11298979201819748,7.716694381088018e-05,0.17601920804008842,0.02930979197844863,0.20532900001853704,2.4667009711265564e-05,0.00014895806089043617,0.1422995839966461,0.3243293339619413,0.5050499578937888
1436,random_1433,random_cycle_chord,20260823,baseline,0,200,3,9,11,5.383022294156927,True,True,,perf/incremental-yamada-frontier-order,1d8374f42cccbb16d78d44100a65ca603d7d1997,3.14.7,macOS-26.6.2-arm64-arm-64bit-Mach-O,arm,0.032451209030114114,0.14936224999837577,0.027679416933096945,0.006450457964092493,0.006402582977898419,0.012717791018076241,2.1875021047890186e-05,0.006569665973074734,0.006675333017483354,0.000526249990798533,0.026510915020480752,0.06706195790320635,6.004096940159798e-05,0.1400854999665171,0.008091415977105498,0.1481769159436226,1.3790908269584179e-05,6.47910637781024e-05,0.07515337388031185,0.25696683290880173,0.40117583388928324
1437,random_1434,random_cycle_chord,20260823,baseline,0,200,3,8,10,6.151975611207458,True,True,,perf/incremental-yamada-frontier-order,1d8374f42cccbb16d78d44100a65ca603d7d1997,3.14.7,macOS-26.6.2-arm64-arm-64bit-Mach-O,arm,0.03235079103615135,0.14842987502925098,0.032468290999531746,0.0065713750664144754,0.006636917009018362,0.01304099999833852,2.1290965378284454e-05,0.006809000042267144,0.006953999982215464,0.000555249978788197,0.02738054096698761,0.0730763750616461,5.5165961384773254e-05,0.12804420804604888,0.008812958956696093,0.13685716700274497,1.3791956007480621e-05,6.912497337907553e-05,0.0818893340183422,0.2626700000837445,0.39483250002376735
1438,random_1435,random_cycle_chord,20260823,baseline,0,200,4,13,16,4.562335435752965,True,True,,perf/incremental-yamada-frontier-order,1d8374f42cccbb16d78d44100a65ca603d7d1997,3.14.7,macOS-26.6.2-arm64-arm-64bit-Mach-O,arm,0.040688499924726784,0.1479797090869397,0.025722124963067472,0.007799500017426908,0.00837495899759233,0.016522958991117775,2.9166927561163902e-05,0.008587917080149055,0.00878841697704047,0.0007373749976977706,0.034665834973566234,0.07658879191149026,7.795903366059065e-05,0.20510620798449963,0.011267832946032286,0.21637404093053192,1.8291990272700787e-05,8.258398156613111e-05,0.08785662485752255,0.276524833869189,0.48589695896953344
1439,random_1436,random_cycle_chord,20260823,crossing_rich,5,200,5,8,12,4.200345759804408,True,True,,perf/incremental-yamada-frontier-order,1d8374f42cccbb16d78d44100a65ca603d7d1997,3.14.7,macOS-26.6.2-arm64-arm-64bit-Mach-O,arm,0.030206167022697628,0.1484717089915648,0.03924941597506404,0.010737083037383854,0.01250358298420906,0.02451829193159938,3.658304922282696e-05,0.012737000011838973,0.013388041988946497,0.0013277920661494136,0.05200770904775709,0.11453112505842,0.00016033300198614597,0.2575837920885533,0.02430345898028463,0.28188725106883794,2.4290988221764565e-05,0.00014033401384949684,0.13883458403870463,0.31751246005296707,0.5793436249950901
1440,random_1437,random_cycle_chord,20260823,crossing_rich,4,200,5,12,16,4.875453018370223,True,True,,perf/incremental-yamada-frontier-order,1d8374f42cccbb16d78d44100a65ca603d7d1997,3.14.7,macOS-26.6.2-arm64-arm-64bit-Mach-O,arm,0.043712916085496545,0.1577441249974072,0.04385383299086243,0.010260083014145494,0.010909290984272957,0.021379083045758307,5.2875024266541004e-05,0.01105908292811364,0.011579458019696176,0.0012757079675793648,0.04534620698541403,0.11040758399758488,9.26250359043479e-05,0.2118139589438215,0.024123374954797328,0.23593733389861882,2.6165973395109177e-05,0.00014304195065051317,0.1345309589523822,0.33598800003528595,0.5523789580911398
1441,random_1438,random_cycle_chord,20260823,baseline,0,200,3,9,11,5.3833817555420875,True,True,,perf/incremental-yamada-frontier-order,1d8374f42cccbb16d78d44100a65ca603d7d1997,3.14.7,macOS-26.6.2-arm64-arm-64bit-Mach-O,arm,0.0323187499307096,0.1499408750096336,0.030036875046789646,0.006848874967545271,0.007018417003564537,0.013906958047300577,2.6666908524930477e-05,0.00718670804053545,0.007414583000354469,0.0005839589284732938,0.02911887492518872,0.0730462089413777,6.0999998822808266e-05,0.14592687506228685,0.008805708028376102,0.15473258309066296,1.6042031347751617e-05,7.429206743836403e-05,0.0818519169697538,0.264111541910097,0.414292374975048
1442,random_1439,random_cycle_chord,20260823,crossing_rich,5,200,5,8,12,4.22036275105163,True,True,,perf/incremental-yamada-frontier-order,1d8374f42cccbb16d78d44100a65ca603d7d1997,3.14.7,macOS-26.6.2-arm64-arm-64bit-Mach-O,arm,0.03144895797595382,0.1489260420203209,0.03568195796106011,0.010777416988275945,0.012598957982845604,0.02475812507327646,3.733299672603607e-05,0.012827416998334229,0.013556207995861769,0.0013457080349326134,0.05252479109913111,0.1116164589766413,0.00015833298675715923,0.1632753750309348,0.02712112502194941,0.19039650005288422,2.3833010345697403e-05,0.00014591705985367298,0.1387375839985907,0.3191125839948654,0.4872581670060754
1443,random_1440,random_cycle_chord,20260823,baseline,0,200,5,15,19,4.045944010325334,True,True,,perf/incremental-yamada-frontier-order,1d8374f42cccbb16d78d44100a65ca603d7d1997,3.14.7,macOS-26.6.2-arm64-arm-64bit-Mach-O,arm,0.04599079198669642,0.14816737500950694,0.024563250015489757,0.008577249944210052,0.00909041694831103,0.017834333004429936,3.6041950806975365e-05,0.009305792045779526,0.009562916005961597,0.0008895000210031867,0.03762858302798122,0.07989312498830259,9.337498340755701e-05,0.2926536250161007,0.013765500043518841,0.30641912505961955,2.2707972675561905e-05,9.787490125745535e-05,0.09365862503182143,0.2878167920280248,0.5849313749931753
1444,random_1441,random_cycle_chord,20260823,baseline,0,200,4,15,18,4.047797417640375,True,True,,perf/incremental-yamada-frontier-order,1d8374f42cccbb16d78d44100a65ca603d7d1997,3.14.7,macOS-26.6.2-arm64-arm-64bit-Mach-O,arm,0.04400937492027879,0.14803816692437977,0.020891041960567236,0.007600874989293516,0.007811499992385507,0.015454250038601458,2.9375078156590462e-05,0.008002000045962632,0.00823966704774648,0.0007423330098390579,0.03246762522030622,0.06879687495529652,8.641707245260477e-05,0.2765229580691084,0.011869666050188243,0.28839262411929667,2.1834042854607105e-05,9.070802479982376e-05,0.08066654100548476,0.2727140828501433,0.5535539580741897
1445,random_1442,random_cycle_chord,20260823,baseline,0,200,3,10,12,4.625457784836549,True,True,,perf/incremental-yamada-frontier-order,1d8374f42cccbb16d78d44100a65ca603d7d1997,3.14.7,macOS-26.6.2-arm64-arm-64bit-Mach-O,arm,0.031073624966666102,0.1479501660214737,0.021695167059078813,0.006376249948516488,0.00645491702016443,0.012690999894402921,2.1875021047890186e-05,0.006633082986809313,0.006921165972016752,0.00059908302500844,0.026866206899285316,0.06141216692049056,6.220804061740637e-05,0.15420154097955674,0.00965537503361702,0.16385691601317376,1.4042016118764877e-05,7.66250304877758e-05,0.07106754195410758,0.2500913329422474,0.40843629208393395
1446,random_1443,random_cycle_chord,20260823,baseline,0,200,3,8,10,6.145816240065907,True,True,,perf/incremental-yamada-frontier-order,1d8374f42cccbb16d78d44100a65ca603d7d1997,3.14.7,macOS-26.6.2-arm64-arm-64bit-Mach-O,arm,0.03232795908115804,0.16923795803450048,0.03185808297712356,0.006613916018977761,0.0066677500726655126,0.01309004204813391,2.2124964743852615e-05,0.006785209057852626,0.007015333976596594,0.0005755419842898846,0.027488252031616867,0.07264829194173217,5.8458070270717144e-05,0.1283695420715958,0.0091481659328565,0.1375177080044523,1.3582990504801273e-05,7.262500002980232e-05,0.08179645787458867,0.2833623749902472,0.4159032499883324
1447,random_1444,random_cycle_chord,20260823,baseline,0,200,4,13,16,4.567491480421596,True,True,,perf/incremental-yamada-frontier-order,1d8374f42cccbb16d78d44100a65ca603d7d1997,3.14.7,macOS-26.6.2-arm64-arm-64bit-Mach-O,arm,0.040655417018570006,0.14869758300483227,0.023656749981455505,0.007767583010718226,0.008290415978990495,0.016208874993026257,2.945796586573124e-05,0.008403292042203248,0.00869220809545368,0.0007602919358760118,0.03409412503242493,0.07383641705382615,8.525000885128975e-05,0.20438029197975993,0.011664082994684577,0.2160443749744445,1.820793841034174e-05,8.829100988805294e-05,0.08550050004851073,0.274853500071913,0.4835436249850318
1448,random_1445,random_cycle_chord,20260823,crossing_rich,6,200,6,12,17,4.000073307645719,True,True,,perf/incremental-yamada-frontier-order,1d8374f42cccbb16d78d44100a65ca603d7d1997,3.14.7,macOS-26.6.2-arm64-arm-64bit-Mach-O,arm,0.04155170905869454,0.1623941669240594,0.04276629211381078,0.017869999981485307,0.015211415942758322,0.028937584022060037,8.899997919797897e-05,0.01460945897269994,0.015176707995124161,0.0016738340491428971,0.060486585018225014,0.13639570795930922,0.00011670903768390417,0.43672854197211564,0.04889808304142207,0.4856266250135377,0.00011699995957314968,0.00023362506181001663,0.1852937910007313,0.3892396669834852,0.8303591250441968
1449,random_1446,random_cycle_chord,20260823,crossing_rich,5,200,5,9,13,4.279322562890153,True,True,,perf/incremental-yamada-frontier-order,1d8374f42cccbb16d78d44100a65ca603d7d1997,3.14.7,macOS-26.6.2-arm64-arm-64bit-Mach-O,arm,0.03371187497396022,0.1665114579955116,0.04128962510731071,0.016462875064462423,0.018060708069242537,0.028700041002593935,5.904200952500105e-05,0.016326708951964974,0.013749499921686947,0.0014663750771433115,0.06030166696291417,0.13618704094551504,0.00011199992150068283,0.19293291599024087,0.02883279195521027,0.22176570794545114,2.5834073312580585e-05,0.00016375002451241016,0.1650198329007253,0.3652431658701971,0.5627552920486778
1450,random_1447,random_cycle_chord,20260823,crossing_rich,4,200,5,9,13,6.079057110647355,True,True,,perf/incremental-yamada-frontier-order,1d8374f42cccbb16d78d44100a65ca603d7d1997,3.14.7,macOS-26.6.2-arm64-arm-64bit-Mach-O,arm,0.04209941590670496,0.1483820410212502,0.06257520895451307,0.010074291960336268,0.011137416935525835,0.02693420904688537,6.800005212426186e-05,0.013254999998025596,0.01216391590423882,0.001283499994315207,0.053704624995589256,0.1375267499824986,0.00010166596621274948,0.17313875001855195,0.02368512493558228,0.19682387495413423,2.3792032152414322e-05,0.00014112505596131086,0.16121187491808087,0.351693331846036,0.5324803340481594
1451,random_1448,random_cycle_chord,20260823,crossing_rich,4,200,5,12,16,4.02231626932438,True,True,,perf/incremental-yamada-frontier-order,1d8374f42cccbb16d78d44100a65ca603d7d1997,3.14.7,macOS-26.6.2-arm64-arm-64bit-Mach-O,arm,0.03973320801742375,0.14865233399905264,0.03989420901052654,0.010238540940918028,0.011410417035222054,0.022514459094963968,4.666694439947605e-05,0.011583167011849582,0.012115375022403896,0.0012692909222096205,0.04752895899582654,0.10911154095083475,9.22909239307046e-05,0.214146374957636,0.024628125014714897,0.2387744999723509,2.345896791666746e-05,0.00013895903248339891,0.13373966596554965,0.32212520798202604,0.5407697500195354
1452,random_1449,random_cycle_chord,20260823,baseline,0,200,3,9,11,5.382205446234628,True,True,,perf/incremental-yamada-frontier-order,1d8374f42cccbb16d78d44100a65ca603d7d1997,3.14.7,macOS-26.6.2-arm64-arm-64bit-Mach-O,arm,0.03220387501642108,0.14880366693250835,0.02990829199552536,0.006754292058758438,0.0069227919448167086,0.013627124950289726,2.1708081476390362e-05,0.007086375029757619,0.007214375073090196,0.0005309160333126783,0.02848049916792661,0.07208579103462398,6.066600326448679e-05,0.1451766249956563,0.008696542005054653,0.15387316700071096,1.49579718708992e-05,7.162499241530895e-05,0.08078233303967863,0.26178987498860806,0.4111091250088066
1453,random_1450,random_cycle_chord,20260823,crossing_rich,5,200,5,8,12,4.153499330467042,True,True,,perf/incremental-yamada-frontier-order,1d8374f42cccbb16d78d44100a65ca603d7d1997,3.14.7,macOS-26.6.2-arm64-arm-64bit-Mach-O,arm,0.030774665996432304,0.14868091698735952,0.035486208042129874,0.010873749968595803,0.01275120791979134,0.02520279202144593,4.225003067404032e-05,0.012986082932911813,0.013617375050671399,0.0013882080093026161,0.0532367080450058,0.11238249996677041,0.00016491708811372519,0.26959229190833867,0.035485166939906776,0.30507745884824544,2.445792779326439e-05,0.00015075004193931818,0.1478676669066772,0.327323249890469,0.6008833750383928
1454,random_1451,random_cycle_chord,20260823,baseline,0,200,3,10,12,4.644777333389227,True,True,,perf/incremental-yamada-frontier-order,1d8374f42cccbb16d78d44100a65ca603d7d1997,3.14.7,macOS-26.6.2-arm64-arm-64bit-Mach-O,arm,0.03172375005669892,0.15131537499837577,0.024893875000998378,0.006508250022307038,0.0065460000187158585,0.0129247079603374,2.1958956494927406e-05,0.0066738330060616136,0.00683974998537451,0.0005449999589473009,0.027005249867215753,0.06497295794542879,6.0416990891098976e-05,0.14359745802357793,0.008856999920681119,0.15245445794425905,1.3708020560443401e-05,6.750004831701517e-05,0.07382995786610991,0.2568690829211846,0.40483074996154755
1455,random_1452,random_cycle_chord,20260823,baseline,0,200,3,8,10,6.196210189325746,True,True,,perf/incremental-yamada-frontier-order,1d8374f42cccbb16d78d44100a65ca603d7d1997,3.14.7,macOS-26.6.2-arm64-arm-64bit-Mach-O,arm,0.032777125015854836,0.14882358303293586,0.03318079200107604,0.007379082962870598,0.007072165957652032,0.013696957961656153,3.4207943826913834e-05,0.0073133750120177865,0.007592374924570322,0.0006111670518293977,0.029248082893900573,0.07690504100173712,7.570802699774504e-05,0.13428550004027784,0.009455417050048709,0.14374091709032655,1.5416997484862804e-05,7.491698488593102e-05,0.08636045805178583,0.2679611661005765,0.40659629099536687
1456,random_1453,random_cycle_chord,20260823,baseline,0,200,3,8,10,6.161359383458903,True,True,,perf/incremental-yamada-frontier-order,1d8374f42cccbb16d78d44100a65ca603d7d1997,3.14.7,macOS-26.6.2-arm64-arm-64bit-Mach-O,arm,0.034431290929205716,0.15072299994062632,0.034326291061006486,0.006783750024624169,0.006893209065310657,0.013046624953858554,2.4209031835198402e-05,0.007092374959029257,0.007086500059813261,0.0005800419021397829,0.027829750906676054,0.07586029195226729,7.14579364284873e-05,0.1312367090722546,0.009214707999490201,0.1404514170717448,1.7832964658737183e-05,7.650000043213367e-05,0.08507499995175749,0.27022929082158953,0.40586629102472216
1457,random_1454,random_cycle_chord,20260823,baseline,0,200,3,8,10,6.216280416860318,True,True,,perf/incremental-yamada-frontier-order,1d8374f42cccbb16d78d44100a65ca603d7d1997,3.14.7,macOS-26.6.2-arm64-arm-64bit-Mach-O,arm,0.033508041058667004,0.14793487498536706,0.032158125075511634,0.006656374898739159,0.007110540987923741,0.014244665973819792,4.6375091187655926e-05,0.007260749931447208,0.007620834046974778,0.0006298749940469861,0.02980250003747642,0.07576295803301036,0.00010091695003211498,0.1364433750277385,0.010274291969835758,0.14671766699757427,1.8249964341521263e-05,8.216698188334703e-05,0.08603725000284612,0.2674801660468802,0.40822066692635417
1458,random_1455,random_cycle_chord,20260823,baseline,0,200,3,10,12,4.642885039244364,True,True,,perf/incremental-yamada-frontier-order,1d8374f42cccbb16d78d44100a65ca603d7d1997,3.14.7,macOS-26.6.2-arm64-arm-64bit-Mach-O,arm,0.033396749990060925,0.19089908304158598,0.020647124969400465,0.006960000027902424,0.006582083995454013,0.013020375045016408,3.245798870921135e-05,0.006648958078585565,0.007106416975148022,0.0005648750811815262,0.027373083168640733,0.06158249999862164,7.700000423938036e-05,0.14366758393589407,0.008370916009880602,0.15203849994577467,1.3708020560443401e-05,6.987492088228464e-05,0.06995341600850224,0.29424924904014915,0.4421137919416651
1459,random_1456,random_cycle_chord,20260823,baseline,0,200,3,10,12,4.679263232865745,True,True,,perf/incremental-yamada-frontier-order,1d8374f42cccbb16d78d44100a65ca603d7d1997,3.14.7,macOS-26.6.2-arm64-arm-64bit-Mach-O,arm,0.030987207894213498,0.1484701669542119,0.021922999992966652,0.006401665974408388,0.006512083928100765,0.012835999950766563,2.1041021682322025e-05,0.0066628329223021865,0.006881500012241304,0.0005695419386029243,0.0269709158455953,0.06182699999772012,6.0165999457240105e-05,0.15407716599293053,0.008869250072166324,0.16294641606509686,1.4082994312047958e-05,7.454096339643002e-05,0.07069625006988645,0.25015362491831183,0.4083828339353204
1460,random_1457,random_cycle_chord,20260823,crossing_rich,3,200,4,8,11,4.091113150853247,True,True,,perf/incremental-yamada-frontier-order,1d8374f42cccbb16d78d44100a65ca603d7d1997,3.14.7,macOS-26.6.2-arm64-arm-64bit-Mach-O,arm,0.028625290957279503,0.16344341705553234,0.0407979580340907,0.009920959011651576,0.010127500048838556,0.019912875024601817,2.8916983865201473e-05,0.010290500009432435,0.010790165979415178,0.0009832499781623483,0.04200570797547698,0.10287841700483114,6.858306005597115e-05,0.14663545798975974,0.017737291054800153,0.1643727490445599,2.0542065612971783e-05,0.00011670798994600773,0.12061570805963129,0.3126844160724431,0.4636643750127405
1461,random_1458,random_cycle_chord,20260823,baseline,0,200,3,9,11,5.367129023928927,True,True,,perf/incremental-yamada-frontier-order,1d8374f42cccbb16d78d44100a65ca603d7d1997,3.14.7,macOS-26.6.2-arm64-arm-64bit-Mach-O,arm,0.032326041953638196,0.147948749945499,0.025680957944132388,0.00680049997754395,0.007006334024481475,0.01381579099688679,2.0374893210828304e-05,0.007144208066165447,0.007304708007723093,0.0005245000356808305,0.02880958199966699,0.06831691705156118,6.13329466432333e-05,0.14145654207095504,0.008366707945242524,0.14982325001619756,1.325004268437624e-05,6.712495815008879e-05,0.0766836249968037,0.2569584168959409,0.40253474994096905
1462,random_1459,random_cycle_chord,20260823,baseline,0,200,3,13,15,4.567780972978098,True,True,,perf/incremental-yamada-frontier-order,1d8374f42cccbb16d78d44100a65ca603d7d1997,3.14.7,macOS-26.6.2-arm64-arm-64bit-Mach-O,arm,0.03877674997784197,0.15089316689409316,0.021645707893185318,0.0066380000207573175,0.006712042028084397,0.013376084039919078,3.462505992501974e-05,0.007033291971310973,0.007182041998021305,0.0006001669680699706,0.028226210037246346,0.06324120797216892,7.579196244478226e-05,0.19434474990703166,0.00886375003028661,0.20320849993731827,1.4167046174407005e-05,6.850005593150854e-05,0.07210495800245553,0.26177487487439066,0.46027570799924433
1463,random_1460,random_cycle_chord,20260823,baseline,0,200,3,9,11,5.3948165150608025,True,True,,perf/incremental-yamada-frontier-order,1d8374f42cccbb16d78d44100a65ca603d7d1997,3.14.7,macOS-26.6.2-arm64-arm-64bit-Mach-O,arm,0.0319518749602139,0.1496257500257343,0.025434999959543347,0.0067807919112965465,0.007001499994657934,0.013839166960678995,2.1458021365106106e-05,0.0071284170262515545,0.007311417022719979,0.0005401660455390811,0.028840625076554716,0.06807670800480992,5.974993109703064e-05,0.14121912501286715,0.008587750024162233,0.14980687503702939,1.3542012311518192e-05,6.762496195733547e-05,0.07666445802897215,0.25824208301492035,0.4035887089557946
1464,random_1461,random_cycle_chord,20260823,crossing_rich,4,200,5,10,14,5.4044207994924145,True,True,,perf/incremental-yamada-frontier-order,1d8374f42cccbb16d78d44100a65ca603d7d1997,3.14.7,macOS-26.6.2-arm64-arm-64bit-Mach-O,arm,0.04125291702803224,0.14884462498594075,0.052273042034357786,0.009779208106920123,0.010916208033449948,0.02152291696984321,3.6792014725506306e-05,0.011157333967275918,0.011840541963465512,0.0012845839373767376,0.04584216885268688,0.11884387501049787,8.012494072318077e-05,0.2711976249702275,0.02513608301524073,0.2963337079854682,2.49580480158329e-05,0.00013975007459521294,0.1439799580257386,0.3340775000397116,0.6094864170299843
1465,random_1462,random_cycle_chord,20260823,baseline,0,200,4,15,18,4.048996147700448,True,True,,perf/incremental-yamada-frontier-order,1d8374f42cccbb16d78d44100a65ca603d7d1997,3.14.7,macOS-26.6.2-arm64-arm-64bit-Mach-O,arm,0.043555291020311415,0.15361529192887247,0.019218625035136938,0.007844458101317286,0.008401500061154366,0.016108207986690104,3.708305303007364e-05,0.008286374970339239,0.008515457971952856,0.0007112500024959445,0.033658373984508216,0.06916116690263152,9.474996477365494e-05,0.23337679100222886,0.010875832987949252,0.2442526239901781,1.9499915651977062e-05,8.595897816121578e-05,0.08003699989058077,0.27720758283976465,0.5151294170645997
1466,random_1463,random_cycle_chord,20260823,crossing_rich,5,200,5,9,13,4.1453365279357595,True,True,,perf/incremental-yamada-frontier-order,1d8374f42cccbb16d78d44100a65ca603d7d1997,3.14.7,macOS-26.6.2-arm64-arm-64bit-Mach-O,arm,0.032754624960944057,0.153366458020173,0.041221040999516845,0.011341041070409119,0.012481416924856603,0.024342083022929728,5.358399357646704e-05,0.012904917006380856,0.013357624993659556,0.0013206250732764602,0.05197883408982307,0.11707816692069173,0.00010216701775789261,0.17849241592921317,0.02837416692636907,0.20686658285558224,2.4082954041659832e-05,0.00014825002290308475,0.1454523338470608,0.33157341682817787,0.5146690410329029
1467,random_1464,random_cycle_chord,20260823,crossing_rich,3,200,5,11,15,4.97101636095451,True,True,,perf/incremental-yamada-frontier-order,1d8374f42cccbb16d78d44100a65ca603d7d1997,3.14.7,macOS-26.6.2-arm64-arm-64bit-Mach-O,arm,0.04166949994396418,0.1484469169517979,0.04564704198855907,0.009899375028908253,0.011117791989818215,0.022024790989235044,3.666698466986418e-05,0.011371125001460314,0.011919874930754304,0.0011660839663818479,0.04651854187250137,0.11321666603907943,8.491601329296827e-05,0.20659812493249774,0.023479374940507114,0.23007749987300485,2.5875051505863667e-05,0.00013325002510100603,0.13669604097958654,0.3268124578753486,0.5379156250273809
1468,random_1465,random_cycle_chord,20260823,crossing_rich,3,200,4,9,12,4.396045551803954,True,True,,perf/incremental-yamada-frontier-order,1d8374f42cccbb16d78d44100a65ca603d7d1997,3.14.7,macOS-26.6.2-arm64-arm-64bit-Mach-O,arm,0.0321282499935478,0.15585983300115913,0.03964495798572898,0.00949583388864994,0.010945165995508432,0.06276462494861335,8.729100227355957e-05,0.016615083091892302,0.011389332939870656,0.001053999993018806,0.09191033197566867,0.15206004097126424,8.929194882512093e-05,0.1715889999177307,0.01959145802538842,0.1911804579431191,2.029107417911291e-05,0.00011529098264873028,0.17165149899665266,0.3596395819913596,0.53568387508858
1469,random_1466,random_cycle_chord,20260823,crossing_rich,6,200,6,13,18,4.5681580947200295,True,True,,perf/incremental-yamada-frontier-order,1d8374f42cccbb16d78d44100a65ca603d7d1997,3.14.7,macOS-26.6.2-arm64-arm-64bit-Mach-O,arm,0.04730283305980265,0.1549349999986589,0.045987125020474195,0.014401249936781824,0.014112083008512855,0.02776858303695917,5.866703577339649e-05,0.014339957968331873,0.015057749929837883,0.001601416035555303,0.05882637400645763,0.13337412499822676,9.795802179723978e-05,0.2446427500108257,0.032390167005360126,0.2770329170161858,2.90420139208436e-05,0.00017316709272563457,0.1657642920035869,0.36800212506204844,0.6174247909802943
1470,random_1467,random_cycle_chord,20260823,baseline,0,200,4,10,13,4.6658942009816196,True,True,,perf/incremental-yamada-frontier-order,1d8374f42cccbb16d78d44100a65ca603d7d1997,3.14.7,macOS-26.6.2-arm64-arm-64bit-Mach-O,arm,0.03359750006347895,0.14801229198928922,0.022175000049173832,0.007783749955706298,0.008212125045247376,0.01618558296468109,2.858403604477644e-05,0.008381208055652678,0.008660833002068102,0.0007673330837860703,0.034023541142232716,0.07222095807082951,7.016700692474842e-05,0.169563667033799,0.01232379104476422,0.1818874580785632,1.9999919459223747e-05,9.074993431568146e-05,0.08454474911559373,0.2661545411683619,0.44003445806447417
1471,random_1468,random_cycle_chord,20260823,baseline,0,200,3,10,12,4.6448650615675815,True,True,,perf/incremental-yamada-frontier-order,1d8374f42cccbb16d78d44100a65ca603d7d1997,3.14.7,macOS-26.6.2-arm64-arm-64bit-Mach-O,arm,0.03179883293341845,0.14904108399059623,0.02224212500732392,0.0066709170350804925,0.006653042044490576,0.01306641602423042,2.183311153203249e-05,0.006787957972846925,0.007006458006799221,0.0005451659671962261,0.027427831082604825,0.0630129580385983,6.262504030019045e-05,0.1588457920588553,0.009187875082716346,0.16803366714157164,1.750001683831215e-05,8.366699330508709e-05,0.07220083312131464,0.25304075004532933,0.41627737507224083
1472,random_1469,random_cycle_chord,20260823,baseline,0,200,3,12,14,4.8747863315799105,True,True,,perf/incremental-yamada-frontier-order,1d8374f42cccbb16d78d44100a65ca603d7d1997,3.14.7,macOS-26.6.2-arm64-arm-64bit-Mach-O,arm,0.038478874950669706,0.14892558299470693,0.025817916030064225,0.0064744590781629086,0.006486375001259148,0.012860917020589113,2.1583051420748234e-05,0.0066633750684559345,0.006946749985218048,0.0006037919083610177,0.027096417034044862,0.0658946669427678,7.566600106656551e-05,0.18708712502848357,0.009329249965958297,0.19641637499444187,1.5583005733788013e-05,7.395900320261717e-05,0.0752239169087261,0.26262837485410273,0.4539308750536293
1473,random_1470,random_cycle_chord,20260823,crossing_rich,3,200,5,12,16,4.274741109558254,True,True,,perf/incremental-yamada-frontier-order,1d8374f42cccbb16d78d44100a65ca603d7d1997,3.14.7,macOS-26.6.2-arm64-arm-64bit-Mach-O,arm,0.04138570907525718,0.15047237498220056,0.03792687505483627,0.00984320801217109,0.010766000021249056,0.021216334076598287,4.650000482797623e-05,0.010967624955810606,0.011473292019218206,0.0012217499315738678,0.044925500988028944,0.10349987493827939,8.416699711233377e-05,0.20927983394358307,0.021472082938998938,0.230751916882582,2.274999860674143e-05,0.00013458298053592443,0.12497195787727833,0.3168300419347361,0.5306536250282079
1474,random_1471,random_cycle_chord,20260823,crossing_rich,5,200,5,8,12,4.200164056164146,True,True,,perf/incremental-yamada-frontier-order,1d8374f42cccbb16d78d44100a65ca603d7d1997,3.14.7,macOS-26.6.2-arm64-arm-64bit-Mach-O,arm,0.03056045901030302,0.14972987491637468,0.035112707992084324,0.010945042013190687,0.012495249975472689,0.024637249996885657,3.7958030588924885e-05,0.01274587505031377,0.013447083998471498,0.0013862920459359884,0.05225445912219584,0.11084070801734924,0.0001576659269630909,0.2616994170239195,0.03207025001756847,0.293769667041488,2.9207905754446983e-05,0.00015950005035847425,0.1429109580349177,0.3232012919615954,0.5892201669048518
1475,random_1472,random_cycle_chord,20260823,baseline,0,200,3,11,13,4.0458173159317745,True,True,,perf/incremental-yamada-frontier-order,1d8374f42cccbb16d78d44100a65ca603d7d1997,3.14.7,macOS-26.6.2-arm64-arm-64bit-Mach-O,arm,0.03322224994190037,0.17360874998848885,0.02565020800102502,0.00880112498998642,0.007335333968512714,0.015141958021558821,6.0999998822808266e-05,0.007998500019311905,0.0076648329850286245,0.0006229579448699951,0.031489248969592154,0.07331016706302762,9.425007738173008e-05,0.189939665957354,0.009990416932851076,0.19993008289020509,1.708301715552807e-05,8.937495294958353e-05,0.0833005839958787,0.2901315839262679,0.4855645000934601
1476,random_1473,random_cycle_chord,20260823,crossing_rich,5,200,5,8,12,4.17628828161167,True,True,,perf/incremental-yamada-frontier-order,1d8374f42cccbb16d78d44100a65ca603d7d1997,3.14.7,macOS-26.6.2-arm64-arm-64bit-Mach-O,arm,0.03396945807617158,0.16704216704238206,0.04510833299718797,0.012244957964867353,0.013458541012369096,0.02731129201129079,5.9125013649463654e-05,0.014431166928261518,0.014928958960808814,0.001519625075161457,0.05825016798917204,0.12910508294589818,0.0001889580162242055,0.31958666699938476,0.04154808400198817,0.36113475100137293,5.308294203132391e-05,0.00019458297174423933,0.17065316694788635,0.37166479206644,0.6958670830354095
1477,random_1474,random_cycle_chord,20260823,crossing_rich,6,200,6,10,15,5.621604721790129,True,True,,perf/incremental-yamada-frontier-order,1d8374f42cccbb16d78d44100a65ca603d7d1997,3.14.7,macOS-26.6.2-arm64-arm-64bit-Mach-O,arm,0.05317291710525751,0.17167283303570002,0.06282724998891354,0.013024125015363097,0.01493154198396951,0.029524207930080593,5.2875024266541004e-05,0.01551020797342062,0.016414416022598743,0.0017707080114632845,0.06327241496182978,0.154101416002959,0.00024491699878126383,0.32913949992507696,0.03483766596764326,0.3639771658927202,3.241701051592827e-05,0.00018383399583399296,0.18893908197060227,0.4137848321115598,0.7479850420495495
1478,random_1475,random_cycle_chord,20260823,baseline,0,200,3,10,12,5.619455163567122,True,True,,perf/incremental-yamada-frontier-order,1d8374f42cccbb16d78d44100a65ca603d7d1997,3.14.7,macOS-26.6.2-arm64-arm-64bit-Mach-O,arm,0.04096945805940777,0.16480204206891358,0.030449833953753114,0.007634666981175542,0.007481000036932528,0.014375792001374066,2.758402843028307e-05,0.007529333001002669,0.007640875061042607,0.0005790420109406114,0.030152626102790236,0.0757508339593187,7.879198528826237e-05,0.16156100004445761,0.009133749990724027,0.17069475003518164,1.5832949429750443e-05,7.891608402132988e-05,0.08488458395004272,0.2906560840783641,0.45684750005602837
1479,random_1476,random_cycle_chord,20260823,baseline,0,200,3,9,11,5.378476953857661,True,True,,perf/incremental-yamada-frontier-order,1d8374f42cccbb16d78d44100a65ca603d7d1997,3.14.7,macOS-26.6.2-arm64-arm-64bit-Mach-O,arm,0.03497966704890132,0.2093469169922173,0.029753957991488278,0.0095103750936687,0.008142083999700844,0.015166915953159332,4.383304622024298e-05,0.007813332951627672,0.007742124958895147,0.0006534159183502197,0.031419622828252614,0.07887262501753867,8.983397856354713e-05,0.17109629104379565,0.011061041033826768,0.1821573320776224,1.9000028260052204e-05,9.02500469237566e-05,0.08993366605136544,0.33426025009248406,0.5102438329486176
1480,random_1477,random_cycle_chord,20260823,crossing_rich,5,200,5,8,12,4.208034830561417,True,True,,perf/incremental-yamada-frontier-order,1d8374f42cccbb16d78d44100a65ca603d7d1997,3.14.7,macOS-26.6.2-arm64-arm-64bit-Mach-O,arm,0.038182000047527254,0.19255637505557388,0.050905290991067886,0.013774750055745244,0.014778667013160884,0.028823167085647583,8.150003850460052e-05,0.014825250022113323,0.015240999986417592,0.001695333980023861,0.06066625111270696,0.14021270791999996,0.00035554205533117056,0.3346084589138627,0.04721641703508794,0.38182487594895065,3.654207102954388e-05,0.0001843329519033432,0.1874291249550879,0.41816750005818903,0.757622207980603
1481,random_1478,random_cycle_chord,20260823,baseline,0,200,3,11,13,5.227635956659401,True,True,,perf/incremental-yamada-frontier-order,1d8374f42cccbb16d78d44100a65ca603d7d1997,3.14.7,macOS-26.6.2-arm64-arm-64bit-Mach-O,arm,0.04192787501960993,0.1611673750448972,0.02662733301986009,0.008163416059687734,0.009217916987836361,0.017906999913975596,0.00011454196646809578,0.008840500027872622,0.009440166060812771,0.0006252919556573033,0.03692749992478639,0.0809955419972539,0.0001038750633597374,0.20010733301751316,0.008775209076702595,0.20888254209421575,1.679197885096073e-05,7.770897354930639e-05,0.08977075107395649,0.2928660011384636,0.4975908329943195
1482,random_1479,random_cycle_chord,20260823,crossing_rich,4,200,5,11,15,4.77374112600348,True,True,,perf/incremental-yamada-frontier-order,1d8374f42cccbb16d78d44100a65ca603d7d1997,3.14.7,macOS-26.6.2-arm64-arm-64bit-Mach-O,arm,0.0471408748999238,0.16289383289404213,0.044628625037148595,0.011288000037893653,0.01220174995251,0.024083291995339096,6.04590168222785e-05,0.012405917048454285,0.013101833057589829,0.0014294999418780208,0.05108100106008351,0.11924137501046062,0.00010558299254626036,0.26108229206874967,0.03889791597612202,0.2999802080448717,3.250001464039087e-05,0.00020670797675848007,0.15813929098658264,0.3681739987805486,0.6345218330388889
1483,random_1480,random_cycle_chord,20260823,baseline,0,200,3,11,13,5.222166788966103,True,True,,perf/incremental-yamada-frontier-order,1d8374f42cccbb16d78d44100a65ca603d7d1997,3.14.7,macOS-26.6.2-arm64-arm-64bit-Mach-O,arm,0.04359320900402963,0.16343033290468156,0.027230082894675434,0.007247625035233796,0.007125167059712112,0.013970374944619834,2.4416018277406693e-05,0.007244166103191674,0.007313499925658107,0.0005607920465990901,0.029113249038346112,0.07073849998414516,0.0001141249667853117,0.1807655410375446,0.008819458074867725,0.18958499911241233,1.5583005733788013e-05,7.716601248830557e-05,0.07955795805901289,0.2865814999677241,0.47190224996302277
1484,random_1481,random_cycle_chord,20260823,baseline,0,200,4,14,17,4.29122811692763,True,True,,perf/incremental-yamada-frontier-order,1d8374f42cccbb16d78d44100a65ca603d7d1997,3.14.7,macOS-26.6.2-arm64-arm-64bit-Mach-O,arm,0.04601516609545797,0.1648105839267373,0.025244042044505477,0.009471083991229534,0.00956562499050051,0.01849191589280963,3.483297768980265e-05,0.00937012501526624,0.009584665996953845,0.0007898330222815275,0.038271372905001044,0.08258366596419364,9.862508159130812e-05,0.24654066702350974,0.012466417043469846,0.2590070840669796,2.0583043806254864e-05,9.716697968542576e-05,0.09505008300766349,0.30587583302985877,0.5577980000525713
1485,random_1482,random_cycle_chord,20260823,baseline,0,200,4,11,14,4.029090908024536,True,True,,perf/incremental-yamada-frontier-order,1d8374f42cccbb16d78d44100a65ca603d7d1997,3.14.7,macOS-26.6.2-arm64-arm-64bit-Mach-O,arm,0.03762912505771965,0.16294874995946884,0.025659749982878566,0.008468040963634849,0.00844929099548608,0.01659037498757243,3.250001464039087e-05,0.008594459039159119,0.008902624947950244,0.0008322090143337846,0.03495216800365597,0.07755916600581259,8.741591591387987e-05,0.20405812503304332,0.012767417007125914,0.21682554204016924,2.1499930880963802e-05,0.00010124989785254002,0.0903265830129385,0.290904458030127,0.49980874999891967
1486,random_1483,random_cycle_chord,20260823,baseline,0,200,4,10,13,4.630549660648038,True,True,,perf/incremental-yamada-frontier-order,1d8374f42cccbb16d78d44100a65ca603d7d1997,3.14.7,macOS-26.6.2-arm64-arm-64bit-Mach-O,arm,0.03777862491551787,0.160240083001554,0.024597042007371783,0.008812667103484273,0.009060124983079731,0.01781062502413988,3.3791991882026196e-05,0.009251417010091245,0.009474082966335118,0.0007770409574732184,0.03734695794992149,0.0798458750359714,8.629204239696264e-05,0.1714634581003338,0.011767415911890566,0.18323087401222438,2.266606315970421e-05,0.00010024989023804665,0.09161329094786197,0.28963199886493385,0.46584787499159575
1487,random_1484,random_cycle_chord,20260823,baseline,0,200,3,10,12,4.658679512489266,True,True,,perf/incremental-yamada-frontier-order,1d8374f42cccbb16d78d44100a65ca603d7d1997,3.14.7,macOS-26.6.2-arm64-arm-64bit-Mach-O,arm,0.03566950000822544,0.16746008303016424,0.02672412502579391,0.007131500053219497,0.0070343330735340714,0.014030124992132187,3.791693598031998e-05,0.007099124952219427,0.0071982910158112645,0.0005452500190585852,0.028910707915201783,0.06982104096096009,9.325006976723671e-05,0.17341845796909183,0.010195042006671429,0.18361349997576326,1.9417027942836285e-05,8.475000504404306e-05,0.08001608296763152,0.2831456660060212,0.4613004169659689
1488,random_1485,random_cycle_chord,20260823,crossing_rich,5,200,5,9,13,4.29507823700168,True,True,,perf/incremental-yamada-frontier-order,1d8374f42cccbb16d78d44100a65ca603d7d1997,3.14.7,macOS-26.6.2-arm64-arm-64bit-Mach-O,arm,0.04136220796499401,0.17482987500261515,0.045673082931898534,0.011975249974057078,0.013291707960888743,0.02615362498909235,4.741700831800699e-05,0.013554167002439499,0.014297290937975049,0.0015552500262856483,0.05560774996411055,0.1265854580560699,9.258394129574299e-05,0.19641329103615135,0.03133070794865489,0.22774399898480624,2.7499976567924023e-05,0.00017812498845160007,0.1579161660047248,0.37410824897233397,0.5761189999757335
1489,random_1486,random_cycle_chord,20260823,baseline,0,200,3,8,10,6.128771201265152,True,True,,perf/incremental-yamada-frontier-order,1d8374f42cccbb16d78d44100a65ca603d7d1997,3.14.7,macOS-26.6.2-arm64-arm-64bit-Mach-O,arm,0.03621829207986593,0.15904725005384535,0.03627787507139146,0.007251999923028052,0.007123292074538767,0.014046792057342827,2.3582950234413147e-05,0.007296791998669505,0.00749087508302182,0.0006163750076666474,0.029474417096935213,0.08014849992468953,6.474996916949749e-05,0.13807162502780557,0.01019104104489088,0.14826266607269645,1.5167053788900375e-05,8.504197467118502e-05,0.09033954096958041,0.2856050831032917,0.4281582919647917
1490,random_1487,random_cycle_chord,20260823,crossing_rich,2,200,4,9,12,5.990438397640764,True,True,,perf/incremental-yamada-frontier-order,1d8374f42cccbb16d78d44100a65ca603d7d1997,3.14.7,macOS-26.6.2-arm64-arm-64bit-Mach-O,arm,0.04132487496826798,0.15788691700436175,0.05041837494354695,0.008737957919947803,0.00904879195149988,0.019101958023384213,5.641707684844732e-05,0.00966074992902577,0.00978658301755786,0.001013333909213543,0.03961904195602983,0.10792762495111674,9.024993050843477e-05,0.1692677920218557,0.017758874921128154,0.18702666694298387,2.195802517235279e-05,0.0001225409796461463,0.1256864998722449,0.3248982918448746,0.4987681250786409
1491,random_1488,random_cycle_chord,20260823,baseline,0,200,3,10,12,4.667449023283371,True,True,,perf/incremental-yamada-frontier-order,1d8374f42cccbb16d78d44100a65ca603d7d1997,3.14.7,macOS-26.6.2-arm64-arm-64bit-Mach-O,arm,0.03284608293324709,0.15320679207798094,0.021112167043611407,0.0067385409492999315,0.006820208975113928,0.013434957945719361,2.237502485513687e-05,0.006970499991439283,0.007121250033378601,0.0005464580608531833,0.028095541056245565,0.06278570799622685,6.550003308802843e-05,0.1499489169800654,0.008685332955792546,0.15863424993585795,1.4375080354511738e-05,6.820796988904476e-05,0.0714710409520194,0.2575239159632474,0.41176716703921556
1492,random_1489,random_cycle_chord,20260823,baseline,0,200,3,9,11,5.406062818463579,True,True,,perf/incremental-yamada-frontier-order,1d8374f42cccbb16d78d44100a65ca603d7d1997,3.14.7,macOS-26.6.2-arm64-arm-64bit-Mach-O,arm,0.033669124939478934,0.1513764999108389,0.025061250082217157,0.006442790967412293,0.00649841595441103,0.012834041961468756,2.237502485513687e-05,0.006639207946136594,0.006842665956355631,0.0005490420153364539,0.026887332904152572,0.06490995804779232,5.8208941482007504e-05,0.14479208400007337,0.008738250005990267,0.15353033400606364,1.4208024367690086e-05,6.837502587586641e-05,0.07364820805378258,0.2586938329041004,0.40768183406908065
1493,random_1490,random_cycle_chord,20260823,baseline,0,200,3,9,11,5.34055932494519,True,True,,perf/incremental-yamada-frontier-order,1d8374f42cccbb16d78d44100a65ca603d7d1997,3.14.7,macOS-26.6.2-arm64-arm-64bit-Mach-O,arm,0.03276524995453656,0.1509117919486016,0.02576595905702561,0.006476374925114214,0.00656820903532207,0.0128658750327304,2.274999860674143e-05,0.00669170799665153,0.006836374988779426,0.0005238750018179417,0.02694058301858604,0.06577183410990983,6.366707384586334e-05,0.14744687511119992,0.009027791093103588,0.1564746662043035,1.737498678267002e-05,7.76670640334487e-05,0.07479962520301342,0.2584766671061516,0.4102261250372976
1494,random_1491,random_cycle_chord,20260823,crossing_rich,5,200,5,8,12,4.24308362108402,True,True,,perf/incremental-yamada-frontier-order,1d8374f42cccbb16d78d44100a65ca603d7d1997,3.14.7,macOS-26.6.2-arm64-arm-64bit-Mach-O,arm,0.03266195906326175,0.1999633749946952,0.04576083307620138,0.012574625085107982,0.014597333036363125,0.02882066706661135,5.691708065569401e-05,0.01470962492749095,0.015049124951474369,0.0015389169566333294,0.06017525098286569,0.1331617080140859,0.00030325003899633884,0.29432379198260605,0.040123416925780475,0.33444720890838653,2.733292058110237e-05,0.00017629202920943499,0.17328512493986636,0.4059104589978233,0.7049232920398936
1495,random_1492,random_cycle_chord,20260823,baseline,0,200,3,12,14,4.877448022193965,True,True,,perf/incremental-yamada-frontier-order,1d8374f42cccbb16d78d44100a65ca603d7d1997,3.14.7,macOS-26.6.2-arm64-arm-64bit-Mach-O,arm,0.040994167095050216,0.1608105410123244,0.023841209011152387,0.007061458076350391,0.007004583021625876,0.013781082932837307,2.316699828952551e-05,0.0073928750352934,0.007505540968850255,0.0006024169269949198,0.029305082862265408,0.06723333394620568,7.325003389269114e-05,0.19679437507875264,0.009734708932228386,0.20652908401098102,1.579197123646736e-05,8.595897816121578e-05,0.07696804287843406,0.27877275098580867,0.4800646250369027
1496,random_1493,random_cycle_chord,20260823,crossing_rich,5,200,6,10,15,5.420061300125506,True,True,,perf/incremental-yamada-frontier-order,1d8374f42cccbb16d78d44100a65ca603d7d1997,3.14.7,macOS-26.6.2-arm64-arm-64bit-Mach-O,arm,0.04816445801407099,0.16211512498557568,0.06059979205019772,0.01214066706597805,0.01295487501192838,0.02597162500023842,5.008396692574024e-05,0.013442291994579136,0.01432399998884648,0.0017032918985933065,0.05549129284918308,0.1412339999806136,0.0002667499938979745,0.3156573330052197,0.03222887497395277,0.34788620797917247,3.09160677716136e-05,0.00018329196609556675,0.17346287495456636,0.383742457954213,0.7041749170748517
1497,random_1494,random_cycle_chord,20260823,baseline,0,200,3,8,10,6.167033370509016,True,True,,perf/incremental-yamada-frontier-order,1d8374f42cccbb16d78d44100a65ca603d7d1997,3.14.7,macOS-26.6.2-arm64-arm-64bit-Mach-O,arm,0.035909750033169985,0.17316258302889764,0.034077291027642787,0.00724349997472018,0.007116124965250492,0.01403129193931818,2.2792024537920952e-05,0.007324000005610287,0.007511749980039895,0.0006177499890327454,0.029507583938539028,0.07796470797620714,6.241700612008572e-05,0.13914633402600884,0.010065250098705292,0.14921158412471414,1.5874975360929966e-05,8.770800195634365e-05,0.08802995807491243,0.29710229113698006,0.4407181249698624
1498,random_1495,random_cycle_chord,20260823,crossing_rich,3,200,5,10,14,5.072436881720634,True,True,,perf/incremental-yamada-frontier-order,1d8374f42cccbb16d78d44100a65ca603d7d1997,3.14.7,macOS-26.6.2-arm64-arm-64bit-Mach-O,arm,0.04280191694851965,0.16241695801727474,0.04526204208377749,0.010345000075176358,0.010901583009399474,0.022063749958761036,4.0665967389941216e-05,0.011214790982194245,0.012060415931046009,0.0013244999572634697,0.0467041227966547,0.11324804101604968,8.899997919797897e-05,0.28944841702468693,0.024509457987733185,0.3139578750124201,2.5082961656153202e-05,0.0001396669540554285,0.13775749900378287,0.34297637396957725,0.6369229590054601
1499,random_1496,random_cycle_chord,20260823,baseline,0,200,4,10,13,4.686744275906649,True,True,,perf/incremental-yamada-frontier-order,1d8374f42cccbb16d78d44100a65ca603d7d1997,3.14.7,macOS-26.6.2-arm64-arm-64bit-Mach-O,arm,0.03716750000603497,0.16116691706702113,0.02525850001256913,0.008060708059929311,0.008143667015247047,0.015991374966688454,3.058300353586674e-05,0.008350999909453094,0.008598666987381876,0.0007895830785855651,0.033761207945644855,0.07525312493089586,7.870804984122515e-05,0.180284290923737,0.012110832962207496,0.19239512388594449,1.9417027942836285e-05,9.279209189116955e-05,0.08736395789310336,0.28569837496615946,0.4705775829497725
1500,random_1497,random_cycle_chord,20260823,baseline,0,200,4,15,18,4.047138364304086,True,True,,perf/incremental-yamada-frontier-order,1d8374f42cccbb16d78d44100a65ca603d7d1997,3.14.7,macOS-26.6.2-arm64-arm-64bit-Mach-O,arm,0.051150208921171725,0.1853996670106426,0.023369250004179776,0.009904332924634218,0.010070916963741183,0.020797833101823926,8.108292240649462e-05,0.010554582928307354,0.010547416051849723,0.0008620410226285458,0.042842956027016044,0.08623516699299216,0.0001516659976914525,0.37918925005942583,0.014431624906137586,0.3936208749655634,2.8582988306879997e-05,0.000110417022369802,0.10066679189912975,0.33721666783094406,0.7216899170307443
1501,random_1498,random_cycle_chord,20260823,baseline,0,200,3,9,11,5.4008628343303595,True,True,,perf/incremental-yamada-frontier-order,1d8374f42cccbb16d78d44100a65ca603d7d1997,3.14.7,macOS-26.6.2-arm64-arm-64bit-Mach-O,arm,0.03943300002720207,0.1760535000357777,0.035001917043700814,0.007970958016812801,0.007679749978706241,0.015196124906651676,2.5166082195937634e-05,0.007867083069868386,0.008030791999772191,0.0006027910858392715,0.03172195714432746,0.08239679201506078,8.379202336072922e-05,0.16150849999394268,0.009263291954994202,0.17077179194893688,1.5791039913892746e-05,7.7791977673769e-05,0.09166008397005498,0.30714658403303474,0.4734437500592321
1502,random_1499,random_cycle_chord,20260823,crossing_rich,2,200,4,8,11,6.584203295359582,True,True,,perf/incremental-yamada-frontier-order,1d8374f42cccbb16d78d44100a65ca603d7d1997,3.14.7,macOS-26.6.2-arm64-arm-64bit-Mach-O,arm,0.044297457905486226,0.16907458298373967,0.06612816697452217,0.009641709038987756,0.009714000043459237,0.019638082943856716,7.966707926243544e-05,0.00982766691595316,0.010356875020079315,0.001148749957792461,0.04105104191694409,0.1265777499647811,0.00011579191777855158,0.16041520796716213,0.020358750014565885,0.18077395798172802,2.4165958166122437e-05,0.000143042067065835,0.146936499979347,0.3603085408685729,0.5257558329030871
1503,random_1500,random_cycle_chord,20260823,crossing_rich,3,200,4,9,12,4.556818274520429,True,True,,perf/incremental-yamada-frontier-order,1d8374f42cccbb16d78d44100a65ca603d7d1997,3.14.7,macOS-26.6.2-arm64-arm-64bit-Mach-O,arm,0.03432833298575133,0.16135695797856897,0.042239208007231355,0.011215874925255775,0.011957708979025483,0.022953083040192723,7.812504190951586e-05,0.011869624955579638,0.01236937497742474,0.0012882919982075691,0.04855850001331419,0.11401845805812627,0.00010745902545750141,0.18293779192026705,0.022461957996711135,0.20539974991697818,2.4124979972839355e-05,0.00014387501869350672,0.1364804160548374,0.3321657070191577,0.5199166249949485
1504,random_1501,random_cycle_chord,20260823,baseline,0,200,3,9,11,5.3578169345438384,True,True,,perf/incremental-yamada-frontier-order,1d8374f42cccbb16d78d44100a65ca603d7d1997,3.14.7,macOS-26.6.2-arm64-arm-64bit-Mach-O,arm,0.03509379201568663,0.1605895000975579,0.029391209012828767,0.007139749941416085,0.00694537500385195,0.013606333057396114,2.2916006855666637e-05,0.007044499972835183,0.007209042087197304,0.0005517919780686498,0.028434583102352917,0.07193175004795194,6.595789454877377e-05,0.15453654201701283,0.008841958013363183,0.16337850003037602,1.537497155368328e-05,7.212499622255564e-05,0.08077370806131512,0.27645700017455965,0.4354585000546649
1505,random_1502,random_cycle_chord,20260823,crossing_rich,5,200,5,9,13,4.191192834009902,True,True,,perf/incremental-yamada-frontier-order,1d8374f42cccbb16d78d44100a65ca603d7d1997,3.14.7,macOS-26.6.2-arm64-arm-64bit-Mach-O,arm,0.036604750086553395,0.16127299994695932,0.045419791946187615,0.011441417038440704,0.012779457960277796,0.025325875030830503,4.125002305954695e-05,0.013246124959550798,0.01382962497882545,0.0014624170726165175,0.053905292064882815,0.12358116602990776,8.737493772059679e-05,0.19157645804807544,0.03022270801011473,0.22179916605819017,2.5999965146183968e-05,0.0001721670851111412,0.1538038740400225,0.3516816240735352,0.5484273749170825
1506,random_1503,random_cycle_chord,20260823,baseline,0,200,4,10,13,4.643718107570638,True,True,,perf/incremental-yamada-frontier-order,1d8374f42cccbb16d78d44100a65ca603d7d1997,3.14.7,macOS-26.6.2-arm64-arm-64bit-Mach-O,arm,0.036637083045206964,0.16410745796747506,0.027414125041104853,0.009865666972473264,0.00987887498922646,0.018974625039845705,5.7999975979328156e-05,0.009772834018804133,0.010178792057558894,0.0008375410689041018,0.03982179216109216,0.08701254101470113,0.00010225002188235521,0.18541762500535697,0.01109254197217524,0.1965101669775322,2.0792009308934212e-05,9.762495756149292e-05,0.09810508298687637,0.2988496239995584,0.48927629203535616
1507,random_1504,random_cycle_chord,20260823,crossing_rich,6,200,6,12,17,4.0582889168235345,True,True,,perf/incremental-yamada-frontier-order,1d8374f42cccbb16d78d44100a65ca603d7d1997,3.14.7,macOS-26.6.2-arm64-arm-64bit-Mach-O,arm,0.04594308300875127,0.1610521659022197,0.047938167001120746,0.016280542011372745,0.014960209024138749,0.02914095902815461,6.270897574722767e-05,0.015358750009909272,0.016037957975640893,0.0017643339233472943,0.0623647099127993,0.141594749991782,0.0001065409742295742,0.2533023750875145,0.03613374999258667,0.2894361250801012,3.100000321865082e-05,0.00018791703041642904,0.17772849998436868,0.38472374889533967,0.6432062078965828
1508,random_1505,random_cycle_chord,20260823,crossing_rich,5,200,6,10,15,5.384647878852251,True,True,,perf/incremental-yamada-frontier-order,1d8374f42cccbb16d78d44100a65ca603d7d1997,3.14.7,macOS-26.6.2-arm64-arm-64bit-Mach-O,arm,0.0487072920659557,0.1613563330611214,0.0597410419723019,0.011837083962745965,0.012926375027745962,0.02603808289859444,4.729104693979025e-05,0.013270875089801848,0.014590666047297418,0.001728417002595961,0.055675332085229456,0.14022275002207607,0.00020599993877112865,0.3239245420554653,0.04784345894586295,0.37176800100132823,3.1208968721330166e-05,0.0001865000231191516,0.18806620896793902,0.3981298340950161,0.7263840000377968
1509,random_1506,random_cycle_chord,20260823,crossing_rich,4,200,5,9,13,6.073483833059291,True,True,,perf/incremental-yamada-frontier-order,1d8374f42cccbb16d78d44100a65ca603d7d1997,3.14.7,macOS-26.6.2-arm64-arm-64bit-Mach-O,arm,0.04674462496768683,0.16184391698334366,0.06551566696725786,0.010297708096913993,0.011091332999058068,0.02189779095351696,4.070799332112074e-05,0.011487292009405792,0.012355374987237155,0.0014346250100061297,0.04721579095348716,0.13415875006467104,8.287501987069845e-05,0.18687495798803866,0.026633167057298124,0.21350812504533678,2.6374938897788525e-05,0.00016537494957447052,0.16079191712196916,0.36938045907299966,0.5611464580288157
1510,random_1507,random_cycle_chord,20260823,baseline,0,200,3,9,11,5.389248654583409,True,True,,perf/incremental-yamada-frontier-order,1d8374f42cccbb16d78d44100a65ca603d7d1997,3.14.7,macOS-26.6.2-arm64-arm-64bit-Mach-O,arm,0.035311083076521754,0.1604107500752434,0.029013541992753744,0.0074770000064745545,0.007426458061672747,0.014648332959041,2.2707972675561905e-05,0.007610792061313987,0.00778612494468689,0.0006308750016614795,0.030698832939378917,0.07463612500578165,6.416591349989176e-05,0.15364166698418558,0.00980116706341505,0.16344283404760063,1.5208031982183456e-05,8.054100908339024e-05,0.0844372920691967,0.28015912522096187,0.43829937500413507
1511,random_1508,random_cycle_chord,20260823,crossing_rich,3,200,5,11,15,5.005676070750663,True,True,,perf/incremental-yamada-frontier-order,1d8374f42cccbb16d78d44100a65ca603d7d1997,3.14.7,macOS-26.6.2-arm64-arm-64bit-Mach-O,arm,0.04544566594995558,0.16099241701886058,0.05324041598942131,0.010664833011105657,0.011593417031690478,0.02290541701950133,4.299997817724943e-05,0.011891333037056029,0.01267216692212969,0.0011949170148000121,0.04870683397166431,0.12424325000029057,9.116693399846554e-05,0.2158211669884622,0.0225320840254426,0.2383532510139048,2.5541987270116806e-05,0.00014229200314730406,0.14677533402573317,0.35321341699454933,0.5738571670372039
1512,random_1509,random_cycle_chord,20260823,baseline,0,200,3,10,12,4.646903186460441,True,True,,perf/incremental-yamada-frontier-order,1d8374f42cccbb16d78d44100a65ca603d7d1997,3.14.7,macOS-26.6.2-arm64-arm-64bit-Mach-O,arm,0.034323624917306006,0.15999791596550494,0.025671874987892807,0.00721641699783504,0.007010042085312307,0.013765666051767766,2.2500054910779e-05,0.007154582999646664,0.0073596249567344785,0.0005777920596301556,0.028880166122689843,0.06879916694015265,7.433304563164711e-05,0.15458054095506668,0.009270415990613401,0.16385095694568008,1.4999997802078724e-05,7.412501145154238e-05,0.07806958293076605,0.272391123813577,0.43146591598633677
1513,random_1510,random_cycle_chord,20260823,crossing_rich,2,200,4,8,11,6.406669088266611,True,True,,perf/incremental-yamada-frontier-order,1d8374f42cccbb16d78d44100a65ca603d7d1997,3.14.7,macOS-26.6.2-arm64-arm-64bit-Mach-O,arm,0.04153458296786994,0.16132025001570582,0.06941129104234278,0.00919341598637402,0.009549584006890655,0.019098417018540204,3.204203676432371e-05,0.00988712499383837,0.010324166971258819,0.000904542044736445,0.04024629306513816,0.1284308749018237,7.087504491209984e-05,0.1588810000102967,0.015239416970871389,0.1741204169811681,1.9832979887723923e-05,0.00010395899880677462,0.1436702918726951,0.34652512485627085,0.5099653330398723
1514,random_1511,random_cycle_chord,20260823,baseline,0,200,4,10,13,4.631049387968302,True,True,,perf/incremental-yamada-frontier-order,1d8374f42cccbb16d78d44100a65ca603d7d1997,3.14.7,macOS-26.6.2-arm64-arm-64bit-Mach-O,arm,0.03704954090062529,0.16226949996780604,0.02702079201117158,0.009094125009141862,0.009541291976347566,0.01879133388865739,4.0500075556337833e-05,0.009789791074581444,0.010095625068061054,0.0009451659861952066,0.039662416093051434,0.08535445807501674,0.00010041706264019012,0.1871746249962598,0.013682084041647613,0.20085670903790742,2.1666986867785454e-05,0.00011262495536357164,0.09903654211666435,0.2983555829850957,0.4905724589480087
1515,random_1512,random_cycle_chord,20260823,baseline,0,200,4,13,16,4.567323572078254,True,True,,perf/incremental-yamada-frontier-order,1d8374f42cccbb16d78d44100a65ca603d7d1997,3.14.7,macOS-26.6.2-arm64-arm-64bit-Mach-O,arm,0.044944708002731204,0.1643876660382375,0.0300757079385221,0.009625832899473608,0.009670416940934956,0.019315957906655967,5.283404607325792e-05,0.009908583015203476,0.01034954097121954,0.0008854590123519301,0.04051237495150417,0.08991995803080499,0.00011445896234363317,0.23522262496408075,0.012573957908898592,0.24779658287297934,2.316699828952551e-05,0.00011158396955579519,0.10249391593970358,0.3118262899806723,0.5523355830227956
1516,random_1513,random_cycle_chord,20260823,baseline,0,200,3,10,12,5.618772892034045,True,True,,perf/incremental-yamada-frontier-order,1d8374f42cccbb16d78d44100a65ca603d7d1997,3.14.7,macOS-26.6.2-arm64-arm-64bit-Mach-O,arm,0.040281958994455636,0.16679195908363909,0.03741470898967236,0.008352208998985589,0.008155332994647324,0.015523624955676496,5.829101428389549e-05,0.007808291004039347,0.008289207937195897,0.0006384580628946424,0.03231787297409028,0.08627729094587266,9.787490125745535e-05,0.18325804197229445,0.011725708027370274,0.19498374999966472,2.191704697906971e-05,9.124993812292814e-05,0.09800299897324294,0.30507691705133766,0.4933402920141816
1517,random_1514,random_cycle_chord,20260823,baseline,0,200,3,12,14,4.869712963239641,True,True,,perf/incremental-yamada-frontier-order,1d8374f42cccbb16d78d44100a65ca603d7d1997,3.14.7,macOS-26.6.2-arm64-arm-64bit-Mach-O,arm,0.04740891698747873,0.2157138749025762,0.03688749996945262,0.009653041022829711,0.010572959086857736,0.02020887506660074,8.691695984452963e-05,0.01113233296200633,0.010871708043850958,0.0009227499831467867,0.043222583015449345,0.1004020000109449,0.00023983395658433437,0.25538025004789233,0.013365791062824428,0.26874604111071676,2.3209024220705032e-05,0.00010591594036668539,0.11376779107376933,0.37689058296382427,0.6386706669582054
1518,random_1515,random_cycle_chord,20260823,crossing_rich,5,200,6,13,18,4.052542087595895,True,True,,perf/incremental-yamada-frontier-order,1d8374f42cccbb16d78d44100a65ca603d7d1997,3.14.7,macOS-26.6.2-arm64-arm-64bit-Mach-O,arm,0.061781874974258244,0.20475666702259332,0.054888625047169626,0.015214541926980019,0.016815582988783717,0.06711029203142971,0.00016129191499203444,0.032119750045239925,0.03499416704289615,0.003862416953779757,0.13824791798833758,0.2252307499293238,0.00022700009867548943,0.4799662090372294,0.05881429207511246,0.5387805011123419,6.983405910432339e-05,0.00029324996285140514,0.28404504200443625,0.5505835840012878,1.0380896249553189
1519,random_1516,random_cycle_chord,20260823,baseline,0,200,4,12,15,4.879704429499835,True,True,,perf/incremental-yamada-frontier-order,1d8374f42cccbb16d78d44100a65ca603d7d1997,3.14.7,macOS-26.6.2-arm64-arm-64bit-Mach-O,arm,0.0671177499461919,0.2200187499402091,0.03446958295535296,0.010883124894462526,0.010968916001729667,0.021751791005954146,4.7749956138432026e-05,0.01120104209985584,0.011555625009350479,0.0010337079875171185,0.045589916058816016,0.10194950003642589,0.00011074997019022703,0.2937484160065651,0.01829299994278699,0.3120414159493521,2.9667047783732414e-05,0.0001437080791220069,0.12024249997921288,0.4073789998656139,0.7074782090494409
1520,random_1517,random_cycle_chord,20260823,crossing_rich,3,200,5,10,14,5.140428009164479,True,True,,perf/incremental-yamada-frontier-order,1d8374f42cccbb16d78d44100a65ca603d7d1997,3.14.7,macOS-26.6.2-arm64-arm-64bit-Mach-O,arm,0.05292899999767542,0.20279012504033744,0.05367375002242625,0.012254250003024936,0.012358540901914239,0.024250832968391478,4.3874955736100674e-05,0.012623125105164945,0.013378040981478989,0.0014418750070035458,0.05173774901777506,0.1300679170526564,0.00013212498743087053,0.21732133300974965,0.024183083092793822,0.24150441610254347,2.975005190819502e-05,0.0001640829723328352,0.15425100014545023,0.4099701251834631,0.6329719999339432
1521,random_1518,random_cycle_chord,20260823,baseline,0,200,3,13,15,4.570897311624664,True,True,,perf/incremental-yamada-frontier-order,1d8374f42cccbb16d78d44100a65ca603d7d1997,3.14.7,macOS-26.6.2-arm64-arm-64bit-Mach-O,arm,0.045551458024419844,0.172728875069879,0.02423433295916766,0.007956332992762327,0.007747708004899323,0.015258874977007508,3.541691694408655e-05,0.007926250109449029,0.00820633303374052,0.0006677500205114484,0.03209462505765259,0.07205512502696365,9.133398998528719e-05,0.260274791973643,0.014654583996161819,0.2749293759698048,2.5499961338937283e-05,0.00011637492571026087,0.08670970902312547,0.3049900421174243,0.5703600000124425
1522,random_1519,random_cycle_chord,20260823,baseline,0,200,4,10,13,4.674179275290615,True,True,,perf/incremental-yamada-frontier-order,1d8374f42cccbb16d78d44100a65ca603d7d1997,3.14.7,macOS-26.6.2-arm64-arm-64bit-Mach-O,arm,0.047992083011195064,0.2445256250211969,0.04173325002193451,0.014221125049516559,0.016113542020320892,0.03557520802132785,0.00010570802260190248,0.02958045795094222,0.02723579201847315,0.0018910829676315188,0.09438824898097664,0.1665419170167297,0.000617832993157208,0.25557816692162305,0.017282458022236824,0.2728606249438599,2.9749935492873192e-05,0.00012408406473696232,0.18382437503896654,0.4763420830713585,0.738794417004101
1523,random_1520,random_cycle_chord,20260823,baseline,0,200,4,10,13,4.644459177965309,True,True,,perf/incremental-yamada-frontier-order,1d8374f42cccbb16d78d44100a65ca603d7d1997,3.14.7,macOS-26.6.2-arm64-arm-64bit-Mach-O,arm,0.04930862504988909,0.2142239159438759,0.03242824994958937,0.010735042043961585,0.010674874996766448,0.021004833048209548,5.124998278915882e-05,0.010941750020720065,0.011140124988742173,0.0009545409120619297,0.044092498952522874,0.09796708298381418,0.0001223749713972211,0.20013070909772068,0.014091291930526495,0.21422200102824718,2.629193477332592e-05,0.0001251670764759183,0.11205837491434067,0.37559091590810567,0.5822992919711396
1524,random_1521,random_cycle_chord,20260823,baseline,0,200,4,11,14,4.063760921661026,True,True,,perf/incremental-yamada-frontier-order,1d8374f42cccbb16d78d44100a65ca603d7d1997,3.14.7,macOS-26.6.2-arm64-arm-64bit-Mach-O,arm,0.04332795809023082,0.1820700829848647,0.028064541053026915,0.009441874921321869,0.009503459092229605,0.01842466602101922,4.720792640000582e-05,0.009634125046432018,0.009827916044741869,0.0008644169429317117,0.038798331981524825,0.08584220800548792,0.00011087500024586916,0.2760894999373704,0.020368666970171034,0.29645816690754145,4.695798270404339e-05,0.00014775001909583807,0.10621087497565895,0.3316089160507545,0.6132660419680178
1525,random_1522,random_cycle_chord,20260823,crossing_rich,3,200,5,10,14,5.616143773953595,True,True,,perf/incremental-yamada-frontier-order,1d8374f42cccbb16d78d44100a65ca603d7d1997,3.14.7,macOS-26.6.2-arm64-arm-64bit-Mach-O,arm,0.06312816706486046,0.21757500001695007,0.09736712498124689,0.015200708992779255,0.015167125035077333,0.030868500005453825,0.0001240839483216405,0.015766041004098952,0.01710454106796533,0.0017372090369462967,0.06560037506278604,0.19340550003107637,0.00016516598407179117,0.273344416054897,0.03725066699553281,0.3105950830504298,5.670799873769283e-05,0.0001990000018849969,0.23065616702660918,0.5113593341084197,0.7917565000243485
1526,random_1523,random_cycle_chord,20260823,baseline,0,200,4,10,13,4.651823880335794,True,True,,perf/incremental-yamada-frontier-order,1d8374f42cccbb16d78d44100a65ca603d7d1997,3.14.7,macOS-26.6.2-arm64-arm-64bit-Mach-O,arm,0.04944083304144442,0.20569750003051013,0.029795250040479004,0.010392584023065865,0.010919332969933748,0.020817624987103045,7.025001104921103e-05,0.010449292021803558,0.010508290957659483,0.0009072909597307444,0.04275274893734604,0.09392995899543166,0.00010762503370642662,0.20506637496873736,0.019903667038306594,0.22497004200704396,3.474997356534004e-05,0.00013225001748651266,0.11383362603373826,0.3689719591056928,0.579938541050069
1527,random_1524,random_cycle_chord,20260823,baseline,0,200,3,10,12,4.620150668507047,True,True,,perf/incremental-yamada-frontier-order,1d8374f42cccbb16d78d44100a65ca603d7d1997,3.14.7,macOS-26.6.2-arm64-arm-64bit-Mach-O,arm,0.06107187503948808,0.21958720800466835,0.02961204096209258,0.008901875000447035,0.009285541949793696,0.017952791997231543,6.599992047995329e-05,0.009632749948650599,0.009477291023358703,0.0006792079657316208,0.03780804085545242,0.0856625420274213,0.0001145420828834176,0.19699174992274493,0.010667708003893495,0.20765945792663842,2.104195300489664e-05,9.062502067536116e-05,0.09633025003131479,0.3769893330754712,0.5793940000003204
1528,random_1525,random_cycle_chord,20260823,baseline,0,200,3,9,11,5.411150124331792,True,True,,perf/incremental-yamada-frontier-order,1d8374f42cccbb16d78d44100a65ca603d7d1997,3.14.7,macOS-26.6.2-arm64-arm-64bit-Mach-O,arm,0.04166541597805917,0.1790906669339165,0.03292233298998326,0.008497208007611334,0.008115375065244734,0.015958750038407743,4.966696724295616e-05,0.00853258406277746,0.008431542082689703,0.0006515829591080546,0.033624126110225916,0.08318354189395905,9.862508159130812e-05,0.17402008303906769,0.01036475005093962,0.1843848330900073,1.6666948795318604e-05,8.745805826038122e-05,0.09354829194489866,0.31430437485687435,0.49342112499289215
1529,random_1526,random_cycle_chord,20260823,baseline,0,200,3,9,11,5.417736500619002,True,True,,perf/incremental-yamada-frontier-order,1d8374f42cccbb16d78d44100a65ca603d7d1997,3.14.7,macOS-26.6.2-arm64-arm-64bit-Mach-O,arm,0.0387757079442963,0.17179024999495596,0.02988079097121954,0.007746833027340472,0.007699624984525144,0.015302999992854893,3.516697324812412e-05,0.0079575419658795,0.00816954206675291,0.0006241250084713101,0.03208937600720674,0.07744162494782358,7.862492930144072e-05,0.16624754201620817,0.010067291907034814,0.176314833923243,1.995800994336605e-05,8.725002408027649e-05,0.0875089168548584,0.29807487479411066,0.46928345796186477
1530,random_1527,random_cycle_chord,20260823,crossing_rich,5,200,5,8,12,4.133038955737108,True,True,,perf/incremental-yamada-frontier-order,1d8374f42cccbb16d78d44100a65ca603d7d1997,3.14.7,macOS-26.6.2-arm64-arm-64bit-Mach-O,arm,0.036237417021766305,0.17298241599928588,0.04795904108323157,0.012898124987259507,0.014534250018186867,0.028973834007047117,8.254102431237698e-05,0.015034041018225253,0.015590999973937869,0.0015982500044628978,0.06127966602798551,0.13671291596256196,0.00023558305110782385,0.19310604094062,0.03202941606286913,0.22513545700348914,3.2625044696033e-05,0.00017920893151313066,0.1687423320254311,0.3779621650464833,0.5764512500027195
1531,random_1528,random_cycle_chord,20260823,baseline,0,200,3,11,13,5.222694041080389,True,True,,perf/incremental-yamada-frontier-order,1d8374f42cccbb16d78d44100a65ca603d7d1997,3.14.7,macOS-26.6.2-arm64-arm-64bit-Mach-O,arm,0.04231362510472536,0.16843020904343575,0.030324708903208375,0.007721583009697497,0.007612959016114473,0.014927166048437357,5.495804361999035e-05,0.007766874972730875,0.00811662501655519,0.0006302499677985907,0.031495874049142,0.07719804102089256,0.00011537503451108932,0.1988170420518145,0.009316000039689243,0.20813304209150374,1.7166021279990673e-05,8.258293382823467e-05,0.0865140410605818,0.2972578752087429,0.5008214580593631
1532,random_1529,random_cycle_chord,20260823,crossing_rich,6,200,6,11,16,5.227825175619326,True,True,,perf/incremental-yamada-frontier-order,1d8374f42cccbb16d78d44100a65ca603d7d1997,3.14.7,macOS-26.6.2-arm64-arm-64bit-Mach-O,arm,0.053683290956541896,0.16879983304534107,0.06261333310976624,0.013026707922108471,0.015047208988107741,0.029639167012646794,5.2458024583756924e-05,0.015386291081085801,0.01626483304426074,0.0018261669902130961,0.06316891615279019,0.15391054202336818,0.00011341692879796028,0.24032358301337808,0.036781083908863366,0.27710466692224145,3.745907451957464e-05,0.00019820802845060825,0.19069162593223155,0.4131747499341145,0.6588646670570597
1533,random_1530,random_cycle_chord,20260823,baseline,0,200,3,10,12,4.7062067532073915,True,True,,perf/incremental-yamada-frontier-order,1d8374f42cccbb16d78d44100a65ca603d7d1997,3.14.7,macOS-26.6.2-arm64-arm-64bit-Mach-O,arm,0.03787400003056973,0.1742400829680264,0.027036333922296762,0.008387792040593922,0.007662500021979213,0.015041874954476953,4.0624989196658134e-05,0.007854375056922436,0.007990291924215853,0.0006450420478358865,0.031572208972647786,0.07469633303117007,0.00011145800817757845,0.18102216708939523,0.011100540985353291,0.19212270807474852,2.291705459356308e-05,0.00010270904749631882,0.08579687401652336,0.2979109570151195,0.483985458035022
1534,random_1531,random_cycle_chord,20260823,crossing_rich,2,200,4,9,12,5.723827544504164,True,True,,perf/incremental-yamada-frontier-order,1d8374f42cccbb16d78d44100a65ca603d7d1997,3.14.7,macOS-26.6.2-arm64-arm-64bit-Mach-O,arm,0.04388308397028595,0.1728683749679476,0.05412033305037767,0.010215250076726079,0.010808082995936275,0.02068379207048565,6.633298471570015e-05,0.01105462503619492,0.011367750004865229,0.0010977500351145864,0.04427025013137609,0.11948100000154227,0.00010387494694441557,0.19396608299575746,0.022424708935432136,0.2163907919311896,4.283303860574961e-05,0.00015650002751499414,0.1419057089369744,0.35865716787520796,0.5579289579764009
1535,random_1532,random_cycle_chord,20260823,crossing_rich,4,200,5,10,14,5.404010022378751,True,True,,perf/incremental-yamada-frontier-order,1d8374f42cccbb16d78d44100a65ca603d7d1997,3.14.7,macOS-26.6.2-arm64-arm-64bit-Mach-O,arm,0.056356083950959146,0.20517083397135139,0.06834929203614593,0.01589529193006456,0.013405041070654988,0.028059458010829985,8.941604755818844e-05,0.013929500011727214,0.014684125082567334,0.001607125042937696,0.05836962419562042,0.15607045800425112,0.0001295410329475999,0.23800070898141712,0.03201600001193583,0.27001670899335295,3.533298149704933e-05,0.00019445805810391903,0.18808645801618695,0.4496133759384975,0.6933512499090284
1536,random_1533,random_cycle_chord,20260823,baseline,0,200,3,9,11,5.374584388645889,True,True,,perf/incremental-yamada-frontier-order,1d8374f42cccbb16d78d44100a65ca603d7d1997,3.14.7,macOS-26.6.2-arm64-arm-64bit-Mach-O,arm,0.04502270801458508,0.18966645805630833,0.03191237500868738,0.00892016594298184,0.008278332999907434,0.016498500015586615,6.279197987169027e-05,0.008500374970026314,0.0087423340883106,0.0007242909632623196,0.03452829201705754,0.08368337503634393,0.0001088329590857029,0.19791816698852926,0.012382499990053475,0.21030066697858274,2.5417073629796505e-05,0.0001027500256896019,0.09606587502639741,0.3307550410972908,0.5343202500371262
1537,random_1534,random_cycle_chord,20260823,crossing_rich,3,200,4,8,11,4.097611939622436,True,True,,perf/incremental-yamada-frontier-order,1d8374f42cccbb16d78d44100a65ca603d7d1997,3.14.7,macOS-26.6.2-arm64-arm-64bit-Mach-O,arm,0.038477082969620824,0.19278654200024903,0.052240333054214716,0.011735707987099886,0.012893459061160684,0.025718583026900887,5.141599103808403e-05,0.0131375000346452,0.013723624986596406,0.0012840420240536332,0.05391516606323421,0.13082354108337313,9.583297651261091e-05,0.18774333293549716,0.02496216690633446,0.21270549984183162,2.704199869185686e-05,0.00014508399181067944,0.1557857079897076,0.38704933295957744,0.5802737920312211
1538,random_1535,random_cycle_chord,20260823,baseline,0,200,3,8,10,6.125117316700109,True,True,,perf/incremental-yamada-frontier-order,1d8374f42cccbb16d78d44100a65ca603d7d1997,3.14.7,macOS-26.6.2-arm64-arm-64bit-Mach-O,arm,0.041933749918825924,0.19829120789654553,0.06224791693966836,0.012411499978043139,0.010947750066407025,0.022877124953083694,9.120907634496689e-05,0.011781874927692115,0.011364666046574712,0.000957750016823411,0.0470726250205189,0.1327380419243127,0.00014104100409895182,0.2196786249987781,0.013903875020332634,0.23358250001911074,2.6417081244289875e-05,0.00011650007218122482,0.14664191694464535,0.3868668747600168,0.6147707090713084
1539,random_1536,random_cycle_chord,20260823,crossing_rich,5,200,5,8,12,4.114659810082729,True,True,,perf/incremental-yamada-frontier-order,1d8374f42cccbb16d78d44100a65ca603d7d1997,3.14.7,macOS-26.6.2-arm64-arm-64bit-Mach-O,arm,0.04195804102346301,0.19469341600779444,0.04873387492261827,0.014729583053849638,0.01680075004696846,0.030518375104293227,5.158304702490568e-05,0.0159828340401873,0.017043457948602736,0.0017716661095619202,0.06536791624967009,0.1456927499966696,0.00026704091578722,0.20678970799781382,0.036052208044566214,0.24284191604238003,3.187498077750206e-05,0.0001893340377137065,0.1817449580412358,0.41839641507249326,0.6311676669865847
1540,random_1537,random_cycle_chord,20260823,baseline,0,200,3,8,10,6.160816465893032,True,True,,perf/incremental-yamada-frontier-order,1d8374f42cccbb16d78d44100a65ca603d7d1997,3.14.7,macOS-26.6.2-arm64-arm-64bit-Mach-O,arm,0.04871545801870525,0.23435129201970994,0.04417420900426805,0.008869083016179502,0.008593208040110767,0.018258958007209003,7.537507917732e-05,0.009722750051878393,0.00994054100010544,0.0008137079421430826,0.03881133208051324,0.10047645901795477,0.00011870893649756908,0.1710677919909358,0.012032250058837235,0.18310004204977304,3.4415978007018566e-05,0.00010904204100370407,0.112508709076792,0.3955754591152072,0.5723763330606744
1541,random_1538,random_cycle_chord,20260823,crossing_rich,2,200,4,8,11,6.583711637601011,True,True,,perf/incremental-yamada-frontier-order,1d8374f42cccbb16d78d44100a65ca603d7d1997,3.14.7,macOS-26.6.2-arm64-arm-64bit-Mach-O,arm,0.049897999968379736,0.17988970805890858,0.06852324993815273,0.010836250032298267,0.010677083977498114,0.020876791095361114,6.437499541789293e-05,0.011051042005419731,0.0115967090241611,0.001252666930668056,0.044841584051027894,0.13493062497582287,0.00011379201896488667,0.1802343330346048,0.023663624888285995,0.20389795792289078,3.7375022657215595e-05,0.0001582909608259797,0.15859424986410886,0.3883819578913972,0.5739747500047088
1542,random_1539,random_cycle_chord,20260823,baseline,0,200,3,11,13,5.230904676442638,True,True,,perf/incremental-yamada-frontier-order,1d8374f42cccbb16d78d44100a65ca603d7d1997,3.14.7,macOS-26.6.2-arm64-arm-64bit-Mach-O,arm,0.04569916694890708,0.17652670794632286,0.028140165959484875,0.008017249987460673,0.008136041928082705,0.015932957991026342,2.804200630635023e-05,0.008339833002537489,0.008701415965333581,0.0007032499415799975,0.03370549890678376,0.07803054200485349,9.333295747637749e-05,0.20465391606558114,0.011371041997335851,0.216024958062917,2.1458021365106106e-05,8.987507317215204e-05,0.08940158400218934,0.3116274588974193,0.5212559580104426
1543,random_1540,random_cycle_chord,20260823,baseline,0,200,3,15,17,4.04802155754975,True,True,,perf/incremental-yamada-frontier-order,1d8374f42cccbb16d78d44100a65ca603d7d1997,3.14.7,macOS-26.6.2-arm64-arm-64bit-Mach-O,arm,0.050130999996326864,0.1921525839716196,0.027263958007097244,0.008800833020359278,0.008299625013023615,0.015676624956540763,5.449994932860136e-05,0.008652333985082805,0.008699084050022066,0.0007520830258727074,0.03383462596684694,0.0782244170550257,0.0001259170239791274,0.2716935840435326,0.013241666951216757,0.28493525099474937,3.058300353586674e-05,0.00010979105718433857,0.09146608400624245,0.3337496679741889,0.6105882080737501
1544,random_1541,random_cycle_chord,20260823,baseline,0,200,3,10,12,5.623528071661279,True,True,,perf/incremental-yamada-frontier-order,1d8374f42cccbb16d78d44100a65ca603d7d1997,3.14.7,macOS-26.6.2-arm64-arm-64bit-Mach-O,arm,0.05970987502951175,0.22617733397055417,0.04283970792312175,0.009392749983817339,0.009828832931816578,0.018933791085146368,6.495800334960222e-05,0.009266874985769391,0.009330582921393216,0.000669957953505218,0.038266164949163795,0.10039204102940857,0.00010537507478147745,0.19072991702705622,0.01084037497639656,0.20157029200345278,2.6541994884610176e-05,0.0001051250146701932,0.11123241600580513,0.39711962500587106,0.5936198330018669
1545,random_1542,random_cycle_chord,20260823,baseline,0,200,3,10,12,4.669753288215978,True,True,,perf/incremental-yamada-frontier-order,1d8374f42cccbb16d78d44100a65ca603d7d1997,3.14.7,macOS-26.6.2-arm64-arm-64bit-Mach-O,arm,0.040933916927315295,0.18693900003563613,0.027248875005170703,0.008542041992768645,0.013074917020276189,0.016653375001624227,6.633298471570015e-05,0.008816540939733386,0.008892667014151812,0.0006968330126255751,0.0351257489528507,0.08405483397655189,9.491690434515476e-05,0.19514341605827212,0.011237375088967383,0.2063807911472395,2.1208077669143677e-05,9.200000204145908e-05,0.09529220906551927,0.3231651260284707,0.523447584011592
1546,random_1543,random_cycle_chord,20260823,baseline,0,200,3,11,13,5.222892288562516,True,True,,perf/incremental-yamada-frontier-order,1d8374f42cccbb16d78d44100a65ca603d7d1997,3.14.7,macOS-26.6.2-arm64-arm-64bit-Mach-O,arm,0.05763629206921905,0.27584158396348357,0.04545991693157703,0.012688833056017756,0.01142083399463445,0.02381783293094486,7.162499241530895e-05,0.013945459038950503,0.0147813749499619,0.001026791986078024,0.053643083898350596,0.1232735839439556,0.0001455419696867466,0.32244625000748783,0.015075666946358979,0.3375219169538468,2.9209069907665253e-05,0.00011637492571026087,0.13834925089031458,0.4718271269230172,0.8016199170378968
1547,random_1544,random_cycle_chord,20260823,crossing_rich,6,200,6,11,16,5.226249471532861,True,True,,perf/incremental-yamada-frontier-order,1d8374f42cccbb16d78d44100a65ca603d7d1997,3.14.7,macOS-26.6.2-arm64-arm-64bit-Mach-O,arm,0.0739368749782443,0.2283626670250669,0.0688498750096187,0.015844082925468683,0.01775079092476517,0.03590595908463001,7.733306847512722e-05,0.01834933296777308,0.019220000016503036,0.0022610840387642384,0.0758137091761455,0.17833662498742342,0.00015362503472715616,0.3013170420890674,0.049165916047059,0.3504829581361264,4.600000102072954e-05,0.0002443749690428376,0.22750254103448242,0.5298020830377936,0.8385510840453207
1548,random_1545,random_cycle_chord,20260823,baseline,0,200,3,10,12,4.69374627389386,True,True,,perf/incremental-yamada-frontier-order,1d8374f42cccbb16d78d44100a65ca603d7d1997,3.14.7,macOS-26.6.2-arm64-arm-64bit-Mach-O,arm,0.04313629202079028,0.19619004207197577,0.027080666972324252,0.008571917074732482,0.008413792005740106,0.016583374934270978,2.8209062293171883e-05,0.00856804195791483,0.008903249981813133,0.0007105839904397726,0.034793459926731884,0.07888504199218005,9.079196024686098e-05,0.2157698750961572,0.011052499990910292,0.22682237508706748,2.162496093660593e-05,9.424996096640825e-05,0.08993754198309034,0.3292638760758564,0.5503600001102313
1549,random_1546,random_cycle_chord,20260823,baseline,0,200,3,10,12,4.640602344901145,True,True,,perf/incremental-yamada-frontier-order,1d8374f42cccbb16d78d44100a65ca603d7d1997,3.14.7,macOS-26.6.2-arm64-arm-64bit-Mach-O,arm,0.040617457940243185,0.18718833301682025,0.029533291002735496,0.007882874924689531,0.007848415989428759,0.015649584005586803,3.329094033688307e-05,0.008183375000953674,0.008257374982349575,0.0006471669767051935,0.03277079190593213,0.07805862498935312,7.750000804662704e-05,0.18507675000000745,0.011399082955904305,0.19647583295591176,1.9915984012186527e-05,9.141594637185335e-05,0.08945770794525743,0.31726349890232086,0.5076330000301823
1550,random_1547,random_cycle_chord,20260823,baseline,0,200,3,9,11,5.3600783696850725,True,True,,perf/incremental-yamada-frontier-order,1d8374f42cccbb16d78d44100a65ca603d7d1997,3.14.7,macOS-26.6.2-arm64-arm-64bit-Mach-O,arm,0.041249833069741726,0.18550745805259794,0.03639741602819413,0.008592875092290342,0.008212541928514838,0.016385333030484617,4.600000102072954e-05,0.008935875026509166,0.009104249998927116,0.0007132081082090735,0.0351846661651507,0.08842062507756054,0.00011379201896488667,0.17369483306538314,0.010923666995950043,0.18461850006133318,1.791701652109623e-05,9.191699791699648e-05,0.09934429207351059,0.32610158319585025,0.5049609589623287
1551,random_1548,random_cycle_chord,20260823,baseline,0,200,3,11,13,5.222840560338847,True,True,,perf/incremental-yamada-frontier-order,1d8374f42cccbb16d78d44100a65ca603d7d1997,3.14.7,macOS-26.6.2-arm64-arm-64bit-Mach-O,arm,0.04501754103694111,0.17599829204846174,0.028955417103134096,0.007833625073544681,0.008084416971541941,0.016242624958977103,3.062502946704626e-05,0.008474832982756197,0.008763750083744526,0.0005917499074712396,0.03410358296241611,0.07900045800488442,8.541601710021496e-05,0.20961229200474918,0.010043416055850685,0.21965570806059986,2.1208077669143677e-05,8.679099846631289e-05,0.0890438740607351,0.31005970714613795,0.5245410420466214
1552,random_1549,random_cycle_chord,20260823,baseline,0,200,4,11,14,4.029499049899349,True,True,,perf/incremental-yamada-frontier-order,1d8374f42cccbb16d78d44100a65ca603d7d1997,3.14.7,macOS-26.6.2-arm64-arm-64bit-Mach-O,arm,0.04192195797804743,0.18076895794365555,0.02825837500859052,0.01000170805491507,0.009910833090543747,0.019784208037890494,7.5541902333498e-05,0.010353083023801446,0.010548916994594038,0.0009180420311167836,0.04167979198973626,0.0898857080610469,0.00011541706044226885,0.22126791696064174,0.013150124927051365,0.2344180418876931,2.304196823388338e-05,0.00010804098565131426,0.10303583298809826,0.32572674890980124,0.5522924169199541
1553,random_1550,random_cycle_chord,20260823,crossing_rich,5,200,5,8,12,4.2408573002079955,True,True,,perf/incremental-yamada-frontier-order,1d8374f42cccbb16d78d44100a65ca603d7d1997,3.14.7,macOS-26.6.2-arm64-arm-64bit-Mach-O,arm,0.0356530420249328,0.17298641707748175,0.051906249951571226,0.01293087494559586,0.014567999984137714,0.028762292000465095,7.42500415071845e-05,0.015438708942383528,0.01581616699695587,0.0016427910886704922,0.06173420906998217,0.14120462501887232,0.0002663329942151904,0.1896121249301359,0.03165925003122538,0.2212713749613613,3.100000321865082e-05,0.00018450000789016485,0.1728638750500977,0.38150333415251225,0.5766629590652883
1554,random_1551,random_cycle_chord,20260823,crossing_rich,5,200,5,10,14,4.05186431650241,True,True,,perf/incremental-yamada-frontier-order,1d8374f42cccbb16d78d44100a65ca603d7d1997,3.14.7,macOS-26.6.2-arm64-arm-64bit-Mach-O,arm,0.04030808398965746,0.17203370796050876,0.03804137511178851,0.012599166948348284,0.014098666026256979,0.027560458052903414,7.399998139590025e-05,0.014504541992209852,0.01511487492825836,0.001630375045351684,0.05888425000011921,0.12369412498082966,0.00013354106340557337,0.21044925006572157,0.03038029104936868,0.24082954111509025,3.3832970075309277e-05,0.0001826249063014984,0.15407441603019834,0.36641620798036456,0.5825082500232384
1555,random_1552,random_cycle_chord,20260823,baseline,0,200,4,10,13,4.6491719940133525,True,True,,perf/incremental-yamada-frontier-order,1d8374f42cccbb16d78d44100a65ca603d7d1997,3.14.7,macOS-26.6.2-arm64-arm-64bit-Mach-O,arm,0.03950020798947662,0.17326645809225738,0.03120850003324449,0.009307332918979228,0.00910229200962931,0.018186707980930805,6.316707003861666e-05,0.009505000081844628,0.009811333962716162,0.0008934170473366976,0.03845962614286691,0.08814437501132488,0.0001308749197050929,0.19364858302287757,0.013666291953995824,0.2073148749768734,2.666597720235586e-05,0.00010883400682359934,0.1018106669653207,0.3145773330470547,0.5137349580181763
1556,random_1553,random_cycle_chord,20260823,crossing_rich,5,200,5,9,13,4.371908898586319,True,True,,perf/incremental-yamada-frontier-order,1d8374f42cccbb16d78d44100a65ca603d7d1997,3.14.7,macOS-26.6.2-arm64-arm-64bit-Mach-O,arm,0.04112816695123911,0.17998241598252207,0.057643875014036894,0.012875040993094444,0.014613084029406309,0.028778792009688914,8.174998220056295e-05,0.015186207951046526,0.015859624953009188,0.0017069169552996755,0.06161329185124487,0.146791834034957,0.00013712502550333738,0.2220139999408275,0.039608457940630615,0.2616224578814581,5.062494892627001e-05,0.00021412502974271774,0.1864002919755876,0.4075108749093488,0.6354837920516729
1557,random_1554,random_cycle_chord,20260823,crossing_rich,4,200,5,10,14,5.584634841415436,True,True,,perf/incremental-yamada-frontier-order,1d8374f42cccbb16d78d44100a65ca603d7d1997,3.14.7,macOS-26.6.2-arm64-arm-64bit-Mach-O,arm,0.05433212500065565,0.18235133308917284,0.0626794999698177,0.01311695808544755,0.013636084040626884,0.02695516706444323,7.912504952400923e-05,0.014016625005751848,0.015078749973326921,0.0017614170210435987,0.05789108411408961,0.14739366702269763,0.0001323340693488717,0.23965991602744907,0.03393816703464836,0.27359808306209743,4.033301956951618e-05,0.0001990830060094595,0.181331834057346,0.4180152921471745,0.6633650830481201
1558,random_1555,random_cycle_chord,20260823,crossing_rich,5,200,6,11,16,4.641628663484179,True,True,,perf/incremental-yamada-frontier-order,1d8374f42cccbb16d78d44100a65ca603d7d1997,3.14.7,macOS-26.6.2-arm64-arm-64bit-Mach-O,arm,0.05654770799446851,0.1953629159834236,0.06449291598983109,0.013950666994787753,0.015779459034092724,0.03148470795713365,6.24579843133688e-05,0.016025332966819406,0.0172958750044927,0.0018794588977470994,0.06674783281050622,0.16102608293294907,0.00012079102452844381,0.2911624580156058,0.04764900007285178,0.3388114580884576,4.583294503390789e-05,0.00024312501773238182,0.20867508300580084,0.46058570698369294,0.7578901669476181
1559,random_1556,random_cycle_chord,20260823,crossing_rich,5,200,5,8,12,4.260672681640992,True,True,,perf/incremental-yamada-frontier-order,1d8374f42cccbb16d78d44100a65ca603d7d1997,3.14.7,macOS-26.6.2-arm64-arm-64bit-Mach-O,arm,0.04275812499690801,0.19624729093629867,0.05328470910899341,0.013790833996608853,0.015894790994934738,0.03201033303048462,7.816695142537355e-05,0.016381375025957823,0.017342083039693534,0.0017856670310720801,0.06759762507863343,0.15061141701880842,0.00023070804309099913,0.21571033308282495,0.03574650001246482,0.25145683309528977,3.204203676432371e-05,0.00019941700156778097,0.18635791703127325,0.4253633329644799,0.647180457948707
1560,random_1557,random_cycle_chord,20260823,crossing_rich,4,200,5,11,15,5.227460285214105,True,True,,perf/incremental-yamada-frontier-order,1d8374f42cccbb16d78d44100a65ca603d7d1997,3.14.7,macOS-26.6.2-arm64-arm-64bit-Mach-O,arm,0.051572458003647625,0.18939312500879169,0.05652995908167213,0.012930124998092651,0.013978124945424497,0.027573375031352043,8.608296047896147e-05,0.014445833978243172,0.015781290945596993,0.0015949580119922757,0.059481540927663445,0.14297179109416902,0.00012512493412941694,0.2409191660117358,0.027816332993097603,0.2687354990048334,2.9499991796910763e-05,0.00017379096243530512,0.17078812408726662,0.41175370709970593,0.6581536669982597
1561,random_1558,random_cycle_chord,20260823,crossing_rich,5,200,5,8,12,4.191548878401136,True,True,,perf/incremental-yamada-frontier-order,1d8374f42cccbb16d78d44100a65ca603d7d1997,3.14.7,macOS-26.6.2-arm64-arm-64bit-Mach-O,arm,0.0361765829147771,0.17114029196090996,0.048045334056951106,0.012612291960977018,0.014368540956638753,0.028555625001899898,4.520791117101908e-05,0.014705791021697223,0.015572582953609526,0.0016014999710023403,0.06048070685938001,0.1355468750698492,0.00019766693003475666,0.18895320896990597,0.03168695804197341,0.22064016701187938,3.087497316300869e-05,0.00017841695807874203,0.1672338331118226,0.37455070798750967,0.569127666996792
1562,random_1559,random_cycle_chord,20260823,crossing_rich,5,200,5,8,12,4.256846811318509,True,True,,perf/incremental-yamada-frontier-order,1d8374f42cccbb16d78d44100a65ca603d7d1997,3.14.7,macOS-26.6.2-arm64-arm-64bit-Mach-O,arm,0.03629358310718089,0.17007233307231218,0.0440554580418393,0.012489042012020946,0.014402417000383139,0.02781925001181662,4.341593012213707e-05,0.01445454207714647,0.015325957909226418,0.0014867089921608567,0.0591298749204725,0.13011633302085102,0.00019479100592434406,0.3017258750041947,0.03856854198966175,0.34029441699385643,2.8957962058484554e-05,0.00016762502491474152,0.16868487501051277,0.37505079119000584,0.6812885419931263
1563,random_1560,random_cycle_chord,20260823,baseline,0,200,3,13,15,4.5659156023781895,True,True,,perf/incremental-yamada-frontier-order,1d8374f42cccbb16d78d44100a65ca603d7d1997,3.14.7,macOS-26.6.2-arm64-arm-64bit-Mach-O,arm,0.04408591706305742,0.16495633299928159,0.026889541069976985,0.007446167059242725,0.007399750058539212,0.014645791030488908,3.4665921702980995e-05,0.0076387920416891575,0.007829624926671386,0.0006098750745877624,0.030758748995140195,0.07251520792488009,8.354196324944496e-05,0.21779470902401954,0.010244707926176488,0.22803941695019603,1.770805101841688e-05,8.500006515532732e-05,0.08275991585105658,0.2918021659133956,0.5142544580157846
1564,random_1561,random_cycle_chord,20260823,baseline,0,200,3,8,10,6.142374762241505,True,True,,perf/incremental-yamada-frontier-order,1d8374f42cccbb16d78d44100a65ca603d7d1997,3.14.7,macOS-26.6.2-arm64-arm-64bit-Mach-O,arm,0.0373714161105454,0.1683017920004204,0.03509212494827807,0.007289375062100589,0.0074384999461472034,0.01508554199244827,2.666597720235586e-05,0.007589874905534089,0.007789541035890579,0.0006125828949734569,0.03110420680604875,0.0809464999474585,6.691704038530588e-05,0.14639524999074638,0.01012129196897149,0.15651654195971787,1.6874982975423336e-05,8.716701995581388e-05,0.09106779191643,0.2967410000273958,0.44778891699388623
1565,random_1562,random_cycle_chord,20260823,crossing_rich,2,200,4,8,11,6.583692067495235,True,True,,perf/incremental-yamada-frontier-order,1d8374f42cccbb16d78d44100a65ca603d7d1997,3.14.7,macOS-26.6.2-arm64-arm-64bit-Mach-O,arm,0.04506533301901072,0.16682645899709314,0.06014312501065433,0.009364916943013668,0.009523209067992866,0.01878625003155321,3.316707443445921e-05,0.009871875052340329,0.010472208959981799,0.001119250082410872,0.04028275120072067,0.11934466694947332,8.095800876617432e-05,0.1644888750743121,0.0209182909457013,0.1854071660200134,2.3792032152414322e-05,0.00012945802882313728,0.14026295789517462,0.3521547499112785,0.5214221669593826
1566,random_1563,random_cycle_chord,20260823,crossing_rich,4,200,5,11,15,4.6032282786602865,True,True,,perf/incremental-yamada-frontier-order,1d8374f42cccbb16d78d44100a65ca603d7d1997,3.14.7,macOS-26.6.2-arm64-arm-64bit-Mach-O,arm,0.04443354194518179,0.16690904193092138,0.048981625004671514,0.011217250023037195,0.012217583018355072,0.024101583054289222,4.258309490978718e-05,0.012556333094835281,0.013298458070494235,0.0014457500074058771,0.0514447073219344,0.12389799999073148,9.350001346319914e-05,0.22548070910852402,0.028866333072073758,0.2543470421805978,2.804200630635023e-05,0.00016245804727077484,0.15276433306280524,0.3641069169389084,0.5946332910098135
1567,random_1564,random_cycle_chord,20260823,crossing_rich,4,200,5,12,16,4.042267828226216,True,True,,perf/incremental-yamada-frontier-order,1d8374f42cccbb16d78d44100a65ca603d7d1997,3.14.7,macOS-26.6.2-arm64-arm-64bit-Mach-O,arm,0.04493483295664191,0.16718520794529468,0.05089762504212558,0.012379040941596031,0.013343666098080575,0.02587391692213714,8.14169179648161e-05,0.013786333031021059,0.014244334073737264,0.0015059590805321932,0.05549196002539247,0.1321922909701243,0.00014120806008577347,0.24886404199060053,0.028613958042114973,0.2774780000327155,3.266602288931608e-05,0.00016887497622519732,0.16080624901223928,0.37292628991417587,0.6271039160201326
1568,random_1565,random_cycle_chord,20260823,crossing_rich,2,200,4,8,11,6.300165360969972,True,True,,perf/incremental-yamada-frontier-order,1d8374f42cccbb16d78d44100a65ca603d7d1997,3.14.7,macOS-26.6.2-arm64-arm-64bit-Mach-O,arm,0.04317025002092123,0.1704981669317931,0.0623699160059914,0.009735708008520305,0.009866666980087757,0.019813874969258904,4.324992187321186e-05,0.010374042089097202,0.012040083995088935,0.002134916023351252,0.044406166998669505,0.12641195894684643,0.00015516590792685747,0.16985312500037253,0.020114375045523047,0.18996750004589558,2.3707980290055275e-05,0.00013179099187254906,0.14652633399236947,0.3601947509450838,0.5351800420321524
1569,random_1566,random_cycle_chord,20260823,baseline,0,200,3,9,11,5.364693041951775,True,True,,perf/incremental-yamada-frontier-order,1d8374f42cccbb16d78d44100a65ca603d7d1997,3.14.7,macOS-26.6.2-arm64-arm-64bit-Mach-O,arm,0.037090040976181626,0.1694473329698667,0.031597375054843724,0.007940833107568324,0.007876957999542356,0.015119082992896438,4.7584064304828644e-05,0.008025499992072582,0.008133707917295396,0.0006874169921502471,0.03201329195871949,0.0794610830489546,0.00010345794726163149,0.16814225004054606,0.010206416016444564,0.17834866605699062,1.86659162864089e-05,9.054201655089855e-05,0.08966749906539917,0.2962048730114475,0.46927641693037003
1570,random_1567,random_cycle_chord,20260823,baseline,0,200,3,8,10,6.191590861358097,True,True,,perf/incremental-yamada-frontier-order,1d8374f42cccbb16d78d44100a65ca603d7d1997,3.14.7,macOS-26.6.2-arm64-arm-64bit-Mach-O,arm,0.03837550000753254,0.17181508289650083,0.03626033302862197,0.007903250050731003,0.007766667054966092,0.015292374999262393,2.62079993262887e-05,0.007950708037242293,0.008178582997061312,0.0006472079548984766,0.03209508198779076,0.08404804207384586,7.041601929813623e-05,0.1495582499774173,0.010250249993987381,0.15980849997140467,1.7124926671385765e-05,8.916703518480062e-05,0.09429829206783324,0.3044888749718666,0.4588891250314191
1571,random_1568,random_cycle_chord,20260823,baseline,0,200,3,8,10,6.115264815064713,True,True,,perf/incremental-yamada-frontier-order,1d8374f42cccbb16d78d44100a65ca603d7d1997,3.14.7,macOS-26.6.2-arm64-arm-64bit-Mach-O,arm,0.038487999932840466,0.16993062500841916,0.03592512500472367,0.0075746249640360475,0.007617749972268939,0.015103999990969896,3.51249473169446e-05,0.00794779194984585,0.00823454197961837,0.0006997090531513095,0.03202116792090237,0.0831604169216007,8.604198228567839e-05,0.1513418749673292,0.01105329196434468,0.16239516693167388,1.8915976397693157e-05,9.51249385252595e-05,0.09421370888594538,0.302632333827205,0.4588234160328284
1572,random_1569,random_cycle_chord,20260823,baseline,0,200,3,8,10,6.12739082756438,True,True,,perf/incremental-yamada-frontier-order,1d8374f42cccbb16d78d44100a65ca603d7d1997,3.14.7,macOS-26.6.2-arm64-arm-64bit-Mach-O,arm,0.03727433306630701,0.17101020901463926,0.038910541916266084,0.007871459005400538,0.00776504201348871,0.015267082955688238,2.662499900907278e-05,0.008123792009428144,0.008222125004976988,0.0006795000517740846,0.03231912502087653,0.08688954100944102,7.591710891574621e-05,0.15373562509194016,0.011495707905851305,0.16523133299779147,2.1832995116710663e-05,9.354203939437866e-05,0.09838524891529232,0.3066697909962386,0.46524691698141396
1573,random_1570,random_cycle_chord,20260823,baseline,0,200,3,14,16,4.291455955962358,True,True,,perf/incremental-yamada-frontier-order,1d8374f42cccbb16d78d44100a65ca603d7d1997,3.14.7,macOS-26.6.2-arm64-arm-64bit-Mach-O,arm,0.04786879208404571,0.18260191695299,0.026419792091473937,0.008440542034804821,0.008339166990481317,0.016621749964542687,3.5499921068549156e-05,0.008770584012381732,0.008602333022281528,0.0006895409896969795,0.034719707909971476,0.07794416602700949,0.00011870800517499447,0.26469670806545764,0.012455750023946166,0.2771524580894038,2.3000058718025684e-05,0.00010062498040497303,0.09039991605095565,0.32087062508799136,0.5909667500527576
1574,random_1571,random_cycle_chord,20260823,baseline,0,200,4,10,13,4.690348156134464,True,True,,perf/incremental-yamada-frontier-order,1d8374f42cccbb16d78d44100a65ca603d7d1997,3.14.7,macOS-26.6.2-arm64-arm-64bit-Mach-O,arm,0.0440507500898093,0.18853529100306332,0.029631499899551272,0.009125250042416155,0.009198375046253204,0.018138083047233522,3.62499849870801e-05,0.009671416017226875,0.009994708001613617,0.000912124989554286,0.03875258204061538,0.08673950005322695,9.637500625103712e-05,0.21390049997717142,0.014291416970081627,0.22819191694725305,2.4957931600511074e-05,0.00011004204861819744,0.10103091702330858,0.3336169581161812,0.5530108340317383
1575,random_1572,random_cycle_chord,20260823,crossing_rich,4,200,5,8,12,6.603242881194342,True,True,,perf/incremental-yamada-frontier-order,1d8374f42cccbb16d78d44100a65ca603d7d1997,3.14.7,macOS-26.6.2-arm64-arm-64bit-Mach-O,arm,0.05653862492181361,0.18579362495802343,0.08485991705674678,0.012546167010441422,0.01306491601280868,0.02602900005877018,7.89170153439045e-05,0.013569709029980004,0.014305833959951997,0.001843291916884482,0.05582675198093057,0.16636025009211153,0.0002394999610260129,0.20092216599732637,0.03409900004044175,0.23502116603776813,3.27499583363533e-05,0.00020033400505781174,0.20045925013255328,0.4427915000123903,0.6500850409502164
1576,random_1573,random_cycle_chord,20260823,crossing_rich,7,200,6,12,17,4.08205286066096,True,True,,perf/incremental-yamada-frontier-order,1d8374f42cccbb16d78d44100a65ca603d7d1997,3.14.7,macOS-26.6.2-arm64-arm-64bit-Mach-O,arm,0.051364875049330294,0.179623750038445,0.052643291070126,0.017777874949388206,0.01796770899090916,0.03763149993028492,0.00010862504132091999,0.019045167020522058,0.01984895800705999,0.0021401249105110765,0.07877437490969896,0.16722341696731746,0.00013475003652274609,0.2813442909391597,0.04791933298110962,0.3292636239202693,3.933301195502281e-05,0.00023504102136939764,0.21514274994842708,0.44613137503620237,0.7332787500927225
1577,random_1574,random_cycle_chord,20260823,baseline,0,200,3,10,12,4.625920620519885,True,True,,perf/incremental-yamada-frontier-order,1d8374f42cccbb16d78d44100a65ca603d7d1997,3.14.7,macOS-26.6.2-arm64-arm-64bit-Mach-O,arm,0.04021462507080287,0.17615745798684657,0.02508487505838275,0.007907208055257797,0.007732582977041602,0.015248125069774687,3.654195461422205e-05,0.007876459043473005,0.008130499976687133,0.0006568329408764839,0.03194845898542553,0.0726968749659136,7.720803841948509e-05,0.18787041609175503,0.011473124963231385,0.19934354105498642,2.0834035240113735e-05,9.062502067536116e-05,0.08416999992914498,0.3005420829867944,0.49330129101872444
1578,random_1575,random_cycle_chord,20260823,crossing_rich,2,200,4,8,11,6.343368259975548,True,True,,perf/incremental-yamada-frontier-order,1d8374f42cccbb16d78d44100a65ca603d7d1997,3.14.7,macOS-26.6.2-arm64-arm-64bit-Mach-O,arm,0.04704199999105185,0.18213258299510926,0.060316083021461964,0.010123874992132187,0.010347125004045665,0.020653416984714568,4.954205360263586e-05,0.010799915995448828,0.01075779099483043,0.0010901250643655658,0.04335079109296203,0.12417500000447035,0.00010016700252890587,0.1754812499275431,0.01974183297716081,0.19522308290470392,2.6124995201826096e-05,0.00012941693421453238,0.14391683298163116,0.3730914159677923,0.5536330830072984
1579,random_1576,random_cycle_chord,20260823,crossing_rich,4,200,5,8,12,6.588120255325178,True,True,,perf/incremental-yamada-frontier-order,1d8374f42cccbb16d78d44100a65ca603d7d1997,3.14.7,macOS-26.6.2-arm64-arm-64bit-Mach-O,arm,0.051249542040750384,0.1750673750648275,0.07427291595377028,0.011797709041275084,0.012529999949038029,0.0249908339465037,9.950005915015936e-05,0.013063375023193657,0.01342079194728285,0.0016378749860450625,0.05321237596217543,0.15189099998679012,0.00022287503816187382,0.20407737500499934,0.034418542054481804,0.23849591705948114,4.445796366780996e-05,0.0002359999343752861,0.18630954204127192,0.4126264591468498,0.6222859170520678
1580,random_1577,random_cycle_chord,20260823,baseline,0,200,3,11,13,5.225338495049379,True,True,,perf/incremental-yamada-frontier-order,1d8374f42cccbb16d78d44100a65ca603d7d1997,3.14.7,macOS-26.6.2-arm64-arm-64bit-Mach-O,arm,0.044752374989911914,0.19153408298734576,0.027487291023135185,0.008144124993123114,0.008403999963775277,0.015908667002804577,8.162495214492083e-05,0.008399708080105484,0.008733208058401942,0.0006660840008407831,0.03378929209429771,0.07787524990271777,0.00010254199150949717,0.2037702089874074,0.010759750031866133,0.21452995901927352,2.2249994799494743e-05,9.68750100582838e-05,0.0886349999345839,0.32492145791184157,0.5337056670105085
1581,random_1578,random_cycle_chord,20260823,baseline,0,200,3,8,10,6.183062318694057,True,True,,perf/incremental-yamada-frontier-order,1d8374f42cccbb16d78d44100a65ca603d7d1997,3.14.7,macOS-26.6.2-arm64-arm-64bit-Mach-O,arm,0.04004362504929304,0.17163591599091887,0.03764270804822445,0.007543583051301539,0.0077049999963492155,0.01478195795789361,2.8542010113596916e-05,0.007733417092822492,0.008335416088812053,0.0006614170270040631,0.031540750176645815,0.08446637506131083,8.216605056077242e-05,0.15767166600562632,0.011169249890372157,0.16884091589599848,2.004194539040327e-05,8.875003550201654e-05,0.09563562495168298,0.3073151659918949,0.47001524991355836
1582,random_1579,random_cycle_chord,20260823,crossing_rich,3,200,4,8,11,4.194694661252052,True,True,,perf/incremental-yamada-frontier-order,1d8374f42cccbb16d78d44100a65ca603d7d1997,3.14.7,macOS-26.6.2-arm64-arm-64bit-Mach-O,arm,0.192762374994345,0.2723008340690285,0.04832637496292591,0.01485904201399535,0.014085583970881999,0.029707666020840406,8.358294144272804e-05,0.015437082969583571,0.016155165969394147,0.0014825830003246665,0.06286608090158552,0.1402229170780629,0.0001883750082924962,0.35050054092425853,0.06245225004386157,0.4129527909681201,9.316601790487766e-05,0.00038158404640853405,0.20267516712192446,0.667738376185298,1.0250227919314057
1583,random_1580,random_cycle_chord,20260823,crossing_rich,5,200,6,12,17,4.047005875264864,True,True,,perf/incremental-yamada-frontier-order,1d8374f42cccbb16d78d44100a65ca603d7d1997,3.14.7,macOS-26.6.2-arm64-arm-64bit-Mach-O,arm,0.06915524997748435,0.21352470794226974,0.053711417014710605,0.015589624992571771,0.016851583030074835,0.033275082940235734,5.9249927289783955e-05,0.01666595891583711,0.01769620890263468,0.001979166059754789,0.0696756667457521,0.15589320904109627,0.00013129098806530237,0.2925525839673355,0.03798412496689707,0.3305367089342326,3.541703335940838e-05,0.00021304097026586533,0.19387733400799334,0.47655729192774743,0.7754223749507219
1584,random_1581,random_cycle_chord,20260823,baseline,0,200,3,9,11,5.410345667777683,True,True,,perf/incremental-yamada-frontier-order,1d8374f42cccbb16d78d44100a65ca603d7d1997,3.14.7,macOS-26.6.2-arm64-arm-64bit-Mach-O,arm,0.0413958749268204,0.18272029201034456,0.02973229205235839,0.008343582972884178,0.008449624991044402,0.016631916048936546,2.575002145022154e-05,0.008629125077277422,0.008817083085887134,0.0006299169035628438,0.03473379113711417,0.08128337503876537,7.316598203033209e-05,0.17090787505730987,0.009958790964446962,0.18086666602175683,1.6874982975423336e-05,8.504209108650684e-05,0.09124216600321233,0.3153583329403773,0.49130975001025945
1585,random_1582,random_cycle_chord,20260823,crossing_rich,4,200,5,8,12,6.584862587653144,True,True,,perf/incremental-yamada-frontier-order,1d8374f42cccbb16d78d44100a65ca603d7d1997,3.14.7,macOS-26.6.2-arm64-arm-64bit-Mach-O,arm,0.052025999990291893,0.1779658340383321,0.07967316696885973,0.011774750077165663,0.01278608397115022,0.02509787504095584,4.3625012040138245e-05,0.012526499922387302,0.013614875031635165,0.0017082499107345939,0.05299112491775304,0.1572656249627471,0.00018716708291321993,0.18673170800320804,0.032183125033043325,0.21891483303625137,2.9374961741268635e-05,0.0001870420528575778,0.18944874999579042,0.4194405840244144,0.6115510410163552
1586,random_1583,random_cycle_chord,20260823,baseline,0,200,3,9,11,5.404753574720241,True,True,,perf/incremental-yamada-frontier-order,1d8374f42cccbb16d78d44100a65ca603d7d1997,3.14.7,macOS-26.6.2-arm64-arm-64bit-Mach-O,arm,0.03749391599558294,0.17083483305759728,0.03225233301054686,0.00787279091309756,0.007724959054030478,0.015187000040896237,2.6250025257468224e-05,0.007898707990534604,0.008070832933299243,0.0007012919522821903,0.03188408294226974,0.07975783396977931,7.60830007493496e-05,0.1630330829648301,0.009679499897174537,0.17271258286200464,1.6208970919251442e-05,7.987499702721834e-05,0.08943733386695385,0.29776608292013407,0.46561166597530246
1587,random_1584,random_cycle_chord,20260823,crossing_rich,4,200,5,9,13,6.075840244936824,True,True,,perf/incremental-yamada-frontier-order,1d8374f42cccbb16d78d44100a65ca603d7d1997,3.14.7,macOS-26.6.2-arm64-arm-64bit-Mach-O,arm,0.04880670795682818,0.17246295895893127,0.06343662494327873,0.011587625020183623,0.012876458000391722,0.02531437494326383,4.2917090468108654e-05,0.013149541919119656,0.01386179099790752,0.0014674999983981252,0.05383612494915724,0.1417762089986354,9.27499495446682e-05,0.19992904097307473,0.028017875039950013,0.22794691601302475,2.6792054995894432e-05,0.00016308401245623827,0.16979408403858542,0.39106375095434487,0.596221667015925
1588,random_1585,random_cycle_chord,20260823,baseline,0,200,5,14,18,4.292926785033232,True,True,,perf/incremental-yamada-frontier-order,1d8374f42cccbb16d78d44100a65ca603d7d1997,3.14.7,macOS-26.6.2-arm64-arm-64bit-Mach-O,arm,0.051648667082190514,0.16500158293638378,0.02621845796238631,0.00971812498755753,0.010437707998789847,0.020584083045832813,4.112499300390482e-05,0.010738500044681132,0.011162374983541667,0.0009866250911727548,0.04351270815823227,0.08992320892866701,0.00010899989865720272,0.312286457978189,0.01582816697191447,0.32811462495010346,2.975005190819502e-05,0.00011483393609523773,0.10575137590058148,0.3224016259191558,0.6397463750327006
1589,random_1586,random_cycle_chord,20260823,baseline,0,200,3,8,10,6.160843414964883,True,True,,perf/incremental-yamada-frontier-order,1d8374f42cccbb16d78d44100a65ca603d7d1997,3.14.7,macOS-26.6.2-arm64-arm-64bit-Mach-O,arm,0.038695374969393015,0.17045208299532533,0.037428125040605664,0.007395292050205171,0.007384874974377453,0.014624958042986691,2.483394928276539e-05,0.007809209055267274,0.007771083037368953,0.0006185830570757389,0.030848667141981423,0.08307812502607703,6.370805203914642e-05,0.14392154198139906,0.010199707932770252,0.1541212499141693,1.6125035472214222e-05,8.30839853733778e-05,0.09327783295884728,0.3024252909235656,0.45098437496926636
1590,random_1587,random_cycle_chord,20260823,crossing_rich,3,200,4,9,12,4.434091686723957,True,True,,perf/incremental-yamada-frontier-order,1d8374f42cccbb16d78d44100a65ca603d7d1997,3.14.7,macOS-26.6.2-arm64-arm-64bit-Mach-O,arm,0.034589875023812056,0.16422124998643994,0.040831708000041544,0.01005237502977252,0.010649916948750615,0.021046457928605378,3.3791991882026196e-05,0.010931957978755236,0.011530083022080362,0.001149540999904275,0.044691831921227276,0.10625587496906519,8.187501225620508e-05,0.1795302500249818,0.022063582902774215,0.201593832927756,2.274999860674143e-05,0.00013816694263368845,0.1283194578718394,0.3271305828820914,0.5114454169524834
1591,random_1588,random_cycle_chord,20260823,crossing_rich,6,200,6,10,15,5.62427381293253,True,True,,perf/incremental-yamada-frontier-order,1d8374f42cccbb16d78d44100a65ca603d7d1997,3.14.7,macOS-26.6.2-arm64-arm-64bit-Mach-O,arm,0.05173470894806087,0.1668918749783188,0.06528054201044142,0.012453458039090037,0.014020167058333755,0.027573834056966007,6.495800334960222e-05,0.01432174991350621,0.015397000010125339,0.00191033398732543,0.05926787597127259,0.15106641699094325,0.00024800002574920654,0.22548595897387713,0.03916162496898323,0.26464758394286036,3.233307506889105e-05,0.00020987493917346,0.19022804195992649,0.40885462588630617,0.6400300420355052
1592,random_1589,random_cycle_chord,20260823,crossing_rich,5,200,5,8,12,4.22959222656136,True,True,,perf/incremental-yamada-frontier-order,1d8374f42cccbb16d78d44100a65ca603d7d1997,3.14.7,macOS-26.6.2-arm64-arm-64bit-Mach-O,arm,0.034238875028677285,0.16531662503257394,0.044852625112980604,0.012284666998311877,0.014006707933731377,0.02854750002734363,7.383304182440042e-05,0.014959916938096285,0.015135333058424294,0.001509374938905239,0.06022595800459385,0.13142812508158386,0.00025929207913577557,0.18464037496596575,0.031688040937297046,0.2163284159032628,3.2667070627212524e-05,0.00018041697330772877,0.1631161660188809,0.3626716660801321,0.5525605829898268
1593,random_1590,random_cycle_chord,20260823,crossing_rich,4,200,5,8,12,6.603711755511255,True,True,,perf/incremental-yamada-frontier-order,1d8374f42cccbb16d78d44100a65ca603d7d1997,3.14.7,macOS-26.6.2-arm64-arm-64bit-Mach-O,arm,0.05070700007490814,0.17035795899573714,0.07146129198372364,0.010865250020287931,0.011714374995790422,0.023657459067180753,4.216702654957771e-05,0.012536916066892445,0.01291950000450015,0.001591083942912519,0.050747126108035445,0.1448253340786323,0.00018437497783452272,0.19643141597043723,0.03554845799226314,0.23197987396270037,5.487492308020592e-05,0.00021541700698435307,0.18037379207089543,0.4014387511415407,0.6032301250379533
1594,random_1591,random_cycle_chord,20260823,baseline,0,200,3,8,10,6.127156675599509,True,True,,perf/incremental-yamada-frontier-order,1d8374f42cccbb16d78d44100a65ca603d7d1997,3.14.7,macOS-26.6.2-arm64-arm-64bit-Mach-O,arm,0.04069633304607123,0.17503458401188254,0.03893083403818309,0.007988457917235792,0.007773500052280724,0.015188541961833835,2.5250017642974854e-05,0.007873499998822808,0.008147125015966594,0.0006624170346185565,0.03189683402888477,0.08661233296152204,6.9082947447896e-05,0.15528449998237193,0.0114319579442963,0.16671645792666823,1.895800232887268e-05,9.545800276100636e-05,0.09804429090581834,0.3137752079637721,0.47396424994803965
1595,random_1592,random_cycle_chord,20260823,crossing_rich,5,200,5,8,12,4.237154982378025,True,True,,perf/incremental-yamada-frontier-order,1d8374f42cccbb16d78d44100a65ca603d7d1997,3.14.7,macOS-26.6.2-arm64-arm-64bit-Mach-O,arm,0.0362065410008654,0.1720832500141114,0.04663404100574553,0.012751625035889447,0.014333666069433093,0.028382582939229906,4.375004209578037e-05,0.014683249988593161,0.015458583016879857,0.0015750420279800892,0.06014320801477879,0.1339017499703914,0.0002976249670609832,0.30853795807342976,0.04146112501621246,0.3499990830896422,2.862501423805952e-05,0.0001788330264389515,0.17536287498660386,0.38365266600158066,0.6972544169984758
1596,random_1593,random_cycle_chord,20260823,baseline,0,200,3,9,11,5.3740059161432745,True,True,,perf/incremental-yamada-frontier-order,1d8374f42cccbb16d78d44100a65ca603d7d1997,3.14.7,macOS-26.6.2-arm64-arm-64bit-Mach-O,arm,0.037603125092573464,0.16958975000306964,0.030948500032536685,0.007581707905046642,0.007310249959118664,0.014709083014167845,3.825000021606684e-05,0.007686082972213626,0.007859166013076901,0.0006527500227093697,0.03094533202238381,0.07680741604417562,7.962505333125591e-05,0.16515024995896965,0.010149542009457946,0.1752997919684276,1.6707926988601685e-05,9.016599506139755e-05,0.08695695805363357,0.2941498331492767,0.46411479206290096
1597,random_1594,random_cycle_chord,20260823,baseline,0,200,3,8,10,6.20258990818837,True,True,,perf/incremental-yamada-frontier-order,1d8374f42cccbb16d78d44100a65ca603d7d1997,3.14.7,macOS-26.6.2-arm64-arm-64bit-Mach-O,arm,0.03792133298702538,0.17051850003190339,0.03743270901031792,0.007776916027069092,0.007698541972786188,0.015081292018294334,2.475001383572817e-05,0.00783299992326647,0.008001583046279848,0.0006251661106944084,0.03156579111237079,0.08449508296325803,6.612506695091724e-05,0.1477385419420898,0.009705041069537401,0.1574435830116272,1.5915953554213047e-05,8.095800876617432e-05,0.09420012403279543,0.3026399570517242,0.45515150006394833
1598,random_1595,random_cycle_chord,20260823,crossing_rich,5,200,5,10,14,4.033619260677029,True,True,,perf/incremental-yamada-frontier-order,1d8374f42cccbb16d78d44100a65ca603d7d1997,3.14.7,macOS-26.6.2-arm64-arm-64bit-Mach-O,arm,0.04026749997865409,0.17211608297657222,0.04794424993451685,0.012365792063064873,0.014005916891619563,0.02769708400592208,4.2874948121607304e-05,0.014347166987136006,0.015110624954104424,0.001575708040036261,0.05877345893532038,0.13312779099214822,9.529199451208115e-05,0.2123719590017572,0.03138112497981638,0.24375308398157358,3.15000070258975e-05,0.00018262502271682024,0.1645089159719646,0.3768924989271909,0.5944658749504015
1599,random_1596,random_cycle_chord,20260823,baseline,0,200,4,12,15,4.874298516005442,True,True,,perf/incremental-yamada-frontier-order,1d8374f42cccbb16d78d44100a65ca603d7d1997,3.14.7,macOS-26.6.2-arm64-arm-64bit-Mach-O,arm,0.04650287504773587,0.16528562491293997,0.02783120796084404,0.008833792060613632,0.009458665968850255,0.018666167045012116,3.312493208795786e-05,0.009690084028989077,0.009945500059984624,0.00080241693649441,0.039137293002568185,0.08529070799704641,8.670904207974672e-05,0.21923712501302361,0.012727290973998606,0.23196441598702222,2.0709005184471607e-05,0.00010549998842179775,0.09801799897104502,0.30980649893172085,0.5338345000054687
1600,random_1597,random_cycle_chord,20260823,baseline,0,200,3,9,11,5.3860207226711205,True,True,,perf/incremental-yamada-frontier-order,1d8374f42cccbb16d78d44100a65ca603d7d1997,3.14.7,macOS-26.6.2-arm64-arm-64bit-Mach-O,arm,0.034871957963332534,0.17277995799668133,0.029593416955322027,0.007185540976934135,0.006902333931066096,0.013565041008405387,2.5999965146183968e-05,0.0070812919875606894,0.007195749902166426,0.0005489999894052744,0.02841708285268396,0.07211983297020197,7.337506394833326e-05,0.15636304195504636,0.009285292006097734,0.1656483339611441,1.89170241355896e-05,8.641695603728294e-05,0.0814051249762997,0.28905704093631357,0.4500747499987483
1601,random_1598,random_cycle_chord,20260823,baseline,0,200,4,11,14,4.077575920846829,True,True,,perf/incremental-yamada-frontier-order,1d8374f42cccbb16d78d44100a65ca603d7d1997,3.14.7,macOS-26.6.2-arm64-arm-64bit-Mach-O,arm,0.038541542016901076,0.1619020840153098,0.02114195900503546,0.008783499943092465,0.009133958024904132,0.01834354200400412,3.21660190820694e-05,0.00931904197204858,0.00975683401338756,0.0008155419491231441,0.038267125957645476,0.07735783292446285,8.349993731826544e-05,0.19555287505500019,0.01215270790271461,0.2077055829577148,1.954101026058197e-05,9.587500244379044e-05,0.08951054082717746,0.28995416685938835,0.49022995796985924
1602,random_1599,random_cycle_chord,20260823,crossing_rich,5,200,5,9,13,4.305716957896004,True,True,,perf/incremental-yamada-frontier-order,1d8374f42cccbb16d78d44100a65ca603d7d1997,3.14.7,macOS-26.6.2-arm64-arm-64bit-Mach-O,arm,0.03674858307931572,0.16112745902501047,0.04474529100116342,0.011736584012396634,0.012748042005114257,0.02550483390223235,4.045804962515831e-05,0.01315504196099937,0.014027709024958313,0.0014803330413997173,0.05420837597921491,0.12347320793196559,8.895795326679945e-05,0.19036908296402544,0.03015708306338638,0.22052616602741182,2.8582988306879997e-05,0.00017100002150982618,0.15363029099535197,0.35150633309967816,0.5470125830033794
1603,random_1600,random_cycle_chord,20260823,baseline,0,200,3,10,12,4.706631663749356,True,True,,perf/incremental-yamada-frontier-order,1d8374f42cccbb16d78d44100a65ca603d7d1997,3.14.7,macOS-26.6.2-arm64-arm-64bit-Mach-O,arm,0.03499670897144824,0.16114374995231628,0.025389207992702723,0.007709666038863361,0.00723745790310204,0.014159832964651287,2.4333014152944088e-05,0.007131124963052571,0.007470541982911527,0.0006477079587057233,0.029433540883474052,0.06979162502102554,7.241603452712297e-05,0.16685187490656972,0.010131999966688454,0.17698387487325817,1.5083001926541328e-05,7.545901462435722e-05,0.07992362498771399,0.2760640839114785,0.4474039579508826
1604,random_1601,random_cycle_chord,20260823,baseline,0,200,3,11,13,5.220572394039559,True,True,,perf/incremental-yamada-frontier-order,1d8374f42cccbb16d78d44100a65ca603d7d1997,3.14.7,macOS-26.6.2-arm64-arm-64bit-Mach-O,arm,0.0409207500051707,0.1605070410296321,0.027023166068829596,0.007150207995437086,0.007109666941687465,0.013988042017444968,2.379098441451788e-05,0.007359542069025338,0.0076868749456480145,0.0005521670682355762,0.029610417084768414,0.07091429200954735,7.42500415071845e-05,0.18216604192275554,0.008500666008330882,0.19066670793108642,1.6000005416572094e-05,7.383397314697504e-05,0.07941495801787823,0.28084274905268103,0.4675981670152396
1605,random_1602,random_cycle_chord,20260823,crossing_rich,4,200,5,9,13,6.079206919694687,True,True,,perf/incremental-yamada-frontier-order,1d8374f42cccbb16d78d44100a65ca603d7d1997,3.14.7,macOS-26.6.2-arm64-arm-64bit-Mach-O,arm,0.046560792019590735,0.16203687491361052,0.06644275004509836,0.0110424580052495,0.011919792043045163,0.023789166007190943,4.737498238682747e-05,0.01243620808236301,0.013330541085451841,0.001473250100389123,0.051076540257781744,0.14051995798945427,9.216705802828074e-05,0.19143595802597702,0.028245749999769032,0.21968170802574605,2.6458059437572956e-05,0.00016412499826401472,0.1687657079892233,0.37736337492242455,0.5736744590103626
1606,random_1603,random_cycle_chord,20260823,crossing_rich,5,200,5,10,14,4.859989017763734,True,True,,perf/incremental-yamada-frontier-order,1d8374f42cccbb16d78d44100a65ca603d7d1997,3.14.7,macOS-26.6.2-arm64-arm-64bit-Mach-O,arm,0.04208454198669642,0.16158879094291478,0.054793499992229044,0.012702958076260984,0.014225833001546562,0.028187124989926815,4.6042026951909065e-05,0.01457670796662569,0.014991875039413571,0.0016187910223379731,0.05942054104525596,0.1411904999986291,0.00010337505955249071,0.20785329095087945,0.03402754198759794,0.2418808329384774,3.0125025659799576e-05,0.0001836669398471713,0.17521804198622704,0.37889137491583824,0.5920634160283953
1607,random_1604,random_cycle_chord,20260823,baseline,0,200,3,8,10,6.182812206583813,True,True,,perf/incremental-yamada-frontier-order,1d8374f42cccbb16d78d44100a65ca603d7d1997,3.14.7,macOS-26.6.2-arm64-arm-64bit-Mach-O,arm,0.036539915949106216,0.16476700000930578,0.03646924998611212,0.0075377500616014,0.008563917013816535,0.015378374955616891,5.6833960115909576e-05,0.007763209054246545,0.007925041951239109,0.0006059170700609684,0.03172937699127942,0.08435900008771569,9.833299554884434e-05,0.14436387491878122,0.009600959019735456,0.15396483393851668,1.7166021279990673e-05,8.558400440961123e-05,0.09395995910745114,0.29526687506586313,0.44453962496481836
1608,random_1605,random_cycle_chord,20260823,baseline,0,200,3,9,11,5.360058155086895,True,True,,perf/incremental-yamada-frontier-order,1d8374f42cccbb16d78d44100a65ca603d7d1997,3.14.7,macOS-26.6.2-arm64-arm-64bit-Mach-O,arm,0.03518141701351851,0.1635501249693334,0.03269599995110184,0.007101833005435765,0.006971458904445171,0.013687249971553683,2.337503246963024e-05,0.007138540968298912,0.007337542017921805,0.0005910840118303895,0.02877779200207442,0.0755679999710992,6.687501445412636e-05,0.20927541702985764,0.01115666690748185,0.22043208393733948,1.8749968148767948e-05,8.870800957083702e-05,0.08672466687858105,0.28545620886143297,0.4993961660657078
1609,random_1606,random_cycle_chord,20260823,baseline,0,200,5,15,19,4.048074280504103,True,True,,perf/incremental-yamada-frontier-order,1d8374f42cccbb16d78d44100a65ca603d7d1997,3.14.7,macOS-26.6.2-arm64-arm-64bit-Mach-O,arm,0.054247999913059175,0.16864041693042964,0.02611800003796816,0.00968487502541393,0.01011683396063745,0.02023162494879216,5.4458039812743664e-05,0.01056429196614772,0.011231541982851923,0.0010341249871999025,0.04311604192480445,0.08908387506380677,0.0001342500327154994,0.5767748749349266,0.018748541013337672,0.5955234159482643,3.100000321865082e-05,0.0001487499102950096,0.10783241607714444,0.33072083292063326,0.913017624989152
1610,random_1607,random_cycle_chord,20260823,baseline,0,200,4,10,13,4.680842153527068,True,True,,perf/incremental-yamada-frontier-order,1d8374f42cccbb16d78d44100a65ca603d7d1997,3.14.7,macOS-26.6.2-arm64-arm-64bit-Mach-O,arm,0.0435139590408653,0.1881406249012798,0.027012250036932528,0.009380624978803098,0.00925491692032665,0.018314291955903172,4.491698928177357e-05,0.009807249996811152,0.010390416020527482,0.0009431249927729368,0.039499999955296516,0.0851811250904575,0.00012912508100271225,0.22720962506718934,0.01526050001848489,0.24247012508567423,3.916595596820116e-05,0.000122333993203938,0.10044162510894239,0.3320962090510875,0.564736207947135
1611,random_1608,random_cycle_chord,20260823,crossing_rich,2,200,4,8,11,6.593886272019795,True,True,,perf/incremental-yamada-frontier-order,1d8374f42cccbb16d78d44100a65ca603d7d1997,3.14.7,macOS-26.6.2-arm64-arm-64bit-Mach-O,arm,0.05225341708865017,0.18063470907509327,0.06373141601216048,0.009786499897018075,0.010000040987506509,0.01965466607362032,3.533298149704933e-05,0.010196875082328916,0.01073158299550414,0.0011440420057624578,0.04176249913871288,0.12531166698317975,8.341704960912466e-05,0.1663039579289034,0.01992758398409933,0.18623154191300273,2.3333006538450718e-05,0.00013779103755950928,0.14523925096727908,0.3781273771310225,0.5496081659803167
1612,random_1609,random_cycle_chord,20260823,crossing_rich,5,200,5,8,12,4.225081728842641,True,True,,perf/incremental-yamada-frontier-order,1d8374f42cccbb16d78d44100a65ca603d7d1997,3.14.7,macOS-26.6.2-arm64-arm-64bit-Mach-O,arm,0.035249375039711595,0.17111495905555785,0.046662500011734664,0.012777957948856056,0.014405790949240327,0.028515165904536843,5.283299833536148e-05,0.014776375028304756,0.01560774992685765,0.0015508329961448908,0.0605029568541795,0.1343951669987291,0.00031287490855902433,0.3000374169787392,0.029461249941959977,0.3294986669206992,2.6916968636214733e-05,0.00016908301040530205,0.1638564169406891,0.37022075103595853,0.6753234580392018
1613,random_1610,random_cycle_chord,20260823,baseline,0,200,3,11,13,5.228272399727717,True,True,,perf/incremental-yamada-frontier-order,1d8374f42cccbb16d78d44100a65ca603d7d1997,3.14.7,macOS-26.6.2-arm64-arm-64bit-Mach-O,arm,0.04124187503475696,0.1654271250590682,0.027130583068355918,0.007495375000871718,0.007725124945864081,0.015089625027030706,2.4709035642445087e-05,0.007839208003133535,0.007986583048477769,0.0005507919704541564,0.03149091708473861,0.07386466604657471,7.754098623991013e-05,0.18341279192827642,0.008631707984022796,0.19204449991229922,1.550000160932541e-05,7.462501525878906e-05,0.08249637403059751,0.28916537412442267,0.47718087502289563
1614,random_1611,random_cycle_chord,20260823,crossing_rich,4,200,5,8,12,6.583670958134745,True,True,,perf/incremental-yamada-frontier-order,1d8374f42cccbb16d78d44100a65ca603d7d1997,3.14.7,macOS-26.6.2-arm64-arm-64bit-Mach-O,arm,0.04749458294827491,0.16243008291348815,0.06643458304461092,0.010743624996393919,0.011328749940730631,0.02271074999589473,4.141696263104677e-05,0.011606666957959533,0.012858917005360126,0.0015073328977450728,0.04872508381959051,0.13726791692897677,0.00016487506218254566,0.1740202500950545,0.031834624940529466,0.20585487503558397,2.9833056032657623e-05,0.0001824169885367155,0.16910254186950624,0.3790272077312693,0.5580046669347212
1615,random_1612,random_cycle_chord,20260823,crossing_rich,4,200,5,10,14,5.62161998261514,True,True,,perf/incremental-yamada-frontier-order,1d8374f42cccbb16d78d44100a65ca603d7d1997,3.14.7,macOS-26.6.2-arm64-arm-64bit-Mach-O,arm,0.04704558302182704,0.16141220892313868,0.06262983405031264,0.01044395798817277,0.011252957978285849,0.022208833950571716,4.116701893508434e-05,0.01152783294674009,0.012204249971546233,0.0013939159689471126,0.047375999856740236,0.13173908297903836,0.00010304094757884741,0.20271983300335705,0.026744416914880276,0.22946424991823733,2.791592851281166e-05,0.00016483408398926258,0.15848349989391863,0.36694129183888435,0.5745582500239834
1616,random_1613,random_cycle_chord,20260823,baseline,0,200,3,8,10,6.16480747199448,True,True,,perf/incremental-yamada-frontier-order,1d8374f42cccbb16d78d44100a65ca603d7d1997,3.14.7,macOS-26.6.2-arm64-arm-64bit-Mach-O,arm,0.03555470798164606,0.16115699999500066,0.03283025010023266,0.007378666079603136,0.007221000036224723,0.014235707931220531,2.3541972041130066e-05,0.0074020420433953404,0.0076191669795662165,0.0006305830320343375,0.029911041958257556,0.07736304099671543,6.362504791468382e-05,0.14392162498552352,0.01040729193482548,0.154328916920349,2.033403143286705e-05,9.295903146266937e-05,0.0877703329315409,0.28448204090818763,0.432965875021182
1617,random_1614,random_cycle_chord,20260823,crossing_rich,3,200,4,8,11,4.245888536982354,True,True,,perf/incremental-yamada-frontier-order,1d8374f42cccbb16d78d44100a65ca603d7d1997,3.14.7,macOS-26.6.2-arm64-arm-64bit-Mach-O,arm,0.030613041948527098,0.16279916709754616,0.04297479195520282,0.010147416964173317,0.010743624996393919,0.021121292025782168,3.245903644710779e-05,0.011303332983516157,0.011498458101414144,0.0010474169394001365,0.04500295908655971,0.10889679205138236,7.329194340854883e-05,0.1822273340076208,0.019386333995498717,0.20161366800311953,2.1209008991718292e-05,0.00012216705363243818,0.12828312604688108,0.32169533509295434,0.5085430000908673
1618,random_1615,random_cycle_chord,20260823,crossing_rich,5,200,5,8,12,4.2396060319176865,True,True,,perf/incremental-yamada-frontier-order,1d8374f42cccbb16d78d44100a65ca603d7d1997,3.14.7,macOS-26.6.2-arm64-arm-64bit-Mach-O,arm,0.034957457915879786,0.16386945906560868,0.049108291044831276,0.01227429206483066,0.01395620801486075,0.027103041065856814,4.095793701708317e-05,0.01426383398938924,0.014789917040616274,0.0015765419229865074,0.05777429195586592,0.13315108395181596,0.00019833294209092855,0.1855624170275405,0.03759900003205985,0.22316141705960035,5.3999945521354675e-05,0.0001991249155253172,0.1707500839838758,0.3695770009653643,0.5605106250150129
1619,random_1616,random_cycle_chord,20260823,crossing_rich,3,200,4,8,11,4.119138960054247,True,True,,perf/incremental-yamada-frontier-order,1d8374f42cccbb16d78d44100a65ca603d7d1997,3.14.7,macOS-26.6.2-arm64-arm-64bit-Mach-O,arm,0.03324970800895244,0.1686883750371635,0.04110220796428621,0.010652582976035774,0.011135083041153848,0.021886082948185503,3.3541000448167324e-05,0.011307124979794025,0.011878374963998795,0.0011121249990537763,0.04621724889148027,0.10913941694889218,7.483398076146841e-05,0.16136904107406735,0.021608666982501745,0.1829777080565691,2.1292013116180897e-05,0.00014058290980756283,0.13074808393139392,0.33268616697750986,0.49887008301448077
1620,random_1617,random_cycle_chord,20260823,crossing_rich,5,200,5,9,13,4.2428285065027715,True,True,,perf/incremental-yamada-frontier-order,1d8374f42cccbb16d78d44100a65ca603d7d1997,3.14.7,macOS-26.6.2-arm64-arm-64bit-Mach-O,arm,0.035873666987754405,0.1738700419664383,0.04496641701553017,0.012459499994292855,0.013284625019878149,0.026606458006426692,4.7541921958327293e-05,0.01404683303553611,0.014780166908167303,0.0015262080123648047,0.05700720788445324,0.1277570000384003,0.00010470801498740911,0.19590941700153053,0.02962945809122175,0.22553887509275228,3.100000321865082e-05,0.00017849996220320463,0.15738645812962204,0.36713016708381474,0.5683937920257449
1621,random_1618,random_cycle_chord,20260823,crossing_rich,3,200,4,8,11,4.238024650255938,True,True,,perf/incremental-yamada-frontier-order,1d8374f42cccbb16d78d44100a65ca603d7d1997,3.14.7,macOS-26.6.2-arm64-arm-64bit-Mach-O,arm,0.031272125081159174,0.163226000033319,0.041148749995045364,0.010253290995024145,0.010822957963682711,0.021301208063960075,3.341608680784702e-05,0.011140583083033562,0.011256458004936576,0.0010697080288082361,0.044801373267546296,0.10705533297732472,7.49160535633564e-05,0.2570215000305325,0.027377875056117773,0.28439937508665025,2.1332991309463978e-05,0.00012908305507153273,0.1344332080334425,0.32893133314792067,0.5902757500298321
1622,random_1619,random_cycle_chord,20260823,crossing_rich,5,200,5,8,12,4.153208803143807,True,True,,perf/incremental-yamada-frontier-order,1d8374f42cccbb16d78d44100a65ca603d7d1997,3.14.7,macOS-26.6.2-arm64-arm-64bit-Mach-O,arm,0.032929749926552176,0.16060670895967633,0.04196445795241743,0.011677125003188848,0.013346333988010883,0.026447499985806644,4.1041988879442215e-05,0.013703458942472935,0.014415042009204626,0.0014374579768627882,0.056044500903226435,0.12306908401660621,0.00019791699014604092,0.17556550004519522,0.0291218749480322,0.20468737499322742,2.7125002816319466e-05,0.00016416702419519424,0.1521909589646384,0.3457274178508669,0.5262482080142945
1623,random_1620,random_cycle_chord,20260823,baseline,0,200,3,8,10,6.162310336807496,True,True,,perf/incremental-yamada-frontier-order,1d8374f42cccbb16d78d44100a65ca603d7d1997,3.14.7,macOS-26.6.2-arm64-arm-64bit-Mach-O,arm,0.03625804104376584,0.15985870803706348,0.036681750090792775,0.007244749926030636,0.007156417006626725,0.014033250045031309,2.3416010662913322e-05,0.00731066707521677,0.007470958982594311,0.0005916249938309193,0.029429917107336223,0.08053450006991625,5.983305163681507e-05,0.18941487499978393,0.010019583045504987,0.19943445804528892,1.5832949429750443e-05,8.366606198251247e-05,0.09055408311542124,0.28667083219625056,0.48063966701738536
1624,random_1621,random_cycle_chord,20260823,baseline,0,200,3,8,10,6.1667041276442776,True,True,,perf/incremental-yamada-frontier-order,1d8374f42cccbb16d78d44100a65ca603d7d1997,3.14.7,macOS-26.6.2-arm64-arm-64bit-Mach-O,arm,0.03727533295750618,0.16103691700845957,0.03279483295045793,0.00740724999923259,0.007204583031125367,0.014117625076323748,2.4416949599981308e-05,0.007384666940197349,0.007558792014606297,0.0006084589986130595,0.029693959979340434,0.07712145894765854,6.229092832654715e-05,0.13889795797877014,0.009755624923855066,0.1486535829026252,1.5290919691324234e-05,8.162495214492083e-05,0.0868770838715136,0.28518933383747935,0.42870937497355044
1625,random_1622,random_cycle_chord,20260823,baseline,0,200,3,8,10,6.150153731115229,True,True,,perf/incremental-yamada-frontier-order,1d8374f42cccbb16d78d44100a65ca603d7d1997,3.14.7,macOS-26.6.2-arm64-arm-64bit-Mach-O,arm,0.035130292060784996,0.15993508300743997,0.034046457963995636,0.007091584033332765,0.0071315409149974585,0.014023541938513517,2.3833010345697403e-05,0.007258333032950759,0.007479291991330683,0.0005719589535146952,0.029356958926655352,0.07764804200269282,6.554194260388613e-05,0.1378629170358181,0.009214999969117343,0.14707791700493544,1.5208963304758072e-05,7.616693619638681e-05,0.08686304197181016,0.28192841704003513,0.42426220793277025
1626,random_1623,random_cycle_chord,20260823,crossing_rich,5,200,5,8,12,4.1300364890671055,True,True,,perf/incremental-yamada-frontier-order,1d8374f42cccbb16d78d44100a65ca603d7d1997,3.14.7,macOS-26.6.2-arm64-arm-64bit-Mach-O,arm,0.032873541000299156,0.15906708396505564,0.04329920804593712,0.011608375003561378,0.013363916892558336,0.02636641706340015,4.400010220706463e-05,0.013720707967877388,0.014416874968446791,0.0014936670195311308,0.056041667121462524,0.12435129110235721,0.0002022909466177225,0.17392137495335191,0.030986333033069968,0.20490770798642188,2.5916961021721363e-05,0.0001669169869273901,0.15533762413542718,0.347278249100782,0.5261294580996037
1627,random_1624,random_cycle_chord,20260823,crossing_rich,6,200,6,13,18,4.367906050513088,True,True,,perf/incremental-yamada-frontier-order,1d8374f42cccbb16d78d44100a65ca603d7d1997,3.14.7,macOS-26.6.2-arm64-arm-64bit-Mach-O,arm,0.05009287502616644,0.15762783295940608,0.04653216595761478,0.01303954201284796,0.014902124996297061,0.02918504097033292,8.691695984452963e-05,0.014953249949030578,0.015604499960318208,0.0017487090080976486,0.061578416847623885,0.1361186250578612,0.00011066696606576443,0.2593496670015156,0.03331849991809577,0.2926681669196114,3.316695801913738e-05,0.0001924589741975069,0.16943712497595698,0.3771578329615295,0.6420972499763593
1628,random_1625,random_cycle_chord,20260823,crossing_rich,3,200,4,8,11,4.131834475671006,True,True,,perf/incremental-yamada-frontier-order,1d8374f42cccbb16d78d44100a65ca603d7d1997,3.14.7,macOS-26.6.2-arm64-arm-64bit-Mach-O,arm,0.0293922919081524,0.17195262503810227,0.04372470802627504,0.010983249987475574,0.011857792036607862,0.02365191699936986,6.400002166628838e-05,0.011869624955579638,0.012049458106048405,0.0010838330490514636,0.048718833131715655,0.11531629192177206,0.00010149995796382427,0.1630475000711158,0.01983029197435826,0.18287779204547405,2.566596958786249e-05,0.0001396669540554285,0.13514658389613032,0.336491500842385,0.50518524996005
1629,random_1626,random_cycle_chord,20260823,crossing_rich,3,200,4,8,11,4.200258858319204,True,True,,perf/incremental-yamada-frontier-order,1d8374f42cccbb16d78d44100a65ca603d7d1997,3.14.7,macOS-26.6.2-arm64-arm-64bit-Mach-O,arm,0.031134916003793478,0.1619733339175582,0.04404279205482453,0.009939541923813522,0.01088395796250552,0.021409332985058427,3.245798870921135e-05,0.011143459007143974,0.011608583037741482,0.0010926249669864774,0.04528645798563957,0.11018091603182256,8.179200813174248e-05,0.15871783392503858,0.027602292015217245,0.18632012594025582,2.0332983694970608e-05,0.00012883299496024847,0.1377832080470398,0.3308914579683915,0.4941874580690637
1630,random_1627,random_cycle_chord,20260823,crossing_rich,6,200,6,12,17,4.831686289460187,True,True,,perf/incremental-yamada-frontier-order,1d8374f42cccbb16d78d44100a65ca603d7d1997,3.14.7,macOS-26.6.2-arm64-arm-64bit-Mach-O,arm,0.05020341707859188,0.1607101249974221,0.05242495809216052,0.013043500017374754,0.014367666910402477,0.028209000010974705,7.554201874881983e-05,0.014534875052049756,0.015329915913753211,0.0018164169741794467,0.05996574996970594,0.13986370794009417,0.00011937494855374098,0.24412083404604346,0.03602187498472631,0.28014270903076977,3.187498077750206e-05,0.00019408296793699265,0.17588558292482048,0.38679912500083447,0.6359415409388021
1631,random_1628,random_cycle_chord,20260823,baseline,0,200,4,10,13,4.708672885381248,True,True,,perf/incremental-yamada-frontier-order,1d8374f42cccbb16d78d44100a65ca603d7d1997,3.14.7,macOS-26.6.2-arm64-arm-64bit-Mach-O,arm,0.03713845903985202,0.15853058290667832,0.024474875070154667,0.008384166052564979,0.008715791977010667,0.017226750031113625,3.191595897078514e-05,0.008942707907408476,0.009261750034056604,0.0008156249532476068,0.036278748884797096,0.07788320805411786,8.008303120732307e-05,0.16468375001568347,0.012041250010952353,0.17672500002663583,1.937500201165676e-05,8.612498641014099e-05,0.08992445806507021,0.28559350001160055,0.45488279103301466
1632,random_1629,random_cycle_chord,20260823,baseline,0,200,3,11,13,5.222946183293054,True,True,,perf/incremental-yamada-frontier-order,1d8374f42cccbb16d78d44100a65ca603d7d1997,3.14.7,macOS-26.6.2-arm64-arm-64bit-Mach-O,arm,0.040270542027428746,0.15954812499694526,0.0284713750006631,0.007701167021878064,0.007454375037923455,0.014699082938022912,2.2792024537920952e-05,0.007615749957039952,0.007757500046864152,0.0005391249433159828,0.03063424990978092,0.07428158400580287,7.291603833436966e-05,0.18343541596550494,0.008874499937519431,0.19230991590302438,1.6167061403393745e-05,7.512501906603575e-05,0.0831560839433223,0.2829747509676963,0.4711969579802826
1633,random_1630,random_cycle_chord,20260823,baseline,0,200,3,10,12,4.6197467660551155,True,True,,perf/incremental-yamada-frontier-order,1d8374f42cccbb16d78d44100a65ca603d7d1997,3.14.7,macOS-26.6.2-arm64-arm-64bit-Mach-O,arm,0.03415612492244691,0.15923262503929436,0.024498583981767297,0.007092959014698863,0.007026499952189624,0.013822375098243356,2.2875028662383556e-05,0.007185750058852136,0.0073651670245453715,0.0006005839677527547,0.028996751178056,0.06763504107948393,6.674998439848423e-05,0.15481816709507257,0.009200625005178154,0.16401879210025072,1.595797948539257e-05,7.895904127508402e-05,0.07683566608466208,0.27022441604640335,0.4295445419847965
1634,random_1631,random_cycle_chord,20260823,baseline,0,200,3,11,13,4.101473627424999,True,True,,perf/incremental-yamada-frontier-order,1d8374f42cccbb16d78d44100a65ca603d7d1997,3.14.7,macOS-26.6.2-arm64-arm-64bit-Mach-O,arm,0.033795833005569875,0.1590756670339033,0.0213741670595482,0.006998583907261491,0.007022000034339726,0.013820167048834264,2.2958964109420776e-05,0.007204374996945262,0.007487375056371093,0.0006525000790134072,0.029187376145273447,0.06460354197770357,7.062498480081558e-05,0.17898437497206032,0.010555249988101423,0.18953962496016175,1.5625031664967537e-05,8.291704580187798e-05,0.075158791965805,0.26803029200527817,0.45168766588903964
1635,random_1632,random_cycle_chord,20260823,baseline,0,200,3,10,12,4.637382573384761,True,True,,perf/incremental-yamada-frontier-order,1d8374f42cccbb16d78d44100a65ca603d7d1997,3.14.7,macOS-26.6.2-arm64-arm-64bit-Mach-O,arm,0.033765750005841255,0.16132958396337926,0.022924834047444165,0.007778750034049153,0.0076220419723540545,0.01489508303347975,2.274999860674143e-05,0.007569000008516014,0.007760666077956557,0.0005734160076826811,0.030820915126241744,0.06916737509891391,6.987503729760647e-05,0.15301254100631922,0.008780875010415912,0.16179341601673514,1.520791556686163e-05,7.42500415071845e-05,0.07794825010932982,0.27304358407855034,0.4305905420333147
1636,random_1633,random_cycle_chord,20260823,crossing_rich,8,200,7,12,18,4.87504484266072,True,True,,perf/incremental-yamada-frontier-order,1d8374f42cccbb16d78d44100a65ca603d7d1997,3.14.7,macOS-26.6.2-arm64-arm-64bit-Mach-O,arm,0.05329650000203401,0.16034320800099522,0.05619154195301235,0.01705662498716265,0.01607008301652968,0.0316320420242846,8.462497498840094e-05,0.016260207979939878,0.017291583004407585,0.002241457928903401,0.06750991591252387,0.15689979202579707,0.0002984160091727972,0.265182749950327,0.04579933302011341,0.3109820829704404,4.100007936358452e-05,0.00024141697213053703,0.20269912504591048,0.4163388330489397,0.6874450410250574
1637,random_1634,random_cycle_chord,20260823,crossing_rich,4,200,5,10,14,5.484453617102825,True,True,,perf/incremental-yamada-frontier-order,1d8374f42cccbb16d78d44100a65ca603d7d1997,3.14.7,macOS-26.6.2-arm64-arm-64bit-Mach-O,arm,0.04493724997155368,0.1608299999497831,0.055704333004541695,0.01094695902429521,0.011992458021268249,0.023586666909977794,3.8792029954493046e-05,0.012214416987262666,0.012865750002674758,0.0013574579497799277,0.05006308387964964,0.12874212500173599,8.79999715834856e-05,0.2957625000271946,0.0361508340574801,0.3319133340846747,2.5541987270116806e-05,0.00014995899982750416,0.16489295905921608,0.37066020898055285,0.6705737080192193
1638,random_1635,random_cycle_chord,20260823,baseline,0,200,3,8,10,6.131612356871091,True,True,,perf/incremental-yamada-frontier-order,1d8374f42cccbb16d78d44100a65ca603d7d1997,3.14.7,macOS-26.6.2-arm64-arm-64bit-Mach-O,arm,0.035049958038143814,0.15955400001257658,0.03520266595296562,0.007742415997199714,0.007186208036728203,0.014179499936290085,2.316699828952551e-05,0.0073420420521870255,0.00750333396717906,0.0005803330568596721,0.02962837601080537,0.07978024997282773,6.241688970476389e-05,0.13859445904381573,0.009151333011686802,0.14774579205550253,1.5333062037825584e-05,7.195805665105581e-05,0.08893158298451453,0.28353554103523493,0.4265907499939203
1639,random_1636,random_cycle_chord,20260823,crossing_rich,6,200,6,15,20,4.048815157073365,True,True,,perf/incremental-yamada-frontier-order,1d8374f42cccbb16d78d44100a65ca603d7d1997,3.14.7,macOS-26.6.2-arm64-arm-64bit-Mach-O,arm,0.05217804096173495,0.15974875004030764,0.0392975410213694,0.015030415961518884,0.014635750092566013,0.028831499977968633,5.0042057409882545e-05,0.0149309589760378,0.015842458931729198,0.0017766660312190652,0.06143162597436458,0.13044095796067268,0.00010958395432680845,0.286614750046283,0.03655679104849696,0.32317154109477997,3.2667070627212524e-05,0.00020091596525162458,0.16699774900916964,0.37892454001121223,0.670921582961455
1640,random_1637,random_cycle_chord,20260823,crossing_rich,8,200,7,14,20,4.295734526054369,True,True,,perf/incremental-yamada-frontier-order,1d8374f42cccbb16d78d44100a65ca603d7d1997,3.14.7,macOS-26.6.2-arm64-arm-64bit-Mach-O,arm,0.054898291011340916,0.17280291591305286,0.05009870801586658,0.016108457930386066,0.017832749988883734,0.03486245800741017,7.366598583757877e-05,0.0180504999589175,0.018978459062054753,0.002129124943166971,0.07409420795738697,0.15819550002925098,0.0001241669524461031,0.41684633295517415,0.05675716698169708,0.47360349993687123,5.3625088185071945e-05,0.00024354096967726946,0.21495266701094806,0.44265387393534184,0.8638950829626992
1641,random_1638,random_cycle_chord,20260823,baseline,0,200,3,10,12,4.642202657410595,True,True,,perf/incremental-yamada-frontier-order,1d8374f42cccbb16d78d44100a65ca603d7d1997,3.14.7,macOS-26.6.2-arm64-arm-64bit-Mach-O,arm,0.03462487494107336,0.16077908303122967,0.023182832985185087,0.007236332981847227,0.007058208924718201,0.013865833985619247,2.320797648280859e-05,0.0072166669415310025,0.007364541990682483,0.0005728329997509718,0.029043083894066513,0.06654145789798349,7.554097101092339e-05,0.1619143330026418,0.008950708084739745,0.17086504108738154,1.6041100025177002e-05,7.812504190951586e-05,0.07549216598272324,0.27089612395502627,0.43737137503921986
1642,random_1639,random_cycle_chord,20260823,baseline,0,200,3,13,15,4.569240606443291,True,True,,perf/incremental-yamada-frontier-order,1d8374f42cccbb16d78d44100a65ca603d7d1997,3.14.7,macOS-26.6.2-arm64-arm-64bit-Mach-O,arm,0.04145016707479954,0.16101924993563443,0.021965416963212192,0.007106584031134844,0.006816832930780947,0.013686541933566332,2.462498378008604e-05,0.007067125057801604,0.007198791019618511,0.0006163329817354679,0.028593415976502,0.06450249999761581,8.158304262906313e-05,0.21066266705747694,0.009740541921928525,0.22040320897940546,1.579197123646736e-05,8.304102811962366e-05,0.07424304191954434,0.2767124589299783,0.4919344170484692
1643,random_1640,random_cycle_chord,20260823,baseline,0,200,3,10,12,5.622850360807491,True,True,,perf/incremental-yamada-frontier-order,1d8374f42cccbb16d78d44100a65ca603d7d1997,3.14.7,macOS-26.6.2-arm64-arm-64bit-Mach-O,arm,0.03903191699646413,0.16212291701231152,0.03436762501951307,0.008529249927960336,0.008184749982319772,0.01648179197218269,6.604194641113281e-05,0.008693167008459568,0.00857549998909235,0.000687708961777389,0.03450420987792313,0.08562608296051621,0.00011704093776643276,0.19444258301518857,0.0103302919305861,0.20477287494577467,2.2541964426636696e-05,0.00011575000826269388,0.09595637489110231,0.29711120889987797,0.4965111669152975
1644,random_1641,random_cycle_chord,20260823,baseline,0,200,4,10,13,4.6677217965528985,True,True,,perf/incremental-yamada-frontier-order,1d8374f42cccbb16d78d44100a65ca603d7d1997,3.14.7,macOS-26.6.2-arm64-arm-64bit-Mach-O,arm,0.03967850003391504,0.17227700003422797,0.027372458949685097,0.009000082965940237,0.009218959021382034,0.018573374953120947,3.358302637934685e-05,0.00940858293324709,0.009686750010587275,0.0008307920070365071,0.038533082930371165,0.08415545802563429,8.616701234132051e-05,0.18834216590039432,0.012175749987363815,0.20051791588775814,2.0292005501687527e-05,0.00010200007818639278,0.0963312080129981,0.3082867080811411,0.5016309580532834
1645,random_1642,random_cycle_chord,20260823,baseline,0,200,3,8,10,6.212959377151581,True,True,,perf/incremental-yamada-frontier-order,1d8374f42cccbb16d78d44100a65ca603d7d1997,3.14.7,macOS-26.6.2-arm64-arm-64bit-Mach-O,arm,0.03676141600590199,0.1642197499750182,0.03553533391095698,0.007854208932258189,0.0073651670245453715,0.014417124912142754,3.245798870921135e-05,0.007560334051959217,0.007928708917461336,0.0006947920192033052,0.030633417889475822,0.08141008298844099,9.170803241431713e-05,0.1447538749780506,0.010142041952349246,0.15489591693039984,2.3499946109950542e-05,9.63329803198576e-05,0.09155212494079024,0.29253329092171043,0.44217441708315164
1646,random_1643,random_cycle_chord,20260823,crossing_rich,4,200,5,8,12,6.603622521523539,True,True,,perf/incremental-yamada-frontier-order,1d8374f42cccbb16d78d44100a65ca603d7d1997,3.14.7,macOS-26.6.2-arm64-arm-64bit-Mach-O,arm,0.04918908409308642,0.16236004105303437,0.07471549999900162,0.010687791975215077,0.01142279093619436,0.022553041926585138,3.975001163780689e-05,0.011675082962028682,0.012535042013041675,0.0015706249978393316,0.048373541911132634,0.1452356670051813,0.00018954207189381123,0.17585370794404298,0.030126333935186267,0.20598004187922925,2.6499968953430653e-05,0.00017245800700038671,0.17536200094036758,0.38691112608648837,0.5681125409901142
1647,random_1644,random_cycle_chord,20260823,crossing_rich,5,200,5,8,12,4.231132002653967,True,True,,perf/incremental-yamada-frontier-order,1d8374f42cccbb16d78d44100a65ca603d7d1997,3.14.7,macOS-26.6.2-arm64-arm-64bit-Mach-O,arm,0.03336241701617837,0.15989062504377216,0.04246062505990267,0.011790415970608592,0.01325020904187113,0.026120125083252788,4.1624996811151505e-05,0.013519833097234368,0.014232083922252059,0.0013972080778330564,0.05531087517738342,0.12284862494561821,0.0002924579894170165,0.28273750003427267,0.03880854102317244,0.3215460410574451,2.5582965463399887e-05,0.00016008294187486172,0.16165716596879065,0.3549102080287412,0.6421842500567436
1648,random_1645,random_cycle_chord,20260823,baseline,0,200,4,14,17,4.296265004037594,True,True,,perf/incremental-yamada-frontier-order,1d8374f42cccbb16d78d44100a65ca603d7d1997,3.14.7,macOS-26.6.2-arm64-arm-64bit-Mach-O,arm,0.045518333092331886,0.15982529206667095,0.022676332970149815,0.008527291007339954,0.008889500051736832,0.01751154102385044,3.300001844763756e-05,0.012857915950007737,0.009421625058166683,0.0008167080814018846,0.04064079013187438,0.08076154196169227,9.40409954637289e-05,0.218867874937132,0.012445583008229733,0.23131345794536173,2.0166044123470783e-05,0.00010504201054573059,0.093207124969922,0.29855075012892485,0.5220933749806136
1649,random_1646,random_cycle_chord,20260823,baseline,0,200,3,8,10,6.146218857116709,True,True,,perf/incremental-yamada-frontier-order,1d8374f42cccbb16d78d44100a65ca603d7d1997,3.14.7,macOS-26.6.2-arm64-arm-64bit-Mach-O,arm,0.03570324997417629,0.15848866698797792,0.03459987509995699,0.007129708072170615,0.007143000024370849,0.01405454205814749,2.2999942302703857e-05,0.007276208023540676,0.00754766701720655,0.000643625040538609,0.029545042081736028,0.07843858399428427,6.291596218943596e-05,0.1375204159412533,0.010547667043283582,0.1480680829845369,1.5583005733788013e-05,8.27079638838768e-05,0.08898625103756785,0.28317816799972206,0.42531170800793916
1650,random_1647,random_cycle_chord,20260823,baseline,0,200,3,8,10,6.193218850420221,True,True,,perf/incremental-yamada-frontier-order,1d8374f42cccbb16d78d44100a65ca603d7d1997,3.14.7,macOS-26.6.2-arm64-arm-64bit-Mach-O,arm,0.035443166038021445,0.15935941704083234,0.03368833300191909,0.007267083041369915,0.007150709046982229,0.014106041984632611,2.2834050469100475e-05,0.007305999984964728,0.007540874998085201,0.0006239579524844885,0.02959970897063613,0.07772529101930559,6.379210390150547e-05,0.13954220805317163,0.010140000027604401,0.14968220808077604,1.6208039596676826e-05,8.595804683864117e-05,0.08786529104690999,0.2826678741257638,0.42668420798145235
1651,random_1648,random_cycle_chord,20260823,baseline,0,200,4,14,17,4.291659621753204,True,True,,perf/incremental-yamada-frontier-order,1d8374f42cccbb16d78d44100a65ca603d7d1997,3.14.7,macOS-26.6.2-arm64-arm-64bit-Mach-O,arm,0.046370291034691036,0.15880804206244648,0.025233249994926155,0.00856429198756814,0.009207124938257039,0.018072749953716993,3.083306364715099e-05,0.009364416007883847,0.009592249989509583,0.0007452080026268959,0.03780545701738447,0.08083816606085747,8.683302439749241e-05,0.23045391705818474,0.011757540982216597,0.24221145804040134,1.850002445280552e-05,8.808297570794821e-05,0.09259570704307407,0.2977740401402116,0.5328387080226094
1652,random_1649,random_cycle_chord,20260823,baseline,0,200,3,10,12,5.620894798233479,True,True,,perf/incremental-yamada-frontier-order,1d8374f42cccbb16d78d44100a65ca603d7d1997,3.14.7,macOS-26.6.2-arm64-arm-64bit-Mach-O,arm,0.038696541101671755,0.15938837500289083,0.03142000001389533,0.0069790000561624765,0.007017125026322901,0.013778291991911829,2.26249685510993e-05,0.007158666965551674,0.007365000084973872,0.0005694159772247076,0.02889399998821318,0.07433104200754315,6.804103031754494e-05,0.16488041589036584,0.008500584051944315,0.17338099994231015,1.525005791336298e-05,7.208297029137611e-05,0.08283162605948746,0.28091654216405004,0.4502766670193523
1653,random_1650,random_cycle_chord,20260823,baseline,0,200,4,11,14,4.04785240620397,True,True,,perf/incremental-yamada-frontier-order,1d8374f42cccbb16d78d44100a65ca603d7d1997,3.14.7,macOS-26.6.2-arm64-arm-64bit-Mach-O,arm,0.0366291250102222,0.1579112079925835,0.02528791595250368,0.008163582999259233,0.008211583946831524,0.016155959106981754,3.066693898290396e-05,0.008415666059590876,0.00869175000116229,0.0008001250680536032,0.03409416717477143,0.07578537508379668,7.904204539954662e-05,0.1927884160540998,0.012272291933186352,0.20506070798728615,1.9417027942836285e-05,9.241700172424316e-05,0.08805766701698303,0.28259800001978874,0.47999412508215755
1654,random_1651,random_cycle_chord,20260823,baseline,0,200,3,8,10,6.1955406899307945,True,True,,perf/incremental-yamada-frontier-order,1d8374f42cccbb16d78d44100a65ca603d7d1997,3.14.7,macOS-26.6.2-arm64-arm-64bit-Mach-O,arm,0.03546775004360825,0.1611109160585329,0.03288441710174084,0.007890374981798232,0.007510832976549864,0.014717958052642643,3.100000321865082e-05,0.007660374976694584,0.0077227079309523106,0.0005928749451413751,0.030724915908649564,0.07903925003483891,7.233396172523499e-05,0.14097499998752028,0.009302499936893582,0.15027749992441386,1.5666941180825233e-05,8.195906411856413e-05,0.0883417499717325,0.28492041607387364,0.4304899999406189
1655,random_1652,random_cycle_chord,20260823,baseline,0,200,3,10,12,4.62919144986543,True,True,,perf/incremental-yamada-frontier-order,1d8374f42cccbb16d78d44100a65ca603d7d1997,3.14.7,macOS-26.6.2-arm64-arm-64bit-Mach-O,arm,0.03439795796293765,0.162282207980752,0.02301558293402195,0.007532209041528404,0.00750000006519258,0.015084750019013882,2.4999957531690598e-05,0.007947208010591567,0.008108958951197565,0.0005866249557584524,0.031752541894093156,0.06982091697864234,7.1333022788167e-05,0.15752420795615762,0.009515375015325844,0.16703958297148347,1.591700129210949e-05,7.866695523262024e-05,0.07933629199396819,0.27601645793765783,0.4380662499461323
1656,random_1653,random_cycle_chord,20260823,crossing_rich,4,200,5,8,12,6.590027365972005,True,True,,perf/incremental-yamada-frontier-order,1d8374f42cccbb16d78d44100a65ca603d7d1997,3.14.7,macOS-26.6.2-arm64-arm-64bit-Mach-O,arm,0.04775133391376585,0.16238087497185916,0.06791283399797976,0.010479958029463887,0.011321499943733215,0.022345209028571844,3.829202614724636e-05,0.01158674992620945,0.012433958007022738,0.001548707950860262,0.04795291693881154,0.13770341605413705,0.00016779103316366673,0.17198612506035715,0.029596750042401254,0.2015828751027584,2.5707995519042015e-05,0.00017695804126560688,0.1673001660965383,0.3774323749821633,0.5543217499507591
1657,random_1654,random_cycle_chord,20260823,baseline,0,200,4,13,16,4.56601125450146,True,True,,perf/incremental-yamada-frontier-order,1d8374f42cccbb16d78d44100a65ca603d7d1997,3.14.7,macOS-26.6.2-arm64-arm-64bit-Mach-O,arm,0.04489166592247784,0.15953183302190155,0.026069957995787263,0.008507916005328298,0.00854237494058907,0.016677542007528245,3.10409814119339e-05,0.008649875060655177,0.0089670829474926,0.0007929999846965075,0.03511854098178446,0.07826824998483062,8.65840120241046e-05,0.22072254098020494,0.012264000019058585,0.23298654099926353,1.9707949832081795e-05,9.770796168595552e-05,0.0905322500038892,0.2949557489482686,0.520456290920265
1658,random_1655,random_cycle_chord,20260823,baseline,0,200,4,10,13,4.63216409394467,True,True,,perf/incremental-yamada-frontier-order,1d8374f42cccbb16d78d44100a65ca603d7d1997,3.14.7,macOS-26.6.2-arm64-arm-64bit-Mach-O,arm,0.0366562909912318,0.1597317080013454,0.026428667013533413,0.008014250081032515,0.008169374894350767,0.016064874944277108,3.079092130064964e-05,0.008349166018888354,0.008634875062853098,0.0007859159959480166,0.033865622943267226,0.07650575006846339,7.516704499721527e-05,0.179183250060305,0.01216320798266679,0.1913464580429718,2.0333100110292435e-05,9.491690434515476e-05,0.08866895805113018,0.28505695704370737,0.46885066595859826
1659,random_1656,random_cycle_chord,20260823,baseline,0,200,3,8,10,6.171037180870697,True,True,,perf/incremental-yamada-frontier-order,1d8374f42cccbb16d78d44100a65ca603d7d1997,3.14.7,macOS-26.6.2-arm64-arm-64bit-Mach-O,arm,0.035489666974171996,0.16972825000993907,0.03559304203372449,0.007961499970406294,0.007812207913957536,0.015186917036771774,2.416700590401888e-05,0.007695416919887066,0.00789941695984453,0.0006403339793905616,0.03144625190179795,0.08283641701564193,6.600003689527512e-05,0.1426877500489354,0.010171541944146156,0.15285929199308157,1.520791556686163e-05,8.450006134808064e-05,0.09300795895978808,0.29822587594389915,0.4457674160366878
1660,random_1657,random_cycle_chord,20260823,crossing_rich,2,200,4,8,11,6.360260397601662,True,True,,perf/incremental-yamada-frontier-order,1d8374f42cccbb16d78d44100a65ca603d7d1997,3.14.7,macOS-26.6.2-arm64-arm-64bit-Mach-O,arm,0.03817804192658514,0.15804400003980845,0.053523165988735855,0.008759999996982515,0.008621458080597222,0.016972292098216712,3.145902883261442e-05,0.008853624924086034,0.009306665975600481,0.0009912910172715783,0.03615533304400742,0.10708645801059902,7.187493611127138e-05,0.1461935000261292,0.018084708019159734,0.16427820804528892,2.0458013750612736e-05,0.00011812499724328518,0.12517116602975875,0.32139320799615234,0.47197950002737343
1661,random_1658,random_cycle_chord,20260823,crossing_rich,4,200,5,10,14,5.475222447717726,True,True,,perf/incremental-yamada-frontier-order,1d8374f42cccbb16d78d44100a65ca603d7d1997,3.14.7,macOS-26.6.2-arm64-arm-64bit-Mach-O,arm,0.042321791988797486,0.14889616705477238,0.08278733398765326,0.010565332951955497,0.011572457966394722,0.02211979206185788,4.449998959898949e-05,0.011316874995827675,0.01198191603180021,0.0013654589420184493,0.0468285420211032,0.15179400006309152,9.354192297905684e-05,0.17419112497009337,0.024469958036206663,0.19866108300630003,2.458400558680296e-05,0.00014416698832064867,0.17626395809929818,0.36748191714286804,0.5461720420280471
1662,random_1659,random_cycle_chord,20260823,baseline,0,200,3,14,16,4.2942214262006395,True,True,,perf/incremental-yamada-frontier-order,1d8374f42cccbb16d78d44100a65ca603d7d1997,3.14.7,macOS-26.6.2-arm64-arm-64bit-Mach-O,arm,0.0398037499981001,0.14893791591748595,0.02054345910437405,0.006717749987728894,0.006675209035165608,0.013091207947582006,2.1792016923427582e-05,0.006889707990922034,0.007083708071149886,0.0005504169967025518,0.027636833023279905,0.06159204209689051,7.40840332582593e-05,0.20830399997066706,0.008669583010487258,0.21697358298115432,1.4375080354511738e-05,6.937503349035978e-05,0.07026162510737777,0.2590032910229638,0.47152083297260106
1663,random_1660,random_cycle_chord,20260823,crossing_rich,3,200,4,8,11,4.196192496836403,True,True,,perf/incremental-yamada-frontier-order,1d8374f42cccbb16d78d44100a65ca603d7d1997,3.14.7,macOS-26.6.2-arm64-arm-64bit-Mach-O,arm,0.028717041946947575,0.15216591604985297,0.032986082951538265,0.009514292003586888,0.010489750071428716,0.020714916987344623,2.975005190819502e-05,0.010744416038505733,0.01115279202349484,0.0010073749581351876,0.04364925005938858,0.09666749997995794,7.675006054341793e-05,0.24937870795838535,0.019004625035449862,0.2683833329938352,2.1165935322642326e-05,0.00011737504974007607,0.1156721250154078,0.29655508301220834,0.5501646669581532
1664,random_1661,random_cycle_chord,20260823,baseline,0,200,3,10,12,4.660743232200516,True,True,,perf/incremental-yamada-frontier-order,1d8374f42cccbb16d78d44100a65ca603d7d1997,3.14.7,macOS-26.6.2-arm64-arm-64bit-Mach-O,arm,0.033874207991175354,0.1633415831020102,0.022955707972869277,0.007419332978315651,0.007217791979201138,0.014195041032508016,2.8250040486454964e-05,0.007379082962870598,0.007583083002828062,0.0005717080784961581,0.029757165117189288,0.06737145804800093,0.00011341704521328211,0.16677570797037333,0.009420832968316972,0.1761965409386903,1.53339933604002e-05,7.26659782230854e-05,0.0767922910163179,0.27400808210950345,0.4453290000092238
1665,random_1662,random_cycle_chord,20260823,baseline,0,200,3,10,12,4.641332066927722,True,True,,perf/incremental-yamada-frontier-order,1d8374f42cccbb16d78d44100a65ca603d7d1997,3.14.7,macOS-26.6.2-arm64-arm-64bit-Mach-O,arm,0.034069999936036766,0.161052625044249,0.02288195793516934,0.007139708963222802,0.006955666001886129,0.01373504102230072,2.2082938812673092e-05,0.007147665950469673,0.007365708006545901,0.0006381249986588955,0.028908622916787863,0.06590579089242965,7.462501525878906e-05,0.16817541606724262,0.010162291931919754,0.17833770799916238,1.5874975360929966e-05,8.25000461190939e-05,0.0760680828243494,0.27119070780463517,0.4438442919636145
1666,random_1663,random_cycle_chord,20260823,baseline,0,200,4,11,14,4.05941980693104,True,True,,perf/incremental-yamada-frontier-order,1d8374f42cccbb16d78d44100a65ca603d7d1997,3.14.7,macOS-26.6.2-arm64-arm-64bit-Mach-O,arm,0.03809712501242757,0.1614771670429036,0.0253603330347687,0.00838354101870209,0.0085429159225896,0.01676820800639689,3.0624913051724434e-05,0.008769791922532022,0.009276041062548757,0.0007729170611128211,0.035617582965642214,0.07793295907322317,8.095800876617432e-05,0.19586645893286914,0.012066207942552865,0.207932666875422,1.954101026058197e-05,9.216694161295891e-05,0.08999916701577604,0.2895734590711072,0.49010300007648766
1667,random_1664,random_cycle_chord,20260823,baseline,0,200,3,10,12,4.697750728794172,True,True,,perf/incremental-yamada-frontier-order,1d8374f42cccbb16d78d44100a65ca603d7d1997,3.14.7,macOS-26.6.2-arm64-arm-64bit-Mach-O,arm,0.033993791905231774,0.15977866598404944,0.022323957993648946,0.0072073329938575625,0.007008500047959387,0.013733542058616877,2.329191192984581e-05,0.007162208086811006,0.007323250058107078,0.0005746670067310333,0.02881695912219584,0.0653774170204997,6.699992809444666e-05,0.16656720894388855,0.009318125084973872,0.17588533402886242,1.5332945622503757e-05,8.02080612629652e-05,0.07469554210547358,0.2684679999947548,0.43951245793141425
1668,random_1665,random_cycle_chord,20260823,baseline,0,200,3,9,11,5.326703869832876,True,True,,perf/incremental-yamada-frontier-order,1d8374f42cccbb16d78d44100a65ca603d7d1997,3.14.7,macOS-26.6.2-arm64-arm-64bit-Mach-O,arm,0.03423774999100715,0.15754795901011676,0.028901541023515165,0.007560290978290141,0.007469290983863175,0.014715291908942163,2.2500054910779e-05,0.007611832930706441,0.007850542082451284,0.0006115839350968599,0.030811750912107527,0.07476312492508441,6.554205901920795e-05,0.15088299999479204,0.009586375090293586,0.16046937508508563,1.5457975678145885e-05,7.924996316432953e-05,0.084349500015378,0.2761352090165019,0.43148087500594556
1669,random_1666,random_cycle_chord,20260823,baseline,0,200,3,8,10,6.161298325808143,True,True,,perf/incremental-yamada-frontier-order,1d8374f42cccbb16d78d44100a65ca603d7d1997,3.14.7,macOS-26.6.2-arm64-arm-64bit-Mach-O,arm,0.0353770419023931,0.15556479198858142,0.033016541972756386,0.0068377089919522405,0.00692349998280406,0.013709332910366356,2.2500054910779e-05,0.007072416949085891,0.007267375010997057,0.0005877079674974084,0.028659332892857492,0.07545695803128183,6.049999501556158e-05,0.1347823339747265,0.009718790999613702,0.1445011249743402,1.4582998119294643e-05,7.220800034701824e-05,0.08517574903089553,0.27611758292187005,0.4151919170981273
1670,random_1667,random_cycle_chord,20260823,baseline,0,200,3,8,10,6.13515690877897,True,True,,perf/incremental-yamada-frontier-order,1d8374f42cccbb16d78d44100a65ca603d7d1997,3.14.7,macOS-26.6.2-arm64-arm-64bit-Mach-O,arm,0.03428466699551791,0.15258004190400243,0.03279354202095419,0.006685832981020212,0.006808792008087039,0.013342541991733015,2.2249994799494743e-05,0.006959584075957537,0.0071159579092636704,0.0005553750088438392,0.027995708980597556,0.0743030000012368,5.8416975662112236e-05,0.1332472920184955,0.009002542006783187,0.1422498340252787,1.4125020243227482e-05,6.758293602615595e-05,0.08330554200801998,0.2701702509075403,0.4076057500205934
1671,random_1668,random_cycle_chord,20260823,crossing_rich,5,200,5,9,13,4.359250872132643,True,True,,perf/incremental-yamada-frontier-order,1d8374f42cccbb16d78d44100a65ca603d7d1997,3.14.7,macOS-26.6.2-arm64-arm-64bit-Mach-O,arm,0.034107749932445586,0.1511411250103265,0.04044891695957631,0.010614166967570782,0.012342500034719706,0.025179542019031942,5.195790436118841e-05,0.01281916699372232,0.013616207987070084,0.001416624989360571,0.053083499893546104,0.11652245908044279,9.170803241431713e-05,0.18052904191426933,0.029231416061520576,0.2097604579757899,2.4082954041659832e-05,0.00015195796731859446,0.14575387514196336,0.33100275008473545,0.5163185419514775
1672,random_1669,random_cycle_chord,20260823,crossing_rich,6,200,6,12,17,4.868418515725847,True,True,,perf/incremental-yamada-frontier-order,1d8374f42cccbb16d78d44100a65ca603d7d1997,3.14.7,macOS-26.6.2-arm64-arm-64bit-Mach-O,arm,0.04727229196578264,0.15196320798713714,0.05281829205341637,0.013873209012672305,0.014065459021367133,0.027875000028871,6.39590434730053e-05,0.01424195896834135,0.015170417027547956,0.0017632499802857637,0.059114585048519075,0.13992462505120784,9.949994273483753e-05,0.23644574999343604,0.03573887492530048,0.2721846249187365,2.9957969672977924e-05,0.00019283301662653685,0.17566349997650832,0.3748989999294281,0.6162009589606896
1673,random_1670,random_cycle_chord,20260823,crossing_rich,3,200,5,12,16,4.532148674294343,True,True,,perf/incremental-yamada-frontier-order,1d8374f42cccbb16d78d44100a65ca603d7d1997,3.14.7,macOS-26.6.2-arm64-arm-64bit-Mach-O,arm,0.04283675004262477,0.15350750007200986,0.04616108303889632,0.010307417018339038,0.011559708043932915,0.022887500002980232,3.841693978756666e-05,0.01186200010124594,0.012358375010080636,0.001216875039972365,0.04836316709406674,0.11642541701439768,9.012501686811447e-05,0.22250099992379546,0.022508000023663044,0.2450089999474585,2.4458044208586216e-05,0.0001385000068694353,0.13893341703806072,0.33527766715269536,0.5624499169643968
1674,random_1671,random_cycle_chord,20260823,baseline,0,200,3,8,10,6.167333446643138,True,True,,perf/incremental-yamada-frontier-order,1d8374f42cccbb16d78d44100a65ca603d7d1997,3.14.7,macOS-26.6.2-arm64-arm-64bit-Mach-O,arm,0.037644707947038114,0.17152237496338785,0.03526079107541591,0.007407959084957838,0.007475416990928352,0.014609041973017156,2.9333052225410938e-05,0.007684167008846998,0.007795833982527256,0.0006448329659178853,0.030763208982534707,0.08094033296220005,7.48330494388938e-05,0.14199645805638283,0.009947458049282432,0.15194391610566527,1.754099503159523e-05,8.929194882512093e-05,0.09088779101148248,0.30005487392190844,0.44678012502845377
1675,random_1672,random_cycle_chord,20260823,crossing_rich,4,200,5,11,15,5.225744762384972,True,True,,perf/incremental-yamada-frontier-order,1d8374f42cccbb16d78d44100a65ca603d7d1997,3.14.7,macOS-26.6.2-arm64-arm-64bit-Mach-O,arm,0.048504000063985586,0.16154033306520432,0.048783125006593764,0.011298083001747727,0.012251125066541135,0.024357750080525875,6.616697646677494e-05,0.013617875054478645,0.014219667064025998,0.0015316250501200557,0.05379308422561735,0.12616612506099045,0.00011979090049862862,0.22046229208353907,0.02668466593604535,0.24714695801958442,2.662499900907278e-05,0.00015654205344617367,0.1528507909970358,0.3628951241262257,0.5883048749528825
1676,random_1673,random_cycle_chord,20260823,baseline,0,200,3,13,15,4.562176308551026,True,True,,perf/incremental-yamada-frontier-order,1d8374f42cccbb16d78d44100a65ca603d7d1997,3.14.7,macOS-26.6.2-arm64-arm-64bit-Mach-O,arm,0.04282774997409433,0.1600906659150496,0.025192165980115533,0.007641791016794741,0.007692666025832295,0.015058709075674415,2.362497616559267e-05,0.007954582921229303,0.0084478750359267,0.0005970000056549907,0.032081792014651,0.07262879190966487,9.391701314598322e-05,0.25802241603378206,0.010263500036671758,0.2682859160704538,2.0915991626679897e-05,8.179096039384604e-05,0.08289229194633663,0.28581070783548057,0.5484197080368176
1677,random_1674,random_cycle_chord,20260823,baseline,0,200,3,9,11,5.396683551067775,True,True,,perf/incremental-yamada-frontier-order,1d8374f42cccbb16d78d44100a65ca603d7d1997,3.14.7,macOS-26.6.2-arm64-arm-64bit-Mach-O,arm,0.03720004204660654,0.16552704200148582,0.030383124947547913,0.00750387494917959,0.0073672079015523195,0.01489166694227606,5.362497176975012e-05,0.0075454170582816005,0.007751124911010265,0.0006331659387797117,0.030874999822117388,0.07615191594231874,8.537503890693188e-05,0.15871283307205886,0.010267541976645589,0.16898037504870445,1.7291982658207417e-05,8.86659836396575e-05,0.08641945791896433,0.2891465419670567,0.45254858396947384
1678,random_1675,random_cycle_chord,20260823,baseline,0,200,3,13,15,4.568976257569286,True,True,,perf/incremental-yamada-frontier-order,1d8374f42cccbb16d78d44100a65ca603d7d1997,3.14.7,macOS-26.6.2-arm64-arm-64bit-Mach-O,arm,0.0427774169947952,0.1600027910899371,0.02226550003979355,0.007332375040277839,0.007113458006642759,0.013945374987088144,2.2875028662383556e-05,0.0072942080441862345,0.007450582925230265,0.000576250022277236,0.029289291007444263,0.0660218340344727,7.90000194683671e-05,0.2063777910079807,0.00909608299843967,0.21547387400642037,1.4750054106116295e-05,7.995800115168095e-05,0.07511791703291237,0.27789812511764467,0.4888757079606876
1679,random_1676,random_cycle_chord,20260823,baseline,0,200,4,12,15,4.882300728908688,True,True,,perf/incremental-yamada-frontier-order,1d8374f42cccbb16d78d44100a65ca603d7d1997,3.14.7,macOS-26.6.2-arm64-arm-64bit-Mach-O,arm,0.04300095792859793,0.16143991600256413,0.02566166699398309,0.00866583304014057,0.009107874939218163,0.01790025003720075,3.095902502536774e-05,0.009292999980971217,0.009523792075924575,0.0007580419769510627,0.03750604309607297,0.08097012504003942,9.14169941097498e-05,0.21119937498588115,0.01176324998959899,0.22296262497548014,2.01669754460454e-05,9.245797991752625e-05,0.09273337502963841,0.29717424896080047,0.5130191660718992
1680,random_1677,random_cycle_chord,20260823,baseline,0,200,3,11,13,4.136702212365173,True,True,,perf/incremental-yamada-frontier-order,1d8374f42cccbb16d78d44100a65ca603d7d1997,3.14.7,macOS-26.6.2-arm64-arm-64bit-Mach-O,arm,0.03223324997816235,0.15883820806629956,0.017334916978143156,0.006913208053447306,0.006694416981190443,0.013194542028941214,2.2041029296815395e-05,0.0068374170223250985,0.007019000011496246,0.0005577499978244305,0.027630750089883804,0.05859224998857826,8.116697426885366e-05,0.16649525007233024,0.008847042103298008,0.17534229217562824,1.5708967112004757e-05,7.66250304877758e-05,0.06743929209187627,0.2585107501363382,0.42925891594495624
1681,random_1678,random_cycle_chord,20260823,baseline,0,200,4,14,17,4.295539707252372,True,True,,perf/incremental-yamada-frontier-order,1d8374f42cccbb16d78d44100a65ca603d7d1997,3.14.7,macOS-26.6.2-arm64-arm-64bit-Mach-O,arm,0.042615875019691885,0.15934283391106874,0.02421604096889496,0.009329666034318507,0.0102152080507949,0.0203221250558272,7.158308289945126e-05,0.011357457959093153,0.01031116594094783,0.0010531659936532378,0.043115498032420874,0.08693216706160456,0.00012100010644644499,0.26876391691621393,0.013192167039960623,0.28195608395617455,2.2249994799494743e-05,0.00010787497740238905,0.10012433410156518,0.3020830430323258,0.5757634579204023
1682,random_1679,random_cycle_chord,20260823,crossing_rich,2,200,4,8,11,6.375144537615343,True,True,,perf/incremental-yamada-frontier-order,1d8374f42cccbb16d78d44100a65ca603d7d1997,3.14.7,macOS-26.6.2-arm64-arm-64bit-Mach-O,arm,0.09286358300596476,0.17905141704250127,0.06124824995640665,0.009950665989890695,0.010315416962839663,0.020309542072936893,3.591692075133324e-05,0.010521832969971001,0.011088417028076947,0.0010789999505504966,0.04303470894228667,0.12458108295686543,9.095796849578619e-05,0.16989270807243884,0.01980054099112749,0.18969324906356633,2.7916976250708103e-05,0.00015237496700137854,0.14438162394799292,0.41629662399645895,0.5912593340035528
1683,random_1680,random_cycle_chord,20260823,crossing_rich,4,200,5,10,14,5.619828569632524,True,True,,perf/incremental-yamada-frontier-order,1d8374f42cccbb16d78d44100a65ca603d7d1997,3.14.7,macOS-26.6.2-arm64-arm-64bit-Mach-O,arm,0.05163712508510798,0.17473212501499802,0.06134891707915813,0.011083917110227048,0.011873082956299186,0.023957459023222327,4.26670303568244e-05,0.012173749972134829,0.012921500019729137,0.0014940410619601607,0.05058941710740328,0.13493741711135954,9.829201735556126e-05,0.21841920807491988,0.03332024998962879,0.25173945806454867,3.858294803649187e-05,0.00020037498325109482,0.16825766710098833,0.39462691720109433,0.6184720830060542
1684,random_1681,random_cycle_chord,20260823,baseline,0,200,3,8,10,6.109532783800933,True,True,,perf/incremental-yamada-frontier-order,1d8374f42cccbb16d78d44100a65ca603d7d1997,3.14.7,macOS-26.6.2-arm64-arm-64bit-Mach-O,arm,0.040298957959748805,0.16741237498354167,0.03580041695386171,0.007611915934830904,0.007508500013500452,0.015039749909192324,4.52499371021986e-05,0.007696625078096986,0.008469375083222985,0.000714082969352603,0.031965082976967096,0.08290999999735504,0.00010420801118016243,0.16412187507376075,0.01132862491067499,0.17545049998443574,2.01669754460454e-05,9.504100307822227e-05,0.09423862490803003,0.3019499578513205,0.47120120795443654
1685,random_1682,random_cycle_chord,20260823,baseline,0,200,3,11,13,4.065835185207982,True,True,,perf/incremental-yamada-frontier-order,1d8374f42cccbb16d78d44100a65ca603d7d1997,3.14.7,macOS-26.6.2-arm64-arm-64bit-Mach-O,arm,0.038435166934505105,0.1822972500231117,0.022809542017057538,0.008166000014171004,0.007833959069103003,0.01581437501590699,6.083305925130844e-05,0.008767166989855468,0.008350000018253922,0.0006435420364141464,0.033635917119681835,0.0724691670620814,9.837490506470203e-05,0.213793084025383,0.011042624944821,0.224835708970204,2.0292005501687527e-05,8.870800957083702e-05,0.0835117920069024,0.3042442089645192,0.5229827499715611
1686,random_1683,random_cycle_chord,20260823,baseline,0,200,3,10,12,4.6194512590898436,True,True,,perf/incremental-yamada-frontier-order,1d8374f42cccbb16d78d44100a65ca603d7d1997,3.14.7,macOS-26.6.2-arm64-arm-64bit-Mach-O,arm,0.037833874928765,0.18472966691479087,0.029031792073510587,0.0084147920133546,0.008360916981473565,0.016869749990291893,7.945799734443426e-05,0.00998512504156679,0.010405416949652135,0.0008872920880094171,0.03822704206686467,0.08406833303160965,0.00012383295688778162,0.29575883399229497,0.014732916024513543,0.3104917500168085,3.116705920547247e-05,0.00012945802882313728,0.0988012490561232,0.32136479089967906,0.6226764160674065
1687,random_1684,random_cycle_chord,20260823,baseline,0,200,3,8,10,6.12480034439845,True,True,,perf/incremental-yamada-frontier-order,1d8374f42cccbb16d78d44100a65ca603d7d1997,3.14.7,macOS-26.6.2-arm64-arm-64bit-Mach-O,arm,0.04864279192406684,0.20892804104369134,0.04532370809465647,0.009485708083957434,0.009030040935613215,0.017717499984428287,4.495796747505665e-05,0.009262874955311418,0.009353208937682211,0.0007200000109151006,0.03709854185581207,0.10097445803694427,9.81249613687396e-05,0.17637237499002367,0.011653625057078898,0.18802600004710257,2.062495332211256e-05,9.804207365959883e-05,0.11262808309402317,0.37019891606178135,0.5522969170706347
1688,random_1685,random_cycle_chord,20260823,baseline,0,200,3,11,13,5.221917901846579,True,True,,perf/incremental-yamada-frontier-order,1d8374f42cccbb16d78d44100a65ca603d7d1997,3.14.7,macOS-26.6.2-arm64-arm-64bit-Mach-O,arm,0.05046470800880343,0.2529402079526335,0.034158875001594424,0.008850208949297667,0.009049082989804447,0.01730920805130154,4.979199729859829e-05,0.008986582979559898,0.009171542013064027,0.0007243331056088209,0.03624145814683288,0.08834649994969368,0.00010908301919698715,0.23006824997719377,0.011939332936890423,0.2420075829140842,2.4416949599981308e-05,0.00010729196947067976,0.1002858328865841,0.40369074884802103,0.6395169170573354
1689,random_1686,random_cycle_chord,20260823,baseline,0,200,3,8,10,6.207702254934821,True,True,,perf/incremental-yamada-frontier-order,1d8374f42cccbb16d78d44100a65ca603d7d1997,3.14.7,macOS-26.6.2-arm64-arm-64bit-Mach-O,arm,0.044269958045333624,0.23561858397442847,0.05123291595373303,0.010033375001512468,0.009887916967272758,0.019030458061024547,5.4458039812743664e-05,0.009594958974048495,0.010337917017750442,0.0009186249226331711,0.0399364170152694,0.11114179203286767,0.00010516692418605089,0.18802795803640038,0.013168291072361171,0.20119624910876155,2.1125073544681072e-05,0.00010474992450326681,0.12431008310522884,0.40419862512499094,0.5988205830799416
1690,random_1687,random_cycle_chord,20260823,baseline,0,200,4,10,13,4.6845069971129245,True,True,,perf/incremental-yamada-frontier-order,1d8374f42cccbb16d78d44100a65ca603d7d1997,3.14.7,macOS-26.6.2-arm64-arm-64bit-Mach-O,arm,0.04740766703616828,0.2030390000436455,0.08477737498469651,0.01808750000782311,0.01118895795661956,0.02120866603218019,6.154098082333803e-05,0.010830083047039807,0.010588249890133739,0.0010000410256907344,0.04368858097586781,0.15778374997898936,0.00012445799075067043,0.20868550008162856,0.014159874990582466,0.22284537507221103,2.562499139457941e-05,0.00011037499643862247,0.17194362496957183,0.4223902920493856,0.636593583971262
1691,random_1688,random_cycle_chord,20260823,crossing_rich,3,200,4,8,11,4.214210737692924,True,True,,perf/incremental-yamada-frontier-order,1d8374f42cccbb16d78d44100a65ca603d7d1997,3.14.7,macOS-26.6.2-arm64-arm-64bit-Mach-O,arm,0.032914916053414345,0.1728766659507528,0.03941195900551975,0.010378833045251667,0.010914666927419603,0.021725500002503395,3.2125040888786316e-05,0.011025791056454182,0.011516749975271523,0.0010779158910736442,0.04537808196619153,0.10611391603015363,7.329101208597422e-05,0.251355291926302,0.01948675001040101,0.270842041936703,2.2582942619919777e-05,0.000130290980450809,0.12560066604055464,0.3313922480447218,0.5873135410947725
1692,random_1689,random_cycle_chord,20260823,baseline,0,200,3,8,10,6.136278208443479,True,True,,perf/incremental-yamada-frontier-order,1d8374f42cccbb16d78d44100a65ca603d7d1997,3.14.7,macOS-26.6.2-arm64-arm-64bit-Mach-O,arm,0.03589983400888741,0.15932854101993144,0.036584499990567565,0.007304291008040309,0.007130792015232146,0.013936667004600167,3.304204437881708e-05,0.007243791944347322,0.007370417006313801,0.0005917079979553819,0.02917562599759549,0.08022545906715095,7.462501525878906e-05,0.1337899579666555,0.009438625071197748,0.14322858303785324,1.4415942132472992e-05,7.558311335742474e-05,0.0896640841383487,0.28489245916716754,0.42307183297816664
1693,random_1690,random_cycle_chord,20260823,baseline,0,200,3,10,12,4.707741930799722,True,True,,perf/incremental-yamada-frontier-order,1d8374f42cccbb16d78d44100a65ca603d7d1997,3.14.7,macOS-26.6.2-arm64-arm-64bit-Mach-O,arm,0.032283499953337014,0.14924183406401426,0.021892541903071105,0.006917917053215206,0.006641707965172827,0.013500917004421353,4.099996294826269e-05,0.0071663749404251575,0.0071243749698624015,0.0005527080502361059,0.02838537492789328,0.063857915927656,8.045905269682407e-05,0.16052770800888538,0.008627999923191965,0.16915570793207735,1.3874960131943226e-05,7.062498480081558e-05,0.07248591585084796,0.25401124986819923,0.41873725003097206
1694,random_1691,random_cycle_chord,20260823,crossing_rich,3,200,5,11,15,4.448673933266399,True,True,,perf/incremental-yamada-frontier-order,1d8374f42cccbb16d78d44100a65ca603d7d1997,3.14.7,macOS-26.6.2-arm64-arm-64bit-Mach-O,arm,0.03897570807021111,0.15084637491963804,0.04264654195867479,0.01030974998138845,0.011392583954147995,0.022228791029192507,5.904200952500105e-05,0.011632499983534217,0.012230291031301022,0.0012834160588681698,0.04743404011242092,0.11183658300433308,0.00010987499263137579,0.2026940000941977,0.022448500036261976,0.22514250013045967,2.358399797230959e-05,0.00013720791321247816,0.13428508304059505,0.3241071660304442,0.5313374169636518
1695,random_1692,random_cycle_chord,20260823,crossing_rich,2,200,4,8,11,6.4178075495841505,True,True,,perf/incremental-yamada-frontier-order,1d8374f42cccbb16d78d44100a65ca603d7d1997,3.14.7,macOS-26.6.2-arm64-arm-64bit-Mach-O,arm,0.0378427921095863,0.1487044160021469,0.05543520802166313,0.008368208073079586,0.008895749924704432,0.017503583920188248,2.9125018045306206e-05,0.009031833033077419,0.00954129092860967,0.0009337919764220715,0.037039624876342714,0.10976479097735137,6.737501826137304e-05,0.14476708404254168,0.01664899999741465,0.16141608403995633,1.9125058315694332e-05,0.00010670803021639585,0.12641379097476602,0.3129609990864992,0.46198316698428243
1696,random_1693,random_cycle_chord,20260823,baseline,0,200,3,9,11,5.382462862711196,True,True,,perf/incremental-yamada-frontier-order,1d8374f42cccbb16d78d44100a65ca603d7d1997,3.14.7,macOS-26.6.2-arm64-arm-64bit-Mach-O,arm,0.032290958100929856,0.1478747499641031,0.024554041912779212,0.006714500021189451,0.007042999961413443,0.013885625055991113,2.1332991309463978e-05,0.00719591707456857,0.007363582961261272,0.0005477080121636391,0.02901416609529406,0.06734570791013539,6.0083926655352116e-05,0.14098270807880908,0.008658458944410086,0.14964116702321917,1.4124903827905655e-05,6.824999582022429e-05,0.07600416685454547,0.25616987491957843,0.4012902920367196
1697,random_1694,random_cycle_chord,20260823,crossing_rich,4,200,5,8,12,6.6023037161500016,True,True,,perf/incremental-yamada-frontier-order,1d8374f42cccbb16d78d44100a65ca603d7d1997,3.14.7,macOS-26.6.2-arm64-arm-64bit-Mach-O,arm,0.04311887489166111,0.14939541707281023,0.06408079201355577,0.009973667096346617,0.010932625038549304,0.022184333065524697,6.333389319479465e-05,0.01139712508302182,0.013212291058152914,0.00148974999319762,0.048346833093091846,0.13337695901282132,0.00018862506840378046,0.1765756249660626,0.02851270802784711,0.20508833299390972,2.6582973077893257e-05,0.00016237504314631224,0.16188966704066843,0.35440395900513977,0.535626000026241
1698,random_1695,random_cycle_chord,20260823,baseline,0,200,3,11,13,5.222639499371753,True,True,,perf/incremental-yamada-frontier-order,1d8374f42cccbb16d78d44100a65ca603d7d1997,3.14.7,macOS-26.6.2-arm64-arm-64bit-Mach-O,arm,0.03822229208890349,0.15204624994657934,0.028169833007268608,0.006815874949097633,0.0068294169614091516,0.01340549997985363,2.216699067503214e-05,0.006954750046133995,0.0072322499472647905,0.0005474169738590717,0.02816208393778652,0.0699964159866795,6.995804142206907e-05,0.2162258749594912,0.010933500016108155,0.22715937497559935,3.299990203231573e-05,0.00012983393389731646,0.08092991600278765,0.2711984580382705,0.4920026670442894
1699,random_1696,random_cycle_chord,20260823,baseline,0,200,3,10,12,4.706738648844429,True,True,,perf/incremental-yamada-frontier-order,1d8374f42cccbb16d78d44100a65ca603d7d1997,3.14.7,macOS-26.6.2-arm64-arm-64bit-Mach-O,arm,0.041159208049066365,0.19250800006557256,0.03004170791245997,0.009672458982095122,0.008720624959096313,0.01687579194549471,3.916607238352299e-05,0.00892391602974385,0.008359584026038647,0.000646500033326447,0.03484495810698718,0.08330554096028209,9.28329536691308e-05,0.18650612491182983,0.009798374958336353,0.19630449987016618,1.8208986148238182e-05,8.833303581923246e-05,0.09310391591861844,0.32677112403325737,0.5188670420320705
1700,random_1697,random_cycle_chord,20260823,baseline,0,200,4,11,14,4.0829950460004705,True,True,,perf/incremental-yamada-frontier-order,1d8374f42cccbb16d78d44100a65ca603d7d1997,3.14.7,macOS-26.6.2-arm64-arm-64bit-Mach-O,arm,0.038109540939331055,0.1686086249537766,0.02236554096452892,0.008661665953695774,0.008673417032696307,0.0169471250846982,3.2667070627212524e-05,0.008887207950465381,0.009353040950372815,0.0008234579581767321,0.03604349901434034,0.07577520899940282,9.67920059338212e-05,0.20301116700284183,0.01351058401633054,0.21652175101917237,2.5458051823079586e-05,0.00011224998161196709,0.08928579301573336,0.296003958908841,0.5037878330331296
1701,random_1698,random_cycle_chord,20260823,crossing_rich,3,200,4,8,11,4.133485953492488,True,True,,perf/incremental-yamada-frontier-order,1d8374f42cccbb16d78d44100a65ca603d7d1997,3.14.7,macOS-26.6.2-arm64-arm-64bit-Mach-O,arm,0.03291695797815919,0.16411845898255706,0.03400674997828901,0.010116583900526166,0.010962542030028999,0.021605208981782198,3.145798109471798e-05,0.01116716698743403,0.011627958039753139,0.001060832990333438,0.04549262498039752,0.10060804104432464,8.179096039384604e-05,0.15844983304850757,0.02024208300281316,0.17869191605132073,2.0458013750612736e-05,0.00012679200153797865,0.1208501240471378,0.31788554100785404,0.4812975829700008
1702,random_1699,random_cycle_chord,20260823,crossing_rich,4,200,5,9,13,6.078069009122355,True,True,,perf/incremental-yamada-frontier-order,1d8374f42cccbb16d78d44100a65ca603d7d1997,3.14.7,macOS-26.6.2-arm64-arm-64bit-Mach-O,arm,0.04445816692896187,0.155781332985498,0.08758766599930823,0.012124708970077336,0.013651709072291851,0.02531299996189773,6.720796227455139e-05,0.013043874991126359,0.01379583403468132,0.0015207909746095538,0.053740707924589515,0.16716466704383492,0.00010895903687924147,0.21430216694716364,0.03193375002592802,0.24623591697309166,3.608397673815489e-05,0.00018920795992016792,0.19909841706976295,0.39933791698422283,0.618495290982537
1703,random_1700,random_cycle_chord,20260823,crossing_rich,5,200,5,8,12,4.251875416292504,True,True,,perf/incremental-yamada-frontier-order,1d8374f42cccbb16d78d44100a65ca603d7d1997,3.14.7,macOS-26.6.2-arm64-arm-64bit-Mach-O,arm,0.03791020903736353,0.17118775006383657,0.04733208392281085,0.012324542040005326,0.013853875105269253,0.027222583070397377,5.4625095799565315e-05,0.014184333034791052,0.01507691596634686,0.0014954169746488333,0.05803387414198369,0.13161216699518263,0.0003195420140400529,0.28377462504431605,0.02892083302140236,0.3126954580657184,2.7249916456639767e-05,0.0001598329981788993,0.160533000016585,0.3696309591177851,0.6583545838948339
1704,random_1701,random_cycle_chord,20260823,baseline,0,200,3,9,11,5.4018939312458505,True,True,,perf/incremental-yamada-frontier-order,1d8374f42cccbb16d78d44100a65ca603d7d1997,3.14.7,macOS-26.6.2-arm64-arm-64bit-Mach-O,arm,0.034303708001971245,0.16504316602367908,0.0349490410881117,0.007833709008991718,0.007693500025197864,0.01559916592668742,4.270800855010748e-05,0.008080790983512998,0.008051000069826841,0.0006412920774891973,0.03241495706606656,0.08295624994207174,8.837494533509016e-05,0.16088091698475182,0.00959779100958258,0.1704787079943344,1.9124941900372505e-05,8.308305405080318e-05,0.09255404095165431,0.29190091497730464,0.457683541928418
1705,random_1702,random_cycle_chord,20260823,crossing_rich,5,200,5,10,14,4.310971921007377,True,True,,perf/incremental-yamada-frontier-order,1d8374f42cccbb16d78d44100a65ca603d7d1997,3.14.7,macOS-26.6.2-arm64-arm-64bit-Mach-O,arm,0.038793417043052614,0.15789737494196743,0.04574662493541837,0.011002875049598515,0.012510500033386052,0.024735416984185576,3.841693978756666e-05,0.012810375075787306,0.013547749957069755,0.0014293750282377005,0.052561333985067904,0.12185570795554668,8.504197467118502e-05,0.31762645905837417,0.045718915993347764,0.36334537505172193,6.079208105802536e-05,0.0002066250890493393,0.16757462394889444,0.3642654159339145,0.6860552500002086
1706,random_1703,random_cycle_chord,20260823,crossing_rich,5,200,5,9,13,4.192473761877154,True,True,,perf/incremental-yamada-frontier-order,1d8374f42cccbb16d78d44100a65ca603d7d1997,3.14.7,macOS-26.6.2-arm64-arm-64bit-Mach-O,arm,0.03821541601791978,0.18437829101458192,0.06829829199705273,0.014732833951711655,0.01662158395629376,0.030708791920915246,8.366699330508709e-05,0.015414417022839189,0.015783416922204196,0.0016073749866336584,0.06359766784589738,0.1633344170404598,0.00011445803102105856,0.207767041050829,0.033060708083212376,0.24082774913404137,2.795807085931301e-05,0.0001781251048669219,0.1963951251236722,0.4189888321561739,0.6408980409614742
1707,random_1704,random_cycle_chord,20260823,baseline,0,200,4,13,16,4.56586331787854,True,True,,perf/incremental-yamada-frontier-order,1d8374f42cccbb16d78d44100a65ca603d7d1997,3.14.7,macOS-26.6.2-arm64-arm-64bit-Mach-O,arm,0.047186958021484315,0.17272341600619256,0.02876154100522399,0.008880959008820355,0.009299375000409782,0.01879849995020777,4.991691093891859e-05,0.009594458038918674,0.009762417059391737,0.0008134170202538371,0.03901870897971094,0.08599970897193998,0.00010208308231085539,0.24016145803034306,0.012766540981829166,0.2529279990121722,2.0875013433396816e-05,0.00010312499944120646,0.09876624995376915,0.31867662398144603,0.5638157909270376
1708,random_1705,random_cycle_chord,20260823,baseline,0,200,3,10,12,4.673554482245981,True,True,,perf/incremental-yamada-frontier-order,1d8374f42cccbb16d78d44100a65ca603d7d1997,3.14.7,macOS-26.6.2-arm64-arm-64bit-Mach-O,arm,0.035254333983175457,0.16109962505288422,0.026394917047582567,0.007087124977260828,0.006937208003364503,0.013651125016622245,2.4165958166122437e-05,0.007073833025060594,0.00725158303976059,0.0005662919720634818,0.028566999011673033,0.06900758401025087,6.812496576458216e-05,0.16204125003423542,0.009285957901738584,0.171327207935974,1.5166937373578548e-05,7.370894309133291e-05,0.07829354191198945,0.27464750094804913,0.4411787500139326
1709,random_1706,random_cycle_chord,20260823,baseline,0,200,3,11,13,5.219981170560799,True,True,,perf/incremental-yamada-frontier-order,1d8374f42cccbb16d78d44100a65ca603d7d1997,3.14.7,macOS-26.6.2-arm64-arm-64bit-Mach-O,arm,0.039614500012248755,0.15728825004771352,0.03249995899386704,0.008041292079724371,0.008494500070810318,0.016085125040262938,6.11250288784504e-05,0.007869457942433655,0.008450792054645717,0.0005681250477209687,0.03303462511394173,0.08212845807429403,0.0001004999503493309,0.18773216602858156,0.01000354194547981,0.19773570797406137,1.616694498807192e-05,7.524993270635605e-05,0.09213200001977384,0.2890347500797361,0.4813629590207711
1710,random_1707,random_cycle_chord,20260823,baseline,0,200,3,10,12,5.620116678226304,True,True,,perf/incremental-yamada-frontier-order,1d8374f42cccbb16d78d44100a65ca603d7d1997,3.14.7,macOS-26.6.2-arm64-arm-64bit-Mach-O,arm,0.041249957983382046,0.16263662499841303,0.031350707984529436,0.0070968749932944775,0.007138959015719593,0.014046792057342827,2.38749198615551e-05,0.007442416972480714,0.00779679196421057,0.0005687499651685357,0.029878625879064202,0.07548629201482981,7.962493691593409e-05,0.1874966670293361,0.010664874920621514,0.1981615419499576,2.3250002413988113e-05,0.00011324998922646046,0.08615116693545133,0.2900377499172464,0.48230391705874354
1711,random_1708,random_cycle_chord,20260823,crossing_rich,4,200,5,10,14,5.575377711370788,True,True,,perf/incremental-yamada-frontier-order,1d8374f42cccbb16d78d44100a65ca603d7d1997,3.14.7,macOS-26.6.2-arm64-arm-64bit-Mach-O,arm,0.1423904999392107,0.2182012089760974,0.06080704089254141,0.011690290994010866,0.012041875044815242,0.02370545908343047,4.0958053432404995e-05,0.012342332978732884,0.013011458097025752,0.0014527080347761512,0.05055291624739766,0.13513462501578033,9.237497579306364e-05,0.20920162496622652,0.02803275000769645,0.23723437497392297,2.6708003133535385e-05,0.00016674993094056845,0.16316737502347678,0.5237590839387849,0.7386744170216843
1712,random_1709,random_cycle_chord,20260823,baseline,0,200,3,10,12,4.692368437255145,True,True,,perf/incremental-yamada-frontier-order,1d8374f42cccbb16d78d44100a65ca603d7d1997,3.14.7,macOS-26.6.2-arm64-arm-64bit-Mach-O,arm,0.03927433292847127,0.17763866705354303,0.025134208030067384,0.007698875037021935,0.007357667083851993,0.01474887493532151,5.220901221036911e-05,0.007969083031639457,0.00800645793788135,0.0006253329338505864,0.03140195785090327,0.07161850004922599,9.391596540808678e-05,0.18187054200097919,0.011184167000465095,0.19305470900144428,2.2166059352457523e-05,0.00010187504813075066,0.08280266704969108,0.2997156670317054,0.48652170808054507
1713,random_1710,random_cycle_chord,20260823,crossing_rich,3,200,5,11,15,4.589552184485936,True,True,,perf/incremental-yamada-frontier-order,1d8374f42cccbb16d78d44100a65ca603d7d1997,3.14.7,macOS-26.6.2-arm64-arm-64bit-Mach-O,arm,0.047739709028974175,0.24025270796846598,0.05626708304043859,0.013970208005048335,0.014211083063855767,0.02764654206112027,8.25830502435565e-05,0.014526375103741884,0.015147708007134497,0.002310624928213656,0.059713833150453866,0.1442613749532029,0.00016825005877763033,0.35230520798359066,0.033151332987472415,0.3854565409710631,4.099996294826269e-05,0.00020766700617969036,0.17741270794067532,0.4654051249381155,0.8242482920177281
1714,random_1711,random_cycle_chord,20260823,crossing_rich,6,200,6,10,15,5.621417733406807,True,True,,perf/incremental-yamada-frontier-order,1d8374f42cccbb16d78d44100a65ca603d7d1997,3.14.7,macOS-26.6.2-arm64-arm-64bit-Mach-O,arm,0.06824041705112904,0.3289112909696996,0.12024199997540563,0.02001416590064764,0.020763708977028728,0.04016179090831429,0.00010979105718433857,0.0654284170595929,0.08939904195722193,0.0033742920495569706,0.19847333303187042,0.35960008401889354,0.00047558301594108343,0.35517716698814183,0.060193083016201854,0.4153702500043437,7.54999928176403e-05,0.00029991602059453726,0.4197931670350954,0.8169448750559241,1.1852464160183445
1715,random_1712,random_cycle_chord,20260823,crossing_rich,5,200,6,12,17,4.580161844874425,True,True,,perf/incremental-yamada-frontier-order,1d8374f42cccbb16d78d44100a65ca603d7d1997,3.14.7,macOS-26.6.2-arm64-arm-64bit-Mach-O,arm,0.06822579202707857,0.2260308749973774,0.05991816590540111,0.01754850009456277,0.018654834013432264,0.03839462506584823,0.00014083401765674353,0.02193591697141528,0.023251374950632453,0.0025270830374211073,0.08624983404297382,0.1824728329665959,0.00017783301882445812,0.3170910000335425,0.03878058306872845,0.35587158310227096,4.108401481062174e-05,0.00024645798839628696,0.22125341603532434,0.5155100830597803,0.8394371250178665
1716,random_1713,random_cycle_chord,20260823,crossing_rich,8,200,7,13,19,4.314671033895146,True,True,,perf/incremental-yamada-frontier-order,1d8374f42cccbb16d78d44100a65ca603d7d1997,3.14.7,macOS-26.6.2-arm64-arm-64bit-Mach-O,arm,0.08975562499836087,0.30590012506581843,0.12551725003868341,0.03728083299938589,0.026147499913349748,0.04649987490847707,0.0001823339844122529,0.023979582940228283,0.025317040970548987,0.0030138749862089753,0.09899270778987557,0.28808945894706994,0.00018850003834813833,0.3539572089212015,0.05635754205286503,0.41031475097406656,4.175002686679363e-05,0.0002713339636102319,0.34444700099993497,0.7401027510641143,1.1024432079866529
1717,random_1714,random_cycle_chord,20260823,baseline,0,200,3,11,13,5.226328544026966,True,True,,perf/incremental-yamada-frontier-order,1d8374f42cccbb16d78d44100a65ca603d7d1997,3.14.7,macOS-26.6.2-arm64-arm-64bit-Mach-O,arm,0.043551167007535696,0.17418691597413272,0.028735792031511664,0.00892133405432105,0.008102833991870284,0.01571116701234132,5.6041055358946323e-05,0.007864915998652577,0.008009083103388548,0.0006321250693872571,0.03227333223912865,0.07807545794639736,0.00010741699952632189,0.19474466692190617,0.009620708064176142,0.20436537498608232,1.6292091459035873e-05,8.816597983241081e-05,0.0876961660105735,0.3054342489922419,0.5051980830030516
1718,random_1715,random_cycle_chord,20260823,baseline,0,200,3,9,11,5.309969308486194,True,True,,perf/incremental-yamada-frontier-order,1d8374f42cccbb16d78d44100a65ca603d7d1997,3.14.7,macOS-26.6.2-arm64-arm-64bit-Mach-O,arm,0.03615225001703948,0.17425970896147192,0.029852333012968302,0.007713250000961125,0.00795420806389302,0.015662249992601573,7.829209789633751e-05,0.007933541084639728,0.008302000002004206,0.0006582500645890832,0.03263433324173093,0.0781914999242872,0.00011608400382101536,0.17390220798552036,0.010727792046964169,0.18463000003248453,1.9332976080477238e-05,8.79999715834856e-05,0.08891929197125137,0.29933125094976276,0.47833666601218283
1719,random_1716,random_cycle_chord,20260823,baseline,0,200,3,11,13,5.222745169961826,True,True,,perf/incremental-yamada-frontier-order,1d8374f42cccbb16d78d44100a65ca603d7d1997,3.14.7,macOS-26.6.2-arm64-arm-64bit-Mach-O,arm,0.044115457916632295,0.1692234999500215,0.03378412500023842,0.00886166701093316,0.00826150004286319,0.01707866706419736,5.5165961384773254e-05,0.010749917011708021,0.011910625034943223,0.0007098339265212417,0.04050420899875462,0.09143958298955113,0.00011216709390282631,0.22598845907486975,0.010397666948847473,0.23638612602371722,1.8291990272700787e-05,8.316605817526579e-05,0.1018372499383986,0.3151762078050524,0.5467163339490071
1720,random_1717,random_cycle_chord,20260823,baseline,0,200,3,10,12,5.618631897909289,True,True,,perf/incremental-yamada-frontier-order,1d8374f42cccbb16d78d44100a65ca603d7d1997,3.14.7,macOS-26.6.2-arm64-arm-64bit-Mach-O,arm,0.04184141696896404,0.1842503750231117,0.03146966593340039,0.007977625005878508,0.007498207967728376,0.014813790912739933,2.3707980290055275e-05,0.00782683293800801,0.007987249991856515,0.0005962919676676393,0.031247873790562153,0.07821604202035815,7.458298932760954e-05,0.15900104097090662,0.009197416948154569,0.16819845791906118,1.920794602483511e-05,8.570798672735691e-05,0.08741345896851271,0.31350525096058846,0.4772203339962289
1721,random_1718,random_cycle_chord,20260823,crossing_rich,5,200,5,8,12,4.1665272214411955,True,True,,perf/incremental-yamada-frontier-order,1d8374f42cccbb16d78d44100a65ca603d7d1997,3.14.7,macOS-26.6.2-arm64-arm-64bit-Mach-O,arm,0.03316833300050348,0.21224920800887048,0.04815495805814862,0.01286962500307709,0.013931332970969379,0.027278250083327293,4.39169816672802e-05,0.0143328330013901,0.014825999969616532,0.0014927079901099205,0.057973708026111126,0.13297933409921825,0.00020283402409404516,0.2844589160522446,0.03761420806404203,0.32207312411628664,2.6458059437572956e-05,0.0001659579575061798,0.17059354216326028,0.41601108317263424,0.7051999589893967
1722,random_1719,random_cycle_chord,20260823,baseline,0,200,3,10,12,4.6400589502634135,True,True,,perf/incremental-yamada-frontier-order,1d8374f42cccbb16d78d44100a65ca603d7d1997,3.14.7,macOS-26.6.2-arm64-arm-64bit-Mach-O,arm,0.034307625028304756,0.16703625000081956,0.026039249962195754,0.0077755419770255685,0.007626499980688095,0.0149487080052495,4.475004971027374e-05,0.007823540945537388,0.007983083021827042,0.0006461250595748425,0.03144620708189905,0.07291229197289795,9.104202035814524e-05,0.18118349998258054,0.010274500004015863,0.1914579999865964,2.0875013433396816e-05,0.00010483292862772942,0.08318679197691381,0.28453066700603813,0.47067154198884964
1723,random_1720,random_cycle_chord,20260823,baseline,0,200,3,9,11,5.337126279460212,True,True,,perf/incremental-yamada-frontier-order,1d8374f42cccbb16d78d44100a65ca603d7d1997,3.14.7,macOS-26.6.2-arm64-arm-64bit-Mach-O,arm,0.036518707987852395,0.16866341698914766,0.028217916027642787,0.007167625008150935,0.006791042047552764,0.013791791978292167,2.5916029699146748e-05,0.0072142500430345535,0.007421834045089781,0.0006359580438584089,0.029089750139974058,0.07128704199567437,6.983394268900156e-05,0.16338770801667124,0.010664916946552694,0.17405262496322393,1.762493047863245e-05,8.762499783188105e-05,0.08195195894222707,0.2871340839192271,0.4552300830837339
1724,random_1721,random_cycle_chord,20260823,baseline,0,200,4,10,13,4.664894711978292,True,True,,perf/incremental-yamada-frontier-order,1d8374f42cccbb16d78d44100a65ca603d7d1997,3.14.7,macOS-26.6.2-arm64-arm-64bit-Mach-O,arm,0.039260084042325616,0.169692000024952,0.024478959036059678,0.008252750034444034,0.008196249953471124,0.016490000067278743,3.087497316300869e-05,0.00836066692136228,0.00864949997048825,0.0008009580196812749,0.03433199995197356,0.07528866699431092,7.558299694210291e-05,0.1839173750486225,0.012506707920692861,0.19642408296931535,1.9791070371866226e-05,0.00010104198008775711,0.08779537491500378,0.2967474589822814,0.4853398340055719
1725,random_1722,random_cycle_chord,20260823,baseline,0,200,3,8,10,6.111365861605114,True,True,,perf/incremental-yamada-frontier-order,1d8374f42cccbb16d78d44100a65ca603d7d1997,3.14.7,macOS-26.6.2-arm64-arm-64bit-Mach-O,arm,0.03632454201579094,0.1659345830557868,0.034903832944110036,0.007252832991071045,0.00718687498010695,0.014308165991678834,2.4832901544868946e-05,0.007590332999825478,0.0075774999568238854,0.0005946250166743994,0.030095456866547465,0.07946008397266269,6.170792039483786e-05,0.14032033295370638,0.009730792022310197,0.15005112497601658,1.6459031030535698e-05,8.333299774676561e-05,0.08919087599497288,0.2914500010665506,0.4363640419906005
1726,random_1723,random_cycle_chord,20260823,crossing_rich,5,200,5,10,14,4.056507341063588,True,True,,perf/incremental-yamada-frontier-order,1d8374f42cccbb16d78d44100a65ca603d7d1997,3.14.7,macOS-26.6.2-arm64-arm-64bit-Mach-O,arm,0.03799145796801895,0.16237791697494686,0.03979987499769777,0.011773957987315953,0.012997957994230092,0.026481749955564737,0.00010733294766396284,0.016860082978382707,0.017698166077025235,0.0016828749794512987,0.06283020693808794,0.12744041602127254,0.0001525420229882002,0.2984911249950528,0.03137554205022752,0.32986666704528034,2.875004429370165e-05,0.00017191690858453512,0.15881595807150006,0.35918533301446587,0.6624462920008227
1727,random_1724,random_cycle_chord,20260823,baseline,0,200,3,11,13,4.096654559741444,True,True,,perf/incremental-yamada-frontier-order,1d8374f42cccbb16d78d44100a65ca603d7d1997,3.14.7,macOS-26.6.2-arm64-arm-64bit-Mach-O,arm,0.03451595804654062,0.16207216691691428,0.023002499947324395,0.0081581249833107,0.008412667084485292,0.016115833073854446,5.1749986596405506e-05,0.00857025000732392,0.009112833067774773,0.0006955419667065144,0.03454620810225606,0.07415645907167345,9.658304043114185e-05,0.19328229106031358,0.010542667005211115,0.2038249580655247,2.0625069737434387e-05,9.30840615183115e-05,0.08469912607688457,0.28128725104033947,0.4793429169803858
1728,random_1725,random_cycle_chord,20260823,crossing_rich,2,200,4,9,12,5.95700437869014,True,True,,perf/incremental-yamada-frontier-order,1d8374f42cccbb16d78d44100a65ca603d7d1997,3.14.7,macOS-26.6.2-arm64-arm-64bit-Mach-O,arm,0.04581304197199643,0.17234654200728983,0.0592805000487715,0.009681290946900845,0.009845541091635823,0.019451707950793207,8.287501987069845e-05,0.011232624994590878,0.011618959018960595,0.0011349170235916972,0.043521084007807076,0.12236099992878735,0.00010804098565131426,0.2209027090575546,0.022300333017483354,0.24320304207503796,2.6999972760677338e-05,0.0001469160197302699,0.1446613329462707,0.36282091692555696,0.5889127920381725
1729,random_1726,random_cycle_chord,20260823,crossing_rich,5,200,6,12,17,4.008213904211556,True,True,,perf/incremental-yamada-frontier-order,1d8374f42cccbb16d78d44100a65ca603d7d1997,3.14.7,macOS-26.6.2-arm64-arm-64bit-Mach-O,arm,0.052404915913939476,0.19018645805772394,0.05288120801560581,0.014586416073143482,0.016068415949121118,0.030793457990512252,7.312500383704901e-05,0.015577250043861568,0.016543707926757634,0.0019182079704478383,0.06490574893541634,0.14852616703137755,0.00014575000386685133,0.26838366594165564,0.0339995410759002,0.30238320701755583,3.800005652010441e-05,0.00020891695749014616,0.18252570810727775,0.42511708207894117,0.6995777080301195
1730,random_1727,random_cycle_chord,20260823,crossing_rich,5,200,5,8,12,4.170398659280359,True,True,,perf/incremental-yamada-frontier-order,1d8374f42cccbb16d78d44100a65ca603d7d1997,3.14.7,macOS-26.6.2-arm64-arm-64bit-Mach-O,arm,0.035842792014591396,0.17136083298828453,0.04175495798699558,0.012514667003415525,0.014318250003270805,0.028623584075830877,7.02079851180315e-05,0.015133542008697987,0.015906958025880158,0.0016095000319182873,0.06134379212744534,0.12997070897836238,0.00021070800721645355,0.18505091697443277,0.031640290981158614,0.21669120795559138,2.7999980375170708e-05,0.00017633300740271807,0.161610999959521,0.3688146249623969,0.5594582089688629
1731,random_1728,random_cycle_chord,20260823,crossing_rich,2,200,4,8,11,6.5893219487078545,True,True,,perf/incremental-yamada-frontier-order,1d8374f42cccbb16d78d44100a65ca603d7d1997,3.14.7,macOS-26.6.2-arm64-arm-64bit-Mach-O,arm,0.04646962496917695,0.17741637490689754,0.07134083297569305,0.009901124984025955,0.009874708950519562,0.019369416986592114,3.483402542769909e-05,0.010051041026599705,0.010607957956381142,0.001123917056247592,0.04118716705124825,0.13233591697644442,9.591702837496996e-05,0.170174666098319,0.02008804096840322,0.19026270706672221,2.2583059035241604e-05,0.00013783294707536697,0.15242395794484764,0.37630995782092214,0.5517916670069098
1732,random_1729,random_cycle_chord,20260823,baseline,0,200,3,8,10,6.154700490855689,True,True,,perf/incremental-yamada-frontier-order,1d8374f42cccbb16d78d44100a65ca603d7d1997,3.14.7,macOS-26.6.2-arm64-arm-64bit-Mach-O,arm,0.03745304199401289,0.16424620803445578,0.034244082984514534,0.0072910001035779715,0.007160832989029586,0.01444620790425688,2.4209031835198402e-05,0.007534292060881853,0.007659916998818517,0.0005931250052526593,0.030257751001045108,0.07897512498311698,6.241700612008572e-05,0.13965787494089454,0.009907415951602161,0.1495652908924967,1.5458092093467712e-05,8.491601329296827e-05,0.08888254093471915,0.2905817909631878,0.43491674994584173
1733,random_1730,random_cycle_chord,20260823,crossing_rich,3,200,4,8,11,4.285163244033319,True,True,,perf/incremental-yamada-frontier-order,1d8374f42cccbb16d78d44100a65ca603d7d1997,3.14.7,macOS-26.6.2-arm64-arm-64bit-Mach-O,arm,0.0312242079526186,0.1602908750064671,0.04321520891971886,0.00992487499024719,0.010784207959659398,0.02124525001272559,3.112491685897112e-05,0.011133415973745286,0.012273458996787667,0.0011949159670621157,0.04587816586717963,0.10983137495350093,0.00010795891284942627,0.1668072920292616,0.022397249937057495,0.18920454196631908,2.8292066417634487e-05,0.00015733391046524048,0.13222862489055842,0.3237437078496441,0.4953936659730971
1734,random_1731,random_cycle_chord,20260823,baseline,0,200,3,9,11,5.363510838398025,True,True,,perf/incremental-yamada-frontier-order,1d8374f42cccbb16d78d44100a65ca603d7d1997,3.14.7,macOS-26.6.2-arm64-arm-64bit-Mach-O,arm,0.035359416040591896,0.16657400003168732,0.030232875025831163,0.0076191669795662165,0.008003000053577125,0.015212667058221996,4.4082989916205406e-05,0.007955709006637335,0.007917665992863476,0.0006129159592092037,0.031743041006848216,0.07764516700990498,9.212503209710121e-05,0.16269912500865757,0.00999287492595613,0.1726919999346137,1.879094634205103e-05,8.412497118115425e-05,0.08763804193586111,0.2895714580081403,0.4570588329806924
1735,random_1732,random_cycle_chord,20260823,crossing_rich,5,200,6,11,16,4.622642484739487,True,True,,perf/incremental-yamada-frontier-order,1d8374f42cccbb16d78d44100a65ca603d7d1997,3.14.7,macOS-26.6.2-arm64-arm-64bit-Mach-O,arm,0.04584095801692456,0.15769929205998778,0.05055337504018098,0.011945666978135705,0.013375167036429048,0.02709870901890099,7.045897655189037e-05,0.01467625005170703,0.015103833051398396,0.0017258749576285481,0.058675126056186855,0.13459070795215666,0.00012145796790719032,0.2299294170225039,0.03234037500806153,0.26226979203056544,2.9499991796910763e-05,0.0001764169428497553,0.1669310829602182,0.37047133303713053,0.605243582976982
1736,random_1733,random_cycle_chord,20260823,crossing_rich,5,200,6,11,16,4.677451056393314,True,True,,perf/incremental-yamada-frontier-order,1d8374f42cccbb16d78d44100a65ca603d7d1997,3.14.7,macOS-26.6.2-arm64-arm-64bit-Mach-O,arm,0.04392529104370624,0.15346533397678286,0.050159832928329706,0.011889375047758222,0.013328082975931466,0.02640279196202755,4.829105455428362e-05,0.013677666080184281,0.014531917055137455,0.0017007499700412154,0.056361416121944785,0.13178333302494138,0.00010404200293123722,0.22296287503559142,0.03176795900799334,0.25473083404358476,2.787495031952858e-05,0.0001775420969352126,0.16355129203293473,0.3609419170534238,0.5887840420473367
1737,random_1734,random_cycle_chord,20260823,baseline,0,200,3,8,10,6.175477791387227,True,True,,perf/incremental-yamada-frontier-order,1d8374f42cccbb16d78d44100a65ca603d7d1997,3.14.7,macOS-26.6.2-arm64-arm-64bit-Mach-O,arm,0.034176125074736774,0.15099441702477634,0.031561249983496964,0.006701083038933575,0.0068116249749436975,0.013341624988242984,2.1292013116180897e-05,0.0069441249361261725,0.007163750007748604,0.0005935420049354434,0.028064333950169384,0.07315775007009506,6.195798050612211e-05,0.13087437499780208,0.009203625028021634,0.1400780000258237,1.391698606312275e-05,7.291696965694427e-05,0.0823613750981167,0.2675319171976298,0.4026032079709694
1738,random_1735,random_cycle_chord,20260823,baseline,0,200,3,8,10,6.179858655096507,True,True,,perf/incremental-yamada-frontier-order,1d8374f42cccbb16d78d44100a65ca603d7d1997,3.14.7,macOS-26.6.2-arm64-arm-64bit-Mach-O,arm,0.03306766599416733,0.1500972919166088,0.0306931670056656,0.006604166002944112,0.0067462080623954535,0.013240499887615442,2.2125081159174442e-05,0.006849042023532093,0.007214458892121911,0.0006308750016614795,0.0279570008860901,0.07202025002334267,5.9833982959389687e-05,0.13100979197770357,0.00978600000962615,0.14079579198732972,1.395796425640583e-05,7.620803080499172e-05,0.08180625003296882,0.26497120794374496,0.40019058296456933
1739,random_1736,random_cycle_chord,20260823,crossing_rich,4,200,5,8,12,6.5839788109614075,True,True,,perf/incremental-yamada-frontier-order,1d8374f42cccbb16d78d44100a65ca603d7d1997,3.14.7,macOS-26.6.2-arm64-arm-64bit-Mach-O,arm,0.04396362497936934,0.15344250004272908,0.06469866703264415,0.010056041064672172,0.011074208072386682,0.02187229203991592,3.854196984320879e-05,0.0113170410040766,0.012166291940957308,0.001491667004302144,0.04688583395909518,0.13274941698182374,0.00016541604418307543,0.169622499961406,0.02934904198627919,0.19897154194768518,2.5582965463399887e-05,0.00017262506298720837,0.16209845896810293,0.35950458399020135,0.5339091669302434
1740,random_1737,random_cycle_chord,20260823,baseline,0,200,3,11,13,4.107106528485711,True,True,,perf/incremental-yamada-frontier-order,1d8374f42cccbb16d78d44100a65ca603d7d1997,3.14.7,macOS-26.6.2-arm64-arm-64bit-Mach-O,arm,0.036750916042365134,0.19978379202075303,0.024319292046129704,0.009342374978587031,0.007967084064148366,0.015673917019739747,6.729201413691044e-05,0.010037375031970441,0.010272375075146556,0.0007560830563306808,0.036807042197324336,0.07848366699181497,0.00012800004333257675,0.20143687492236495,0.010671584052033722,0.21210845897439867,1.9041006453335285e-05,9.67920059338212e-05,0.0891552510438487,0.32568995910696685,0.5378694999963045
1741,random_1738,random_cycle_chord,20260823,baseline,0,200,4,11,14,4.055204429404106,True,True,,perf/incremental-yamada-frontier-order,1d8374f42cccbb16d78d44100a65ca603d7d1997,3.14.7,macOS-26.6.2-arm64-arm-64bit-Mach-O,arm,0.040029458003118634,0.1686334169935435,0.026450000004842877,0.00904391601216048,0.009709125035442412,0.019665375002659857,3.362505231052637e-05,0.009895416093058884,0.010087625007145107,0.0007642080308869481,0.04044624918606132,0.08568020805250853,9.466696064919233e-05,0.2090085829840973,0.011936458991840482,0.22094504197593778,2.1042069420218468e-05,9.591702837496996e-05,0.09761666704434901,0.30627954204101115,0.5201030420139432
1742,random_1739,random_cycle_chord,20260823,crossing_rich,5,200,6,12,17,4.5353828623158385,True,True,,perf/incremental-yamada-frontier-order,1d8374f42cccbb16d78d44100a65ca603d7d1997,3.14.7,macOS-26.6.2-arm64-arm-64bit-Mach-O,arm,0.04984933300875127,0.1677305829944089,0.05528758396394551,0.014274958055466413,0.01581437501590699,0.030934958020225167,8.979195263236761e-05,0.016180832986719906,0.01616854197345674,0.001739791943691671,0.06511391687672585,0.15056329197250307,0.00014766689855605364,0.4206403330899775,0.044847666984423995,0.4654880000744015,4.595797508955002e-05,0.00018795800860971212,0.19541095895692706,0.41299087496008724,0.8382739169755951
1743,random_1740,random_cycle_chord,20260823,baseline,0,200,3,12,14,4.881864393196597,True,True,,perf/incremental-yamada-frontier-order,1d8374f42cccbb16d78d44100a65ca603d7d1997,3.14.7,macOS-26.6.2-arm64-arm-64bit-Mach-O,arm,0.041918625007383525,0.16744675009977072,0.024132082937285304,0.007176749990321696,0.007307624910026789,0.014301624963991344,2.4000066332519054e-05,0.007276708958670497,0.007366916979663074,0.0005781250074505806,0.029547375976108015,0.0681853749556467,8.37499974295497e-05,0.22079041600227356,0.01027758396230638,0.23106799996457994,2.050003968179226e-05,9.250000584870577e-05,0.07846295891795307,0.2878283340251073,0.5133917500497773
1744,random_1741,random_cycle_chord,20260823,crossing_rich,4,200,5,9,13,6.072489595382268,True,True,,perf/incremental-yamada-frontier-order,1d8374f42cccbb16d78d44100a65ca603d7d1997,3.14.7,macOS-26.6.2-arm64-arm-64bit-Mach-O,arm,0.05025579105131328,0.1838633749866858,0.07389579201117158,0.014132541953586042,0.014043458038941026,0.027470208937302232,9.354192297905684e-05,0.0139163329731673,0.014760541962459683,0.0016181659884750843,0.05785879178438336,0.16002099995967,0.00017791695427149534,0.20432454196270555,0.029935041908174753,0.2342595838708803,2.820801455527544e-05,0.00017966609448194504,0.18995604186784476,0.42407520790584385,0.6341734160669148
1745,random_1742,random_cycle_chord,20260823,baseline,0,200,3,8,10,6.128896767427895,True,True,,perf/incremental-yamada-frontier-order,1d8374f42cccbb16d78d44100a65ca603d7d1997,3.14.7,macOS-26.6.2-arm64-arm-64bit-Mach-O,arm,0.03805187507532537,0.1682610409334302,0.03687149996403605,0.01681579207070172,0.013469416997395456,0.016002457938157022,7.062498480081558e-05,0.008374584023840725,0.00835791602730751,0.0007100839866325259,0.0335156669607386,0.10073795798234642,9.91250853985548e-05,0.15134766697883606,0.010998374898917973,0.16234604187775403,1.916696783155203e-05,8.79999715834856e-05,0.11173633288126439,0.31804924889001995,0.4741039160871878
1746,random_1743,random_cycle_chord,20260823,baseline,0,200,3,14,16,4.294327942160398,True,True,,perf/incremental-yamada-frontier-order,1d8374f42cccbb16d78d44100a65ca603d7d1997,3.14.7,macOS-26.6.2-arm64-arm-64bit-Mach-O,arm,0.04749362508300692,0.16992958402261138,0.022944875061511993,0.007828000001609325,0.008101749932393432,0.07045612495858222,0.00010120798833668232,0.011680125026032329,0.009486207971349359,0.000710416934452951,0.09243408287875354,0.13135425001382828,0.0001634169602766633,0.2540736250812188,0.009930041036568582,0.26400366611778736,2.0541949197649956e-05,0.0001040829811245203,0.14128429105039686,0.35870750015601516,0.6176743750693277
1747,random_1744,random_cycle_chord,20260823,baseline,0,200,4,11,14,4.069609140917092,True,True,,perf/incremental-yamada-frontier-order,1d8374f42cccbb16d78d44100a65ca603d7d1997,3.14.7,macOS-26.6.2-arm64-arm-64bit-Mach-O,arm,0.04122837504837662,0.17426700005307794,0.021705209044739604,0.008978042053058743,0.009162207948975265,0.018051291932351887,4.4208019971847534e-05,0.009412874933332205,0.0096662089927122,0.0008378750644624233,0.03801245894283056,0.07789737498387694,8.925003930926323e-05,0.20358799991663545,0.013196000014431775,0.21678399993106723,2.504198346287012e-05,0.0001039580674842,0.09109337499830872,0.3065887500997633,0.5150194170419127
1748,random_1745,random_cycle_chord,20260823,baseline,0,200,3,8,10,6.157246386797958,True,True,,perf/incremental-yamada-frontier-order,1d8374f42cccbb16d78d44100a65ca603d7d1997,3.14.7,macOS-26.6.2-arm64-arm-64bit-Mach-O,arm,0.03728945797774941,0.16561141703277826,0.03792675002478063,0.0078863330418244,0.007821917068213224,0.015239833039231598,2.887495793402195e-05,0.007952791987918317,0.008315084036439657,0.0007009160472080112,0.032237500068731606,0.08590395795181394,0.00010212499182671309,0.15627641696482897,0.010774999973364174,0.16705141693819314,1.8332968465983868e-05,9.258300997316837e-05,0.09667895792517811,0.2995798329357058,0.46115683298557997
1749,random_1746,random_cycle_chord,20260823,crossing_rich,5,200,5,8,12,4.1692006110175335,True,True,,perf/incremental-yamada-frontier-order,1d8374f42cccbb16d78d44100a65ca603d7d1997,3.14.7,macOS-26.6.2-arm64-arm-64bit-Mach-O,arm,0.0372752919793129,0.16897187498398125,0.03831837500911206,0.012059208005666733,0.013898834004066885,0.027443666011095047,5.095801316201687e-05,0.014235040987841785,0.014732499956153333,0.0014007919235154986,0.05786295689176768,0.12218054092954844,0.0001865000231191516,0.18189429200720042,0.028081333031877875,0.2099756250390783,3.0082999728620052e-05,0.00015950005035847425,0.15026187396142632,0.35650904092472047,0.5440437500365078
1750,random_1747,random_cycle_chord,20260823,crossing_rich,6,200,6,10,15,5.6249124841575275,True,True,,perf/incremental-yamada-frontier-order,1d8374f42cccbb16d78d44100a65ca603d7d1997,3.14.7,macOS-26.6.2-arm64-arm-64bit-Mach-O,arm,0.05019520805217326,0.16342237498611212,0.0632739590946585,0.012935500009916723,0.014931500074453652,0.02929754205979407,5.645898636430502e-05,0.015084124985150993,0.01604533300269395,0.001734500052407384,0.0622179590864107,0.15341666690073907,0.00025283300783485174,0.32725808303803205,0.043848374974913895,0.37110645801294595,3.4958007745444775e-05,0.00019037490710616112,0.19726504187565297,0.41088262491393834,0.7426466660108417
1751,random_1748,random_cycle_chord,20260823,baseline,0,200,4,15,18,4.044643629873059,True,True,,perf/incremental-yamada-frontier-order,1d8374f42cccbb16d78d44100a65ca603d7d1997,3.14.7,macOS-26.6.2-arm64-arm-64bit-Mach-O,arm,0.047059375094249845,0.1598690829705447,0.020584624959155917,0.008740667020902038,0.00885608303360641,0.017636582953855395,3.3084070309996605e-05,0.009333124966360629,0.009284417028538883,0.0007693329825997353,0.03705654200166464,0.07526658300776035,0.00010191707406193018,0.2480744170024991,0.011844249907881021,0.2599186669103801,2.0666047930717468e-05,9.870901703834534e-05,0.08711083291564137,0.2940392909804359,0.5468041250715032
1752,random_1749,random_cycle_chord,20260823,crossing_rich,2,200,4,11,14,5.226986976756225,True,True,,perf/incremental-yamada-frontier-order,1d8374f42cccbb16d78d44100a65ca603d7d1997,3.14.7,macOS-26.6.2-arm64-arm-64bit-Mach-O,arm,0.044133624993264675,0.16092962492257357,0.0471680419286713,0.009500624961219728,0.010082875029183924,0.020244207931682467,3.524997737258673e-05,0.01021779200527817,0.010583875002339482,0.0010175409261137247,0.04209866584278643,0.10888541594613343,8.78750579431653e-05,0.19774433400016278,0.018289458006620407,0.2160337920067832,2.2834050469100475e-05,0.00012037495616823435,0.12717487395275384,0.3322381238685921,0.5347270419588313
1753,random_1750,random_cycle_chord,20260823,baseline,0,200,3,11,13,4.102623998678817,True,True,,perf/incremental-yamada-frontier-order,1d8374f42cccbb16d78d44100a65ca603d7d1997,3.14.7,macOS-26.6.2-arm64-arm-64bit-Mach-O,arm,0.034256250015459955,0.1604832080192864,0.019291291944682598,0.006877042003907263,0.006925583002157509,0.013670124928466976,3.116705920547247e-05,0.007080791052430868,0.007499334053136408,0.0006442090962082148,0.02892562618944794,0.062041083932854235,0.00010083301458507776,0.1861995829967782,0.00983104098122567,0.19603062397800386,1.804193016141653e-05,8.73330282047391e-05,0.0718721249140799,0.26661158294882625,0.4573752910364419
1754,random_1751,random_cycle_chord,20260823,crossing_rich,2,200,4,8,11,6.599713206157956,True,True,,perf/incremental-yamada-frontier-order,1d8374f42cccbb16d78d44100a65ca603d7d1997,3.14.7,macOS-26.6.2-arm64-arm-64bit-Mach-O,arm,0.044671750045381486,0.16377283306792378,0.05755162495188415,0.009320875047706068,0.009333834052085876,0.018361084046773612,3.1374976970255375e-05,0.009537459001876414,0.010058874962851405,0.001115625025704503,0.03910441801417619,0.11533945798873901,8.395907934755087e-05,0.15559904102701694,0.0197725830366835,0.17537162406370044,2.258399035781622e-05,0.0001307500060647726,0.1351120410254225,0.3435566241387278,0.5038354170974344
1755,random_1752,random_cycle_chord,20260823,baseline,0,200,3,9,11,5.387995996352887,True,True,,perf/incremental-yamada-frontier-order,1d8374f42cccbb16d78d44100a65ca603d7d1997,3.14.7,macOS-26.6.2-arm64-arm-64bit-Mach-O,arm,0.03509866597596556,0.16053604206535965,0.027059333981014788,0.007622750010341406,0.007192833931185305,0.014044750016182661,2.354104071855545e-05,0.00747662503272295,0.0075432079611346126,0.0005959999980404973,0.029684124048799276,0.07158099999651313,8.12500948086381e-05,0.15379529201891273,0.009436541935428977,0.1632318339543417,1.5040975995361805e-05,7.66250304877758e-05,0.0810175419319421,0.2766522499732673,0.43484229198656976
1756,random_1753,random_cycle_chord,20260823,crossing_rich,4,200,5,11,15,4.687310204524935,True,True,,perf/incremental-yamada-frontier-order,1d8374f42cccbb16d78d44100a65ca603d7d1997,3.14.7,macOS-26.6.2-arm64-arm-64bit-Mach-O,arm,0.0430793339619413,0.15939016710035503,0.04660491703543812,0.01074883306864649,0.01154662505723536,0.02293729200027883,4.6666013076901436e-05,0.012024750001728535,0.01271033298689872,0.001397875021211803,0.04911691602319479,0.11805833410471678,9.524996858090162e-05,0.21496112504974008,0.02639833407010883,0.2413594591198489,2.4833017960190773e-05,0.0001538749784231186,0.1444566681748256,0.34692616923712194,0.5667465419974178
1757,random_1754,random_cycle_chord,20260823,crossing_rich,5,200,5,8,12,4.201267358416617,True,True,,perf/incremental-yamada-frontier-order,1d8374f42cccbb16d78d44100a65ca603d7d1997,3.14.7,macOS-26.6.2-arm64-arm-64bit-Mach-O,arm,0.03281437500845641,0.16161841701250523,0.04601104196626693,0.011990832979790866,0.01335937506519258,0.026583374943584204,4.075001925230026e-05,0.01366737496573478,0.014457167009823024,0.0014635829720646143,0.05621224991045892,0.1276105419965461,0.0002827919088304043,0.2877784160664305,0.04339637502562255,0.33117479109205306,2.9459013603627682e-05,0.00016270799096673727,0.17100691702216864,0.3654397090431303,0.6576004170347005
1758,random_1755,random_cycle_chord,20260823,crossing_rich,5,200,5,9,13,4.219611987981287,True,True,,perf/incremental-yamada-frontier-order,1d8374f42cccbb16d78d44100a65ca603d7d1997,3.14.7,macOS-26.6.2-arm64-arm-64bit-Mach-O,arm,0.03524825000204146,0.16039608302526176,0.0477940000128001,0.011614041985012591,0.013826666050590575,0.02793570898938924,7.43749551475048e-05,0.013976457994431257,0.014781625010073185,0.001566917053423822,0.05833508400246501,0.13161883305292577,0.00010662490967661142,0.19929704198148102,0.03429199999663979,0.2335890419781208,3.716594073921442e-05,0.00020233402028679848,0.16591083304956555,0.3615551660768688,0.5661027919268236
1759,random_1756,random_cycle_chord,20260823,baseline,0,200,5,14,18,4.291907030985192,True,True,,perf/incremental-yamada-frontier-order,1d8374f42cccbb16d78d44100a65ca603d7d1997,3.14.7,macOS-26.6.2-arm64-arm-64bit-Mach-O,arm,0.05213466694112867,0.16537170903757215,0.027752582915127277,0.009787166025489569,0.010793708031997085,0.02075224998407066,4.245806485414505e-05,0.010895916959270835,0.01138754200655967,0.0010751669760793447,0.04415333399083465,0.09253087500110269,0.00011124997399747372,0.23786074994131923,0.015701540978625417,0.25356229091994464,2.4333014152944088e-05,0.00011675001587718725,0.1082324159797281,0.3257387919584289,0.5685418749926612
1760,random_1757,random_cycle_chord,20260823,baseline,0,200,3,10,12,4.681606684897704,True,True,,perf/incremental-yamada-frontier-order,1d8374f42cccbb16d78d44100a65ca603d7d1997,3.14.7,macOS-26.6.2-arm64-arm-64bit-Mach-O,arm,0.03153004206251353,0.15637720900122076,0.023982124985195696,0.006919083069078624,0.006969667039811611,0.013660041033290327,2.1332991309463978e-05,0.007090291939675808,0.007297875010408461,0.0005452500190585852,0.028614790993742645,0.06650516693480313,7.512501906603575e-05,0.1439840830862522,0.008550000027753413,0.15253408311400563,1.7290934920310974e-05,7.312500383704901e-05,0.07505516696255654,0.26296241802629083,0.41120900004170835
1761,random_1758,random_cycle_chord,20260823,baseline,0,200,3,10,12,4.658107230556886,True,True,,perf/incremental-yamada-frontier-order,1d8374f42cccbb16d78d44100a65ca603d7d1997,3.14.7,macOS-26.6.2-arm64-arm-64bit-Mach-O,arm,0.031686540925875306,0.14789650007151067,0.021111167035996914,0.006730291992425919,0.00660333305131644,0.013013249961659312,2.1999934688210487e-05,0.00681487494148314,0.007012834073975682,0.0005417090142145753,0.02740466792602092,0.06186829099897295,6.258301436901093e-05,0.154425207991153,0.00959875003900379,0.1640239580301568,1.7625046893954277e-05,8.42920271679759e-05,0.07146704103797674,0.2510500820353627,0.4096573330461979
1762,random_1759,random_cycle_chord,20260823,baseline,0,200,3,8,10,6.156069531992708,True,True,,perf/incremental-yamada-frontier-order,1d8374f42cccbb16d78d44100a65ca603d7d1997,3.14.7,macOS-26.6.2-arm64-arm-64bit-Mach-O,arm,0.03545133396983147,0.151929417042993,0.03270883404184133,0.006831625010818243,0.007108207908459008,0.013602000079117715,3.3832970075309277e-05,0.007486832910217345,0.0076503329910337925,0.0006359589751809835,0.029408957925625145,0.07608525000978261,7.020903285592794e-05,0.13928491703700274,0.010310834040865302,0.14959575107786804,1.5416997484862804e-05,8.195801638066769e-05,0.08639608405064791,0.2737768350634724,0.4174751250538975
1763,random_1760,random_cycle_chord,20260823,baseline,0,200,3,11,13,5.227724078585398,True,True,,perf/incremental-yamada-frontier-order,1d8374f42cccbb16d78d44100a65ca603d7d1997,3.14.7,macOS-26.6.2-arm64-arm-64bit-Mach-O,arm,0.03964820900000632,0.18014016607776284,0.03035562497097999,0.008772083092480898,0.007838707999326289,0.015321459039114416,3.9790989831089973e-05,0.00821229093708098,0.008156750001944602,0.0006237499183043838,0.03235404088627547,0.07934704201761633,9.641691576689482e-05,0.19644125003833324,0.010599249973893166,0.2070405000122264,2.616702113300562e-05,0.00010475004091858864,0.0899462919915095,0.30973466706927866,0.51268095895648
1764,random_1761,random_cycle_chord,20260823,crossing_rich,2,200,4,8,11,6.361781548051812,True,True,,perf/incremental-yamada-frontier-order,1d8374f42cccbb16d78d44100a65ca603d7d1997,3.14.7,macOS-26.6.2-arm64-arm-64bit-Mach-O,arm,0.04416679101996124,0.16821549995802343,0.06271045806352049,0.017864083987660706,0.01643399999011308,0.021648292080499232,9.108299855142832e-05,0.011423750082030892,0.011267792084254324,0.0010939589701592922,0.04552487621549517,0.1427053330698982,0.00011191691737622023,0.17389079206623137,0.017888917005620897,0.19177970907185227,2.516701351851225e-05,0.0001252500806003809,0.16059425007551908,0.37297654105350375,0.5518183339154348
1765,random_1762,random_cycle_chord,20260823,crossing_rich,5,200,5,8,12,4.202016122873998,True,True,,perf/incremental-yamada-frontier-order,1d8374f42cccbb16d78d44100a65ca603d7d1997,3.14.7,macOS-26.6.2-arm64-arm-64bit-Mach-O,arm,0.03528237494174391,0.16965624992735684,0.055840292014181614,0.013491791905835271,0.015018041944131255,0.0294194589368999,8.820800576359034e-05,0.015509375021792948,0.01640704204328358,0.0015843750443309546,0.06300845905207098,0.14741800003685057,0.00034904200583696365,0.3047221669694409,0.03222866600845009,0.33695083297789097,3.579095937311649e-05,0.0001806250074878335,0.17964666604530066,0.3845852909144014,0.6945356670767069
1766,random_1763,random_cycle_chord,20260823,baseline,0,200,3,9,11,5.415623963873888,True,True,,perf/incremental-yamada-frontier-order,1d8374f42cccbb16d78d44100a65ca603d7d1997,3.14.7,macOS-26.6.2-arm64-arm-64bit-Mach-O,arm,0.03802429197821766,0.169191624969244,0.029858583002351224,0.008354332996532321,0.008061958942562342,0.015675292001105845,3.7792022339999676e-05,0.008064082940109074,0.008470500004477799,0.0006224579410627484,0.032870124909095466,0.07917954202275723,8.704105857759714e-05,0.1609287919709459,0.009736292064189911,0.1706650840351358,1.6625039279460907e-05,8.487503509968519e-05,0.08891583408694714,0.2961317510344088,0.46172370901331306
1767,random_1764,random_cycle_chord,20260823,crossing_rich,4,200,5,8,12,6.60245787680427,True,True,,perf/incremental-yamada-frontier-order,1d8374f42cccbb16d78d44100a65ca603d7d1997,3.14.7,macOS-26.6.2-arm64-arm-64bit-Mach-O,arm,0.047519125044345856,0.16153324989136308,0.06882225000299513,0.010621249908581376,0.011408042046241462,0.02235999994445592,4.066701512783766e-05,0.011638167081400752,0.012816833914257586,0.0016082919901236892,0.04846395994536579,0.13935204199515283,0.00021283305250108242,0.1783740830142051,0.029927499941550195,0.2083015829557553,2.9125018045306206e-05,0.0001812080154195428,0.16927954193670303,0.37833191687241197,0.5616979579208419
1768,random_1765,random_cycle_chord,20260823,crossing_rich,3,200,4,9,12,4.356869985166423,True,True,,perf/incremental-yamada-frontier-order,1d8374f42cccbb16d78d44100a65ca603d7d1997,3.14.7,macOS-26.6.2-arm64-arm-64bit-Mach-O,arm,0.03331712493672967,0.15960058302152902,0.039669624995440245,0.00973612500820309,0.010349749936722219,0.020495333010330796,3.1832954846322536e-05,0.010648292023688555,0.01115066697821021,0.0010792500106617808,0.043405374977737665,0.10318962507881224,7.920805364847183e-05,0.17251641699112952,0.020527874934487045,0.19304429192561656,2.295803278684616e-05,0.00013545900583267212,0.12371750001329929,0.316635207971558,0.49410183308646083
1769,random_1766,random_cycle_chord,20260823,crossing_rich,5,200,5,9,13,4.28827786049558,True,True,,perf/incremental-yamada-frontier-order,1d8374f42cccbb16d78d44100a65ca603d7d1997,3.14.7,macOS-26.6.2-arm64-arm-64bit-Mach-O,arm,0.03608041605912149,0.15551966591738164,0.03570070897694677,0.010918167070485651,0.012584541109390557,0.024811625014990568,3.899994771927595e-05,0.012822041986510158,0.013557750033214688,0.0014274170389398932,0.05265783402137458,0.11189587495755404,8.254102431237698e-05,0.19174879195634276,0.03330599993932992,0.22505479189567268,3.599992487579584e-05,0.00017633300740271807,0.14520187489688396,0.3368019568733871,0.5336363329552114
1770,random_1767,random_cycle_chord,20260823,crossing_rich,4,200,5,9,13,6.073945290145586,True,True,,perf/incremental-yamada-frontier-order,1d8374f42cccbb16d78d44100a65ca603d7d1997,3.14.7,macOS-26.6.2-arm64-arm-64bit-Mach-O,arm,0.04969016695395112,0.1641434170305729,0.0656622500391677,0.010267957928590477,0.010964083950966597,0.02165366697590798,3.858399577438831e-05,0.01117987500037998,0.011854125070385635,0.001331334002315998,0.04605758504476398,0.13298754196148366,8.266710210591555e-05,0.17926358303520828,0.024675542023032904,0.2039391250582412,2.4458044208586216e-05,0.00014774990268051624,0.15766308398451656,0.3714966679690406,0.5555178750073537
1771,random_1768,random_cycle_chord,20260823,baseline,0,200,4,10,13,4.625978620462841,True,True,,perf/incremental-yamada-frontier-order,1d8374f42cccbb16d78d44100a65ca603d7d1997,3.14.7,macOS-26.6.2-arm64-arm-64bit-Mach-O,arm,0.03534595901146531,0.15450599999167025,0.024732833029702306,0.008227167068980634,0.00854091695509851,0.01671533298213035,3.1374976970255375e-05,0.00874970795121044,0.009111708030104637,0.0008857910288497806,0.03549391496926546,0.07702250010333955,7.687497418373823e-05,0.1778555829077959,0.01378812501206994,0.19164370791986585,2.095801755785942e-05,0.0001045420067384839,0.0908106251154095,0.28066258411854506,0.46303520805668086
1772,random_1769,random_cycle_chord,20260823,baseline,0,200,3,9,11,5.369383827617218,True,True,,perf/incremental-yamada-frontier-order,1d8374f42cccbb16d78d44100a65ca603d7d1997,3.14.7,macOS-26.6.2-arm64-arm-64bit-Mach-O,arm,0.03309662500396371,0.15114749991334975,0.028784582973457873,0.006907542003318667,0.0070084999315440655,0.013910624897107482,2.216699067503214e-05,0.0071636250941082835,0.007384959026239812,0.0005708750104531646,0.029052251018583775,0.07177162496373057,6.266601849347353e-05,0.14246095798444003,0.00904574990272522,0.15150670788716525,1.4042016118764877e-05,7.508310955017805e-05,0.0808173748664558,0.26506149978376925,0.4117507500341162
1773,random_1770,random_cycle_chord,20260823,baseline,0,200,3,11,13,4.100611823722037,True,True,,perf/incremental-yamada-frontier-order,1d8374f42cccbb16d78d44100a65ca603d7d1997,3.14.7,macOS-26.6.2-arm64-arm-64bit-Mach-O,arm,0.03279425005894154,0.15005333407316357,0.019304582965560257,0.0068055830197408795,0.006894624908454716,0.013587084016762674,2.2042077034711838e-05,0.007002624915912747,0.00719604198820889,0.0005339579656720161,0.02834175096359104,0.06136558298021555,8.295802399516106e-05,0.17002445890102535,0.008358208928257227,0.17838266782928258,1.4208955690264702e-05,6.570806726813316e-05,0.06972379190847278,0.2525713760405779,0.4268017499707639
1774,random_1771,random_cycle_chord,20260823,crossing_rich,5,200,5,8,12,4.100804446510211,True,True,,perf/incremental-yamada-frontier-order,1d8374f42cccbb16d78d44100a65ca603d7d1997,3.14.7,macOS-26.6.2-arm64-arm-64bit-Mach-O,arm,0.03057608299423009,0.15077120799105614,0.039804625092074275,0.011004208005033433,0.012733499985188246,0.025220207986421883,3.74580267816782e-05,0.013015999924391508,0.0137020000256598,0.0014039999805390835,0.05337966594379395,0.11695562500972301,0.00017870799638330936,0.16438774997368455,0.028306708089075983,0.19269445806276053,2.38749198615551e-05,0.00015262491069734097,0.145262333098799,0.3266096240840852,0.4955691249342635
1775,random_1772,random_cycle_chord,20260823,baseline,0,200,3,11,13,4.054599732084454,True,True,,perf/incremental-yamada-frontier-order,1d8374f42cccbb16d78d44100a65ca603d7d1997,3.14.7,macOS-26.6.2-arm64-arm-64bit-Mach-O,arm,0.03219595900736749,0.14993012498598546,0.01744299998972565,0.006650832947343588,0.00677641702350229,0.013287166017107666,2.2458028979599476e-05,0.006903791916556656,0.007089584018103778,0.0005420830566436052,0.027845083037391305,0.05873495806008577,6.479094736278057e-05,0.17186304100323468,0.008758542011491954,0.18062158301472664,1.4166929759085178e-05,6.858294364064932e-05,0.06749350007157773,0.24961958406493068,0.4256891250843182
1776,random_1773,random_cycle_chord,20260823,baseline,0,200,3,13,15,4.563266652096202,True,True,,perf/incremental-yamada-frontier-order,1d8374f42cccbb16d78d44100a65ca603d7d1997,3.14.7,macOS-26.6.2-arm64-arm-64bit-Mach-O,arm,0.03973908303305507,0.15228545805439353,0.022905541001819074,0.00711737503297627,0.007418583030812442,0.014638709020800889,2.26249685510993e-05,0.007598124910145998,0.007794625009410083,0.0005861249519512057,0.030640208860859275,0.06810158398002386,7.324991747736931e-05,0.20299179200083017,0.009763624984771013,0.2127554169856012,1.525005791336298e-05,7.870804984122515e-05,0.07786520896479487,0.26988975005224347,0.4772102501010522
1777,random_1774,random_cycle_chord,20260823,baseline,0,200,3,10,12,4.7275721850243695,True,True,,perf/incremental-yamada-frontier-order,1d8374f42cccbb16d78d44100a65ca603d7d1997,3.14.7,macOS-26.6.2-arm64-arm-64bit-Mach-O,arm,0.03362029104027897,0.15670387505088001,0.023404499981552362,0.006917917053215206,0.00704141694586724,0.013861040933988988,2.2125081159174442e-05,0.00717733392957598,0.0073147088987752795,0.000574708916246891,0.028949917759746313,0.06633466598577797,6.595789454877377e-05,0.1536489580757916,0.009128666948527098,0.1627776250243187,1.5083001926541328e-05,7.220800034701824e-05,0.07546333293430507,0.26578749902546406,0.4237566669471562
1778,random_1775,random_cycle_chord,20260823,baseline,0,200,4,10,13,4.632373485319821,True,True,,perf/incremental-yamada-frontier-order,1d8374f42cccbb16d78d44100a65ca603d7d1997,3.14.7,macOS-26.6.2-arm64-arm-64bit-Mach-O,arm,0.03614554204978049,0.15805941703729331,0.02492420794442296,0.008010874968022108,0.008256500004790723,0.016217791941016912,3.058393485844135e-05,0.008461875026114285,0.00873679097276181,0.0008303329814225435,0.03427737485617399,0.07549704192206264,7.637497037649155e-05,0.18018883292097598,0.01260533300228417,0.19279416592326015,1.883308868855238e-05,9.862508159130812e-05,0.0881023749243468,0.2823073340114206,0.46709849999751896
1779,random_1776,random_cycle_chord,20260823,crossing_rich,5,200,6,12,17,4.569362959318567,True,True,,perf/incremental-yamada-frontier-order,1d8374f42cccbb16d78d44100a65ca603d7d1997,3.14.7,macOS-26.6.2-arm64-arm-64bit-Mach-O,arm,0.04785295797046274,0.1593811250058934,0.04766887496225536,0.0127284579211846,0.014253667090088129,0.028083582990802824,7.220800034701824e-05,0.014525917009450495,0.015288291964679956,0.0016915409360080957,0.05966154090128839,0.13436583406291902,0.00010216690134257078,0.3851474999682978,0.041502665961161256,0.42665016592945904,2.9959017410874367e-05,0.00017395801842212677,0.17586850002408028,0.3831025830004364,0.7724553330335766
1780,random_1777,random_cycle_chord,20260823,crossing_rich,12,200,8,14,21,4.288950479346185,True,True,,perf/incremental-yamada-frontier-order,1d8374f42cccbb16d78d44100a65ca603d7d1997,3.14.7,macOS-26.6.2-arm64-arm-64bit-Mach-O,arm,0.05430495797190815,0.1593183339573443,0.05474695889279246,0.01789070898666978,0.019859125022776425,0.03904016700107604,7.41670373827219e-05,0.02031866693869233,0.021898875012993813,0.0025852499529719353,0.08391712594311684,0.17647474992554635,0.0003178339684382081,0.2850262080319226,0.06708483304828405,0.35211104108020663,4.212500061839819e-05,0.000285874935798347,0.2435595829738304,0.45718287490308285,0.7479809579672292
1781,random_1778,random_cycle_chord,20260823,baseline,0,200,4,11,14,4.122733667551793,True,True,,perf/incremental-yamada-frontier-order,1d8374f42cccbb16d78d44100a65ca603d7d1997,3.14.7,macOS-26.6.2-arm64-arm-64bit-Mach-O,arm,0.03508120798505843,0.1507262500235811,0.02094916603527963,0.00810841703787446,0.008147582993842661,0.015994832967408,3.01670515909791e-05,0.008302874979563057,0.008571832906454802,0.0007487910334020853,0.033648498938418925,0.07088354195002466,7.520802319049835e-05,0.187271291972138,0.011878416989929974,0.19914970896206796,1.8915976397693157e-05,8.645898196846247e-05,0.08276195893995464,0.26856941694859415,0.4602400839794427
1782,random_1779,random_cycle_chord,20260823,baseline,0,200,3,11,13,5.227541033781335,True,True,,perf/incremental-yamada-frontier-order,1d8374f42cccbb16d78d44100a65ca603d7d1997,3.14.7,macOS-26.6.2-arm64-arm-64bit-Mach-O,arm,0.03808162501081824,0.15366004197858274,0.023652707925066352,0.006813624990172684,0.006772499997168779,0.013377125025726855,2.2292020730674267e-05,0.006911040982231498,0.007108582998625934,0.0005692500853911042,0.027988291112706065,0.06524683302268386,6.687501445412636e-05,0.1769032080192119,0.00938900001347065,0.18629220803268254,1.5167053788900375e-05,7.395795546472073e-05,0.07463583303615451,0.2663775000255555,0.44760920898988843
1783,random_1780,random_cycle_chord,20260823,baseline,0,200,4,11,14,4.035521566743249,True,True,,perf/incremental-yamada-frontier-order,1d8374f42cccbb16d78d44100a65ca603d7d1997,3.14.7,macOS-26.6.2-arm64-arm-64bit-Mach-O,arm,0.03622237499803305,0.1598966249730438,0.024689582991413772,0.008132916991598904,0.008051250013522804,0.01580375002231449,3.045797348022461e-05,0.008208416984416544,0.008683084044605494,0.0008424170082435012,0.03356812603306025,0.07447041699197143,8.304195944219828e-05,0.195287499926053,0.012922291993163526,0.2082097919192165,2.0666979253292084e-05,9.68339154496789e-05,0.08739270898513496,0.2835117089562118,0.48347454192116857
1784,random_1781,random_cycle_chord,20260823,crossing_rich,4,200,5,8,12,6.591888088163347,True,True,,perf/incremental-yamada-frontier-order,1d8374f42cccbb16d78d44100a65ca603d7d1997,3.14.7,macOS-26.6.2-arm64-arm-64bit-Mach-O,arm,0.04721537500154227,0.16181908291764557,0.06820858304854482,0.011565084103494883,0.012675125035457313,0.02561829099431634,9.312503971159458e-05,0.01339170802384615,0.014467665925621986,0.0018384169088676572,0.05540920689236373,0.14792466699145734,0.00023133307695388794,0.29335033299867064,0.0442744999891147,0.33762483298778534,9.837502148002386e-05,0.0003222499508410692,0.19219916698057204,0.4012336248997599,0.700273249996826
1785,random_1782,random_cycle_chord,20260823,crossing_rich,5,200,5,9,13,4.304640004063571,True,True,,perf/incremental-yamada-frontier-order,1d8374f42cccbb16d78d44100a65ca603d7d1997,3.14.7,macOS-26.6.2-arm64-arm-64bit-Mach-O,arm,0.045804333058185875,0.20229224988725036,0.05994170799385756,0.016814832924865186,0.025572707992978394,0.04057679197285324,9.75829316303134e-05,0.025087959016673267,0.022142958012409508,0.002624667016789317,0.09052995895035565,0.19295208295807242,0.00015674997121095657,0.29325654194690287,0.04871533310506493,0.3419718750519678,5.266699008643627e-05,0.0002387090353295207,0.24166741606313735,0.4897639990085736,0.790846333024092
1786,random_1783,random_cycle_chord,20260823,crossing_rich,4,200,5,10,14,5.389940944025782,True,True,,perf/incremental-yamada-frontier-order,1d8374f42cccbb16d78d44100a65ca603d7d1997,3.14.7,macOS-26.6.2-arm64-arm-64bit-Mach-O,arm,0.06697416701354086,0.2678428750950843,0.07153962494339794,0.014625500072725117,0.016017916961573064,0.032521291985176504,0.0001243329606950283,0.016975541948340833,0.01778112503234297,0.001916209002956748,0.06931850092951208,0.17158166703302413,0.00016366702038794756,0.39618999999947846,0.04063399997539818,0.43682399997487664,4.3208012357354164e-05,0.00022658391389995813,0.21221566700842232,0.5470327091170475,0.9494298750068992
1787,random_1784,random_cycle_chord,20260823,crossing_rich,3,200,4,8,11,4.208235220226601,True,True,,perf/incremental-yamada-frontier-order,1d8374f42cccbb16d78d44100a65ca603d7d1997,3.14.7,macOS-26.6.2-arm64-arm-64bit-Mach-O,arm,0.04513141594361514,0.23754537501372397,0.05663308303337544,0.015005749999545515,0.01521362503990531,0.03142579202540219,9.545800276100636e-05,0.07256079197395593,0.02195691701490432,0.0018335420172661543,0.1278725010342896,0.21481237502302974,0.00016004103235900402,0.4021170409396291,0.03120550001040101,0.4333225409500301,3.845803439617157e-05,0.0001881670905277133,0.24601787503343076,0.5286946659907699,0.9369263330008835
1788,random_1785,random_cycle_chord,20260823,crossing_rich,5,200,5,8,12,4.169926405889979,True,True,,perf/incremental-yamada-frontier-order,1d8374f42cccbb16d78d44100a65ca603d7d1997,3.14.7,macOS-26.6.2-arm64-arm-64bit-Mach-O,arm,0.04716216598171741,0.21491683297790587,0.06304316595196724,0.01619341701734811,0.018449666909873486,0.037559667020104825,9.979202877730131e-05,0.018943917006254196,0.01975383295211941,0.0018902920419350266,0.07824750104919076,0.1760154590010643,0.00025595794431865215,0.23765741696115583,0.039779708022251725,0.27743712498340756,3.612495493143797e-05,0.00020916596986353397,0.21579516702331603,0.4778741659829393,0.7220780000789091
1789,random_1786,random_cycle_chord,20260823,crossing_rich,4,200,5,8,12,6.602840678675016,True,True,,perf/incremental-yamada-frontier-order,1d8374f42cccbb16d78d44100a65ca603d7d1997,3.14.7,macOS-26.6.2-arm64-arm-64bit-Mach-O,arm,0.11563283298164606,0.21170699992217124,0.08154658298008144,0.014617917011491954,0.014811291941441596,0.028736457927152514,8.15410166978836e-05,0.014919291948899627,0.01633608399424702,0.0019025830551981926,0.06197595794219524,0.17301849997602403,0.00025883293710649014,0.22407312493305653,0.038865874987095594,0.2629389999201521,3.5375007428228855e-05,0.00020758295431733131,0.21188437496311963,0.5392242078669369,0.769369582994841
1790,random_1787,random_cycle_chord,20260823,crossing_rich,5,200,5,8,12,4.283197707345964,True,True,,perf/incremental-yamada-frontier-order,1d8374f42cccbb16d78d44100a65ca603d7d1997,3.14.7,macOS-26.6.2-arm64-arm-64bit-Mach-O,arm,0.04620966699440032,0.18833895807620138,0.06394150003325194,0.051270666997879744,0.01833350001834333,0.033798665972426534,7.362500764429569e-05,0.016357416985556483,0.016268624924123287,0.0016553329769521952,0.0681536658667028,0.20179662492591888,0.00035808293614536524,0.35928320907987654,0.03596558410208672,0.39524879318196326,3.445800393819809e-05,0.00020533392671495676,0.2377622090280056,0.4723108340986073,0.8373267089482397
1791,random_1788,random_cycle_chord,20260823,crossing_rich,5,200,5,10,14,4.110821241491446,True,True,,perf/incremental-yamada-frontier-order,1d8374f42cccbb16d78d44100a65ca603d7d1997,3.14.7,macOS-26.6.2-arm64-arm-64bit-Mach-O,arm,0.04979029099922627,0.20028624997939914,0.05560183303896338,0.013569166068919003,0.014956166967749596,0.029815917019732296,8.875003550201654e-05,0.015921958023682237,0.0169687089510262,0.0019032909767702222,0.06469862500671297,0.1488880841061473,0.00014262506738305092,0.3132316670380533,0.04108895896933973,0.354320626007393,4.158297087997198e-05,0.00023141701240092516,0.18997704307548702,0.44005358405411243,0.7595712089678273
1792,random_1789,random_cycle_chord,20260823,baseline,0,200,3,10,12,5.628229092721975,True,True,,perf/incremental-yamada-frontier-order,1d8374f42cccbb16d78d44100a65ca603d7d1997,3.14.7,macOS-26.6.2-arm64-arm-64bit-Mach-O,arm,0.05125141597818583,0.20222012500744313,0.03796216705814004,0.011446958989836276,0.009021000005304813,0.01764674996957183,4.779093433171511e-05,0.009152916027233005,0.00945233297534287,0.000757250003516674,0.03705703990999609,0.09552108298521489,0.00011024996638298035,0.20641724998131394,0.013946625054813921,0.22036387503612787,2.6000081561505795e-05,0.00010904099326580763,0.10946770804002881,0.3629392490256578,0.5751484580105171
1793,random_1790,random_cycle_chord,20260823,crossing_rich,3,200,4,8,11,4.222339413154537,True,True,,perf/incremental-yamada-frontier-order,1d8374f42cccbb16d78d44100a65ca603d7d1997,3.14.7,macOS-26.6.2-arm64-arm-64bit-Mach-O,arm,0.04637616593390703,0.2186840829672292,0.043483874993398786,0.010832082945853472,0.011636042036116123,0.022708666045218706,3.816699609160423e-05,0.011772666941396892,0.01228329201694578,0.0011390839936211705,0.04794187599327415,0.11392470798455179,7.812504190951586e-05,0.16849379101768136,0.022404541028663516,0.19089833204634488,2.7084024623036385e-05,0.0001462079817429185,0.1363292490132153,0.4013894979143515,0.5751414160476997
1794,random_1791,random_cycle_chord,20260823,baseline,0,200,3,12,14,4.873855881990209,True,True,,perf/incremental-yamada-frontier-order,1d8374f42cccbb16d78d44100a65ca603d7d1997,3.14.7,macOS-26.6.2-arm64-arm-64bit-Mach-O,arm,0.04102183401118964,0.16332983400207013,0.025499084033071995,0.0074870840180665255,0.007595165981911123,0.015005249995738268,2.295803278684616e-05,0.007760416949167848,0.007913541980087757,0.0005456670187413692,0.031247833976522088,0.07184991706162691,7.391697727143764e-05,0.19160654197912663,0.009026041952893138,0.20063258393201977,1.5833997167646885e-05,7.729197386652231e-05,0.08087595901452005,0.2852276270277798,0.48130808398127556
1795,random_1792,random_cycle_chord,20260823,crossing_rich,3,200,4,8,11,4.220301390870329,True,True,,perf/incremental-yamada-frontier-order,1d8374f42cccbb16d78d44100a65ca603d7d1997,3.14.7,macOS-26.6.2-arm64-arm-64bit-Mach-O,arm,0.030063000041991472,0.15725279098842293,0.04358445794787258,0.009782540961168706,0.010543707991018891,0.020808584056794643,3.091699909418821e-05,0.010780334006994963,0.011190749937668443,0.0010079999919980764,0.043818584992550313,0.10775783401913941,7.270800415426493e-05,0.24651454202830791,0.018431415897794068,0.264945957926102,2.0832987502217293e-05,0.00011387502308934927,0.12618924991693348,0.3135050409473479,0.5642919169040397
1796,random_1793,random_cycle_chord,20260823,baseline,0,200,4,14,17,4.293866576149372,True,True,,perf/incremental-yamada-frontier-order,1d8374f42cccbb16d78d44100a65ca603d7d1997,3.14.7,macOS-26.6.2-arm64-arm-64bit-Mach-O,arm,0.04282179195433855,0.1508358750725165,0.022528583998791873,0.007647874997928739,0.007926541962660849,0.015629792003892362,2.975005190819502e-05,0.008101375075057149,0.008380208048038185,0.0007716250838711858,0.032912750262767076,0.07104283303488046,8.354103192687035e-05,0.22144270793069154,0.01153554196935147,0.232978249900043,1.808302477002144e-05,8.612498641014099e-05,0.08257837500423193,0.276236042031087,0.5020423750393093
1797,random_1794,random_cycle_chord,20260823,crossing_rich,4,200,5,8,12,6.585361298612286,True,True,,perf/incremental-yamada-frontier-order,1d8374f42cccbb16d78d44100a65ca603d7d1997,3.14.7,macOS-26.6.2-arm64-arm-64bit-Mach-O,arm,0.043740499997511506,0.19831916596740484,0.07008295808918774,0.010935291997157037,0.011581500060856342,0.02267749991733581,5.075009539723396e-05,0.01166966708842665,0.012573832995258272,0.0015251670265570283,0.04849691712297499,0.14113233296666294,0.00017849996220320463,0.17487449990585446,0.02977745793759823,0.2046519578434527,2.920802216976881e-05,0.00017654208932071924,0.17090979090426117,0.4129694568691775,0.5931597080780193
1798,random_1795,random_cycle_chord,20260823,crossing_rich,5,200,5,8,12,4.217612243195375,True,True,,perf/incremental-yamada-frontier-order,1d8374f42cccbb16d78d44100a65ca603d7d1997,3.14.7,macOS-26.6.2-arm64-arm-64bit-Mach-O,arm,0.03410141705535352,0.1708707920042798,0.048078958061523736,0.013221000088378787,0.014167999965138733,0.028219499974511564,7.587496656924486e-05,0.014578750007785857,0.015236167004331946,0.0015348329907283187,0.05964512494392693,0.13518425007350743,0.00024025002494454384,0.18947541702073067,0.035226832958869636,0.2247022499796003,4.504097159951925e-05,0.00018783402629196644,0.17041108303237706,0.3753832920920104,0.5705764159793034
1799,random_1796,random_cycle_chord,20260823,baseline,0,200,3,9,11,5.386230009093343,True,True,,perf/incremental-yamada-frontier-order,1d8374f42cccbb16d78d44100a65ca603d7d1997,3.14.7,macOS-26.6.2-arm64-arm-64bit-Mach-O,arm,0.03951299993786961,0.1958419169532135,0.03464404202532023,0.00855050003156066,0.007501874933950603,0.0144521250622347,4.449998959898949e-05,0.007759167114272714,0.007779625011608005,0.0006393339717760682,0.030674751149490476,0.08140591706614941,9.058299474418163e-05,0.19384208298288286,0.011683583026751876,0.20552566600963473,2.3124972358345985e-05,9.425007738173008e-05,0.09308950009290129,0.3284444169839844,0.5274750828975812
1800,random_1797,random_cycle_chord,20260823,baseline,0,200,3,11,13,4.057480062415843,True,True,,perf/incremental-yamada-frontier-order,1d8374f42cccbb16d78d44100a65ca603d7d1997,3.14.7,macOS-26.6.2-arm64-arm-64bit-Mach-O,arm,0.054224499966949224,0.2471454159822315,0.028530375100672245,0.01092845806851983,0.010588167002424598,0.020317291957326233,7.758301217108965e-05,0.010255708009935915,0.010944875073619187,0.0009098750306293368,0.04250533308368176,0.09260966605506837,0.0001319580478593707,0.26320316700730473,0.0121430839644745,0.2753462509717792,2.4290988221764565e-05,0.00011054100468754768,0.10475275001954287,0.4061226659687236,0.6770277910400182
1801,random_1798,random_cycle_chord,20260823,baseline,0,200,4,11,14,4.065106671410335,True,True,,perf/incremental-yamada-frontier-order,1d8374f42cccbb16d78d44100a65ca603d7d1997,3.14.7,macOS-26.6.2-arm64-arm-64bit-Mach-O,arm,0.04402779205702245,0.21078837499953806,0.02767520898487419,0.0110046659829095,0.0116827089805156,0.02513045899104327,7.687497418373823e-05,0.012448332970961928,0.012108833994716406,0.001043124939315021,0.05080762587022036,0.10122562502510846,0.00014716701116412878,0.39557845797389746,0.0284983329474926,0.42407679092139006,8.191692177206278e-05,0.00020745908841490746,0.12972395797260106,0.3845401250291616,0.7871872499817982
1802,random_1799,random_cycle_chord,20260823,crossing_rich,7,200,7,13,19,4.0297111157554095,True,True,,perf/incremental-yamada-frontier-order,1d8374f42cccbb16d78d44100a65ca603d7d1997,3.14.7,macOS-26.6.2-arm64-arm-64bit-Mach-O,arm,0.08893837500363588,0.23196654103230685,0.06796874990686774,0.022673957981169224,0.023164333077147603,0.060355166089721024,0.00017975002992898226,0.026100083952769637,0.07396570907440037,0.003654666943475604,0.1642553760902956,0.2781784579856321,0.00022675003856420517,0.4076726249186322,0.0667971670627594,0.4744697919813916,6.93340552970767e-05,0.0003417918924242258,0.3449756250483915,0.6658805410843343,1.0823755409801379
1803,random_1800,random_cycle_chord,20260823,baseline,0,200,3,9,11,5.362856155230848,True,True,,perf/incremental-yamada-frontier-order,1d8374f42cccbb16d78d44100a65ca603d7d1997,3.14.7,macOS-26.6.2-arm64-arm-64bit-Mach-O,arm,0.05691625003237277,0.19852662505581975,0.029107125010341406,0.007866333005949855,0.007638667011633515,0.015369375003501773,3.55839729309082e-05,0.007885916973464191,0.00805683305952698,0.0006419580895453691,0.03198966709896922,0.07662508299108595,8.404208347201347e-05,0.16516758291982114,0.010279792011715472,0.17544737493153661,1.708301715552807e-05,9.187497198581696e-05,0.08690487500280142,0.34234775009099394,0.5125860000262037
1804,random_1801,random_cycle_chord,20260823,crossing_rich,2,200,4,9,12,5.7733686569392875,True,True,,perf/incremental-yamada-frontier-order,1d8374f42cccbb16d78d44100a65ca603d7d1997,3.14.7,macOS-26.6.2-arm64-arm-64bit-Mach-O,arm,0.04378824995364994,0.17239929200150073,0.05381275003310293,0.009790875017642975,0.009686416015028954,0.018963457900099456,6.116600707173347e-05,0.009860082995146513,0.01034229202196002,0.0010723749874159694,0.04029937391169369,0.11363254196476191,9.674998000264168e-05,0.22027620894368738,0.02113870799075812,0.2414149169344455,3.12920892611146e-05,0.000145082944072783,0.13477124995552003,0.3509587919106707,0.5762575420085341
1805,random_1802,random_cycle_chord,20260823,baseline,0,200,3,9,11,5.383966305026731,True,True,,perf/incremental-yamada-frontier-order,1d8374f42cccbb16d78d44100a65ca603d7d1997,3.14.7,macOS-26.6.2-arm64-arm-64bit-Mach-O,arm,0.038076500059105456,0.1697693329770118,0.03321387502364814,0.007990833022631705,0.007759207976050675,0.015372209018096328,4.866695962846279e-05,0.008025208953768015,0.007856584037654102,0.0006059580482542515,0.03190862701740116,0.08089566696435213,8.266593795269728e-05,0.15629779105074704,0.009747292031534016,0.16604508308228105,2.008303999900818e-05,9.258300997316837e-05,0.09064295899588615,0.2984887920320034,0.46015070797875524
1806,random_1803,random_cycle_chord,20260823,crossing_rich,2,200,4,10,13,4.981580866779547,True,True,,perf/incremental-yamada-frontier-order,1d8374f42cccbb16d78d44100a65ca603d7d1997,3.14.7,macOS-26.6.2-arm64-arm-64bit-Mach-O,arm,0.040677874931134284,0.16123970900662243,0.04523841699119657,0.009261833969503641,0.009343332960270345,0.018350749975070357,3.1540985219180584e-05,0.0094835419440642,0.00992945907637477,0.0009284589905291796,0.03872375097125769,0.10259612498339266,8.070794865489006e-05,0.18517883401364088,0.01777587505057454,0.20295470906421542,2.562499139457941e-05,0.00012041698209941387,0.1203720000339672,0.3222895839717239,0.5121430000290275
1807,random_1804,random_cycle_chord,20260823,crossing_rich,4,200,5,10,14,5.625652640779878,True,True,,perf/incremental-yamada-frontier-order,1d8374f42cccbb16d78d44100a65ca603d7d1997,3.14.7,macOS-26.6.2-arm64-arm-64bit-Mach-O,arm,0.04624195792712271,0.16361112496815622,0.057226042030379176,0.01163183304015547,0.012663458939641714,0.024646749952808022,8.029199671000242e-05,0.013102540979161859,0.013558792066760361,0.0013946250546723604,0.052783000050112605,0.13437083398457617,0.00013433408457785845,0.30884833296295255,0.025362499989569187,0.33421083295252174,3.104202914983034e-05,0.00015970796812325716,0.15973333397414535,0.3695864168694243,0.6831439590314403
1808,random_1805,random_cycle_chord,20260823,baseline,0,200,4,15,18,4.046841799850173,True,True,,perf/incremental-yamada-frontier-order,1d8374f42cccbb16d78d44100a65ca603d7d1997,3.14.7,macOS-26.6.2-arm64-arm-64bit-Mach-O,arm,0.04769583302550018,0.15660712495446205,0.019718625000678003,0.007879624958150089,0.008144541992805898,0.016024084063246846,4.633399657905102e-05,0.008432041970081627,0.00866241694893688,0.0007869580294936895,0.033951835008338094,0.06973991694394499,0.00011116592213511467,0.2645587919978425,0.01220416696742177,0.27676295896526426,2.2666994482278824e-05,9.829190094023943e-05,0.08194408391136676,0.286247041891329,0.5553799170302227
1809,random_1806,random_cycle_chord,20260823,baseline,0,200,3,14,16,4.297211026660823,True,True,,perf/incremental-yamada-frontier-order,1d8374f42cccbb16d78d44100a65ca603d7d1997,3.14.7,macOS-26.6.2-arm64-arm-64bit-Mach-O,arm,0.04445837496314198,0.16579695791006088,0.023621666012331843,0.007939542061649263,0.00805775006301701,0.018422167049720883,9.795906953513622e-05,0.008279833011329174,0.008706040913239121,0.000684124999679625,0.03619012504350394,0.07584883307572454,0.00013070798013359308,0.2555129579268396,0.01173554197885096,0.26724849990569055,2.2542080841958523e-05,9.887502528727055e-05,0.0875843750545755,0.29783970792777836,0.5583781249588355
1810,random_1807,random_cycle_chord,20260823,crossing_rich,4,200,5,10,14,5.413629187338361,True,True,,perf/incremental-yamada-frontier-order,1d8374f42cccbb16d78d44100a65ca603d7d1997,3.14.7,macOS-26.6.2-arm64-arm-64bit-Mach-O,arm,0.05442095804028213,0.17179849999956787,0.056539083016104996,0.011623916099779308,0.012260666000656784,0.023590083001181483,7.283303420990705e-05,0.012380082975141704,0.013149875099770725,0.0014319580513983965,0.050624832161702216,0.13110104098450392,0.00011075008660554886,0.20257029100321233,0.035326708923093975,0.2378969999263063,3.812497016042471e-05,0.0001798340817913413,0.1664277499075979,0.3926472079474479,0.6005127080716193
1811,random_1808,random_cycle_chord,20260823,baseline,0,200,3,10,12,4.668526283058806,True,True,,perf/incremental-yamada-frontier-order,1d8374f42cccbb16d78d44100a65ca603d7d1997,3.14.7,macOS-26.6.2-arm64-arm-64bit-Mach-O,arm,0.04019329196307808,0.21497104200534523,0.024871750036254525,0.009186333976686,0.008361666928976774,0.01680070802103728,5.679205060005188e-05,0.008883834001608193,0.008925833040848374,0.0006929170340299606,0.03536008414812386,0.07780466601252556,9.724998380988836e-05,0.1819323340896517,0.011897333897650242,0.19382966798730195,1.89170241355896e-05,9.358301758766174e-05,0.0897019999101758,0.3448663338785991,0.5322031669784337
1812,random_1809,random_cycle_chord,20260823,baseline,0,200,3,9,11,5.385359063157242,True,True,,perf/incremental-yamada-frontier-order,1d8374f42cccbb16d78d44100a65ca603d7d1997,3.14.7,macOS-26.6.2-arm64-arm-64bit-Mach-O,arm,0.04124087491072714,0.2043607080122456,0.03270195797085762,0.012198833981528878,0.009209500043652952,0.020762375090271235,9.037507697939873e-05,0.010703333071433008,0.011109290993772447,0.0008336669998243451,0.04349904123228043,0.09768629190512002,0.00011904200073331594,0.1868709169793874,0.011641875025816262,0.19851279200520366,2.654106356203556e-05,9.679095819592476e-05,0.10932816693093628,0.354929749853909,0.5470663340529427
1813,random_1810,random_cycle_chord,20260823,crossing_rich,5,200,5,9,13,4.203696637514878,True,True,,perf/incremental-yamada-frontier-order,1d8374f42cccbb16d78d44100a65ca603d7d1997,3.14.7,macOS-26.6.2-arm64-arm-64bit-Mach-O,arm,0.04495920892804861,0.1843517500674352,0.05073999997694045,0.013159207999706268,0.014332792023196816,0.0323971250327304,9.475008118897676e-05,0.019899207982234657,0.02156195801217109,0.0017748749814927578,0.07572791608981788,0.15401670895516872,0.00013137503992766142,0.23461429099552333,0.03448904096148908,0.2691033319570124,3.145798109471798e-05,0.00019308400806039572,0.1885057499166578,0.4178167089121416,0.6580802919343114
1814,random_1811,random_cycle_chord,20260823,crossing_rich,2,200,4,10,13,5.098542191929782,True,True,,perf/incremental-yamada-frontier-order,1d8374f42cccbb16d78d44100a65ca603d7d1997,3.14.7,macOS-26.6.2-arm64-arm-64bit-Mach-O,arm,0.04480458295438439,0.17223129095509648,0.050206667045131326,0.01407954201567918,0.013309208094142377,0.026870459085330367,8.529191836714745e-05,0.017042958992533386,0.015973082976415753,0.0013749579666182399,0.061346750939264894,0.1390305000822991,0.00014883303083479404,0.24844958307221532,0.020104542025364935,0.26855412509758025,2.520799171179533e-05,0.00014350004494190216,0.15913504210766405,0.3761709160171449,0.6320264170644805
1815,random_1812,random_cycle_chord,20260823,baseline,0,200,3,9,11,5.3922984668407565,True,True,,perf/incremental-yamada-frontier-order,1d8374f42cccbb16d78d44100a65ca603d7d1997,3.14.7,macOS-26.6.2-arm64-arm-64bit-Mach-O,arm,0.03975195810198784,0.18207220896147192,0.030060332966968417,0.007665249984711409,0.007486624992452562,0.014725334011018276,6.004201713949442e-05,0.0075283750193193555,0.007876124931499362,0.0006615420570597053,0.030851418036036193,0.0761019999627024,0.00010670803021639585,0.16755120793823153,0.009869250003248453,0.17742045794147998,1.6958103515207767e-05,8.662499021738768e-05,0.08597124996595085,0.3077954170294106,0.4802578749367967
1816,random_1813,random_cycle_chord,20260823,crossing_rich,6,200,6,13,18,4.103400808361571,True,True,,perf/incremental-yamada-frontier-order,1d8374f42cccbb16d78d44100a65ca603d7d1997,3.14.7,macOS-26.6.2-arm64-arm-64bit-Mach-O,arm,0.05248875007964671,0.17246533290017396,0.04823758406564593,0.016330542042851448,0.016443125088699162,0.034215457970276475,0.0001092500751838088,0.02082262490876019,0.017978291027247906,0.0019727919716387987,0.07509841595310718,0.15619308303575963,0.00016350008081644773,0.32108570903073996,0.042837916989810765,0.36392362602055073,4.5082997530698776e-05,0.00021883298177272081,0.1990310000255704,0.42398508300539106,0.7510385829955339
1817,random_1814,random_cycle_chord,20260823,baseline,0,200,3,15,17,4.05116508705084,True,True,,perf/incremental-yamada-frontier-order,1d8374f42cccbb16d78d44100a65ca603d7d1997,3.14.7,macOS-26.6.2-arm64-arm-64bit-Mach-O,arm,0.04868624999653548,0.1746487090131268,0.02033874997869134,0.008402958046644926,0.008164791972376406,0.016088749980553985,2.5165965780615807e-05,0.00841179199051112,0.008608708973042667,0.0006608749972656369,0.033795291907154024,0.07072479208000004,9.395892266184092e-05,0.25375916704069823,0.010433250106871128,0.26419241714756936,1.6958918422460556e-05,8.820893708616495e-05,0.08115804218687117,0.30449300119653344,0.5631109169917181
1818,random_1815,random_cycle_chord,20260823,baseline,0,200,3,9,11,5.33968266835687,True,True,,perf/incremental-yamada-frontier-order,1d8374f42cccbb16d78d44100a65ca603d7d1997,3.14.7,macOS-26.6.2-arm64-arm-64bit-Mach-O,arm,0.03571166703477502,0.1630891659297049,0.029243082972243428,0.00747824995778501,0.007201666943728924,0.014671374927274883,4.9458001740276814e-05,0.00782741594593972,0.007810916984453797,0.0005807500565424562,0.030939915915951133,0.07488500000908971,8.64590983837843e-05,0.1623622919432819,0.009723499999381602,0.1720857919426635,2.7416041120886803e-05,9.270897135138512e-05,0.08460850000847131,0.28340933297295123,0.4506947920890525
1819,random_1816,random_cycle_chord,20260823,baseline,0,200,3,8,10,6.165097779893939,True,True,,perf/incremental-yamada-frontier-order,1d8374f42cccbb16d78d44100a65ca603d7d1997,3.14.7,macOS-26.6.2-arm64-arm-64bit-Mach-O,arm,0.0370884999865666,0.16733700002077967,0.03416999999899417,0.007675374974496663,0.0076495419489219785,0.015167875098995864,6.183295045047998e-05,0.007684583077207208,0.007952417014166713,0.0006847920594736934,0.03155150020029396,0.08109958295244724,9.562494233250618e-05,0.14955554204061627,0.010955708101391792,0.16051125014200807,2.845795825123787e-05,9.362504351884127e-05,0.09205529105383903,0.2964807910611853,0.4508471250301227
1820,random_1817,random_cycle_chord,20260823,baseline,0,200,3,10,12,4.660863792309521,True,True,,perf/incremental-yamada-frontier-order,1d8374f42cccbb16d78d44100a65ca603d7d1997,3.14.7,macOS-26.6.2-arm64-arm-64bit-Mach-O,arm,0.03280604199972004,0.16237120795994997,0.024617374991066754,0.007204374996945262,0.0069032079773023725,0.013460792019031942,3.50830378010869e-05,0.006953333038836718,0.007129583973437548,0.0006100829923525453,0.02818887506145984,0.06693641701713204,7.545796688646078e-05,0.15112445806153119,0.010010416037403047,0.16113487409893423,1.8124934285879135e-05,8.358305785804987e-05,0.07694683305453509,0.2721240830142051,0.4276056250091642
1821,random_1818,random_cycle_chord,20260823,crossing_rich,5,200,5,9,13,4.210627106568236,True,True,,perf/incremental-yamada-frontier-order,1d8374f42cccbb16d78d44100a65ca603d7d1997,3.14.7,macOS-26.6.2-arm64-arm-64bit-Mach-O,arm,0.0354145000455901,0.1577234580181539,0.042949458002112806,0.011723291012458503,0.013399209012277424,0.026271749986335635,4.8749963752925396e-05,0.013542791013605893,0.014243499957956374,0.0014970829943194985,0.055603873915970325,0.12371445796452463,9.874999523162842e-05,0.18832995800767094,0.03104854200500995,0.2193785000126809,2.816703636199236e-05,0.00016862503252923489,0.15476299996953458,0.3479009580332786,0.5413399999961257
1822,random_1819,random_cycle_chord,20260823,crossing_rich,4,200,5,9,13,6.076014679147948,True,True,,perf/incremental-yamada-frontier-order,1d8374f42cccbb16d78d44100a65ca603d7d1997,3.14.7,macOS-26.6.2-arm64-arm-64bit-Mach-O,arm,0.04560308298096061,0.17243433301337063,0.06821004196535796,0.01169479195959866,0.012449375004507601,0.025162833044305444,6.508396472781897e-05,0.012882916955277324,0.013958750059828162,0.0015231251018121839,0.05359270912595093,0.14598949998617172,0.00010745797771960497,0.20243233407381922,0.029443416045978665,0.23187575011979789,3.279093652963638e-05,0.0001849159598350525,0.1754329160321504,0.39347033202648163,0.6011862920131534
1823,random_1820,random_cycle_chord,20260823,baseline,0,200,3,9,11,5.393799411168243,True,True,,perf/incremental-yamada-frontier-order,1d8374f42cccbb16d78d44100a65ca603d7d1997,3.14.7,macOS-26.6.2-arm64-arm-64bit-Mach-O,arm,0.03819258394651115,0.17351395799778402,0.030784707982093096,0.007688667043112218,0.0071455000434070826,0.014253875007852912,3.591598942875862e-05,0.0076824999414384365,0.007596542011015117,0.0006139579927548766,0.0301827909424901,0.07582316710613668,7.525004912167788e-05,0.16212108300533146,0.00996116700116545,0.1720822500064969,1.7874990589916706e-05,8.65840120241046e-05,0.08578433410730213,0.2974908760515973,0.46430333296302706
1824,random_1821,random_cycle_chord,20260823,baseline,0,200,3,8,10,6.1326459878846995,True,True,,perf/incremental-yamada-frontier-order,1d8374f42cccbb16d78d44100a65ca603d7d1997,3.14.7,macOS-26.6.2-arm64-arm-64bit-Mach-O,arm,0.03881041600834578,0.1662835410097614,0.0364106249762699,0.008153749979101121,0.007499124971218407,0.014807583997026086,3.462505992501974e-05,0.007740624947473407,0.00799979199655354,0.0006670410512015224,0.031249667052179575,0.08333520800806582,7.595901843160391e-05,0.14858970907516778,0.011126541998237371,0.15971625107340515,2.1541956812143326e-05,0.00010912504512816668,0.09446175000630319,0.29955570702441037,0.4532440420007333
1825,random_1822,random_cycle_chord,20260823,baseline,0,200,4,14,17,4.291466173770763,True,True,,perf/incremental-yamada-frontier-order,1d8374f42cccbb16d78d44100a65ca603d7d1997,3.14.7,macOS-26.6.2-arm64-arm-64bit-Mach-O,arm,0.04929220792837441,0.17168916598893702,0.02655195794068277,0.008994749980047345,0.009083000011742115,0.01818262506276369,8.008303120732307e-05,0.009903708007186651,0.009764290996827185,0.0008957090321928263,0.03882641613017768,0.0835309160174802,0.0001272079534828663,0.2508806249825284,0.01333075005095452,0.2642113750334829,2.450007013976574e-05,0.00010266690514981747,0.09686166606843472,0.31784303998574615,0.5738373330095783
1826,random_1823,random_cycle_chord,20260823,baseline,0,200,3,10,12,5.618927477781725,True,True,,perf/incremental-yamada-frontier-order,1d8374f42cccbb16d78d44100a65ca603d7d1997,3.14.7,macOS-26.6.2-arm64-arm-64bit-Mach-O,arm,0.043083792086690664,0.17195429210551083,0.03626704099588096,0.007809999980963767,0.007454667007550597,0.01425820798613131,2.616702113300562e-05,0.007432207930833101,0.00757470796816051,0.0005685830255970359,0.029859873931854963,0.08141412492841482,0.0001003750367090106,0.17385633394587785,0.009432332939468324,0.18328866688534617,1.991703175008297e-05,8.133298251777887e-05,0.09084645786788315,0.30588454206008464,0.48482229199726135
1827,random_1824,random_cycle_chord,20260823,crossing_rich,4,200,5,8,12,6.602007048041884,True,True,,perf/incremental-yamada-frontier-order,1d8374f42cccbb16d78d44100a65ca603d7d1997,3.14.7,macOS-26.6.2-arm64-arm-64bit-Mach-O,arm,0.047628458007238805,0.16529795806854963,0.08842966705560684,0.011625915998592973,0.01280170795507729,0.025821874965913594,0.00010762503370642662,0.014036125037819147,0.014705584035255015,0.0018428339390084147,0.0565140430117026,0.16943704104050994,0.00025049992837011814,0.21888854098506272,0.03951775003224611,0.25840629101730883,4.3625012040138245e-05,0.00023433298338204622,0.20895479107275605,0.4218812071485445,0.6494300420163199
1828,random_1825,random_cycle_chord,20260823,baseline,0,200,4,10,13,4.643730071098896,True,True,,perf/incremental-yamada-frontier-order,1d8374f42cccbb16d78d44100a65ca603d7d1997,3.14.7,macOS-26.6.2-arm64-arm-64bit-Mach-O,arm,0.060417916043661535,0.19661929202266037,0.027258374961093068,0.009447957971133292,0.009722416987642646,0.020107625052332878,7.054198067635298e-05,0.010318665998056531,0.010051124962046742,0.0008493330096825957,0.0413972910027951,0.0878730840049684,0.00010604201816022396,0.184984749997966,0.012428500107489526,0.19741325010545552,2.933293581008911e-05,0.00011045800056308508,0.10030158411245793,0.35733879217877984,0.5476742920000106
1829,random_1826,random_cycle_chord,20260823,baseline,0,200,3,8,10,6.20761898250492,True,True,,perf/incremental-yamada-frontier-order,1d8374f42cccbb16d78d44100a65ca603d7d1997,3.14.7,macOS-26.6.2-arm64-arm-64bit-Mach-O,arm,0.03887766692787409,0.17016774998046458,0.042216749978251755,0.009440999943763018,0.009226875030435622,0.018804167048074305,9.337509982287884e-05,0.009454915998503566,0.009578000055626035,0.0007766250055283308,0.038707083207555115,0.09965645906049758,0.00010316702537238598,0.1634394999127835,0.01161141600459814,0.17505091591738164,2.2249994799494743e-05,0.00010537495836615562,0.11126787506509572,0.3203132919734344,0.489285874995403
1830,random_1827,random_cycle_chord,20260823,baseline,0,200,5,15,19,4.047478481572891,True,True,,perf/incremental-yamada-frontier-order,1d8374f42cccbb16d78d44100a65ca603d7d1997,3.14.7,macOS-26.6.2-arm64-arm-64bit-Mach-O,arm,0.05537104094401002,0.18588225007988513,0.029856499982997775,0.011847582994960248,0.011673250002786517,0.022196458070538938,5.7541998103260994e-05,0.011558332946151495,0.01190062495879829,0.0010705420281738043,0.04678350000176579,0.10023474995978177,0.00013154197949916124,0.2884147920412943,0.016194708994589746,0.304609501035884,3.2665906473994255e-05,0.00012462493032217026,0.11642945895437151,0.35768274997826666,0.6519751669839025
1831,random_1828,random_cycle_chord,20260823,crossing_rich,4,200,5,10,14,5.580301968861411,True,True,,perf/incremental-yamada-frontier-order,1d8374f42cccbb16d78d44100a65ca603d7d1997,3.14.7,macOS-26.6.2-arm64-arm-64bit-Mach-O,arm,0.050899124937132,0.17444504203740507,0.0633427919819951,0.011716208071447909,0.012265541008673608,0.02443737501744181,8.008303120732307e-05,0.012749416986480355,0.01331554097123444,0.001475333934649825,0.05205774994101375,0.1394367499742657,0.0001175830839201808,0.20141029206570238,0.028469374985434115,0.2298796670511365,3.2957992516458035e-05,0.00016770907677710056,0.1679061249596998,0.3932502919342369,0.6000063749961555
1832,random_1829,random_cycle_chord,20260823,baseline,0,200,3,11,13,4.07248138902543,True,True,,perf/incremental-yamada-frontier-order,1d8374f42cccbb16d78d44100a65ca603d7d1997,3.14.7,macOS-26.6.2-arm64-arm-64bit-Mach-O,arm,0.03628012503031641,0.16932554205413908,0.018140875035896897,0.007692125043831766,0.00712349999230355,0.01369166700169444,2.3583066649734974e-05,0.007111583021469414,0.007344207959249616,0.0006114999996498227,0.02878254104871303,0.061760000069625676,7.016700692474842e-05,0.1891524160746485,0.010015500010922551,0.19916791608557105,1.837499439716339e-05,8.591706864535809e-05,0.07177550008054823,0.2773811671650037,0.471178250038065
1833,random_1830,random_cycle_chord,20260823,crossing_rich,5,200,5,8,12,4.229718294925044,True,True,,perf/incremental-yamada-frontier-order,1d8374f42cccbb16d78d44100a65ca603d7d1997,3.14.7,macOS-26.6.2-arm64-arm-64bit-Mach-O,arm,0.033395292004570365,0.16840354108717293,0.053749707993119955,0.012116209021769464,0.013641917030327022,0.026795958052389324,7.954193279147148e-05,0.014193916926160455,0.014777667005546391,0.0016048330580815673,0.05745191697496921,0.13703870796598494,0.00031866703648120165,0.30099079199135303,0.03351516602560878,0.3345059580169618,3.674998879432678e-05,0.00017904199194163084,0.17055387399159372,0.372352707083337,0.6787542080273852
1834,random_1831,random_cycle_chord,20260823,baseline,0,200,3,8,10,6.163686759195235,True,True,,perf/incremental-yamada-frontier-order,1d8374f42cccbb16d78d44100a65ca603d7d1997,3.14.7,macOS-26.6.2-arm64-arm-64bit-Mach-O,arm,0.03779024991672486,0.1632690419210121,0.03622416697908193,0.008288415963761508,0.007631291984580457,0.015197667060419917,5.8666919358074665e-05,0.007864000042900443,0.007714582956396043,0.0006269159493967891,0.03146183292847127,0.08364199998322874,8.333299774676561e-05,0.14506995910778642,0.010626957984641194,0.1556969170924276,2.6458059437572956e-05,8.999998681247234e-05,0.09426895796786994,0.2953282498056069,0.4450068339938298
1835,random_1832,random_cycle_chord,20260823,crossing_rich,4,200,5,13,17,4.404364761429012,True,True,,perf/incremental-yamada-frontier-order,1d8374f42cccbb16d78d44100a65ca603d7d1997,3.14.7,macOS-26.6.2-arm64-arm-64bit-Mach-O,arm,0.04840695799794048,0.16162979207001626,0.043967457953840494,0.011376083013601601,0.012687416980043054,0.024779416038654745,0.00010316597763448954,0.013630999950692058,0.013743625022470951,0.0014067500596866012,0.053663957049138844,0.12174550001509488,0.0001176249934360385,0.2499071250203997,0.035566666978411376,0.28547379199881107,2.7667032554745674e-05,0.00015400000847876072,0.15731216699350625,0.367348917061463,0.6222231249557808
1836,random_1833,random_cycle_chord,20260823,crossing_rich,4,200,5,8,12,6.589488625241059,True,True,,perf/incremental-yamada-frontier-order,1d8374f42cccbb16d78d44100a65ca603d7d1997,3.14.7,macOS-26.6.2-arm64-arm-64bit-Mach-O,arm,0.04529991699382663,0.15445587504655123,0.0643310840241611,0.00986529199872166,0.010825874982401729,0.021366124972701073,3.766699228435755e-05,0.011069208034314215,0.011879875091835856,0.001426083967089653,0.045778959058225155,0.13083566597197205,0.00015879201237112284,0.1657805829308927,0.027760582976043224,0.19354116590693593,2.466596197336912e-05,0.00015437498223036528,0.15859624894801527,0.35835204098839313,0.528906041989103
1837,random_1834,random_cycle_chord,20260823,crossing_rich,3,200,5,11,15,5.082036283927284,True,True,,perf/incremental-yamada-frontier-order,1d8374f42cccbb16d78d44100a65ca603d7d1997,3.14.7,macOS-26.6.2-arm64-arm-64bit-Mach-O,arm,0.04268749989569187,0.1480503330240026,0.04398554202634841,0.010129792033694685,0.01098208304028958,0.02166162501089275,4.129204899072647e-05,0.01119274995289743,0.011662042001262307,0.0011337909381836653,0.04569149995222688,0.11083058302756399,8.616596460342407e-05,0.1996086249127984,0.020807125023566186,0.2204157499363646,2.3124972358345985e-05,0.00012474996037781239,0.13163770805113018,0.32237554097082466,0.5266779169905931
1838,random_1835,random_cycle_chord,20260823,baseline,0,200,4,11,14,4.112560565361524,True,True,,perf/incremental-yamada-frontier-order,1d8374f42cccbb16d78d44100a65ca603d7d1997,3.14.7,macOS-26.6.2-arm64-arm-64bit-Mach-O,arm,0.034583707922138274,0.15591354202479124,0.021728083956986666,0.008721458027139306,0.008862166898325086,0.017921040998771787,6.141699850559235e-05,0.009438707958906889,0.009530375013127923,0.0009469580836594105,0.0378984990529716,0.07724191702436656,0.00011137500405311584,0.22570479102432728,0.014104833011515439,0.23980962403584272,2.6082969270646572e-05,0.00010312499944120646,0.091346750035882,0.2818439999828115,0.5121989159379154
1839,random_1836,random_cycle_chord,20260823,crossing_rich,5,200,5,9,13,4.3792998030042645,True,True,,perf/incremental-yamada-frontier-order,1d8374f42cccbb16d78d44100a65ca603d7d1997,3.14.7,macOS-26.6.2-arm64-arm-64bit-Mach-O,arm,0.04651341598946601,0.20914866600651294,0.06724837503861636,0.01624220795929432,0.017045874963514507,0.03731258295010775,0.00010304199531674385,0.018344374955631793,0.018336417037062347,0.002000667038373649,0.07609708397649229,0.17671979102306068,0.0002086659660562873,0.29731541697401553,0.045188833959400654,0.3425042509334162,6.345799192786217e-05,0.0002524999435991049,0.22190862498246133,0.4775707069784403,0.7822499589528888
1840,random_1837,random_cycle_chord,20260823,baseline,0,200,3,13,15,4.571147179092802,True,True,,perf/incremental-yamada-frontier-order,1d8374f42cccbb16d78d44100a65ca603d7d1997,3.14.7,macOS-26.6.2-arm64-arm-64bit-Mach-O,arm,0.07205483305733651,0.20554770797025412,0.024476499995216727,0.008165709092281759,0.00778462493326515,0.01513462490402162,2.662499900907278e-05,0.007914416026324034,0.008083457942120731,0.0006304580019786954,0.031789581873454154,0.07224137498997152,9.400001727044582e-05,0.22832220804411918,0.010855749947950244,0.23917795799206942,2.2792024537920952e-05,0.00010316702537238598,0.08309712493792176,0.3606996659655124,0.5944014580454677
1841,random_1838,random_cycle_chord,20260823,crossing_rich,3,200,4,8,11,4.140634973624441,True,True,,perf/incremental-yamada-frontier-order,1d8374f42cccbb16d78d44100a65ca603d7d1997,3.14.7,macOS-26.6.2-arm64-arm-64bit-Mach-O,arm,0.034088000073097646,0.17701975000090897,0.03841970791108906,0.011756125022657216,0.011874207993969321,0.023115708027034998,7.116701453924179e-05,0.012347124982625246,0.012817541952244937,0.0011484589194878936,0.04950000089593232,0.1116152920294553,0.00012133398558944464,0.18162720801774412,0.023587584029883146,0.20521479204762727,2.545793540775776e-05,0.0001385000068694353,0.13520287605933845,0.34631062613334507,0.5330448750173673
1842,random_1839,random_cycle_chord,20260823,crossing_rich,4,200,5,10,14,5.47948738438201,True,True,,perf/incremental-yamada-frontier-order,1d8374f42cccbb16d78d44100a65ca603d7d1997,3.14.7,macOS-26.6.2-arm64-arm-64bit-Mach-O,arm,0.04884025000501424,0.16424924996681511,0.054758875048719347,0.011732290964573622,0.012800374999642372,0.024214499979279935,5.075009539723396e-05,0.012717625009827316,0.013426541001535952,0.0013872080016881227,0.05179662408772856,0.13115041702985764,0.00011975003872066736,0.29793245904147625,0.026822582934983075,0.3247550419764593,3.374996595084667e-05,0.00015812506899237633,0.1579729999648407,0.37106249993667006,0.6737131249392405
1843,random_1840,random_cycle_chord,20260823,baseline,0,200,4,11,14,4.0865242928637775,True,True,,perf/incremental-yamada-frontier-order,1d8374f42cccbb16d78d44100a65ca603d7d1997,3.14.7,macOS-26.6.2-arm64-arm-64bit-Mach-O,arm,0.03700295789167285,0.15262691699899733,0.020831958041526377,0.007949791965074837,0.008873041020706296,0.017227959004230797,2.9416987672448158e-05,0.008872209000401199,0.009119958966039121,0.0007030409760773182,0.035952584934420884,0.07363500003702939,7.579196244478226e-05,0.18341704201884568,0.010650708107277751,0.19406775012612343,1.795799471437931e-05,7.883401121944189e-05,0.08428570814430714,0.2739155830349773,0.4616734170122072
1844,random_1841,random_cycle_chord,20260823,crossing_rich,2,200,4,9,12,5.983462427798933,True,True,,perf/incremental-yamada-frontier-order,1d8374f42cccbb16d78d44100a65ca603d7d1997,3.14.7,macOS-26.6.2-arm64-arm-64bit-Mach-O,arm,0.03877700003795326,0.1511096250033006,0.05429370899219066,0.008885917020961642,0.00946208299137652,0.01813120802398771,3.158301115036011e-05,0.00940112501848489,0.009841916966252029,0.0009725840063765645,0.038378417026251554,0.11105616600252688,8.074997458606958e-05,0.1600644999416545,0.017200708971358836,0.17726520891301334,2.0125065930187702e-05,0.00011341599747538567,0.12825687497388572,0.3181435000151396,0.48258395795710385
1845,random_1842,random_cycle_chord,20260823,crossing_rich,2,200,4,9,12,5.844019012168301,True,True,,perf/incremental-yamada-frontier-order,1d8374f42cccbb16d78d44100a65ca603d7d1997,3.14.7,macOS-26.6.2-arm64-arm-64bit-Mach-O,arm,0.037993500009179115,0.14984533295501024,0.04805808397941291,0.008976124925538898,0.009155208012089133,0.01788645889610052,4.349998198449612e-05,0.009078499977476895,0.009480333072133362,0.0009378748945891857,0.03742666682228446,0.10364933300297707,8.954200893640518e-05,0.16691987495869398,0.017944374936632812,0.1848642498953268,3.208301495760679e-05,0.00012745789717882872,0.12159370793960989,0.30943254090379924,0.4807792919455096
1846,random_1843,random_cycle_chord,20260823,crossing_rich,3,200,4,8,11,4.186033549967061,True,True,,perf/incremental-yamada-frontier-order,1d8374f42cccbb16d78d44100a65ca603d7d1997,3.14.7,macOS-26.6.2-arm64-arm-64bit-Mach-O,arm,0.029644708964042366,0.35509762505535036,0.041834000032395124,0.016238833079114556,0.0138395419344306,0.027177375042811036,8.445791900157928e-05,0.013062625075690448,0.013153542065992951,0.0012616669991984963,0.05473966710269451,0.12673199991695583,0.00011504197027534246,0.29591479199007154,0.023006250034086406,0.31892104202415794,3.374996595084667e-05,0.00015391700435429811,0.14973824995104223,0.534480583970435,0.8356825420632958
1847,random_1844,random_cycle_chord,20260823,crossing_rich,2,200,4,8,11,6.602445855497811,True,True,,perf/incremental-yamada-frontier-order,1d8374f42cccbb16d78d44100a65ca603d7d1997,3.14.7,macOS-26.6.2-arm64-arm-64bit-Mach-O,arm,0.04759650002233684,0.18240308295935392,0.06218958296813071,0.00985016708727926,0.009939083945937455,0.019551292061805725,4.554202314466238e-05,0.009974832995794713,0.010559291928075254,0.0011376249603927135,0.04126858396921307,0.12328012497164309,8.54170648381114e-05,0.2619084999896586,0.024986499920487404,0.286894999910146,3.5375007428228855e-05,0.00017187499906867743,0.1482666248921305,0.37826620787382126,0.6453542920062318
1848,random_1845,random_cycle_chord,20260823,baseline,0,200,3,9,11,5.346038978805834,True,True,,perf/incremental-yamada-frontier-order,1d8374f42cccbb16d78d44100a65ca603d7d1997,3.14.7,macOS-26.6.2-arm64-arm-64bit-Mach-O,arm,0.04053220804780722,0.17427645903080702,0.028999209054745734,0.007963999989442527,0.007420415990054607,0.014542666962370276,2.5541987270116806e-05,0.007543375017121434,0.007798332953825593,0.0006476250709965825,0.030557541991584003,0.07496441598050296,6.88750296831131e-05,0.16622829099651426,0.010628957999870181,0.17685724899638444,1.7583020962774754e-05,9.662506636232138e-05,0.08559337398037314,0.3004020410589874,0.47149291599635035
1849,random_1846,random_cycle_chord,20260823,baseline,0,200,4,10,13,4.640829003621117,True,True,,perf/incremental-yamada-frontier-order,1d8374f42cccbb16d78d44100a65ca603d7d1997,3.14.7,macOS-26.6.2-arm64-arm-64bit-Mach-O,arm,0.039443665998987854,0.16856466699391603,0.026681833900511265,0.008493333007209003,0.008453332935459912,0.01662495790515095,3.2374984584748745e-05,0.008670250070281327,0.008948792004957795,0.0008322919020429254,0.035108666867017746,0.07876570790540427,7.791700772941113e-05,0.18528383399825543,0.012900958070531487,0.19818479206878692,2.008303999900818e-05,9.591598063707352e-05,0.09166666597593576,0.29967499896883965,0.4897189160110429
1850,random_1847,random_cycle_chord,20260823,baseline,0,200,3,9,11,5.379053764471463,True,True,,perf/incremental-yamada-frontier-order,1d8374f42cccbb16d78d44100a65ca603d7d1997,3.14.7,macOS-26.6.2-arm64-arm-64bit-Mach-O,arm,0.035413249977864325,0.1640516659244895,0.033783665974624455,0.007593791000545025,0.007488708011806011,0.014719582977704704,2.3916014470160007e-05,0.007711749989539385,0.007866750005632639,0.000622916966676712,0.0309449159540236,0.07983216596767306,6.679096259176731e-05,0.15486241702456027,0.010118416976183653,0.16498083400074393,1.6417005099356174e-05,9.004201274365187e-05,0.08995058294385672,0.28941549884621054,0.44910275004804134
1851,random_1848,random_cycle_chord,20260823,baseline,0,200,3,9,11,5.416374217943119,True,True,,perf/incremental-yamada-frontier-order,1d8374f42cccbb16d78d44100a65ca603d7d1997,3.14.7,macOS-26.6.2-arm64-arm-64bit-Mach-O,arm,0.03507412504404783,0.16238683299161494,0.02997383300680667,0.008047041017562151,0.007760291104204953,0.015116499969735742,2.6540947146713734e-05,0.00849775003734976,0.008111833012662828,0.0006147079402580857,0.03236733190715313,0.07818120904266834,8.833303581923246e-05,0.15757670800667256,0.008969874936155975,0.16654658294282854,1.5874975360929966e-05,8.858297951519489e-05,0.08715108397882432,0.2846120420144871,0.4470760829281062
1852,random_1849,random_cycle_chord,20260823,crossing_rich,5,200,6,12,17,4.394420567668126,True,True,,perf/incremental-yamada-frontier-order,1d8374f42cccbb16d78d44100a65ca603d7d1997,3.14.7,macOS-26.6.2-arm64-arm-64bit-Mach-O,arm,0.04768550000153482,0.1599684579996392,0.05052095802966505,0.012624667026102543,0.014311249949969351,0.028169624973088503,4.741596058011055e-05,0.014681207947432995,0.015428415965288877,0.0016393749974668026,0.05996603984385729,0.1374667079653591,0.00010975007899105549,0.29844241705723107,0.035160250030457973,0.33360266708768904,3.904092591255903e-05,0.00018616602756083012,0.17262695799581707,0.3802809159969911,0.6839018339524046
1853,random_1850,random_cycle_chord,20260823,baseline,0,200,3,8,10,6.139799915732748,True,True,,perf/incremental-yamada-frontier-order,1d8374f42cccbb16d78d44100a65ca603d7d1997,3.14.7,macOS-26.6.2-arm64-arm-64bit-Mach-O,arm,0.0362472920678556,0.16177983302623034,0.034834916004911065,0.007418583030812442,0.007227124995552003,0.01426066702697426,2.2666994482278824e-05,0.007413749932311475,0.007576165953651071,0.0005876669893041253,0.02986091689672321,0.07936199998948723,7.308297790586948e-05,0.13824208301957697,0.009076499962247908,0.14731858298182487,1.5833997167646885e-05,7.716601248830557e-05,0.08843849995173514,0.28646562504582107,0.4292655000463128
1854,random_1851,random_cycle_chord,20260823,crossing_rich,5,200,5,9,13,4.336908149855755,True,True,,perf/incremental-yamada-frontier-order,1d8374f42cccbb16d78d44100a65ca603d7d1997,3.14.7,macOS-26.6.2-arm64-arm-64bit-Mach-O,arm,0.03590854094363749,0.1591095420299098,0.04298679099883884,0.011486458010040224,0.012706542038358748,0.02497012505773455,3.875000402331352e-05,0.012919292086735368,0.013567999936640263,0.0013473340077325702,0.05284350109286606,0.12005899997893721,8.100003469735384e-05,0.18170541699510068,0.027590000070631504,0.20929541706573218,2.4416949599981308e-05,0.0001509999856352806,0.1476490000495687,0.342667083023116,0.5295478750485927
1855,random_1852,random_cycle_chord,20260823,baseline,0,200,3,10,12,4.699369028305242,True,True,,perf/incremental-yamada-frontier-order,1d8374f42cccbb16d78d44100a65ca603d7d1997,3.14.7,macOS-26.6.2-arm64-arm-64bit-Mach-O,arm,0.03254933294374496,0.15216516610234976,0.024862457998096943,0.006932458025403321,0.007169042015448213,0.014137500082142651,2.216699067503214e-05,0.007407958037219942,0.00770537497010082,0.0005655420245602727,0.029838542104698718,0.06882225000299513,6.241595838218927e-05,0.14665366697590798,0.008389291004277766,0.15504295798018575,1.3999990187585354e-05,6.858399137854576e-05,0.0772115410072729,0.2619260400533676,0.4127821669680998
1856,random_1853,random_cycle_chord,20260823,baseline,0,200,3,9,11,5.362707696599288,True,True,,perf/incremental-yamada-frontier-order,1d8374f42cccbb16d78d44100a65ca603d7d1997,3.14.7,macOS-26.6.2-arm64-arm-64bit-Mach-O,arm,0.03273466695100069,0.15131345891859382,0.024609250016510487,0.0069072500336915255,0.007113375002518296,0.014013957930728793,2.1875021047890186e-05,0.007312749978154898,0.0074940420454367995,0.0005512919742614031,0.029393916949629784,0.06804283300880343,6.637501064687967e-05,0.14469616708811373,0.008894458063878119,0.15359062515199184,1.4499993994832039e-05,7.162499241530895e-05,0.07693729107268155,0.26098541694227606,0.40991387504618615
1857,random_1854,random_cycle_chord,20260823,baseline,0,200,3,8,10,6.186342929243578,True,True,,perf/incremental-yamada-frontier-order,1d8374f42cccbb16d78d44100a65ca603d7d1997,3.14.7,macOS-26.6.2-arm64-arm-64bit-Mach-O,arm,0.03476749989204109,0.1530483339447528,0.03197779203765094,0.00695224991068244,0.006953917094506323,0.013743625022470951,2.266606315970421e-05,0.007101208087988198,0.007313458947464824,0.0005814579781144857,0.028762416099198163,0.07466708298306912,5.737494211643934e-05,0.13468499993905425,0.009255166980437934,0.14394016691949219,1.4459015801548958e-05,7.316598203033209e-05,0.08392224996350706,0.27173808380030096,0.410712833981961
1858,random_1855,random_cycle_chord,20260823,crossing_rich,5,200,5,8,12,4.222280346735063,True,True,,perf/incremental-yamada-frontier-order,1d8374f42cccbb16d78d44100a65ca603d7d1997,3.14.7,macOS-26.6.2-arm64-arm-64bit-Mach-O,arm,0.032365291961468756,0.15541600005235523,0.0372162910643965,0.011453666957095265,0.013300625025294721,0.026325999991968274,3.85830644518137e-05,0.01362958294339478,0.014318957924842834,0.0013762080343440175,0.05568933195900172,0.11769499990623444,0.00027545797638595104,0.28681049996521324,0.027173042064532638,0.3139835420297459,2.7125002816319466e-05,0.00015816697850823402,0.14486804197076708,0.33264933398459107,0.6241397080011666
1859,random_1856,random_cycle_chord,20260823,baseline,0,200,3,11,13,4.0569219920371165,True,True,,perf/incremental-yamada-frontier-order,1d8374f42cccbb16d78d44100a65ca603d7d1997,3.14.7,macOS-26.6.2-arm64-arm-64bit-Mach-O,arm,0.034424791927449405,0.1602977910079062,0.023232874926179647,0.0071989999851211905,0.007374958018772304,0.014114333083853126,2.2499938495457172e-05,0.007281166967004538,0.007707125041633844,0.0006266250275075436,0.02975175005849451,0.06757866602856666,7.529102731496096e-05,0.18407408404164016,0.009904750040732324,0.1939788340823725,1.5332945622503757e-05,9.208300616592169e-05,0.07748341606929898,0.2722059990046546,0.4607893330976367
1860,random_1857,random_cycle_chord,20260823,baseline,0,200,3,11,13,5.223502202447526,True,True,,perf/incremental-yamada-frontier-order,1d8374f42cccbb16d78d44100a65ca603d7d1997,3.14.7,macOS-26.6.2-arm64-arm-64bit-Mach-O,arm,0.04193091602064669,0.17831312504131347,0.03246008406858891,0.007461500004865229,0.007217500009573996,0.014069000026211143,2.3707980290055275e-05,0.007331208907999098,0.007493458921089768,0.0005719170439988375,0.029489292879588902,0.07664958306122571,8.016708306968212e-05,0.18154820799827576,0.009763040929101408,0.19131124892737716,1.8291990272700787e-05,8.991698268800974e-05,0.08641262399032712,0.3066566650522873,0.4929065420292318
1861,random_1858,random_cycle_chord,20260823,crossing_rich,6,200,6,11,16,5.222947962946229,True,True,,perf/incremental-yamada-frontier-order,1d8374f42cccbb16d78d44100a65ca603d7d1997,3.14.7,macOS-26.6.2-arm64-arm-64bit-Mach-O,arm,0.09781908395234495,0.1660561669850722,0.05979479197412729,0.01616858399938792,0.016477833967655897,0.03200733405537903,9.44170169532299e-05,0.016226041945628822,0.017355834017507732,0.0019424170022830367,0.06762604403775185,0.16016874997876585,0.00014233298134058714,0.24153962498530746,0.03501895791850984,0.2765585829038173,3.5708886571228504e-05,0.00019720802083611488,0.1951877078972757,0.45906295883469284,0.7061012089252472
1862,random_1859,random_cycle_chord,20260823,baseline,0,200,4,10,13,4.619406953804606,True,True,,perf/incremental-yamada-frontier-order,1d8374f42cccbb16d78d44100a65ca603d7d1997,3.14.7,macOS-26.6.2-arm64-arm-64bit-Mach-O,arm,0.03642287489492446,0.15947587497066706,0.02661387505941093,0.00852808402851224,0.00893983303103596,0.0175899580353871,3.1708041206002235e-05,0.009128499892540276,0.009400042006745934,0.000791250029578805,0.03694145800545812,0.08105104207061231,0.00011929101310670376,0.16958287509623915,0.011474499944597483,0.18105737504083663,1.995800994336605e-05,9.662506636232138e-05,0.0925255420152098,0.2884242918808013,0.46261962491553277
1863,random_1860,random_cycle_chord,20260823,baseline,0,200,3,10,12,4.627163843095599,True,True,,perf/incremental-yamada-frontier-order,1d8374f42cccbb16d78d44100a65ca603d7d1997,3.14.7,macOS-26.6.2-arm64-arm-64bit-Mach-O,arm,0.03341887495480478,0.15557787497527897,0.02319687500130385,0.007203749963082373,0.0072565830778330564,0.014272166066803038,2.3374916054308414e-05,0.007419959059916437,0.007678083959035575,0.0006335839862003922,0.03002716798800975,0.06770374998450279,6.616697646677494e-05,0.15990229207091033,0.010209499974735081,0.17011179204564542,1.4416989870369434e-05,7.800001185387373e-05,0.07791324995923787,0.2669099998893216,0.4311121659120545
1864,random_1861,random_cycle_chord,20260823,crossing_rich,4,200,5,8,12,6.603316140348378,True,True,,perf/incremental-yamada-frontier-order,1d8374f42cccbb16d78d44100a65ca603d7d1997,3.14.7,macOS-26.6.2-arm64-arm-64bit-Mach-O,arm,0.04451845900621265,0.15314100007526577,0.06518841709475964,0.009973542066290975,0.010828624945133924,0.021283249952830374,3.74580267816782e-05,0.011005625012330711,0.011827041977085173,0.0014282920164987445,0.04558166698552668,0.13160741701722145,0.00016941595822572708,0.16308116598520428,0.027948209084570408,0.1910293750697747,2.437504008412361e-05,0.00016058399342000484,0.15955562610179186,0.3572150851832703,0.5249953339807689
1865,random_1862,random_cycle_chord,20260823,crossing_rich,4,200,5,9,13,6.079230988202332,True,True,,perf/incremental-yamada-frontier-order,1d8374f42cccbb16d78d44100a65ca603d7d1997,3.14.7,macOS-26.6.2-arm64-arm-64bit-Mach-O,arm,0.043714042054489255,0.15070937504060566,0.05609112500678748,0.009640915901400149,0.010528750019147992,0.020947083015926182,4.124990664422512e-05,0.010826250072568655,0.011427833000198007,0.001270917011424899,0.04451333300676197,0.1208079579519108,7.616693619638681e-05,0.17558754095807672,0.02503745793364942,0.20062499889172614,2.37500062212348e-05,0.00013862503692507744,0.14584541588556021,0.34026883298065513,0.5203613330377266
1866,random_1863,random_cycle_chord,20260823,baseline,0,200,3,11,13,4.052492239587609,True,True,,perf/incremental-yamada-frontier-order,1d8374f42cccbb16d78d44100a65ca603d7d1997,3.14.7,macOS-26.6.2-arm64-arm-64bit-Mach-O,arm,0.031878249952569604,0.14807495893910527,0.021640917053446174,0.006713874987326562,0.006654125056229532,0.013113749912008643,2.13750172406435e-05,0.006776000023819506,0.006990415975451469,0.0005407920107245445,0.027442332939244807,0.06247041700407863,6.441702134907246e-05,0.17011008295230567,0.009101541014388204,0.17921162396669388,1.5166937373578548e-05,7.362500764429569e-05,0.07157195801846683,0.2515251669101417,0.4258400839753449
1867,random_1864,random_cycle_chord,20260823,baseline,0,200,4,11,14,4.027126451948148,True,True,,perf/incremental-yamada-frontier-order,1d8374f42cccbb16d78d44100a65ca603d7d1997,3.14.7,macOS-26.6.2-arm64-arm-64bit-Mach-O,arm,0.0364635840523988,0.14923241594806314,0.02249483298510313,0.007709166966378689,0.008252625004388392,0.01620558393187821,2.9416987672448158e-05,0.008428208064287901,0.00864187499973923,0.0007344590267166495,0.03403954301029444,0.07252254197373986,7.408298552036285e-05,0.18447154096793383,0.011142792063765228,0.19561433303169906,1.783308107405901e-05,8.308293763548136e-05,0.08366533403750509,0.269361334037967,0.45820308302063495
1868,random_1865,random_cycle_chord,20260823,baseline,0,200,4,10,13,4.619473005582546,True,True,,perf/incremental-yamada-frontier-order,1d8374f42cccbb16d78d44100a65ca603d7d1997,3.14.7,macOS-26.6.2-arm64-arm-64bit-Mach-O,arm,0.034105374943464994,0.15075350005645305,0.02509845793247223,0.007800500025041401,0.008501749951392412,0.016801958088763058,3.0208961106836796e-05,0.008753958973102272,0.00914358301088214,0.0007684159791097045,0.03549812501296401,0.0769249580334872,7.283396553248167e-05,0.16159116593189538,0.010807250044308603,0.17239841597620398,1.8834020011126995e-05,8.570891804993153e-05,0.0877322080777958,0.27259108307771385,0.4385497079929337
1869,random_1866,random_cycle_chord,20260823,crossing_rich,4,200,5,11,15,4.724044990115967,True,True,,perf/incremental-yamada-frontier-order,1d8374f42cccbb16d78d44100a65ca603d7d1997,3.14.7,macOS-26.6.2-arm64-arm-64bit-Mach-O,arm,0.041054500034078956,0.15439683303702623,0.04388179199304432,0.010317457956261933,0.011667374987155199,0.023091499926522374,3.8708909414708614e-05,0.011934541049413383,0.012561291106976569,0.0013393330154940486,0.04896537400782108,0.1148655409924686,8.608296047896147e-05,0.21291083295363933,0.026294125011190772,0.2392049579648301,2.4792039766907692e-05,0.000150916981510818,0.14115966600365937,0.33661099907476455,0.5541948749450967
1870,random_1867,random_cycle_chord,20260823,crossing_rich,6,200,6,11,16,5.222521899915759,True,True,,perf/incremental-yamada-frontier-order,1d8374f42cccbb16d78d44100a65ca603d7d1997,3.14.7,macOS-26.6.2-arm64-arm-64bit-Mach-O,arm,0.050007791025564075,0.16004695801530033,0.055328582995571196,0.012168791028670967,0.013763165916316211,0.027174249989911914,4.6208035200834274e-05,0.014020707923918962,0.015010708011686802,0.001799750025384128,0.05805162398610264,0.139362332993187,0.0001051250146701932,0.2323876250302419,0.034785374999046326,0.26717300002928823,3.2208976335823536e-05,0.00019595795311033726,0.17414770799223334,0.38420245703309774,0.6216090829111636
1871,random_1868,random_cycle_chord,20260823,crossing_rich,4,200,5,9,13,6.0740229399572,True,True,,perf/incremental-yamada-frontier-order,1d8374f42cccbb16d78d44100a65ca603d7d1997,3.14.7,macOS-26.6.2-arm64-arm-64bit-Mach-O,arm,0.04679287492763251,0.16170404199510813,0.06671887496486306,0.010704416898079216,0.011909000109881163,0.023551082937046885,4.016701132059097e-05,0.012130375020205975,0.012852874933741987,0.0013970419531688094,0.04997154185548425,0.13933916692622006,8.370890282094479e-05,0.18621662503574044,0.02618695900309831,0.21240358403883874,2.675002906471491e-05,0.00016200006939470768,0.16552612592931837,0.374023042852059,0.5650987080298364
1872,random_1869,random_cycle_chord,20260823,baseline,0,200,3,9,11,5.362907642257501,True,True,,perf/incremental-yamada-frontier-order,1d8374f42cccbb16d78d44100a65ca603d7d1997,3.14.7,macOS-26.6.2-arm64-arm-64bit-Mach-O,arm,0.03474508295767009,0.1601167080225423,0.02819274994544685,0.007679041009396315,0.007518999977037311,0.014779165969230235,2.2834050469100475e-05,0.007645332952961326,0.007820250000804663,0.0006094579584896564,0.03087704093195498,0.07428812503349036,6.48329732939601e-05,0.15253833308815956,0.009699625079520047,0.1622379581676796,1.8124934285879135e-05,8.566700853407383e-05,0.0839877501130104,0.2788495410932228,0.4358976249350235
1873,random_1870,random_cycle_chord,20260823,crossing_rich,6,200,6,10,15,5.626511305767619,True,True,,perf/incremental-yamada-frontier-order,1d8374f42cccbb16d78d44100a65ca603d7d1997,3.14.7,macOS-26.6.2-arm64-arm-64bit-Mach-O,arm,0.04977575002703816,0.15981250000186265,0.06119466701056808,0.01237087498884648,0.014408583054319024,0.02848529105540365,4.600000102072954e-05,0.01484820805490017,0.015725291916169226,0.001761915977112949,0.060866707004606724,0.1488821660168469,0.00021879107225686312,0.3214142080396414,0.04725854203570634,0.3686727500753477,3.13750933855772e-05,0.00019254093058407307,0.19614070805255324,0.40572895808145404,0.7316497080028057
1874,random_1871,random_cycle_chord,20260823,crossing_rich,4,200,5,9,13,6.075264755101684,True,True,,perf/incremental-yamada-frontier-order,1d8374f42cccbb16d78d44100a65ca603d7d1997,3.14.7,macOS-26.6.2-arm64-arm-64bit-Mach-O,arm,0.045777208055369556,0.19337325007654727,0.07113558403216302,0.011155000072903931,0.011875334079377353,0.02322150010149926,6.262492388486862e-05,0.011950957938097417,0.012720374972559512,0.0014832080341875553,0.04943866597022861,0.14364320901222527,0.00011779204942286015,0.1885817920556292,0.028300208039581776,0.21688200009521097,2.5415909476578236e-05,0.00016350008081644773,0.17194341705180705,0.41109387518372387,0.6050949580967426
1875,random_1872,random_cycle_chord,20260823,baseline,0,200,4,11,14,4.077486647643566,True,True,,perf/incremental-yamada-frontier-order,1d8374f42cccbb16d78d44100a65ca603d7d1997,3.14.7,macOS-26.6.2-arm64-arm-64bit-Mach-O,arm,0.0366395830642432,0.15542320802342147,0.022839667042717338,0.008020958979614079,0.008593125035986304,0.016909292084164917,2.9333052225410938e-05,0.00875208294019103,0.009022749960422516,0.000740166986361146,0.03545362502336502,0.07493487501051277,7.708300836384296e-05,0.1884888329077512,0.011257791891694069,0.19974662479944527,1.8208986148238182e-05,8.058396633714437e-05,0.08619266690220684,0.2782554579898715,0.47116991702932864
1876,random_1873,random_cycle_chord,20260823,baseline,0,200,3,10,12,4.623325871841411,True,True,,perf/incremental-yamada-frontier-order,1d8374f42cccbb16d78d44100a65ca603d7d1997,3.14.7,macOS-26.6.2-arm64-arm-64bit-Mach-O,arm,0.03133000002708286,0.15128337498754263,0.02231374999973923,0.006504375021904707,0.0066596249816939235,0.013162916991859674,2.1416926756501198e-05,0.006787584046833217,0.0068836669670417905,0.000557459075935185,0.027413044008426368,0.06291016598697752,6.379210390150547e-05,0.1521609170595184,0.009019790915772319,0.16118070797529072,1.4209072105586529e-05,6.808398757129908e-05,0.07192995690274984,0.2545433319173753,0.4108971670502797
1877,random_1874,random_cycle_chord,20260823,baseline,0,200,4,14,17,4.295629027636259,True,True,,perf/incremental-yamada-frontier-order,1d8374f42cccbb16d78d44100a65ca603d7d1997,3.14.7,macOS-26.6.2-arm64-arm-64bit-Mach-O,arm,0.04305687500163913,0.14810629200655967,0.019954291987232864,0.007697124965488911,0.008308582939207554,0.016359500004909933,2.9082992114126682e-05,0.008473749971017241,0.008781416923739016,0.0007283750455826521,0.03437212493736297,0.07035783398896456,8.13750084489584e-05,0.20096770790405571,0.011162874987348914,0.21213058289140463,1.750001683831215e-05,8.229201193898916e-05,0.08152070897631347,0.27268387598451227,0.47791224997490644
1878,random_1875,random_cycle_chord,20260823,crossing_rich,9,200,7,13,19,4.567076614884781,True,True,,perf/incremental-yamada-frontier-order,1d8374f42cccbb16d78d44100a65ca603d7d1997,3.14.7,macOS-26.6.2-arm64-arm-64bit-Mach-O,arm,0.049189958022907376,0.14909729198552668,0.05661454203072935,0.016028083977289498,0.01700450002681464,0.033556582988239825,5.0875009037554264e-05,0.017311624949797988,0.018461333005689085,0.00210470799356699,0.07148512394633144,0.16117833298631012,0.0001154160127043724,0.26318658294621855,0.04503166698850691,0.30821824993472546,3.458303399384022e-05,0.00022091693244874477,0.20620999997481704,0.4044972499832511,0.6728943330235779
1879,random_1876,random_cycle_chord,20260823,crossing_rich,3,200,5,10,14,5.435777510271868,True,True,,perf/incremental-yamada-frontier-order,1d8374f42cccbb16d78d44100a65ca603d7d1997,3.14.7,macOS-26.6.2-arm64-arm-64bit-Mach-O,arm,0.04144875006750226,0.14857554098125547,0.05016608303412795,0.009253374999389052,0.009996540960855782,0.019751459010876715,3.62080754712224e-05,0.010221707983873785,0.010915917111560702,0.0012565409997478127,0.04218183318153024,0.11163029202725738,8.158397395163774e-05,0.2755870419787243,0.03359487501438707,0.30918191699311137,2.4875043891370296e-05,0.00013633305206894875,0.14522516704164445,0.3352494580904022,0.614730832981877
1880,random_1877,random_cycle_chord,20260823,baseline,0,200,3,10,12,4.691718429221185,True,True,,perf/incremental-yamada-frontier-order,1d8374f42cccbb16d78d44100a65ca603d7d1997,3.14.7,macOS-26.6.2-arm64-arm-64bit-Mach-O,arm,0.031813499983400106,0.15718620899133384,0.026018874952569604,0.0072670410154387355,0.00747674994636327,0.014537708018906415,4.895799793303013e-05,0.007529291906394064,0.00774762500077486,0.0005822079256176949,0.030445790849626064,0.07123920903541148,8.287501987069845e-05,0.16143258300144225,0.008204792044125497,0.16963737504556775,1.695798709988594e-05,7.349997758865356e-05,0.07944400107953697,0.2684437100542709,0.43423062504734844
1881,random_1878,random_cycle_chord,20260823,baseline,0,200,3,8,10,6.151957442386952,True,True,,perf/incremental-yamada-frontier-order,1d8374f42cccbb16d78d44100a65ca603d7d1997,3.14.7,macOS-26.6.2-arm64-arm-64bit-Mach-O,arm,0.034741458017379045,0.15306875004898757,0.0336816250346601,0.006930334027856588,0.006978249992243946,0.013693458982743323,2.2916938178241253e-05,0.007102042087353766,0.0073256249306723475,0.000604500062763691,0.02874854300171137,0.07635779201518744,6.150000263005495e-05,0.1356647089123726,0.00998445798177272,0.1456491668941453,1.4999997802078724e-05,7.745798211544752e-05,0.08634224999696016,0.2741524580633268,0.41412150010000914
1882,random_1879,random_cycle_chord,20260823,crossing_rich,3,200,5,10,14,5.619808238626622,True,True,,perf/incremental-yamada-frontier-order,1d8374f42cccbb16d78d44100a65ca603d7d1997,3.14.7,macOS-26.6.2-arm64-arm-64bit-Mach-O,arm,0.045678375056013465,0.1599599999608472,0.06199562503024936,0.010478582931682467,0.010833332897163928,0.02139750006608665,4.15419926866889e-05,0.011124582961201668,0.011597584001719952,0.0012525409692898393,0.0454137499909848,0.1287572500295937,9.350001346319914e-05,0.20016191597096622,0.022338292095810175,0.2225002080667764,2.5333021767437458e-05,0.00014604092575609684,0.15109554212540388,0.35673391714226454,0.5619052910478786
1883,random_1880,random_cycle_chord,20260823,crossing_rich,5,200,6,11,16,4.785953458895682,True,True,,perf/incremental-yamada-frontier-order,1d8374f42cccbb16d78d44100a65ca603d7d1997,3.14.7,macOS-26.6.2-arm64-arm-64bit-Mach-O,arm,0.04702991608064622,0.16097645903937519,0.05006741592660546,0.012520958087407053,0.014147209003567696,0.02725454105529934,5.2749994210898876e-05,0.014477457967586815,0.015069708111695945,0.001704583060927689,0.05855904018972069,0.1353423330001533,9.737501386553049e-05,0.23796941596083343,0.0344691660720855,0.27243858203291893,3.766606096178293e-05,0.0001937079941853881,0.1698114990722388,0.3778178741922602,0.6208670409396291
1884,random_1881,random_cycle_chord,20260823,baseline,0,200,3,9,11,5.359106521497586,True,True,,perf/incremental-yamada-frontier-order,1d8374f42cccbb16d78d44100a65ca603d7d1997,3.14.7,macOS-26.6.2-arm64-arm-64bit-Mach-O,arm,0.0357237079879269,0.1662115000654012,0.027106791967526078,0.007780624902807176,0.007473250036127865,0.014664332964457572,2.4250010028481483e-05,0.007689250051043928,0.007659624912776053,0.0005760000785812736,0.030613458016887307,0.07299408398102969,6.48329732939601e-05,0.15482066699769348,0.009486458031460643,0.16430712502915412,1.5583005733788013e-05,7.812504190951586e-05,0.08248054201249033,0.28441575006581843,0.44394683302380145
1885,random_1882,random_cycle_chord,20260823,crossing_rich,5,200,5,8,12,4.1955581034489144,True,True,,perf/incremental-yamada-frontier-order,1d8374f42cccbb16d78d44100a65ca603d7d1997,3.14.7,macOS-26.6.2-arm64-arm-64bit-Mach-O,arm,0.032693375018425286,0.16082837502472103,0.03955079196020961,0.011719207977876067,0.013280457933433354,0.026147666038013995,3.895896952599287e-05,0.013533125049434602,0.014378666994161904,0.0014674169942736626,0.055565834045410156,0.12015162501484156,0.00017208396457135677,0.2821232919814065,0.04119762510526925,0.32332091708667576,2.604199107736349e-05,0.00016066699754446745,0.1613492501201108,0.3548710001632571,0.641251957975328
1886,random_1883,random_cycle_chord,20260823,baseline,0,200,3,8,10,6.152009241725282,True,True,,perf/incremental-yamada-frontier-order,1d8374f42cccbb16d78d44100a65ca603d7d1997,3.14.7,macOS-26.6.2-arm64-arm-64bit-Mach-O,arm,0.034784791991114616,0.15871970797888935,0.03472766594495624,0.006904124980792403,0.0069716660073027015,0.013680792064405978,2.266594674438238e-05,0.007287540938705206,0.007494207937270403,0.0006097090663388371,0.029094915953464806,0.07771862496156245,6.29170099273324e-05,0.13773120800033212,0.009864166961051524,0.14759537496138364,1.595797948539257e-05,8.170807268470526e-05,0.08758279192261398,0.28108729189261794,0.42327929101884365
1887,random_1884,random_cycle_chord,20260823,crossing_rich,4,200,5,10,14,5.623718642515775,True,True,,perf/incremental-yamada-frontier-order,1d8374f42cccbb16d78d44100a65ca603d7d1997,3.14.7,macOS-26.6.2-arm64-arm-64bit-Mach-O,arm,0.04550237499643117,0.15728962502907962,0.060942749958485365,0.010464999941177666,0.012000916991382837,0.02363537496421486,4.0082959458231926e-05,0.01228179200552404,0.012889500008895993,0.0013192499754950404,0.050165999913588166,0.13360912504140288,8.679204620420933e-05,0.22985200001858175,0.0289526249980554,0.25880462501663715,3.2542040571570396e-05,0.00017137499526143074,0.16256175003945827,0.36535375006496906,0.6001056249951944
1888,random_1885,random_cycle_chord,20260823,baseline,0,200,3,10,12,4.632755992644247,True,True,,perf/incremental-yamada-frontier-order,1d8374f42cccbb16d78d44100a65ca603d7d1997,3.14.7,macOS-26.6.2-arm64-arm-64bit-Mach-O,arm,0.03540866693947464,0.157783041941002,0.02429025003220886,0.007022457895800471,0.006936707999557257,0.013656666036695242,2.3582950234413147e-05,0.007037249975837767,0.0072810419369488955,0.0006056249840185046,0.028604165883734822,0.06687445798888803,6.608397234231234e-05,0.17019991599954665,0.01205466699320823,0.18225458299275488,1.9125058315694332e-05,9.574997238814831e-05,0.07892912498209625,0.2721208338625729,0.44678262504749
1889,random_1886,random_cycle_chord,20260823,crossing_rich,3,200,5,10,14,5.625834957328355,True,True,,perf/incremental-yamada-frontier-order,1d8374f42cccbb16d78d44100a65ca603d7d1997,3.14.7,macOS-26.6.2-arm64-arm-64bit-Mach-O,arm,0.052484416984952986,0.1683505839901045,0.05539025005418807,0.010954000055789948,0.010957875056192279,0.022477250080555677,7.837498560547829e-05,0.011925833066925406,0.012188208056613803,0.0012983339838683605,0.047968000173568726,0.1253072500694543,0.00010954204481095076,0.20066429092548788,0.022258875076659024,0.2229231660021469,2.579099964350462e-05,0.00014591694343835115,0.14756612514611334,0.3684011261211708,0.5739182078978047
1890,random_1887,random_cycle_chord,20260823,baseline,0,200,4,14,17,4.2912419785035905,True,True,,perf/incremental-yamada-frontier-order,1d8374f42cccbb16d78d44100a65ca603d7d1997,3.14.7,macOS-26.6.2-arm64-arm-64bit-Mach-O,arm,0.04533062502741814,0.15879524999763817,0.025172875029966235,0.00841787492390722,0.008896582992747426,0.017465542070567608,3.083399496972561e-05,0.009079374955035746,0.009375124936923385,0.0008429998997598886,0.03679387585725635,0.07930879201740026,8.866691496223211e-05,0.23151816695462912,0.012854499975219369,0.2443726669298485,1.9542057998478413e-05,0.00010179099626839161,0.09216329199261963,0.29628916701767594,0.5325057079317048
1891,random_1888,random_cycle_chord,20260823,baseline,0,200,4,15,18,4.047117556202186,True,True,,perf/incremental-yamada-frontier-order,1d8374f42cccbb16d78d44100a65ca603d7d1997,3.14.7,macOS-26.6.2-arm64-arm-64bit-Mach-O,arm,0.04703754198271781,0.15561183297540992,0.022177042090333998,0.008236457942984998,0.00867608399130404,0.01705604197923094,3.0250055715441704e-05,0.008837666013278067,0.009056583046913147,0.0007849580142647028,0.0357654991094023,0.07488324993755668,9.541597682982683e-05,0.24205687502399087,0.011910625034943223,0.2539675000589341,1.8832972273230553e-05,8.629192598164082e-05,0.08679387497249991,0.28944324993062764,0.5360067500732839
1892,random_1889,random_cycle_chord,20260823,crossing_rich,5,200,5,9,13,4.225495232230315,True,True,,perf/incremental-yamada-frontier-order,1d8374f42cccbb16d78d44100a65ca603d7d1997,3.14.7,macOS-26.6.2-arm64-arm-64bit-Mach-O,arm,0.03465129202231765,0.15246054204180837,0.04133350006304681,0.010679707978852093,0.012193083995953202,0.02395750000141561,3.816594835370779e-05,0.01244099996984005,0.013174041989259422,0.0013740420108661056,0.050984749919734895,0.11522562499158084,8.324999362230301e-05,0.1781140409875661,0.027902542031370103,0.20601658301893622,2.4957931600511074e-05,0.0001555420458316803,0.14312816702295095,0.33024000108707696,0.5128624580102041
1893,random_1890,random_cycle_chord,20260823,baseline,0,200,3,8,10,6.152038748086149,True,True,,perf/incremental-yamada-frontier-order,1d8374f42cccbb16d78d44100a65ca603d7d1997,3.14.7,macOS-26.6.2-arm64-arm-64bit-Mach-O,arm,0.03402345802169293,0.15277404198423028,0.03378883400000632,0.006860207999125123,0.006913666031323373,0.013633874943479896,2.2875028662383556e-05,0.007092416053637862,0.00725920801050961,0.0005804999964311719,0.028588874032720923,0.07617100002244115,6.091699469834566e-05,0.1338675000006333,0.009205417009070516,0.14307291700970381,1.4457968063652515e-05,7.262500002980232e-05,0.08537641703151166,0.2721739170374349,0.41033941705245525
1894,random_1891,random_cycle_chord,20260823,crossing_rich,6,200,6,11,16,5.225568382664985,True,True,,perf/incremental-yamada-frontier-order,1d8374f42cccbb16d78d44100a65ca603d7d1997,3.14.7,macOS-26.6.2-arm64-arm-64bit-Mach-O,arm,0.04764300002716482,0.15854720899369568,0.05184266692958772,0.012176332995295525,0.01396033400669694,0.027518583927303553,6.275007035583258e-05,0.014206915977410972,0.014999832957983017,0.0016969169955700636,0.05848499992862344,0.13651004200801253,9.679107461124659e-05,0.22924179199617356,0.0367897090036422,0.26603150099981576,4.3332925997674465e-05,0.0002220839960500598,0.17329975101165473,0.37948996003251523,0.6140565000241622
1895,random_1892,random_cycle_chord,20260823,crossing_rich,4,200,5,10,14,5.492132516717785,True,True,,perf/incremental-yamada-frontier-order,1d8374f42cccbb16d78d44100a65ca603d7d1997,3.14.7,macOS-26.6.2-arm64-arm-64bit-Mach-O,arm,0.04649900004733354,0.17173629195895046,0.061668874928727746,0.011251790914684534,0.012229292071424425,0.02417475008405745,4.233303479850292e-05,0.012525375001132488,0.013180832960642874,0.0014077909290790558,0.05133108200971037,0.13652029098011553,9.749992750585079e-05,0.20696400001179427,0.027297790977172554,0.23426179098896682,2.7916044928133488e-05,0.0001668339828029275,0.1638180819572881,0.3820533739635721,0.5942227500490844
1896,random_1893,random_cycle_chord,20260823,baseline,0,200,3,12,14,4.877961998459023,True,True,,perf/incremental-yamada-frontier-order,1d8374f42cccbb16d78d44100a65ca603d7d1997,3.14.7,macOS-26.6.2-arm64-arm-64bit-Mach-O,arm,0.04184524994343519,0.16296329197939485,0.02455425006337464,0.007420125068165362,0.0072200000286102295,0.014340625028125942,6.558303721249104e-05,0.007594624999910593,0.007923708064481616,0.0006249579600989819,0.030549499089829624,0.06978204206097871,0.00010508298873901367,0.20200833398848772,0.009712166036479175,0.2117205000249669,1.7707934603095055e-05,8.220807649195194e-05,0.07949420809745789,0.28430275002028793,0.49102237494662404
1897,random_1894,random_cycle_chord,20260823,baseline,0,200,3,11,13,4.072974596937646,True,True,,perf/incremental-yamada-frontier-order,1d8374f42cccbb16d78d44100a65ca603d7d1997,3.14.7,macOS-26.6.2-arm64-arm-64bit-Mach-O,arm,0.03569424990564585,0.16141916695050895,0.022487832931801677,0.0075102499686181545,0.007295374991372228,0.01442345802206546,2.775003667920828e-05,0.007500542094931006,0.00773175002541393,0.0006259160581976175,0.030309416237287223,0.06762449990492314,9.179092012345791e-05,0.18389416707213968,0.009391000028699636,0.19328516710083932,1.6333069652318954e-05,8.104194421321154e-05,0.07701549993362278,0.2741289167897776,0.46266179194208235
1898,random_1895,random_cycle_chord,20260823,crossing_rich,5,200,6,11,16,4.686484024634481,True,True,,perf/incremental-yamada-frontier-order,1d8374f42cccbb16d78d44100a65ca603d7d1997,3.14.7,macOS-26.6.2-arm64-arm-64bit-Mach-O,arm,0.046811999985948205,0.16083775006700307,0.047363707912154496,0.012164124986156821,0.013265375047922134,0.026594583061523736,4.9582915380597115e-05,0.01356029196176678,0.014810708002187312,0.0016858329763635993,0.05670099891722202,0.12953949999064207,0.00010858289897441864,0.23409758298657835,0.032289749942719936,0.2663873329292983,3.370898775756359e-05,0.00018324994016438723,0.161829249933362,0.3694789999863133,0.6085861660540104
1899,random_1896,random_cycle_chord,20260823,baseline,0,200,3,11,13,5.2257747861564985,True,True,,perf/incremental-yamada-frontier-order,1d8374f42cccbb16d78d44100a65ca603d7d1997,3.14.7,macOS-26.6.2-arm64-arm-64bit-Mach-O,arm,0.04016558395233005,0.16050566697958857,0.026691499981097877,0.0072745829820632935,0.007238457910716534,0.014730500057339668,2.7166912332177162e-05,0.007651666994206607,0.0078760419273749,0.0006175839807838202,0.030902959872037172,0.0721284169703722,7.754110265523195e-05,0.18106950004585087,0.009675374953076243,0.19074487499892712,1.541606616228819e-05,8.14999220892787e-05,0.08180379192344844,0.28247504285536706,0.4680577920516953
1900,random_1897,random_cycle_chord,20260823,crossing_rich,9,200,7,15,21,4.045264580153323,True,True,,perf/incremental-yamada-frontier-order,1d8374f42cccbb16d78d44100a65ca603d7d1997,3.14.7,macOS-26.6.2-arm64-arm-64bit-Mach-O,arm,0.053179165930487216,0.15946091699879616,0.047799833002500236,0.016015792032703757,0.018008832936175168,0.035259958007372916,5.900010000914335e-05,0.01832958299200982,0.019505542004480958,0.0021968750515952706,0.0753509581554681,0.15723350003827363,0.0001231249189004302,0.29599095799494535,0.05411825003102422,0.35010920802596956,3.783300053328276e-05,0.00024616695009171963,0.21135175006929785,0.42399183299858123,0.7251722909277305
1901,random_1898,random_cycle_chord,20260823,baseline,0,200,3,9,11,5.403128187247183,True,True,,perf/incremental-yamada-frontier-order,1d8374f42cccbb16d78d44100a65ca603d7d1997,3.14.7,macOS-26.6.2-arm64-arm-64bit-Mach-O,arm,0.0336288750404492,0.1521545419236645,0.025850625010207295,0.006821583025157452,0.006888333009555936,0.01365541701670736,2.26249685510993e-05,0.007061957963742316,0.007291583111509681,0.0005804580869153142,0.02861204114742577,0.06819179095327854,6.091699469834566e-05,0.14779654098674655,0.009431542013771832,0.15722808300051838,1.491699367761612e-05,7.962493691593409e-05,0.07762333296705037,0.2634067499311641,0.4155302499420941
1902,random_1899,random_cycle_chord,20260823,baseline,0,200,3,9,11,5.351930623600564,True,True,,perf/incremental-yamada-frontier-order,1d8374f42cccbb16d78d44100a65ca603d7d1997,3.14.7,macOS-26.6.2-arm64-arm-64bit-Mach-O,arm,0.03352933400310576,0.15556829201523215,0.02709712495561689,0.0072948329616338015,0.007082666968926787,0.014384792069904506,2.78339721262455e-05,0.007468707975931466,0.00775749993044883,0.0006821249844506383,0.030320958932861686,0.07182049995753914,8.833396714180708e-05,0.16092749999370426,0.010526874917559326,0.17145437491126359,1.750001683831215e-05,9.166600648313761e-05,0.08234737487509847,0.2714450008934364,0.43689550005365163
1903,random_1900,random_cycle_chord,20260823,crossing_rich,3,200,5,11,15,4.691916588975428,True,True,,perf/incremental-yamada-frontier-order,1d8374f42cccbb16d78d44100a65ca603d7d1997,3.14.7,macOS-26.6.2-arm64-arm-64bit-Mach-O,arm,0.04362295800819993,0.16200116695836186,0.0777317910687998,0.039471416966989636,0.018147667055018246,0.025897500105202198,8.49580392241478e-05,0.012728207977488637,0.013447541976347566,0.00143708405084908,0.05359529214911163,0.1890464589232579,0.00012929202057421207,0.22827137494459748,0.02417937503196299,0.2524507499765605,2.6250025257468224e-05,0.00016791606321930885,0.21322583395522088,0.4188499589217827,0.6521196670364588
1904,random_1901,random_cycle_chord,20260823,baseline,0,200,3,8,10,6.143180091230617,True,True,,perf/incremental-yamada-frontier-order,1d8374f42cccbb16d78d44100a65ca603d7d1997,3.14.7,macOS-26.6.2-arm64-arm-64bit-Mach-O,arm,0.03621387493330985,0.16318945807870477,0.03559029207099229,0.007586915977299213,0.007449374999850988,0.014639000059105456,2.366595435887575e-05,0.007580999983474612,0.00779674993827939,0.0005838749930262566,0.03062429092824459,0.08127183304168284,6.133306305855513e-05,0.14106162497773767,0.0093715830007568,0.15043320797849447,1.6332953236997128e-05,8.475000504404306e-05,0.09064341604243964,0.29004674905445427,0.4356400420656428
1905,random_1902,random_cycle_chord,20260823,crossing_rich,5,200,5,8,12,4.229361683539204,True,True,,perf/incremental-yamada-frontier-order,1d8374f42cccbb16d78d44100a65ca603d7d1997,3.14.7,macOS-26.6.2-arm64-arm-64bit-Mach-O,arm,0.03344112494960427,0.1629913329379633,0.051124791032634676,0.011894624913111329,0.01351412502117455,0.02638220798689872,4.0291924960911274e-05,0.013939333031885326,0.014417707920074463,0.0015137080335989594,0.05629324889741838,0.13286320900078863,0.0002859999658539891,0.28713070799130946,0.04200491600204259,0.32913562399335206,2.704199869185686e-05,0.00016195804346352816,0.17486812500283122,0.3713005828903988,0.6628364170901477
1906,random_1903,random_cycle_chord,20260823,baseline,0,200,3,8,10,6.165280701840554,True,True,,perf/incremental-yamada-frontier-order,1d8374f42cccbb16d78d44100a65ca603d7d1997,3.14.7,macOS-26.6.2-arm64-arm-64bit-Mach-O,arm,0.03533808293286711,0.15995075006503612,0.03249316709116101,0.0073523749597370625,0.007206041947938502,0.014109042007476091,2.6250025257468224e-05,0.007679915986955166,0.007704499992541969,0.0007029169937595725,0.030222625005990267,0.07729795796331018,6.879097782075405e-05,0.13846570800524205,0.011385250021703541,0.1498509580269456,1.637497916817665e-05,8.845794945955276e-05,0.08868320798501372,0.28397204098291695,0.4269855000311509
1907,random_1904,random_cycle_chord,20260823,crossing_rich,5,200,5,8,12,4.102840663395764,True,True,,perf/incremental-yamada-frontier-order,1d8374f42cccbb16d78d44100a65ca603d7d1997,3.14.7,macOS-26.6.2-arm64-arm-64bit-Mach-O,arm,0.03264837490860373,0.16091079101897776,0.048518207971937954,0.011586958076804876,0.01342441700398922,0.02643650001846254,3.937492147088051e-05,0.013639957993291318,0.014372917008586228,0.00145650003105402,0.055945249972864985,0.1295105409808457,0.00020808307453989983,0.17284012504387647,0.02958929189480841,0.20242941693868488,2.545793540775776e-05,0.0001632911153137684,0.1590998328756541,0.3526589988032356,0.5304344170726836
1908,random_1905,random_cycle_chord,20260823,baseline,0,200,3,9,11,5.428871847207657,True,True,,perf/incremental-yamada-frontier-order,1d8374f42cccbb16d78d44100a65ca603d7d1997,3.14.7,macOS-26.6.2-arm64-arm-64bit-Mach-O,arm,0.03469800006132573,0.16639104194473475,0.03170483303256333,0.0075602500000968575,0.007456540944986045,0.014259292045608163,4.2041996493935585e-05,0.007298499927856028,0.00758075003977865,0.0006086659850552678,0.029789249994792044,0.07654037501197308,8.554209489375353e-05,0.15356908307876438,0.00909545796457678,0.16266454104334116,1.60830095410347e-05,7.941597141325474e-05,0.08563583297654986,0.28672487498261034,0.4448810409521684
1909,random_1906,random_cycle_chord,20260823,crossing_rich,2,200,4,9,12,5.729328245190797,True,True,,perf/incremental-yamada-frontier-order,1d8374f42cccbb16d78d44100a65ca603d7d1997,3.14.7,macOS-26.6.2-arm64-arm-64bit-Mach-O,arm,0.04089645796921104,0.15878066699951887,0.05301300005521625,0.009381541050970554,0.009439875022508204,0.01855770801194012,3.087508957833052e-05,0.009438333101570606,0.009802458924241364,0.0009638750925660133,0.038793250219896436,0.11065716692246497,7.441709749400616e-05,0.16584799997508526,0.017537167062982917,0.18338516703806818,2.1332991309463978e-05,0.00012208300177007914,0.12819433398544788,0.3278714589541778,0.498284500092268
1910,random_1907,random_cycle_chord,20260823,baseline,0,200,3,8,10,6.146555169264116,True,True,,perf/incremental-yamada-frontier-order,1d8374f42cccbb16d78d44100a65ca603d7d1997,3.14.7,macOS-26.6.2-arm64-arm-64bit-Mach-O,arm,0.0347354169934988,0.16388550004921854,0.037662416929379106,0.007827666006051004,0.008110874914564192,0.015602083061821759,4.425004590302706e-05,0.00800991605501622,0.008374708937481046,0.0006851250072941184,0.03271608310751617,0.08635258302092552,0.00010091695003211498,0.22495504096150398,0.013561124913394451,0.23851616587489843,2.13750172406435e-05,0.00010554201435297728,0.09991370793431997,0.2985346249770373,0.528650667052716
1911,random_1908,random_cycle_chord,20260823,crossing_rich,2,200,4,8,11,6.586119040839278,True,True,,perf/incremental-yamada-frontier-order,1d8374f42cccbb16d78d44100a65ca603d7d1997,3.14.7,macOS-26.6.2-arm64-arm-64bit-Mach-O,arm,0.05937533301766962,0.22054383403155953,0.06552537495736033,0.010921084089204669,0.010510917054489255,0.021818417008034885,6.808398757129908e-05,0.010851957951672375,0.012317041982896626,0.001259958022274077,0.04631545895244926,0.1333118750480935,0.0001169589813798666,0.21276687504723668,0.09457008296158165,0.30733695800881833,6.866699550300837e-05,0.00022708391770720482,0.22788195800967515,0.5078011250589043,0.72863208304625
1912,random_1909,random_cycle_chord,20260823,baseline,0,200,3,9,11,5.3560932760446684,True,True,,perf/incremental-yamada-frontier-order,1d8374f42cccbb16d78d44100a65ca603d7d1997,3.14.7,macOS-26.6.2-arm64-arm-64bit-Mach-O,arm,0.06328770890831947,0.2328166669467464,0.02894987491890788,0.010934500023722649,0.009623332996852696,0.020829458022490144,8.312507998198271e-05,0.009511749958619475,0.009231582982465625,0.000912583083845675,0.0405684991274029,0.09014558303169906,0.00013595796190202236,0.1875243749236688,0.012230791966430843,0.19975516689009964,2.4000066332519054e-05,9.770807810127735e-05,0.1023763749981299,0.3984807508531958,0.5913500000024214
1913,random_1910,random_cycle_chord,20260823,baseline,0,200,3,8,10,6.1270820215171495,True,True,,perf/incremental-yamada-frontier-order,1d8374f42cccbb16d78d44100a65ca603d7d1997,3.14.7,macOS-26.6.2-arm64-arm-64bit-Mach-O,arm,0.04094491701107472,0.1822120000142604,0.04101487505249679,0.00794816599227488,0.008285916992463171,0.015196124906651676,5.2625080570578575e-05,0.00845533306710422,0.008394625037908554,0.0008674580603837967,0.032966166152618825,0.09026795893441886,0.00010204105637967587,0.16522820806130767,0.012264750082977116,0.17749295814428478,5.191692616790533e-05,0.00013999990187585354,0.10253270901739597,0.3256896260427311,0.4961900000926107
1914,random_1911,random_cycle_chord,20260823,crossing_rich,6,200,6,11,16,5.225762577492481,True,True,,perf/incremental-yamada-frontier-order,1d8374f42cccbb16d78d44100a65ca603d7d1997,3.14.7,macOS-26.6.2-arm64-arm-64bit-Mach-O,arm,0.05871345894411206,0.1720176669768989,0.0648165000602603,0.0165485410252586,0.016662125010043383,0.03207258298061788,8.291692938655615e-05,0.01659570902120322,0.01748708402737975,0.0019005000358447433,0.06813879299443215,0.1662395839812234,0.0001356659922748804,0.24583974992856383,0.03371233295183629,0.2795520828804001,3.616604954004288e-05,0.0001943330280482769,0.1999519169330597,0.43068304285407066,0.682366875000298
1915,random_1912,random_cycle_chord,20260823,crossing_rich,6,200,6,11,16,5.2229145766152705,True,True,,perf/incremental-yamada-frontier-order,1d8374f42cccbb16d78d44100a65ca603d7d1997,3.14.7,macOS-26.6.2-arm64-arm-64bit-Mach-O,arm,0.0522590420441702,0.27079674997366965,0.0928308340953663,0.03506191703490913,0.034027624991722405,0.04976841597817838,0.0003118750173598528,0.03454466606490314,0.025626374990679324,0.00254416698589921,0.11279549903701991,0.2748499580193311,0.00030520802829414606,0.3066667499952018,0.0425492919748649,0.3492160419700667,5.3292023949325085e-05,0.0002672920236364007,0.317399249994196,0.6404550420120358,0.958965125028044
1916,random_1913,random_cycle_chord,20260823,baseline,0,200,3,11,13,4.071388209554755,True,True,,perf/incremental-yamada-frontier-order,1d8374f42cccbb16d78d44100a65ca603d7d1997,3.14.7,macOS-26.6.2-arm64-arm-64bit-Mach-O,arm,0.07691974996123463,0.21557766699697822,0.02354916709009558,0.008507749997079372,0.008552375016734004,0.01674991601612419,3.129197284579277e-05,0.008712165988981724,0.00891737500205636,0.0006480420706793666,0.03505879105068743,0.07569508301094174,0.00010258401744067669,0.2030785409733653,0.010068624978885055,0.21314716595225036,1.862493809312582e-05,9.066693019121885e-05,0.0857637079898268,0.37826112494803965,0.586552583030425
1917,random_1914,random_cycle_chord,20260823,baseline,0,200,5,15,19,4.047008877825015,True,True,,perf/incremental-yamada-frontier-order,1d8374f42cccbb16d78d44100a65ca603d7d1997,3.14.7,macOS-26.6.2-arm64-arm-64bit-Mach-O,arm,0.05598095792811364,0.17070054193027318,0.027698707999661565,0.009792458964511752,0.010098833008669317,0.02008837496396154,5.395803600549698e-05,0.02541999996174127,0.01253370800986886,0.0012810829794034362,0.059377123950980604,0.10700650000944734,0.0001687919721007347,0.3221816250588745,0.022646417026408017,0.3448280420852825,6.287498399615288e-05,0.00018133304547518492,0.12965291703585535,0.35633441689424217,0.6841865419410169
1918,random_1915,random_cycle_chord,20260823,crossing_rich,5,200,5,8,12,4.294191548010255,True,True,,perf/incremental-yamada-frontier-order,1d8374f42cccbb16d78d44100a65ca603d7d1997,3.14.7,macOS-26.6.2-arm64-arm-64bit-Mach-O,arm,0.050322166993282735,0.19267258304171264,0.04941358300857246,0.012701582978479564,0.014259500079788268,0.028111041989177465,4.466704558581114e-05,0.014663042034953833,0.015603791922330856,0.0016129580326378345,0.0600355010246858,0.13645170792005956,0.00019466597586870193,0.30829579196870327,0.043690500082448125,0.3519862920511514,2.9291026294231415e-05,0.000174041953869164,0.1801422080025077,0.42313695803750306,0.7362468749051914
1919,random_1916,random_cycle_chord,20260823,baseline,0,200,3,8,10,6.165699993798934,True,True,,perf/incremental-yamada-frontier-order,1d8374f42cccbb16d78d44100a65ca603d7d1997,3.14.7,macOS-26.6.2-arm64-arm-64bit-Mach-O,arm,0.036334958975203335,0.1675636249128729,0.034115000045858324,0.007642708020284772,0.007499667000956833,0.01524008298292756,6.0165999457240105e-05,0.007655999972485006,0.007675457978621125,0.0006128750974312425,0.031244582030922174,0.08053287502843887,8.087500464171171e-05,0.1475149169564247,0.010522249969653785,0.1580371669260785,1.6832957044243813e-05,8.695793803781271e-05,0.09105512499809265,0.2949537088861689,0.44717537506949157
1920,random_1917,random_cycle_chord,20260823,baseline,0,200,3,10,12,4.651640629859369,True,True,,perf/incremental-yamada-frontier-order,1d8374f42cccbb16d78d44100a65ca603d7d1997,3.14.7,macOS-26.6.2-arm64-arm-64bit-Mach-O,arm,0.03198733297176659,0.15840887499507517,0.020342416944913566,0.007042707991786301,0.006992958951741457,0.013688041944988072,2.233404666185379e-05,0.007165624992921948,0.007297540898434818,0.0005745829548686743,0.028748124837875366,0.06314533296972513,6.583402864634991e-05,0.14538050000555813,0.009460708010010421,0.15484120801556855,1.6583013348281384e-05,7.724994793534279e-05,0.07260604097973555,0.2630022489465773,0.412633333937265
1921,random_1918,random_cycle_chord,20260823,crossing_rich,5,200,5,9,13,4.358897734098463,True,True,,perf/incremental-yamada-frontier-order,1d8374f42cccbb16d78d44100a65ca603d7d1997,3.14.7,macOS-26.6.2-arm64-arm-64bit-Mach-O,arm,0.033916415995918214,0.1485640419414267,0.04419570800382644,0.010912291938439012,0.012347416020929813,0.024374790955334902,3.875000402331352e-05,0.01282212499063462,0.01341429096646607,0.0014167909976094961,0.0520667479140684,0.11956029199063778,8.420809172093868e-05,0.17664995894301683,0.029001917107962072,0.2056518760509789,2.404197584837675e-05,0.00015191698912531137,0.14856220909859985,0.33104266703594476,0.5124539999524131
1922,random_1919,random_cycle_chord,20260823,baseline,0,200,3,10,12,4.695113770547531,True,True,,perf/incremental-yamada-frontier-order,1d8374f42cccbb16d78d44100a65ca603d7d1997,3.14.7,macOS-26.6.2-arm64-arm-64bit-Mach-O,arm,0.031848832964897156,0.14845783298369497,0.021338791004382074,0.006659209029749036,0.00664441694971174,0.013051917077973485,2.1458021365106106e-05,0.006782082957215607,0.006956957979127765,0.0005419160006567836,0.027354332036338747,0.0620157920056954,6.216694600880146e-05,0.15168245800305158,0.008648916962556541,0.16033137496560812,1.391698606312275e-05,6.766605656594038e-05,0.07066470896825194,0.25097137491684407,0.40680520806927234
1923,random_1920,random_cycle_chord,20260823,crossing_rich,5,200,5,8,12,4.111642888587126,True,True,,perf/incremental-yamada-frontier-order,1d8374f42cccbb16d78d44100a65ca603d7d1997,3.14.7,macOS-26.6.2-arm64-arm-64bit-Mach-O,arm,0.030236458987928927,0.14909262501168996,0.035911791026592255,0.010689666960388422,0.012497124960646033,0.02471837494522333,3.683404065668583e-05,0.0127664590254426,0.013437042012810707,0.0013444999931380153,0.05230321001727134,0.11143504199571908,0.00016079097986221313,0.1841577918967232,0.03335874993354082,0.21751654183026403,2.8333975933492184e-05,0.00016495899762958288,0.1447937919292599,0.3241228759288788,0.5134132079547271
1924,random_1921,random_cycle_chord,20260823,crossing_rich,5,200,5,8,12,4.249242291502046,True,True,,perf/incremental-yamada-frontier-order,1d8374f42cccbb16d78d44100a65ca603d7d1997,3.14.7,macOS-26.6.2-arm64-arm-64bit-Mach-O,arm,0.03442212496884167,0.1568906659958884,0.04035875003319234,0.011138458037748933,0.013062666985206306,0.025657958001829684,3.858399577438831e-05,0.013218167005106807,0.013930459041148424,0.0013999579241499305,0.054245125968009233,0.11883925006259233,0.0002680410398170352,0.2812929580686614,0.028004125109873712,0.3092970831785351,2.812489401549101e-05,0.00015924999024719,0.14684337517246604,0.3381561661371961,0.6239444999955595
1925,random_1922,random_cycle_chord,20260823,crossing_rich,4,200,5,9,13,6.085118010119284,True,True,,perf/incremental-yamada-frontier-order,1d8374f42cccbb16d78d44100a65ca603d7d1997,3.14.7,macOS-26.6.2-arm64-arm-64bit-Mach-O,arm,0.04553975001908839,0.1612444999627769,0.05945800000336021,0.011076082941144705,0.011981124989688396,0.023769332910887897,4.183303099125624e-05,0.012259707902558148,0.012866750010289252,0.0014072500634938478,0.0503448739182204,0.132896333001554,8.637504652142525e-05,0.19093087501823902,0.02644495794083923,0.21737583295907825,2.5999965146183968e-05,0.0001582909608259797,0.15934129094239324,0.36612554092425853,0.5619493339909241
1926,random_1923,random_cycle_chord,20260823,crossing_rich,4,200,5,10,14,5.61772688449359,True,True,,perf/incremental-yamada-frontier-order,1d8374f42cccbb16d78d44100a65ca603d7d1997,3.14.7,macOS-26.6.2-arm64-arm-64bit-Mach-O,arm,0.04667545796837658,0.1621237089857459,0.0577574580674991,0.01126508298330009,0.012477874988690019,0.024687625002115965,4.104094114154577e-05,0.012823415920138359,0.013384749996475875,0.0012999169994145632,0.05223674885928631,0.1337745419004932,8.570903446525335e-05,0.4147230410017073,0.03386416600551456,0.4485872070072219,3.804091829806566e-05,0.00019291695207357407,0.16763870790600777,0.37643787486013025,0.7959724589018151
1927,random_1924,random_cycle_chord,20260823,baseline,0,200,3,11,13,4.110967093628633,True,True,,perf/incremental-yamada-frontier-order,1d8374f42cccbb16d78d44100a65ca603d7d1997,3.14.7,macOS-26.6.2-arm64-arm-64bit-Mach-O,arm,0.04412575007881969,0.18498108303174376,0.024130416102707386,0.008110290975309908,0.00822595797944814,0.016077458043582737,3.1833071261644363e-05,0.00839570804964751,0.0086622079834342,0.0006578749744221568,0.03382508212234825,0.07432891696225852,9.658292401582003e-05,0.22265266603790224,0.010866625001654029,0.23351929103955626,1.9832979887723923e-05,9.024993050843477e-05,0.08519554196391255,0.314302375074476,0.54241741693113
1928,random_1925,random_cycle_chord,20260823,baseline,0,200,3,8,10,6.158839195368696,True,True,,perf/incremental-yamada-frontier-order,1d8374f42cccbb16d78d44100a65ca603d7d1997,3.14.7,macOS-26.6.2-arm64-arm-64bit-Mach-O,arm,0.03914704197086394,0.17166100000031292,0.03691970801446587,0.007774499943479896,0.0077008749358356,0.015064708073623478,2.6875059120357037e-05,0.008311124984174967,0.008597583044320345,0.000816958025097847,0.032817249186336994,0.08523570804391056,9.879202116280794e-05,0.1664285419974476,0.012754958937875926,0.17918350093532354,2.037500962615013e-05,0.00010304199531674385,0.09799066698178649,0.30879870895296335,0.4801654169568792
1929,random_1926,random_cycle_chord,20260823,baseline,0,200,3,10,12,4.631177211306405,True,True,,perf/incremental-yamada-frontier-order,1d8374f42cccbb16d78d44100a65ca603d7d1997,3.14.7,macOS-26.6.2-arm64-arm-64bit-Mach-O,arm,0.038603416993282735,0.18823625007644296,0.028497666004113853,0.008758791955187917,0.009257166064344347,0.018446958041749895,8.008291479200125e-05,0.009518541977740824,0.010164499981328845,0.0007748749339953065,0.03898495784960687,0.08554929099045694,0.00011691602412611246,0.2062486669747159,0.012115124962292612,0.2183637919370085,2.820801455527544e-05,0.00010833307169377804,0.09766441595274955,0.32450408302247524,0.5362480829935521
1930,random_1927,random_cycle_chord,20260823,baseline,0,200,4,10,13,4.697528437461151,True,True,,perf/incremental-yamada-frontier-order,1d8374f42cccbb16d78d44100a65ca603d7d1997,3.14.7,macOS-26.6.2-arm64-arm-64bit-Mach-O,arm,0.04636274999938905,0.26156416698358953,0.03333816700614989,0.011985749937593937,0.011919958051294088,0.06964433297980577,0.00011491705663502216,0.024490499985404313,0.01506966701708734,0.00123924994841218,0.11055866698734462,0.16787437500897795,0.00014274998102337122,0.2712326250039041,0.017422124976292253,0.28865474998019636,3.63329891115427e-05,0.0001277499832212925,0.1852964999852702,0.4932234169682488,0.77097695809789
1931,random_1928,random_cycle_chord,20260823,baseline,0,200,3,10,12,5.621547862650741,True,True,,perf/incremental-yamada-frontier-order,1d8374f42cccbb16d78d44100a65ca603d7d1997,3.14.7,macOS-26.6.2-arm64-arm-64bit-Mach-O,arm,0.04986100003588945,0.18296525010373443,0.03143937501590699,0.007575915893539786,0.0077119170455262065,0.01503620797302574,2.520799171179533e-05,0.007842291030101478,0.007969166967086494,0.0005890419706702232,0.03146191593259573,0.07821150007657707,9.129103273153305e-05,0.17549887509085238,0.009759709006175399,0.18525858409702778,2.1000043489038944e-05,8.491601329296827e-05,0.08797120908275247,0.32079745922237635,0.5011441670358181
1932,random_1929,random_cycle_chord,20260823,crossing_rich,2,200,4,8,11,6.462609521249348,True,True,,perf/incremental-yamada-frontier-order,1d8374f42cccbb16d78d44100a65ca603d7d1997,3.14.7,macOS-26.6.2-arm64-arm-64bit-Mach-O,arm,0.045056500006467104,0.1732162080006674,0.059595625032670796,0.009698959067463875,0.010221417061984539,0.01989124994724989,3.9958045817911625e-05,0.010384832974523306,0.010960082989186049,0.001089625060558319,0.042365749017335474,0.12191562505904585,0.00010195793583989143,0.1646766250487417,0.019076667027547956,0.18375329207628965,2.5957939215004444e-05,0.00012629199773073196,0.1409922920865938,0.3592650000937283,0.528936916962266
1933,random_1930,random_cycle_chord,20260823,crossing_rich,2,200,4,9,12,6.082731889667959,True,True,,perf/incremental-yamada-frontier-order,1d8374f42cccbb16d78d44100a65ca603d7d1997,3.14.7,macOS-26.6.2-arm64-arm-64bit-Mach-O,arm,0.04512350005097687,0.16710508393589407,0.0542889580829069,0.009206333081237972,0.009158791042864323,0.01802658406086266,3.341701813042164e-05,0.009313666028901935,0.009518916951492429,0.0010149999288842082,0.037907583988271654,0.11059208295773715,9.899993892759085e-05,0.17246320797130466,0.018496542004868388,0.19095974997617304,2.2290972992777824e-05,0.00012091698590666056,0.12908862496260554,0.3413172089494765,0.518631957937032
1934,random_1931,random_cycle_chord,20260823,crossing_rich,4,200,5,8,12,6.602049311165918,True,True,,perf/incremental-yamada-frontier-order,1d8374f42cccbb16d78d44100a65ca603d7d1997,3.14.7,macOS-26.6.2-arm64-arm-64bit-Mach-O,arm,0.04721708397846669,0.16071495902724564,0.07439487497322261,0.010567208053544164,0.011337750009261072,0.022295166039839387,4.1291932575404644e-05,0.011585625004954636,0.012272583087906241,0.0014358750777319074,0.047630541143007576,0.143969124997966,0.00017020804807543755,0.1714884580578655,0.02775350003503263,0.19924195809289813,2.5416025891900063e-05,0.00016083300579339266,0.17172262503299862,0.37965466803871095,0.5560842080740258
1935,random_1932,random_cycle_chord,20260823,baseline,0,200,3,10,12,5.621504764863314,True,True,,perf/incremental-yamada-frontier-order,1d8374f42cccbb16d78d44100a65ca603d7d1997,3.14.7,macOS-26.6.2-arm64-arm-64bit-Mach-O,arm,0.03859775001183152,0.1587331659393385,0.03133791696745902,0.007144416915252805,0.006894333055242896,0.013724417076446116,2.2625084966421127e-05,0.007109457976184785,0.007301832898519933,0.0005720830522477627,0.02873041608836502,0.0741269999416545,6.720796227455139e-05,0.16431270795874298,0.009144791052676737,0.1734574990114197,1.4582998119294643e-05,7.212499622255564e-05,0.08327179099433124,0.28060270694550127,0.44949695805553347
1936,random_1933,random_cycle_chord,20260823,crossing_rich,3,200,4,8,11,4.226094117254315,True,True,,perf/incremental-yamada-frontier-order,1d8374f42cccbb16d78d44100a65ca603d7d1997,3.14.7,macOS-26.6.2-arm64-arm-64bit-Mach-O,arm,0.02985975006595254,0.156431833980605,0.03778054192662239,0.009460957953706384,0.010401624953374267,0.020627166028134525,3.116705920547247e-05,0.010647207964211702,0.011110458988696337,0.0009975420543923974,0.043413542094640434,0.10108416702132672,6.916699931025505e-05,0.24266504193656147,0.017998625058680773,0.26066366699524224,1.9834027625620365e-05,0.00011341704521328211,0.1190827920800075,0.30537437612656504,0.5522449580021203
1937,random_1934,random_cycle_chord,20260823,crossing_rich,4,200,5,8,12,6.591044443504581,True,True,,perf/incremental-yamada-frontier-order,1d8374f42cccbb16d78d44100a65ca603d7d1997,3.14.7,macOS-26.6.2-arm64-arm-64bit-Mach-O,arm,0.04444933298509568,0.15321516594849527,0.06439104198943824,0.009783874964341521,0.010794042027555406,0.021392958937212825,3.8041966035962105e-05,0.011057999916374683,0.011890833964571357,0.0014834579778835177,0.045863292762078345,0.13086595898494124,0.00015554192941635847,0.16480245906859636,0.02893104194663465,0.193733501015231,2.454104833304882e-05,0.00016354199033230543,0.1597970009315759,0.35746149986516684,0.526951750041917
1938,random_1935,random_cycle_chord,20260823,crossing_rich,8,200,7,12,18,4.875658652181732,True,True,,perf/incremental-yamada-frontier-order,1d8374f42cccbb16d78d44100a65ca603d7d1997,3.14.7,macOS-26.6.2-arm64-arm-64bit-Mach-O,arm,0.050665374961681664,0.15968108410015702,0.06509408296551555,0.01912704191636294,0.017537207924760878,0.03405424999073148,0.00010699999984353781,0.017474542022682726,0.018435416975989938,0.002315749996341765,0.07238695898558944,0.17424158309586346,0.0003188339760527015,0.30140075006056577,0.0538922919658944,0.35529304202646017,5.7249912060797215e-05,0.00027062511071562767,0.22813387506175786,0.43848033412359655,0.7464901669882238
1939,random_1936,random_cycle_chord,20260823,crossing_rich,5,200,5,8,12,4.165532451703585,True,True,,perf/incremental-yamada-frontier-order,1d8374f42cccbb16d78d44100a65ca603d7d1997,3.14.7,macOS-26.6.2-arm64-arm-64bit-Mach-O,arm,0.03555883397348225,0.17552900000009686,0.039435625076293945,0.012380040949210525,0.01394425006583333,0.027404207969084382,4.4459011405706406e-05,0.014361832989379764,0.014962707995437086,0.0015366249717772007,0.05830983293708414,0.12411875010002404,0.00020954094361513853,0.18219850002788007,0.032714457949623466,0.21491295797750354,3.145798109471798e-05,0.00017858308274298906,0.1568332080496475,0.3679210420232266,0.5552996669430286
1940,random_1937,random_cycle_chord,20260823,baseline,0,200,4,13,16,4.570772993881232,True,True,,perf/incremental-yamada-frontier-order,1d8374f42cccbb16d78d44100a65ca603d7d1997,3.14.7,macOS-26.6.2-arm64-arm-64bit-Mach-O,arm,0.044940499938093126,0.1755059160059318,0.02490825008135289,0.008592291036620736,0.008349417010322213,0.01644854201003909,3.6499928683042526e-05,0.008792125037871301,0.009013249888084829,0.0008078750688582659,0.03509829193353653,0.07697754201944917,9.700004011392593e-05,0.2268079170025885,0.012200208031572402,0.2390081250341609,2.4250010028481483e-05,0.00010066595859825611,0.08917775005102158,0.3096241659950465,0.5412931250175461
1941,random_1938,random_cycle_chord,20260823,crossing_rich,2,200,4,8,11,6.583665132239444,True,True,,perf/incremental-yamada-frontier-order,1d8374f42cccbb16d78d44100a65ca603d7d1997,3.14.7,macOS-26.6.2-arm64-arm-64bit-Mach-O,arm,0.04313991602975875,0.16651779098901898,0.060067416983656585,0.00921441602986306,0.009168499964289367,0.018000292009674013,3.15000070258975e-05,0.009410333004780114,0.009941834025084972,0.0010643749265000224,0.03844833397306502,0.11692733294330537,8.324999362230301e-05,0.1564013750758022,0.01953008398413658,0.1759314590599388,2.174999099224806e-05,0.0001259580021724105,0.13645741692744195,0.3461151239462197,0.5071559159550816
1942,random_1939,random_cycle_chord,20260823,baseline,0,200,3,11,13,4.049788743230897,True,True,,perf/incremental-yamada-frontier-order,1d8374f42cccbb16d78d44100a65ca603d7d1997,3.14.7,macOS-26.6.2-arm64-arm-64bit-Mach-O,arm,0.03406245796941221,0.15761604194995016,0.01957891706842929,0.0075755000580102205,0.007152916979975998,0.014033874962478876,2.295803278684616e-05,0.007280208053998649,0.007461625034920871,0.0005667080404236913,0.029365374124608934,0.0636934160720557,7.016700692474842e-05,0.17906224995385855,0.008771333959884942,0.1878335839137435,1.5458092093467712e-05,7.954193279147148e-05,0.07246475003194064,0.264143249951303,0.44768770900554955
1943,random_1940,random_cycle_chord,20260823,crossing_rich,4,200,5,8,12,6.589751855463242,True,True,,perf/incremental-yamada-frontier-order,1d8374f42cccbb16d78d44100a65ca603d7d1997,3.14.7,macOS-26.6.2-arm64-arm-64bit-Mach-O,arm,0.04647562501486391,0.1579385839868337,0.06577483401633799,0.010090208961628377,0.01112120901234448,0.021917833015322685,4.175002686679363e-05,0.01134679198730737,0.012026416952721775,0.001423542038537562,0.046756334020756185,0.13378099992405623,0.0001615419751033187,0.167121791979298,0.027637624996714294,0.1947594169760123,2.4209031835198402e-05,0.00015645904932171106,0.16141862492077053,0.3658328339224681,0.5377365839667618
1944,random_1941,random_cycle_chord,20260823,crossing_rich,4,200,5,10,14,5.466341405918384,True,True,,perf/incremental-yamada-frontier-order,1d8374f42cccbb16d78d44100a65ca603d7d1997,3.14.7,macOS-26.6.2-arm64-arm-64bit-Mach-O,arm,0.04276737489271909,0.15171537501737475,0.05253441596869379,0.009783958084881306,0.010754375020042062,0.021204750053584576,3.829202614724636e-05,0.011015583062544465,0.011652458924800158,0.0012787500163540244,0.04518983408343047,0.11829770798794925,8.074997458606958e-05,0.1882327909115702,0.023790292092598975,0.21202308300416917,2.2708089090883732e-05,0.00013841595500707626,0.14208800008054823,0.33657074999064207,0.529387415968813
1945,random_1942,random_cycle_chord,20260823,baseline,0,200,3,10,12,4.651299254823769,True,True,,perf/incremental-yamada-frontier-order,1d8374f42cccbb16d78d44100a65ca603d7d1997,3.14.7,macOS-26.6.2-arm64-arm-64bit-Mach-O,arm,0.031195457908324897,0.1480910830432549,0.02204029099084437,0.006639832979999483,0.006597374915145338,0.012917542015202343,2.120796125382185e-05,0.00668108300305903,0.006828582962043583,0.0005360000068321824,0.02698441594839096,0.06228420906700194,6.295798812061548e-05,0.1540329159470275,0.008449582965113223,0.16248249891214073,1.4082994312047958e-05,7.004104554653168e-05,0.07073379203211516,0.25002033298369497,0.4081993750296533
1946,random_1943,random_cycle_chord,20260823,baseline,0,200,3,10,12,4.6957304789792484,True,True,,perf/incremental-yamada-frontier-order,1d8374f42cccbb16d78d44100a65ca603d7d1997,3.14.7,macOS-26.6.2-arm64-arm-64bit-Mach-O,arm,0.03117075003683567,0.14964779105503112,0.022434832993894815,0.006499042036011815,0.006517249974422157,0.012841082992963493,2.1125073544681072e-05,0.006632332922890782,0.0068508330732584,0.0005231670802459121,0.02686854114290327,0.062338416930288076,6.554194260388613e-05,0.15436316700652242,0.008141333004459739,0.16250450001098216,1.4749937690794468e-05,6.504193879663944e-05,0.07047974993474782,0.2512982910266146,0.4098759590415284
1947,random_1944,random_cycle_chord,20260823,crossing_rich,2,200,4,9,12,6.073110543124663,True,True,,perf/incremental-yamada-frontier-order,1d8374f42cccbb16d78d44100a65ca603d7d1997,3.14.7,macOS-26.6.2-arm64-arm-64bit-Mach-O,arm,0.039695499930530787,0.14979333395604044,0.049941458040848374,0.008203666075132787,0.008461666060611606,0.016671583987772465,2.9791961424052715e-05,0.008694833028130233,0.009176958934403956,0.0009866250911727548,0.03555979300290346,0.10219350003171712,7.295794785022736e-05,0.16332541697192937,0.0173759579192847,0.18070137489121407,1.9583036191761494e-05,0.00011500006075948477,0.11956945795100182,0.30905829183757305,0.4767339170211926
1948,random_1945,random_cycle_chord,20260823,crossing_rich,4,200,5,10,14,5.462847390712652,True,True,,perf/incremental-yamada-frontier-order,1d8374f42cccbb16d78d44100a65ca603d7d1997,3.14.7,macOS-26.6.2-arm64-arm-64bit-Mach-O,arm,0.04336341703310609,0.15535337501205504,0.05286645900923759,0.01007437496446073,0.01116754102986306,0.021966082975268364,3.812497016042471e-05,0.011348875006660819,0.012038500048220158,0.0013085419777780771,0.04670012497808784,0.12084266694728285,8.512497879564762e-05,0.19546983402688056,0.02570150000974536,0.22117133403662592,2.5250017642974854e-05,0.00014679098967462778,0.1465441669570282,0.34526095900218934,0.5456010419875383
1949,random_1946,random_cycle_chord,20260823,crossing_rich,4,200,5,9,13,6.081709093405106,True,True,,perf/incremental-yamada-frontier-order,1d8374f42cccbb16d78d44100a65ca603d7d1997,3.14.7,macOS-26.6.2-arm64-arm-64bit-Mach-O,arm,0.04517862491775304,0.15942891594022512,0.06508612504694611,0.010375542100518942,0.01105220802128315,0.02184295898769051,3.9624981582164764e-05,0.011364624951966107,0.012066166033037007,0.0014320421032607555,0.04674541705753654,0.13329570810310543,8.629204239696264e-05,0.1863939999602735,0.028758791973814368,0.21515279193408787,2.5458051823079586e-05,0.00015958305448293686,0.1620545000769198,0.36666204093489796,0.5579041669843718
1950,random_1947,random_cycle_chord,20260823,baseline,0,200,4,10,13,4.65793555937859,True,True,,perf/incremental-yamada-frontier-order,1d8374f42cccbb16d78d44100a65ca603d7d1997,3.14.7,macOS-26.6.2-arm64-arm-64bit-Mach-O,arm,0.03676454199012369,0.16036929201800376,0.02780654199887067,0.008203458040952682,0.008165459032170475,0.01606187503784895,3.133295103907585e-05,0.008362249936908484,0.00856258301064372,0.0007820000173524022,0.03380004095379263,0.07800270791631192,8.362508378922939e-05,0.1779426250141114,0.012188541935756803,0.1901311669498682,2.0124949514865875e-05,9.283307008445263e-05,0.09019124985206872,0.2873250838601962,0.46992533397860825
1951,random_1948,random_cycle_chord,20260823,baseline,0,200,3,8,10,6.1920857348512905,True,True,,perf/incremental-yamada-frontier-order,1d8374f42cccbb16d78d44100a65ca603d7d1997,3.14.7,macOS-26.6.2-arm64-arm-64bit-Mach-O,arm,0.0355626669479534,0.16527275007683784,0.037556709023192525,0.007301165955141187,0.007150874938815832,0.01400616706814617,2.3292028345167637e-05,0.007305250037461519,0.007443333975970745,0.0005673330742865801,0.02934537618421018,0.08137429098132998,6.383296567946672e-05,0.139005915960297,0.009814874967560172,0.14882079092785716,2.174999099224806e-05,8.358398918062449e-05,0.09118916594889015,0.2920245829736814,0.43559516698587686
1952,random_1949,random_cycle_chord,20260823,baseline,0,200,3,11,13,4.103107297646397,True,True,,perf/incremental-yamada-frontier-order,1d8374f42cccbb16d78d44100a65ca603d7d1997,3.14.7,macOS-26.6.2-arm64-arm-64bit-Mach-O,arm,0.036789917037822306,0.16217870905529708,0.020515291020274162,0.007610084023326635,0.007492625038139522,0.01472024992108345,2.3583066649734974e-05,0.007616290939040482,0.0078069999581202865,0.0005706250667572021,0.030737748951651156,0.0663757500005886,8.124997839331627e-05,0.18955108290538192,0.009319291915744543,0.19887037482112646,1.679197885096073e-05,8.350005373358727e-05,0.07569504191633314,0.2746636680094525,0.4687797079095617
1953,random_1950,random_cycle_chord,20260823,crossing_rich,5,200,6,11,16,4.62175660423597,True,True,,perf/incremental-yamada-frontier-order,1d8374f42cccbb16d78d44100a65ca603d7d1997,3.14.7,macOS-26.6.2-arm64-arm-64bit-Mach-O,arm,0.04570137499831617,0.16003454092424363,0.05478404194582254,0.012896833941340446,0.013765792013145983,0.02705454092938453,8.087500464171171e-05,0.013838874991051853,0.01441762491595,0.0016583329997956753,0.05705024884082377,0.13857079099398106,0.00012558302842080593,0.23042083298787475,0.031165334046818316,0.26158616703469306,3.4082913771271706e-05,0.00018325005657970905,0.16973612504079938,0.3754720409633592,0.6109566250815988
1954,random_1951,random_cycle_chord,20260823,crossing_rich,2,200,4,8,11,6.602068275414793,True,True,,perf/incremental-yamada-frontier-order,1d8374f42cccbb16d78d44100a65ca603d7d1997,3.14.7,macOS-26.6.2-arm64-arm-64bit-Mach-O,arm,0.04221120907459408,0.16964912496041507,0.06409079197328538,0.010049666976556182,0.010163666913285851,0.01964808302000165,6.308394949883223e-05,0.01024933299049735,0.010417249985039234,0.001138624968007207,0.041516374913044274,0.125875125057064,9.266706183552742e-05,0.16098512499593198,0.022267791908234358,0.18325291690416634,2.8374954126775265e-05,0.00013987510465085506,0.14814291696529835,0.3600032510003075,0.5266931669320911
1955,random_1952,random_cycle_chord,20260823,baseline,0,200,3,10,12,4.671882348848626,True,True,,perf/incremental-yamada-frontier-order,1d8374f42cccbb16d78d44100a65ca603d7d1997,3.14.7,macOS-26.6.2-arm64-arm-64bit-Mach-O,arm,0.036369499983265996,0.18245791702065617,0.025933500030077994,0.00785491697024554,0.007656000088900328,0.01490112510509789,4.0291924960911274e-05,0.007918542018160224,0.008148790919221938,0.0005688329692929983,0.03157758293673396,0.0730552909662947,8.170807268470526e-05,0.16095729207154363,0.008739167009480298,0.16969645908102393,1.6000005416572094e-05,8.179200813174248e-05,0.081794457975775,0.30062187497969717,0.46627737500239164
1956,random_1953,random_cycle_chord,20260823,crossing_rich,2,200,4,8,11,6.6023770029058175,True,True,,perf/incremental-yamada-frontier-order,1d8374f42cccbb16d78d44100a65ca603d7d1997,3.14.7,macOS-26.6.2-arm64-arm-64bit-Mach-O,arm,0.045488583971746266,0.16183524997904897,0.060267875087447464,0.009099832968786359,0.010039958986453712,0.0195810419972986,6.216706242412329e-05,0.01015004189684987,0.010803041979670525,0.0012854168890044093,0.041881709825247526,0.12133395799901336,0.00036920898128300905,0.16362441692035645,0.022169750067405403,0.18579416698776186,3.5207951441407204e-05,0.00014804198872298002,0.14350370806641877,0.350827542017214,0.5196750829927623
1957,random_1954,random_cycle_chord,20260823,baseline,0,200,3,10,12,4.685142745572051,True,True,,perf/incremental-yamada-frontier-order,1d8374f42cccbb16d78d44100a65ca603d7d1997,3.14.7,macOS-26.6.2-arm64-arm-64bit-Mach-O,arm,0.036945041036233306,0.17933887499384582,0.025464917067438364,0.007880832999944687,0.0075985409785062075,0.014887875062413514,3.825000021606684e-05,0.007777124992571771,0.007752917008474469,0.0005967080360278487,0.03105287509970367,0.07202054094523191,8.662499021738768e-05,0.15999241697136313,0.010015959036536515,0.17000837600789964,2.062495332211256e-05,8.54170648381114e-05,0.08203649998176843,0.29832041601184756,0.4638525419868529
1958,random_1955,random_cycle_chord,20260823,baseline,0,200,3,9,11,5.390547533522767,True,True,,perf/incremental-yamada-frontier-order,1d8374f42cccbb16d78d44100a65ca603d7d1997,3.14.7,macOS-26.6.2-arm64-arm-64bit-Mach-O,arm,0.03571041696704924,0.16299983393400908,0.0323565840953961,0.007012791931629181,0.006913833087310195,0.013954915921203792,3.5542063415050507e-05,0.007253666059114039,0.007335957954637706,0.0005605409387499094,0.029140622937120497,0.07544595806393772,7.650000043213367e-05,0.15772283298429102,0.009457541047595441,0.16718037403188646,1.737498678267002e-05,8.150003850460052e-05,0.08490349911153316,0.2836137500125915,0.44587645900901407
1959,random_1956,random_cycle_chord,20260823,crossing_rich,3,200,4,8,11,4.2124911271693195,True,True,,perf/incremental-yamada-frontier-order,1d8374f42cccbb16d78d44100a65ca603d7d1997,3.14.7,macOS-26.6.2-arm64-arm-64bit-Mach-O,arm,0.03152533294633031,0.1654339589877054,0.04038941708859056,0.010035458020865917,0.010775625007227063,0.02118237502872944,3.187509719282389e-05,0.011152291903272271,0.011696500005200505,0.0010556250344961882,0.04511866706889123,0.10635100002400577,8.066697046160698e-05,0.2807872910052538,0.02930912491865456,0.31009641592390835,2.9250048100948334e-05,0.00015350000467151403,0.13566012494266033,0.33261941687669605,0.6178908749716356
1960,random_1957,random_cycle_chord,20260823,baseline,0,200,3,11,13,5.225460696218419,True,True,,perf/incremental-yamada-frontier-order,1d8374f42cccbb16d78d44100a65ca603d7d1997,3.14.7,macOS-26.6.2-arm64-arm-64bit-Mach-O,arm,0.04266712500248104,0.18252820800989866,0.026319915894418955,0.007647415972314775,0.007335832924582064,0.014632500009611249,4.104094114154577e-05,0.007743249996565282,0.007612583925947547,0.0005711250705644488,0.030600499943830073,0.07193741691298783,0.00012312503531575203,0.18941095797345042,0.009189040982164443,0.19859999895561486,1.9458006136119366e-05,8.299993351101875e-05,0.08112645789515227,0.306321790907532,0.5004639170365408
1961,random_1958,random_cycle_chord,20260823,crossing_rich,3,200,4,8,11,4.158862085614106,True,True,,perf/incremental-yamada-frontier-order,1d8374f42cccbb16d78d44100a65ca603d7d1997,3.14.7,macOS-26.6.2-arm64-arm-64bit-Mach-O,arm,0.03841254103463143,0.21146804199088365,0.04091745789628476,0.010349084041081369,0.010724416002631187,0.021816791966557503,3.2957992516458035e-05,0.011163583025336266,0.011456542066298425,0.0010603750124573708,0.04553025006316602,0.10755104199051857,7.366703357547522e-05,0.15599749993998557,0.019704499980434775,0.17570199992042035,2.133403904736042e-05,0.00013070798013359308,0.12725554197095335,0.3771361249964684,0.5379141250159591
1962,random_1959,random_cycle_chord,20260823,crossing_rich,4,200,5,12,16,4.879106662875427,True,True,,perf/incremental-yamada-frontier-order,1d8374f42cccbb16d78d44100a65ca603d7d1997,3.14.7,macOS-26.6.2-arm64-arm-64bit-Mach-O,arm,0.046522459015250206,0.15968541707843542,0.04577149997930974,0.011017082957550883,0.012131249997764826,0.023864040966145694,4.650000482797623e-05,0.012465124949812889,0.01329670799896121,0.0013144169934093952,0.050986790913157165,0.11994512507226318,9.27499495446682e-05,0.32583583297673613,0.035113084013573825,0.36094891699030995,2.487492747604847e-05,0.00014533300418406725,0.155058209085837,0.36126608517952263,0.6912574169691652
1963,random_1960,random_cycle_chord,20260823,baseline,0,200,3,11,13,4.123277414493005,True,True,,perf/incremental-yamada-frontier-order,1d8374f42cccbb16d78d44100a65ca603d7d1997,3.14.7,macOS-26.6.2-arm64-arm-64bit-Mach-O,arm,0.03548008296638727,0.1609756249235943,0.020763957989402115,0.007502584019675851,0.007191165932454169,0.014506333973258734,4.283303860574961e-05,0.007583791972137988,0.007402917020954192,0.0005883330013602972,0.03012420900631696,0.06560370896477252,8.820800576359034e-05,0.18071958294603974,0.009139582980424166,0.1898591659264639,1.5749945305287838e-05,7.858301978558302e-05,0.07474329194519669,0.27119899983517826,0.45641879201866686
1964,random_1961,random_cycle_chord,20260823,baseline,0,200,4,13,16,4.569365609622992,True,True,,perf/incremental-yamada-frontier-order,1d8374f42cccbb16d78d44100a65ca603d7d1997,3.14.7,macOS-26.6.2-arm64-arm-64bit-Mach-O,arm,0.04342670808546245,0.1569014999549836,0.023188166902400553,0.0090816660085693,0.00909416691865772,0.018057166947983205,5.16669824719429e-05,0.009597750031389296,0.009670874918811023,0.0008175420807674527,0.03819500096142292,0.07959208299871534,0.00011054205242544413,0.21964504208881408,0.012028541998006403,0.23167358408682048,1.9000028260052204e-05,9.316601790487766e-05,0.09162062499672174,0.2919488330371678,0.5162282909732312
1965,random_1962,random_cycle_chord,20260823,crossing_rich,5,200,5,8,12,4.200098218062136,True,True,,perf/incremental-yamada-frontier-order,1d8374f42cccbb16d78d44100a65ca603d7d1997,3.14.7,macOS-26.6.2-arm64-arm-64bit-Mach-O,arm,0.03200695791747421,0.15355666703544557,0.04841762501746416,0.01115283404942602,0.012918082997202873,0.02553995803464204,3.841693978756666e-05,0.013150416896678507,0.013811832992359996,0.0013908750843256712,0.05393149994779378,0.1264545420417562,0.0002672499977052212,0.27464529196731746,0.027289875084534287,0.30193516705185175,2.6291003450751305e-05,0.0001522499369457364,0.1537444171262905,0.3393080420792103,0.6185153750702739
1966,random_1963,random_cycle_chord,20260823,baseline,0,200,4,10,13,4.672415627105059,True,True,,perf/incremental-yamada-frontier-order,1d8374f42cccbb16d78d44100a65ca603d7d1997,3.14.7,macOS-26.6.2-arm64-arm-64bit-Mach-O,arm,0.03564333403483033,0.15319216705393046,0.024705874966457486,0.007955083041451871,0.008458124939352274,0.0166979159694165,3.041699528694153e-05,0.008668707916513085,0.008948375005275011,0.0007601670222356915,0.03510558290872723,0.07625216699671,7.925007957965136e-05,0.18124770803842694,0.012482249992899597,0.19372995803132653,2.116698306053877e-05,9.291700553148985e-05,0.0887344169896096,0.2775699180783704,0.4633187500294298
1967,random_1964,random_cycle_chord,20260823,crossing_rich,2,200,4,8,11,6.3805577964522024,True,True,,perf/incremental-yamada-frontier-order,1d8374f42cccbb16d78d44100a65ca603d7d1997,3.14.7,macOS-26.6.2-arm64-arm-64bit-Mach-O,arm,0.040924540953710675,0.15648741601035,0.05504437501076609,0.008721666992641985,0.00921774993184954,0.018183707958087325,3.083306364715099e-05,0.009453375008888543,0.009855165961198509,0.0009462500456720591,0.03846933203749359,0.11148054199293256,7.333292160183191e-05,0.1524443329544738,0.01674504205584526,0.16918937501031905,1.991703175008297e-05,0.00011016707867383957,0.12822558404877782,0.3256375410128385,0.4825439580017701
1968,random_1965,random_cycle_chord,20260823,crossing_rich,4,200,5,9,13,6.076439452113803,True,True,,perf/incremental-yamada-frontier-order,1d8374f42cccbb16d78d44100a65ca603d7d1997,3.14.7,macOS-26.6.2-arm64-arm-64bit-Mach-O,arm,0.04535049991682172,0.15695870795752853,0.057550958008505404,0.01030145795084536,0.011746915988624096,0.02353633299935609,3.983394708484411e-05,0.012217250070534647,0.01284995791502297,0.0013269999762997031,0.049970374908298254,0.12960470793768764,8.354103192687035e-05,0.18551758397370577,0.025095249991863966,0.21061283396556973,2.4333014152944088e-05,0.00014500005636364222,0.1546999579295516,0.35700916580390185,0.5473008750705048
1969,random_1966,random_cycle_chord,20260823,baseline,0,200,3,9,11,5.3849684847689625,True,True,,perf/incremental-yamada-frontier-order,1d8374f42cccbb16d78d44100a65ca603d7d1997,3.14.7,macOS-26.6.2-arm64-arm-64bit-Mach-O,arm,0.03446529200300574,0.1569822080200538,0.02758883300703019,0.007633083965629339,0.007584832957945764,0.01489583298098296,2.3250002413988113e-05,0.007753457990474999,0.007908792002126575,0.0005581669975072145,0.031139499973505735,0.07396620803046972,7.541594095528126e-05,0.15300658403430134,0.00919437501579523,0.16220095905009657,1.4499993994832039e-05,7.108389399945736e-05,0.08316058304626495,0.2746080830693245,0.43207904195878655
1970,random_1967,random_cycle_chord,20260823,crossing_rich,2,200,4,10,13,4.956996585733998,True,True,,perf/incremental-yamada-frontier-order,1d8374f42cccbb16d78d44100a65ca603d7d1997,3.14.7,macOS-26.6.2-arm64-arm-64bit-Mach-O,arm,0.03846937499474734,0.1590276249917224,0.04214612499345094,0.009290667017921805,0.009841541992500424,0.019446250051259995,3.133295103907585e-05,0.010055374936200678,0.010469458997249603,0.0009753339691087604,0.04097775090485811,0.10228516603820026,8.804199751466513e-05,0.1817675830097869,0.017854291945695877,0.19962187495548278,2.0042061805725098e-05,0.00011379097122699022,0.12013945798389614,0.3176364579703659,0.5039249589899555
1971,random_1968,random_cycle_chord,20260823,crossing_rich,2,200,4,8,11,6.588798907779808,True,True,,perf/incremental-yamada-frontier-order,1d8374f42cccbb16d78d44100a65ca603d7d1997,3.14.7,macOS-26.6.2-arm64-arm-64bit-Mach-O,arm,0.042836875072680414,0.15933770907577127,0.06258608307689428,0.00870987493544817,0.008902792003937066,0.017700333963148296,3.187498077750206e-05,0.00931454193778336,0.009842916042543948,0.0010524160461500287,0.037942082970403135,0.11816854204516858,7.387495134025812e-05,0.15343974996358156,0.01828366599511355,0.1717234159586951,2.008303999900818e-05,0.00012512505054473877,0.13645220804028213,0.3386267921887338,0.4965674999402836
1972,random_1969,random_cycle_chord,20260823,crossing_rich,3,200,4,8,11,4.225958074699006,True,True,,perf/incremental-yamada-frontier-order,1d8374f42cccbb16d78d44100a65ca603d7d1997,3.14.7,macOS-26.6.2-arm64-arm-64bit-Mach-O,arm,0.029707125038839877,0.1567713749827817,0.03749908390454948,0.009443292045034468,0.010476083029061556,0.020667415927164257,2.9999995604157448e-05,0.010751124937087297,0.011171792051754892,0.0010077919578179717,0.043628124869428575,0.10107429197523743,7.191603071987629e-05,0.15634775010403246,0.019978541997261345,0.1763262921012938,3.241701051592827e-05,0.0001372080296278,0.12105283397249877,0.30753133399412036,0.46844837500248104
1973,random_1970,random_cycle_chord,20260823,crossing_rich,4,200,5,11,15,5.223520869013533,True,True,,perf/incremental-yamada-frontier-order,1d8374f42cccbb16d78d44100a65ca603d7d1997,3.14.7,macOS-26.6.2-arm64-arm-64bit-Mach-O,arm,0.048762749996967614,0.16697975003626198,0.0569152079988271,0.011303624953143299,0.012102582957595587,0.02427429100498557,4.2750034481287e-05,0.012424499960616231,0.013449624995701015,0.0013915840536355972,0.0515827500494197,0.13194362504873425,9.487499482929707e-05,0.22525016602594405,0.027544124983251095,0.25279429100919515,2.5999965146183968e-05,0.00016199995297938585,0.15948775003198534,0.37523025006521493,0.60559062496759
1974,random_1971,random_cycle_chord,20260823,crossing_rich,4,200,5,10,14,5.622480313145357,True,True,,perf/incremental-yamada-frontier-order,1d8374f42cccbb16d78d44100a65ca603d7d1997,3.14.7,macOS-26.6.2-arm64-arm-64bit-Mach-O,arm,0.04649400000926107,0.15985558298416436,0.05568970798049122,0.01085516600869596,0.0116041669389233,0.022802916006185114,3.9291917346417904e-05,0.011853792006149888,0.012666500057093799,0.0014417920028790832,0.0488042919896543,0.1269894998986274,0.00011795898899435997,0.18750537501182407,0.027160209021531045,0.21466558403335512,3.216695040464401e-05,0.00015874998643994331,0.15414970892015845,0.3604992919135839,0.5530020840233192
1975,random_1972,random_cycle_chord,20260823,baseline,0,200,3,11,13,4.090979703153263,True,True,,perf/incremental-yamada-frontier-order,1d8374f42cccbb16d78d44100a65ca603d7d1997,3.14.7,macOS-26.6.2-arm64-arm-64bit-Mach-O,arm,0.03413895796984434,0.15697187499608845,0.01873875001911074,0.007075208006426692,0.006865833071060479,0.01354408310726285,2.2125081159174442e-05,0.007163750007748604,0.007393999956548214,0.0005702080670744181,0.02869416621979326,0.061394041986204684,6.999995093792677e-05,0.1769425420789048,0.008591874968260527,0.18553441704716533,1.4415942132472992e-05,7.30000901967287e-05,0.06998591695446521,0.261096749920398,0.4424759999383241
1976,random_1973,random_cycle_chord,20260823,baseline,0,200,3,13,15,4.564262975133068,True,True,,perf/incremental-yamada-frontier-order,1d8374f42cccbb16d78d44100a65ca603d7d1997,3.14.7,macOS-26.6.2-arm64-arm-64bit-Mach-O,arm,0.039575790986418724,0.15313374996185303,0.022630166029557586,0.006703708088025451,0.00691366707906127,0.013609750079922378,2.1999934688210487e-05,0.00703583296854049,0.007254792028106749,0.0005752909928560257,0.028497666004113853,0.06476545799523592,7.19169620424509e-05,0.20029662502929568,0.009118707966990769,0.20941533299628645,1.3999990187585354e-05,7.025001104921103e-05,0.07388416596222669,0.26659370691049844,0.47120004205498844
1977,random_1974,random_cycle_chord,20260823,crossing_rich,2,200,4,9,12,6.08079046138327,True,True,,perf/incremental-yamada-frontier-order,1d8374f42cccbb16d78d44100a65ca603d7d1997,3.14.7,macOS-26.6.2-arm64-arm-64bit-Mach-O,arm,0.040265875053592026,0.15257879195269197,0.05008683307096362,0.008405957953073084,0.009050625027157366,0.017826125025749207,2.9458082281053066e-05,0.009280249942094088,0.009692832943983376,0.0009277909994125366,0.03775645699352026,0.10532633401453495,6.929202936589718e-05,0.16227908397559077,0.01658429193776101,0.17886337591335177,1.8625054508447647e-05,0.00010354106780141592,0.12191062595229596,0.31475529295857996,0.4813578750472516
1978,random_1975,random_cycle_chord,20260823,crossing_rich,2,200,4,9,12,5.9504060789656545,True,True,,perf/incremental-yamada-frontier-order,1d8374f42cccbb16d78d44100a65ca603d7d1997,3.14.7,macOS-26.6.2-arm64-arm-64bit-Mach-O,arm,0.03980050003156066,0.15193695796187967,0.0538062920095399,0.00831720803398639,0.00862375006545335,0.01707070809789002,2.995890099555254e-05,0.008830375038087368,0.009304833016358316,0.000976957962848246,0.0362128330161795,0.10698683303780854,7.154198829084635e-05,0.1597403340274468,0.017198583926074207,0.176938917953521,1.8749968148767948e-05,0.00010966695845127106,0.12418541696388274,0.3159228749573231,0.4800054170191288
1979,random_1976,random_cycle_chord,20260823,crossing_rich,3,200,5,10,14,5.62465079123183,True,True,,perf/incremental-yamada-frontier-order,1d8374f42cccbb16d78d44100a65ca603d7d1997,3.14.7,macOS-26.6.2-arm64-arm-64bit-Mach-O,arm,0.04373962490353733,0.15290791704319417,0.05166470899712294,0.009840292041189969,0.011030791909433901,0.021705792052671313,3.754207864403725e-05,0.011280665989033878,0.011792500037699938,0.0011895409552380443,0.04600604111328721,0.11857579206116498,8.104206062853336e-05,0.27065075002610683,0.020755541045218706,0.29140629107132554,2.3667002096772194e-05,0.00013008411042392254,0.13933133310638368,0.3359788750531152,0.6108895839424804
1980,random_1977,random_cycle_chord,20260823,crossing_rich,7,200,7,13,19,4.046380618323087,True,True,,perf/incremental-yamada-frontier-order,1d8374f42cccbb16d78d44100a65ca603d7d1997,3.14.7,macOS-26.6.2-arm64-arm-64bit-Mach-O,arm,0.047561583924107254,0.15842562494799495,0.05255779100116342,0.017349957954138517,0.016012541949748993,0.0314566669985652,7.295794785022736e-05,0.016240375000052154,0.01699341705534607,0.0019116669427603483,0.066675083944574,0.15265458298381418,0.00011241703759878874,0.2689698750618845,0.06480775005184114,0.33377762511372566,3.799994010478258e-05,0.00020204205065965652,0.21746233303565532,0.4234495419077575,0.6970621249638498
1981,random_1978,random_cycle_chord,20260823,baseline,0,200,4,14,17,4.297401734734764,True,True,,perf/incremental-yamada-frontier-order,1d8374f42cccbb16d78d44100a65ca603d7d1997,3.14.7,macOS-26.6.2-arm64-arm-64bit-Mach-O,arm,0.04435516695957631,0.15362245799042284,0.021638541016727686,0.008270584046840668,0.008768665953539312,0.017276624916121364,3.1374976970255375e-05,0.00896933302283287,0.00925687502603978,0.0007634159410372376,0.036297623883001506,0.07500320801045746,8.554104715585709e-05,0.2325901660369709,0.011627999949268997,0.2442181659862399,1.966708805412054e-05,9.004201274365187e-05,0.08663120795972645,0.2846088329097256,0.5216973329661414
1982,random_1979,random_cycle_chord,20260823,crossing_rich,5,200,5,8,12,4.276734117642184,True,True,,perf/incremental-yamada-frontier-order,1d8374f42cccbb16d78d44100a65ca603d7d1997,3.14.7,macOS-26.6.2-arm64-arm-64bit-Mach-O,arm,0.032869875081814826,0.15993762493599206,0.04608695802744478,0.011924374965019524,0.013412499916739762,0.02633083297405392,5.3750001825392246e-05,0.013575166929513216,0.01429391698911786,0.0014452500035986304,0.05569891689810902,0.12716362497303635,0.000278000021353364,0.28050887503195554,0.03687958302907646,0.317388458061032,2.6165973395109177e-05,0.00016075000166893005,0.1640432080021128,0.3568507080199197,0.6417475830530748
1983,random_1980,random_cycle_chord,20260823,baseline,0,200,3,11,13,4.083029433655725,True,True,,perf/incremental-yamada-frontier-order,1d8374f42cccbb16d78d44100a65ca603d7d1997,3.14.7,macOS-26.6.2-arm64-arm-64bit-Mach-O,arm,0.03419666597619653,0.165866875089705,0.026384874945506454,0.00767666706815362,0.0079467500327155,0.014821707969531417,6.383308209478855e-05,0.008123041945509613,0.008476499933749437,0.0006269160658121109,0.032111998996697366,0.07416241697501391,0.00010570907033979893,0.19737633399199694,0.009845041087828577,0.20722137507982552,1.9000028260052204e-05,8.637504652142525e-05,0.08400745806284249,0.284070999128744,0.4866287080803886
1984,random_1981,random_cycle_chord,20260823,crossing_rich,4,200,5,10,14,5.518643796096026,True,True,,perf/incremental-yamada-frontier-order,1d8374f42cccbb16d78d44100a65ca603d7d1997,3.14.7,macOS-26.6.2-arm64-arm-64bit-Mach-O,arm,0.051992124994285405,0.17233950004447252,0.056197791011072695,0.013910916983149946,0.011594875017181039,0.023175750044174492,4.183396231383085e-05,0.01215800002682954,0.01250374992378056,0.0013994169421494007,0.049278750899247825,0.131020582979545,0.00010058400221168995,0.18728399998508394,0.026402082992717624,0.21368608297780156,2.5292043574154377e-05,0.00015974999405443668,0.15742266597226262,0.38175429101102054,0.5742239580722526
1985,random_1982,random_cycle_chord,20260823,crossing_rich,3,200,5,12,16,4.4502517035184805,True,True,,perf/incremental-yamada-frontier-order,1d8374f42cccbb16d78d44100a65ca603d7d1997,3.14.7,macOS-26.6.2-arm64-arm-64bit-Mach-O,arm,0.04373591602779925,0.16099308303091675,0.0450212920550257,0.010834166081622243,0.011594000039622188,0.02282249997369945,5.087489262223244e-05,0.011782791931182146,0.01235704100690782,0.0013136669294908643,0.048326874733902514,0.11581791692879051,9.874999523162842e-05,0.37730887497309595,0.031056375009939075,0.40836524998303503,2.675002906471491e-05,0.00015383295249193907,0.14687429193872958,0.3516032909974456,0.7330989580368623
1986,random_1983,random_cycle_chord,20260823,crossing_rich,5,200,5,8,12,4.198937587719155,True,True,,perf/incremental-yamada-frontier-order,1d8374f42cccbb16d78d44100a65ca603d7d1997,3.14.7,macOS-26.6.2-arm64-arm-64bit-Mach-O,arm,0.033037666929885745,0.1660262499935925,0.04668408294674009,0.013228500029072165,0.014550709049217403,0.02870829205494374,9.312492329627275e-05,0.014830874977633357,0.015202416107058525,0.0015462080482393503,0.060380916111171246,0.13492195901926607,0.0002471670741215348,0.1885063749505207,0.033177666016854346,0.22168404096737504,2.9833056032657623e-05,0.00016783399041742086,0.16809962503612041,0.36716354195959866,0.5613224999979138
1987,random_1984,random_cycle_chord,20260823,baseline,0,200,3,11,13,4.013700988486829,True,True,,perf/incremental-yamada-frontier-order,1d8374f42cccbb16d78d44100a65ca603d7d1997,3.14.7,macOS-26.6.2-arm64-arm-64bit-Mach-O,arm,0.03618870896752924,0.1578795419773087,0.020967374905012548,0.007049749954603612,0.006970084039494395,0.013657540897838771,2.2292020730674267e-05,0.007077750051394105,0.007227041060104966,0.0005394580075517297,0.028524082037620246,0.06353158294223249,8.087500464171171e-05,0.17944916698615998,0.00880545808468014,0.18825462507084012,1.566705759614706e-05,7.24999699741602e-05,0.07233704102691263,0.26640529197175056,0.4504062080522999
1988,random_1985,random_cycle_chord,20260823,baseline,0,200,3,8,10,6.193402863127661,True,True,,perf/incremental-yamada-frontier-order,1d8374f42cccbb16d78d44100a65ca603d7d1997,3.14.7,macOS-26.6.2-arm64-arm-64bit-Mach-O,arm,0.035566499922424555,0.18225429102312773,0.043320124968886375,0.008994083036668599,0.008456834009848535,0.015672374982386827,6.987492088228464e-05,0.036234332947060466,0.029812499997206032,0.008283667033538222,0.09007274988107383,0.150917167076841,0.00019291695207357407,0.16537645901553333,0.010773290996439755,0.17614975001197308,2.662499900907278e-05,0.00012224994134157896,0.16169045807328075,0.37951124901883304,0.5518727500457317
1989,random_1986,random_cycle_chord,20260823,crossing_rich,3,200,4,8,11,4.2025265045492235,True,True,,perf/incremental-yamada-frontier-order,1d8374f42cccbb16d78d44100a65ca603d7d1997,3.14.7,macOS-26.6.2-arm64-arm-64bit-Mach-O,arm,0.03393083403352648,0.19797691598068923,0.044501292053610086,0.01084995805285871,0.011828417074866593,0.023218833026476204,6.187497638165951e-05,0.012165332911536098,0.012587124947458506,0.0011609999928623438,0.04919416585471481,0.11641599994618446,0.00012587499804794788,0.27067941694986075,0.028901125071570277,0.29958054202143103,2.1332991309463978e-05,0.00013545900583267212,0.14531712501775473,0.37722487503197044,0.6525084170280024
1990,random_1987,random_cycle_chord,20260823,baseline,0,200,3,9,11,5.3298403748853955,True,True,,perf/incremental-yamada-frontier-order,1d8374f42cccbb16d78d44100a65ca603d7d1997,3.14.7,macOS-26.6.2-arm64-arm-64bit-Mach-O,arm,0.03627450007479638,0.16038687503896654,0.02913362509571016,0.006996584008447826,0.006917207967489958,0.013594374991953373,2.3958971723914146e-05,0.00701508391648531,0.0071865839418023825,0.0005384590476751328,0.028358460869640112,0.0714275409700349,7.170799653977156e-05,0.15204270905815065,0.008697749930433929,0.16074045898858458,1.5416997484862804e-05,7.391604594886303e-05,0.08012529090046883,0.27678666601423174,0.43333558295853436
1991,random_1988,random_cycle_chord,20260823,baseline,0,200,3,10,12,5.62553732181467,True,True,,perf/incremental-yamada-frontier-order,1d8374f42cccbb16d78d44100a65ca603d7d1997,3.14.7,macOS-26.6.2-arm64-arm-64bit-Mach-O,arm,0.03854441689327359,0.15708520798943937,0.029936708975583315,0.006911124917678535,0.006845082971267402,0.01347041700500995,2.2833002731204033e-05,0.007001458900049329,0.007155791972763836,0.0005419169319793582,0.028192417812533677,0.07190608291421086,6.529095117002726e-05,0.15966195799410343,0.00828558299690485,0.16794754099100828,1.3999990187585354e-05,6.641598884016275e-05,0.0801916659111157,0.27582129079382867,0.4398357920581475
1992,random_1989,random_cycle_chord,20260823,baseline,0,200,4,10,13,4.625700670028731,True,True,,perf/incremental-yamada-frontier-order,1d8374f42cccbb16d78d44100a65ca603d7d1997,3.14.7,macOS-26.6.2-arm64-arm-64bit-Mach-O,arm,0.03542345797177404,0.1517611249582842,0.023915458004921675,0.007801707950420678,0.008329249918460846,0.01640225003939122,3.004202153533697e-05,0.008520542061887681,0.008785290992818773,0.0008129579946398735,0.034551083110272884,0.07462408405262977,7.070798892527819e-05,0.18147320800926536,0.013273291988298297,0.19474649999756366,2.079096157103777e-05,9.583297651261091e-05,0.08789737604092807,0.2750819589709863,0.46096574992407113
1993,random_1990,random_cycle_chord,20260823,baseline,0,200,3,9,11,5.355464417429397,True,True,,perf/incremental-yamada-frontier-order,1d8374f42cccbb16d78d44100a65ca603d7d1997,3.14.7,macOS-26.6.2-arm64-arm-64bit-Mach-O,arm,0.033201999962329865,0.15313612495083362,0.028620624914765358,0.007113333907909691,0.007148083997890353,0.013498916989192367,3.208301495760679e-05,0.006957042030990124,0.007031540968455374,0.0005686659133061767,0.028088248916901648,0.0710086670005694,7.61660048738122e-05,0.15072179189883173,0.008954416029155254,0.15967620792798698,1.5042023733258247e-05,7.30419997125864e-05,0.07996308302972466,0.26630120794288814,0.4213727080496028
1994,random_1991,random_cycle_chord,20260823,crossing_rich,2,200,4,8,11,6.5985363361321605,True,True,,perf/incremental-yamada-frontier-order,1d8374f42cccbb16d78d44100a65ca603d7d1997,3.14.7,macOS-26.6.2-arm64-arm-64bit-Mach-O,arm,0.04094470804557204,0.1612866249633953,0.05632895801682025,0.0086484580533579,0.009094708017073572,0.017909000045619905,3.041699528694153e-05,0.009244667016901076,0.009711707942187786,0.0010249170009046793,0.03792070900090039,0.11202066601254046,6.962497718632221e-05,0.21029237494803965,0.02021758398041129,0.23050995892845094,2.2500054910779e-05,0.0001377919688820839,0.13223824999295175,0.3344695830019191,0.5493010840145871
1995,random_1992,random_cycle_chord,20260823,crossing_rich,5,200,5,9,13,4.15994661569314,True,True,,perf/incremental-yamada-frontier-order,1d8374f42cccbb16d78d44100a65ca603d7d1997,3.14.7,macOS-26.6.2-arm64-arm-64bit-Mach-O,arm,0.03682833397760987,0.16785824997350574,0.04580920794978738,0.012794250040315092,0.013540708925575018,0.02706687501631677,5.254102870821953e-05,0.01398270798381418,0.014637166983447969,0.0015153330750763416,0.05725462408736348,0.12944254104513675,9.90839907899499e-05,0.19214758300222456,0.030747875105589628,0.2228954581078142,2.8249924071133137e-05,0.00017429201398044825,0.16019041615072638,0.364877000101842,0.562141333008185
1996,random_1993,random_cycle_chord,20260823,baseline,0,200,3,9,11,5.343469083371078,True,True,,perf/incremental-yamada-frontier-order,1d8374f42cccbb16d78d44100a65ca603d7d1997,3.14.7,macOS-26.6.2-arm64-arm-64bit-Mach-O,arm,0.03436175000388175,0.16122162505052984,0.03407225001137704,0.00786933396011591,0.007008375017903745,0.013237957959063351,2.416700590401888e-05,0.006880291970446706,0.007100749993696809,0.0005934159271419048,0.02783658285625279,0.07681062503252178,7.225002627819777e-05,0.15352016605902463,0.009342625038698316,0.16286279109772295,1.591700129210949e-05,8.212495595216751e-05,0.0861532500712201,0.2817366251256317,0.43987320899032056
1997,random_1994,random_cycle_chord,20260823,crossing_rich,5,200,5,8,12,4.223241914333263,True,True,,perf/incremental-yamada-frontier-order,1d8374f42cccbb16d78d44100a65ca603d7d1997,3.14.7,macOS-26.6.2-arm64-arm-64bit-Mach-O,arm,0.03329375002067536,0.16450245899613947,0.04378745798021555,0.011751792044378817,0.01344024995341897,0.026554792071692646,4.037492908537388e-05,0.013793791993521154,0.014391542063094676,0.0014250829117372632,0.05620558396913111,0.12522116594482213,0.00017500005196779966,0.18025525007396936,0.03004783403594047,0.21030308410990983,2.8291018679738045e-05,0.00016466702800244093,0.1552689999807626,0.35306520899757743,0.5388881670078263
1998,random_1995,random_cycle_chord,20260823,baseline,0,200,4,10,13,4.645551287453837,True,True,,perf/incremental-yamada-frontier-order,1d8374f42cccbb16d78d44100a65ca603d7d1997,3.14.7,macOS-26.6.2-arm64-arm-64bit-Mach-O,arm,0.03677866701036692,0.15910395793616772,0.025341250002384186,0.008158167009241879,0.008264124975539744,0.016156084020622075,3.216695040464401e-05,0.008435250027105212,0.008725957944989204,0.0008208330255001783,0.034170291968621314,0.07596370799001306,7.591594476252794e-05,0.18364304199349135,0.01392720895819366,0.197570250951685,2.395804040133953e-05,0.00010633294004946947,0.08989091694820672,0.28577354189474136,0.4741265829652548
1999,random_1996,random_cycle_chord,20260823,baseline,0,200,3,8,10,6.152253237382242,True,True,,perf/incremental-yamada-frontier-order,1d8374f42cccbb16d78d44100a65ca603d7d1997,3.14.7,macOS-26.6.2-arm64-arm-64bit-Mach-O,arm,0.03729337500408292,0.15919733291957527,0.03645675000734627,0.007944000069983304,0.007775957928970456,0.014719166909344494,6.233400199562311e-05,0.007917666924186051,0.008242415962740779,0.0007304579485207796,0.03167204174678773,0.08389341691508889,9.345798753201962e-05,0.15998854103963822,0.012657542014494538,0.17264608305413276,3.0250055715441704e-05,0.00010612502228468657,0.09655095892958343,0.2930416668532416,0.4578425829531625
2000,random_1997,random_cycle_chord,20260823,crossing_rich,3,200,5,11,15,5.028395125276947,True,True,,perf/incremental-yamada-frontier-order,1d8374f42cccbb16d78d44100a65ca603d7d1997,3.14.7,macOS-26.6.2-arm64-arm-64bit-Mach-O,arm,0.04234525002539158,0.15787300001829863,0.04422758298460394,0.00970845902338624,0.010165708023123443,0.019844459020532668,3.758410457521677e-05,0.010331584024243057,0.010848124977201223,0.0011932500638067722,0.04225500219035894,0.1064074169844389,9.408302139490843e-05,0.19847620802465826,0.021891042008064687,0.22036725003272295,2.4124979972839355e-05,0.0001372080296278,0.12829845899250358,0.3285167090361938,0.5316281249979511
2001,random_1998,random_cycle_chord,20260823,baseline,0,200,3,10,12,5.624254309160268,True,True,,perf/incremental-yamada-frontier-order,1d8374f42cccbb16d78d44100a65ca603d7d1997,3.14.7,macOS-26.6.2-arm64-arm-64bit-Mach-O,arm,0.036244999966584146,0.14780108304694295,0.028214082936756313,0.006815167027525604,0.007146417046897113,0.014063540962524712,2.1999934688210487e-05,0.007267666980624199,0.0074194170301780105,0.000499082962051034,0.029271707870066166,0.071466707973741,6.37079356238246e-05,0.15533679095096886,0.007769000018015504,0.16310579096898437,1.3459008187055588e-05,6.39590434730053e-05,0.0792357079917565,0.2632817910052836,0.42278958298265934
2002,random_1999,random_cycle_chord,20260823,baseline,0,200,3,8,10,6.164771605114479,True,True,,perf/incremental-yamada-frontier-order,1d8374f42cccbb16d78d44100a65ca603d7d1997,3.14.7,macOS-26.6.2-arm64-arm-64bit-Mach-O,arm,0.03279099997598678,0.1484282910823822,0.03445737494621426,0.0066566659370437264,0.006658750004135072,0.013118832954205573,2.1832995116710663e-05,0.006809499929659069,0.006978749996051192,0.0005297500174492598,0.027458665892481804,0.07525020802859217,5.9333047829568386e-05,0.12867399991955608,0.008584833005443215,0.1372588329249993,1.391698606312275e-05,6.779097020626068e-05,0.08383504103403538,0.26505433209240437,0.39787533308845013
2003,random_2000,random_cycle_chord,20260823,baseline,0,200,3,8,10,6.12852960417357,True,True,,perf/incremental-yamada-frontier-order,1d8374f42cccbb16d78d44100a65ca603d7d1997,3.14.7,macOS-26.6.2-arm64-arm-64bit-Mach-O,arm,0.03279575007036328,0.15044766699429601,0.03394137497525662,0.00659879099112004,0.006696959026157856,0.01310645800549537,2.0959065295755863e-05,0.006806749966926873,0.0070480420254170895,0.0005670000100508332,0.02754920907318592,0.07480595808010548,5.804200191050768e-05,0.12919829203747213,0.00938137504272163,0.13857966708019376,1.3958080671727657e-05,7.070798892527819e-05,0.08418733312282711,0.2674307501874864,0.40090399992186576
2004,random_2001,random_cycle_chord,20260823,baseline,0,200,4,14,17,4.2948739138270575,True,True,,perf/incremental-yamada-frontier-order,1d8374f42cccbb16d78d44100a65ca603d7d1997,3.14.7,macOS-26.6.2-arm64-arm-64bit-Mach-O,arm,0.042268041986972094,0.14842670795042068,0.02209720795508474,0.007507917005568743,0.008019750006496906,0.015618750010617077,3.408303018659353e-05,0.008090041927061975,0.008263958035968244,0.0007469999836757779,0.03275383298750967,0.07041708298493177,9.38749872148037e-05,0.21957287495024502,0.012311666971072555,0.23188454192131758,2.2500054910779e-05,9.483296889811754e-05,0.08272874995600432,0.2734234998933971,0.49748704209923744
2005,random_2002,random_cycle_chord,20260823,baseline,0,200,3,11,13,5.224139411301562,True,True,,perf/incremental-yamada-frontier-order,1d8374f42cccbb16d78d44100a65ca603d7d1997,3.14.7,macOS-26.6.2-arm64-arm-64bit-Mach-O,arm,0.039372375002130866,0.15399766701739281,0.02659195801243186,0.007563291932456195,0.007322832942008972,0.014513290952891111,4.800001624971628e-05,0.0074899159371852875,0.00758745800703764,0.0005952919600531459,0.0302339568734169,0.07174662500619888,0.0001117499778047204,0.22937825007829815,0.01187504199333489,0.24125329207163304,2.875004429370165e-05,9.799993131309748e-05,0.08362166699953377,0.27699170901905745,0.5110727910650894
2006,random_2003,random_cycle_chord,20260823,baseline,0,200,3,11,13,4.0555296190616374,True,True,,perf/incremental-yamada-frontier-order,1d8374f42cccbb16d78d44100a65ca603d7d1997,3.14.7,macOS-26.6.2-arm64-arm-64bit-Mach-O,arm,0.03806162509135902,0.194562999997288,0.03852633398491889,0.10776662500575185,0.026094291009940207,0.20194625004660338,0.0002711669076234102,0.01819550001528114,0.018389167031273246,0.00099108403082937,0.23979316803161055,0.41225141601171345,0.0002483330899849534,0.44960366701707244,0.031260291929356754,0.4808639589464292,7.041695062071085e-05,0.0003907920327037573,0.4435117079410702,0.6761363330297172,1.13413612509612
2007,random_2004,random_cycle_chord,20260823,baseline,0,200,3,9,11,5.406269630853029,True,True,,perf/incremental-yamada-frontier-order,1d8374f42cccbb16d78d44100a65ca603d7d1997,3.14.7,macOS-26.6.2-arm64-arm-64bit-Mach-O,arm,0.09128849999979138,0.5214800829999149,0.065586082986556,0.017615707940422,0.016206042026169598,0.034515250008553267,0.00011670798994600773,0.014491999987512827,0.015290334005840123,0.00307991704903543,0.06749420904088765,0.16700287500862032,0.0004634999204427004,0.3136477080406621,0.013037666911259294,0.3266853749519214,2.5416957214474678e-05,0.00010874995496124029,0.18004054191987962,0.7928091249195859,1.1178707089275122
2008,random_2005,random_cycle_chord,20260823,crossing_rich,5,200,5,10,14,4.340513402310852,True,True,,perf/incremental-yamada-frontier-order,1d8374f42cccbb16d78d44100a65ca603d7d1997,3.14.7,macOS-26.6.2-arm64-arm-64bit-Mach-O,arm,0.05848129210062325,0.23003545799292624,0.061456958996132016,0.018333208048716187,0.018971125013194978,0.03591520804911852,0.000118291936814785,0.018102208035998046,0.019304333021864295,0.0020552080823108554,0.0754952491261065,0.1743351659970358,0.0001559159718453884,0.38273995893541723,0.05168979102745652,0.43442974996287376,5.124998278915882e-05,0.00021595798898488283,0.22602495702449232,0.5145417071180418,0.9034631670219824
2009,random_2006,random_cycle_chord,20260823,crossing_rich,5,200,5,8,12,4.219350000370614,True,True,,perf/incremental-yamada-frontier-order,1d8374f42cccbb16d78d44100a65ca603d7d1997,3.14.7,macOS-26.6.2-arm64-arm-64bit-Mach-O,arm,0.04017799999564886,0.18993312504608184,0.05328716605436057,0.014076958992518485,0.016088334028609097,0.03085441596340388,8.379190694540739e-05,0.015783125068992376,0.01714191702194512,0.0017520829569548368,0.06561533291824162,0.14914749993477017,0.00026766699738800526,0.2050328750628978,0.03425870800856501,0.2392915830714628,3.408396150916815e-05,0.00019875005818903446,0.18340620794333518,0.4135173329850659,0.6248004590161145
2010,random_2007,random_cycle_chord,20260823,baseline,0,200,3,9,11,5.364927505234126,True,True,,perf/incremental-yamada-frontier-order,1d8374f42cccbb16d78d44100a65ca603d7d1997,3.14.7,macOS-26.6.2-arm64-arm-64bit-Mach-O,arm,0.03787179198116064,0.21750929090194404,0.06616191600915045,0.0103015840286389,0.00976262497715652,0.018450042000040412,4.1792052797973156e-05,0.00968841603025794,0.009260499966330826,0.0006419169949367642,0.038082667044363916,0.12433870800305158,0.00010100007057189941,0.23897804191801697,0.029424250009469688,0.26840229192748666,0.0002830410376191139,0.000377833959646523,0.15376295801252127,0.40914404089562595,0.6574755000183359
2011,random_2008,random_cycle_chord,20260823,crossing_rich,6,200,6,11,16,5.2259586633571855,True,True,,perf/incremental-yamada-frontier-order,1d8374f42cccbb16d78d44100a65ca603d7d1997,3.14.7,macOS-26.6.2-arm64-arm-64bit-Mach-O,arm,0.0950087090022862,0.2625635409494862,0.08888279204256833,0.022096708067692816,0.020575499976985157,0.04619637504220009,0.00014620902948081493,0.023793999920599163,0.02507691690698266,0.0029360000044107437,0.09814950090367347,0.2298024579649791,0.00020062492694705725,0.3579808749491349,0.04957024997565895,0.40755112492479384,5.949998740106821e-05,0.0002476669615134597,0.27937270794063807,0.6369449578924105,1.0044795410940424
2012,random_2009,random_cycle_chord,20260823,crossing_rich,3,200,4,8,11,4.216188384141938,True,True,,perf/incremental-yamada-frontier-order,1d8374f42cccbb16d78d44100a65ca603d7d1997,3.14.7,macOS-26.6.2-arm64-arm-64bit-Mach-O,arm,0.03638237505219877,0.1734273749170825,0.04293712496291846,0.011256041936576366,0.012067291070707142,0.023793375003151596,6.791693158447742e-05,0.012627333053387702,0.012760834069922566,0.0011505420552566648,0.050400001113303006,0.1167231670115143,9.941600728780031e-05,0.2135964590124786,0.030134708038531244,0.24373116705100983,2.9375078156590462e-05,0.00014870893210172653,0.14685787505004555,0.3566676250193268,0.5753469999181107
2013,random_2010,random_cycle_chord,20260823,crossing_rich,2,200,4,10,13,5.626657736665247,True,True,,perf/incremental-yamada-frontier-order,1d8374f42cccbb16d78d44100a65ca603d7d1997,3.14.7,macOS-26.6.2-arm64-arm-64bit-Mach-O,arm,0.046588791999965906,0.16589195793494582,0.049436541041359305,0.009293708950281143,0.009692167048342526,0.01920920901466161,3.158301115036011e-05,0.00992279197089374,0.01033783401362598,0.000966791994869709,0.0404682100052014,0.10891887499019504,7.837498560547829e-05,0.26149070798419416,0.01659995794761926,0.2780906659318134,2.1332991309463978e-05,0.0001103340182453394,0.1255188329378143,0.337999582872726,0.6038642498897389
2014,random_2011,random_cycle_chord,20260823,crossing_rich,5,200,5,8,12,4.120681645898896,True,True,,perf/incremental-yamada-frontier-order,1d8374f42cccbb16d78d44100a65ca603d7d1997,3.14.7,macOS-26.6.2-arm64-arm-64bit-Mach-O,arm,0.03191266697831452,0.15301287500187755,0.03588079090695828,0.011449125013314188,0.013258166029118001,0.02622249990236014,4.2792060412466526e-05,0.013544667046517134,0.014112583943642676,0.0014044999843463302,0.05532704293727875,0.11595329199917614,0.0001805000938475132,0.17138308403082192,0.028936624992638826,0.20031970902346075,2.562499139457941e-05,0.0001598329981788993,0.14488991699181497,0.32981545897200704,0.5059533750172704
2015,random_2012,random_cycle_chord,20260823,baseline,0,200,3,9,11,5.363743447603258,True,True,,perf/incremental-yamada-frontier-order,1d8374f42cccbb16d78d44100a65ca603d7d1997,3.14.7,macOS-26.6.2-arm64-arm-64bit-Mach-O,arm,0.03395370894577354,0.15291399997659028,0.024437000043690205,0.007303833961486816,0.007403417024761438,0.014680583029985428,2.65840208157897e-05,0.007657499983906746,0.0077595829498022795,0.0005397499771788716,0.030663999961689115,0.06983733305241913,7.31669133529067e-05,0.15934166603256017,0.01086749997921288,0.17020916601177305,2.01669754460454e-05,0.00010341696906834841,0.080704833031632,0.2675725419539958,0.4313762909732759
2016,random_2013,random_cycle_chord,20260823,baseline,0,200,3,11,13,5.22452053326986,True,True,,perf/incremental-yamada-frontier-order,1d8374f42cccbb16d78d44100a65ca603d7d1997,3.14.7,macOS-26.6.2-arm64-arm-64bit-Mach-O,arm,0.04553320806007832,0.16908466594759375,0.02584570797625929,0.007291791960597038,0.00705566699616611,0.014123292057774961,3.412493970245123e-05,0.007424209034070373,0.007312000030651689,0.0005461670225486159,0.02943979308474809,0.06965425005182624,7.991702295839787e-05,0.19272766704671085,0.01032337499782443,0.20305104204453528,2.004194539040327e-05,8.254207205027342e-05,0.07997762504965067,0.29459549905732274,0.491938375052996
2017,random_2014,random_cycle_chord,20260823,crossing_rich,2,200,4,11,14,4.38117457174684,True,True,,perf/incremental-yamada-frontier-order,1d8374f42cccbb16d78d44100a65ca603d7d1997,3.14.7,macOS-26.6.2-arm64-arm-64bit-Mach-O,arm,0.044865667005069554,0.17074650002177805,0.03933358401991427,0.010554000036790967,0.010014125029556453,0.019992291927337646,0.000153167056851089,0.010719040990807116,0.010578875080682337,0.0009743329137563705,0.04241770796943456,0.10235120798461139,0.00010533409658819437,0.3609405420720577,0.020486874971538782,0.3814274170435965,2.8292066417634487e-05,0.00016895902808755636,0.12283808295615017,0.3384502499829978,0.7042938750237226
2018,random_2015,random_cycle_chord,20260823,baseline,0,200,3,8,10,6.206423993308024,True,True,,perf/incremental-yamada-frontier-order,1d8374f42cccbb16d78d44100a65ca603d7d1997,3.14.7,macOS-26.6.2-arm64-arm-64bit-Mach-O,arm,0.03895050007849932,0.18391975003760308,0.03757949999999255,0.007723540998995304,0.007432500016875565,0.014949333970434964,2.7499976567924023e-05,0.008170624962076545,0.007990665966644883,0.0007092079613357782,0.031847332837060094,0.08460395794827491,7.829198148101568e-05,0.14526533393654972,0.011648999992758036,0.15691433392930776,1.820793841034174e-05,9.916606359183788e-05,0.09625295794103295,0.31912320805713534,0.4694729580078274
2019,random_2016,random_cycle_chord,20260823,crossing_rich,6,200,6,11,16,5.229494440151302,True,True,,perf/incremental-yamada-frontier-order,1d8374f42cccbb16d78d44100a65ca603d7d1997,3.14.7,macOS-26.6.2-arm64-arm-64bit-Mach-O,arm,0.052210040972568095,0.17430604109540582,0.05639641697052866,0.015363959013484418,0.015690332977101207,0.030950625077821314,8.162506856024265e-05,0.015934458933770657,0.01663470803759992,0.0017825830727815628,0.0653840001905337,0.15289700007997453,0.00012108299415558577,0.23820491693913937,0.035303750075399876,0.27350866701453924,3.104202914983034e-05,0.00018958293367177248,0.1882007501553744,0.4147168322233483,0.6592442920664325
2020,random_2017,random_cycle_chord,20260823,crossing_rich,2,200,4,8,11,6.586158690831308,True,True,,perf/incremental-yamada-frontier-order,1d8374f42cccbb16d78d44100a65ca603d7d1997,3.14.7,macOS-26.6.2-arm64-arm-64bit-Mach-O,arm,0.0427209580084309,0.2288457090035081,0.06670891598332673,0.010882250033318996,0.00966600002720952,0.019196916953660548,6.750004831701517e-05,0.009977541980333626,0.011012707953341305,0.0011957089882344007,0.041450375923886895,0.128746832953766,0.00010129204019904137,0.16086349997203797,0.020056042005307972,0.18091954197734594,2.3541972041130066e-05,0.00014154193922877312,0.14880287495907396,0.42036954197101295,0.5865073340246454
2021,random_2018,random_cycle_chord,20260823,crossing_rich,2,200,4,10,13,5.621334897345676,True,True,,perf/incremental-yamada-frontier-order,1d8374f42cccbb16d78d44100a65ca603d7d1997,3.14.7,macOS-26.6.2-arm64-arm-64bit-Mach-O,arm,0.04388458305038512,0.15893266699276865,0.04790841706562787,0.009167208918370306,0.009602540987543762,0.018027500016614795,3.929098602384329e-05,0.009310166002251208,0.009510957985185087,0.000981958000920713,0.037869872990995646,0.10458787507377565,8.145906031131744e-05,0.18414129107259214,0.018088708980940282,0.20223000005353242,2.3999949917197227e-05,0.00011520797852426767,0.12267658405471593,0.3254938340978697,0.5141329580219463
2022,random_2019,random_cycle_chord,20260823,crossing_rich,5,200,5,8,12,4.106983212583402,True,True,,perf/incremental-yamada-frontier-order,1d8374f42cccbb16d78d44100a65ca603d7d1997,3.14.7,macOS-26.6.2-arm64-arm-64bit-Mach-O,arm,0.0327321250224486,0.1574960839934647,0.03898837498854846,0.011850707931444049,0.013836166937835515,0.026509333052672446,7.970898877829313e-05,0.014722457970492542,0.015186541015282273,0.0014247919898480177,0.05792283301707357,0.12265845900401473,0.0002013749908655882,0.19671858404763043,0.03482329205144197,0.2315418760990724,3.279093652963638e-05,0.00016912503633648157,0.1574817510554567,0.34770996007137,0.5496123329503462
2023,random_2020,random_cycle_chord,20260823,baseline,0,200,3,10,12,4.680299001677421,True,True,,perf/incremental-yamada-frontier-order,1d8374f42cccbb16d78d44100a65ca603d7d1997,3.14.7,macOS-26.6.2-arm64-arm-64bit-Mach-O,arm,0.03631754207890481,0.2663253330392763,0.06963062507566065,0.06951154093258083,0.025952083989977837,0.02044529200065881,7.412501145154238e-05,0.010742374928668141,0.011116125038824975,0.0009048329666256905,0.04328274994622916,0.20850045792758465,0.0001366250216960907,0.2914265419822186,0.016682666959241033,0.30810920894145966,3.400002606213093e-05,0.00011762510985136032,0.22518312488682568,0.5278260000050068,0.8249926249263808
2024,random_2021,random_cycle_chord,20260823,crossing_rich,5,200,5,9,13,4.416169951018236,True,True,,perf/incremental-yamada-frontier-order,1d8374f42cccbb16d78d44100a65ca603d7d1997,3.14.7,macOS-26.6.2-arm64-arm-64bit-Mach-O,arm,0.05218883405905217,0.2157765420852229,0.05638716695830226,0.016523333033546805,0.023265999974682927,0.03846487496048212,9.991705883294344e-05,0.017278207931667566,0.019656583084724844,0.0020452499156817794,0.07754483295138925,0.17381608299911022,0.0006101670442149043,0.2850761669687927,0.057520249974913895,0.34259641694370657,5.208293441683054e-05,0.0002286670496687293,0.23133633297402412,0.4993017091182992,0.7920352920191363
2025,random_2022,random_cycle_chord,20260823,baseline,0,200,3,10,12,5.619871598776442,True,True,,perf/incremental-yamada-frontier-order,1d8374f42cccbb16d78d44100a65ca603d7d1997,3.14.7,macOS-26.6.2-arm64-arm-64bit-Mach-O,arm,0.06169587490148842,0.25973733398132026,0.045922791003249586,0.010243500000797212,0.009673458989709616,0.01902729202993214,6.24579843133688e-05,0.00949683296494186,0.009847042034380138,0.0008307090029120445,0.03926433401647955,0.10514295799657702,0.00016683293506503105,0.2607318329392001,0.015760957961902022,0.2764927909011021,2.983398735523224e-05,0.00011141609866172075,0.12090391595847905,0.44233712484128773,0.7107919160043821
2026,random_2023,random_cycle_chord,20260823,baseline,0,200,3,8,10,6.216288911888806,True,True,,perf/incremental-yamada-frontier-order,1d8374f42cccbb16d78d44100a65ca603d7d1997,3.14.7,macOS-26.6.2-arm64-arm-64bit-Mach-O,arm,0.05882320797536522,0.21907366695813835,0.050443833926692605,0.012627874966710806,0.011101750074885786,0.021889124996960163,6.65000407025218e-05,0.0101067079231143,0.010535500012338161,0.0008302079513669014,0.04342804092448205,0.11770075000822544,0.00010166596621274948,0.1857507909880951,0.014031791943125427,0.19978258293122053,2.8499984182417393e-05,0.0001188330352306366,0.13173254195135087,0.40962941688485444,0.6015701250871643
2027,random_2024,random_cycle_chord,20260823,crossing_rich,6,200,6,11,16,5.228420657325353,True,True,,perf/incremental-yamada-frontier-order,1d8374f42cccbb16d78d44100a65ca603d7d1997,3.14.7,macOS-26.6.2-arm64-arm-64bit-Mach-O,arm,0.06221379106864333,0.18657849996816367,0.07360529201105237,0.01978104200679809,0.01867312495596707,0.03954762499779463,0.00012183398939669132,0.023289249977096915,0.02458854194264859,0.0025450000539422035,0.09009225096087903,0.2022215840406716,0.0002133749658241868,0.2890149160521105,0.03807879099622369,0.3270937070483342,3.387511242181063e-05,0.00021766708232462406,0.24030037503689528,0.4890926660737023,0.7847773750545457
2028,random_2025,random_cycle_chord,20260823,baseline,0,200,4,13,16,4.565047084394715,True,True,,perf/incremental-yamada-frontier-order,1d8374f42cccbb16d78d44100a65ca603d7d1997,3.14.7,macOS-26.6.2-arm64-arm-64bit-Mach-O,arm,0.048802832956425846,0.17257258400786668,0.029398791026324034,0.009140874957665801,0.009446874959394336,0.01817033300176263,5.024997517466545e-05,0.009716541972011328,0.010018249973654747,0.0008163750171661377,0.038771749939769506,0.08679845801088959,0.00011224998161196709,0.2333156670210883,0.01941441697999835,0.25273008400108665,0.0001003750367090106,0.0006944590713828802,0.10621287499088794,0.32758829195518047,0.567374708945863
2029,random_2026,random_cycle_chord,20260823,baseline,0,200,3,10,12,4.68392599459856,True,True,,perf/incremental-yamada-frontier-order,1d8374f42cccbb16d78d44100a65ca603d7d1997,3.14.7,macOS-26.6.2-arm64-arm-64bit-Mach-O,arm,0.03870295803062618,0.1624055829597637,0.022934957989491522,0.007202250068075955,0.007046999991871417,0.013818625011481345,2.3667002096772194e-05,0.007169250049628317,0.00736033299472183,0.0005860839737579226,0.028957959031686187,0.06616295897401869,6.870797369629145e-05,0.16595341602806002,0.010308791999705136,0.17626220802776515,2.154102548956871e-05,8.774991147220135e-05,0.07647175097372383,0.2775802919641137,0.4483357920544222
2030,random_2027,random_cycle_chord,20260823,baseline,0,200,3,12,14,4.879428855180668,True,True,,perf/incremental-yamada-frontier-order,1d8374f42cccbb16d78d44100a65ca603d7d1997,3.14.7,macOS-26.6.2-arm64-arm-64bit-Mach-O,arm,0.04119825002271682,0.16574745799880475,0.023473375011235476,0.007282542064785957,0.007071834057569504,0.01393379201181233,2.2833002731204033e-05,0.00753683305811137,0.0076445830054581165,0.0006213330198079348,0.029759374097920954,0.06760850001592189,0.00011108303442597389,0.17373799998313189,0.008670166949741542,0.18240816693287343,1.4625024050474167e-05,7.395900320261717e-05,0.07627866696566343,0.283224374987185,0.46151195804122835
2031,random_2028,random_cycle_chord,20260823,crossing_rich,4,200,5,9,13,6.075375229617097,True,True,,perf/incremental-yamada-frontier-order,1d8374f42cccbb16d78d44100a65ca603d7d1997,3.14.7,macOS-26.6.2-arm64-arm-64bit-Mach-O,arm,0.04438812495209277,0.1533631249330938,0.05735383299179375,0.010095500038005412,0.011259041959419847,0.022077540983445942,3.687490243464708e-05,0.011505916016176343,0.013037832919508219,0.0013635419309139252,0.048021706752479076,0.1267627920024097,9.641691576689482e-05,0.17731912503950298,0.027510249987244606,0.20482937502674758,2.6499968953430653e-05,0.0001484589884057641,0.1542730419896543,0.35202429187484086,0.5340010410873219
2032,random_2029,random_cycle_chord,20260823,baseline,0,200,3,10,12,4.636628350966112,True,True,,perf/incremental-yamada-frontier-order,1d8374f42cccbb16d78d44100a65ca603d7d1997,3.14.7,macOS-26.6.2-arm64-arm-64bit-Mach-O,arm,0.03167104197200388,0.15272808307781816,0.027016290929168463,0.008359040948562324,0.009027416002936661,0.015334291034378111,3.100000321865082e-05,0.007893292000517249,0.007783040986396372,0.0005995000246912241,0.03164112404920161,0.07609450002200902,8.087500464171171e-05,0.15235179103910923,0.009212916949763894,0.16156470798887312,2.1000043489038944e-05,8.058303501456976e-05,0.08530741697177291,0.26970654202159494,0.42670387495309114
2033,random_2030,random_cycle_chord,20260823,baseline,0,200,3,10,12,4.666621210604724,True,True,,perf/incremental-yamada-frontier-order,1d8374f42cccbb16d78d44100a65ca603d7d1997,3.14.7,macOS-26.6.2-arm64-arm-64bit-Mach-O,arm,0.03298108302988112,0.16294125001877546,0.02422983304131776,0.007677833084017038,0.00740724999923259,0.014178750105202198,2.345792017877102e-05,0.007379833026789129,0.007376583991572261,0.000561291933991015,0.029519916977733374,0.06885679194238037,7.65420263633132e-05,0.16631879203487188,0.009771832963451743,0.17609062499832362,2.3124972358345985e-05,8.67500202730298e-05,0.07862862490583211,0.2745509579544887,0.4471830000402406
2034,random_2031,random_cycle_chord,20260823,crossing_rich,4,200,5,12,16,4.874339680925469,True,True,,perf/incremental-yamada-frontier-order,1d8374f42cccbb16d78d44100a65ca603d7d1997,3.14.7,macOS-26.6.2-arm64-arm-64bit-Mach-O,arm,0.04742349998559803,0.1820783750154078,0.05606458394322544,0.015067541040480137,0.019651458016596735,0.03548387496266514,0.00013979105278849602,0.015825833077542484,0.02357416704762727,0.0024392498889937997,0.07746291602961719,0.16836491704452783,0.00017387501429766417,0.3934882909525186,0.05846462503541261,0.4519529159879312,6.41250517219305e-05,0.00027187494561076164,0.22682954207994044,0.45633141708094627,0.8563307499280199
2035,random_2032,random_cycle_chord,20260823,baseline,0,200,4,11,14,4.096191098776288,True,True,,perf/incremental-yamada-frontier-order,1d8374f42cccbb16d78d44100a65ca603d7d1997,3.14.7,macOS-26.6.2-arm64-arm-64bit-Mach-O,arm,0.06140883394982666,0.23748754209373146,0.03291700000409037,0.012122749933041632,0.012073291931301355,0.026280124904587865,9.887490887194872e-05,0.015254124999046326,0.014170458074659109,0.0012169169494882226,0.05702049983665347,0.11421183298807591,0.00014195800758898258,0.3007192920194939,0.017957541975192726,0.3186768339946866,4.087504930794239e-05,0.00014258292503654957,0.13216937496326864,0.43106575100682676,0.7382240409497172
2036,random_2033,random_cycle_chord,20260823,crossing_rich,2,200,4,10,13,5.482319277034819,True,True,,perf/incremental-yamada-frontier-order,1d8374f42cccbb16d78d44100a65ca603d7d1997,3.14.7,macOS-26.6.2-arm64-arm-64bit-Mach-O,arm,0.054773875046521425,0.18931920896284282,0.059271708014421165,0.01050304202362895,0.010953666060231626,0.02154250000603497,3.975001163780689e-05,0.011192917008884251,0.011558791040442884,0.0010469579137861729,0.045380915980786085,0.1261455409694463,8.649996016174555e-05,0.28112387494184077,0.018509250017814338,0.2996331249596551,2.4415901862084866e-05,0.0001230830093845725,0.14465479098726064,0.3887478749966249,0.6748044579289854
2037,random_2034,random_cycle_chord,20260823,baseline,0,200,4,10,13,4.659134946611195,True,True,,perf/incremental-yamada-frontier-order,1d8374f42cccbb16d78d44100a65ca603d7d1997,3.14.7,macOS-26.6.2-arm64-arm-64bit-Mach-O,arm,0.03865454101469368,0.1669384160777554,0.02650895796250552,0.008706958033144474,0.009225500049069524,0.01824908296111971,3.208301495760679e-05,0.009406790952198207,0.009722416987642646,0.0008091670460999012,0.03821954096201807,0.08269016700796783,8.124997839331627e-05,0.17787474999204278,0.011228041956201196,0.18910279194824398,1.9791070371866226e-05,8.975004311650991e-05,0.09391820896416903,0.2995111660566181,0.4821423339890316
2038,random_2035,random_cycle_chord,20260823,crossing_rich,5,200,6,11,16,4.583279514254343,True,True,,perf/incremental-yamada-frontier-order,1d8374f42cccbb16d78d44100a65ca603d7d1997,3.14.7,macOS-26.6.2-arm64-arm-64bit-Mach-O,arm,0.0451600831001997,0.15900779201183468,0.04849549999926239,0.012064708978869021,0.0130257080309093,0.025602374924346805,5.070795305073261e-05,0.013585041044279933,0.014054124942049384,0.001661999966017902,0.054954248829744756,0.12858304206747562,9.8041957244277e-05,0.22090754192322493,0.03363716695457697,0.2545447088778019,3.654195461422205e-05,0.00019154197070747614,0.16222020902205259,0.36638808413408697,0.5923336249543354
2039,random_2036,random_cycle_chord,20260823,baseline,0,200,3,8,10,6.195923143762121,True,True,,perf/incremental-yamada-frontier-order,1d8374f42cccbb16d78d44100a65ca603d7d1997,3.14.7,macOS-26.6.2-arm64-arm-64bit-Mach-O,arm,0.03802912496030331,0.16424941597506404,0.032023875042796135,0.007173917023465037,0.007004874991253018,0.01380912505555898,2.304196823388338e-05,0.007124832947738469,0.0073448329931125045,0.0005728340474888682,0.028874667012132704,0.07509766693692654,6.687501445412636e-05,0.14252054109238088,0.009695125045254827,0.1522156661376357,1.862493809312582e-05,9.195797611027956e-05,0.08479279198218137,0.2870713329175487,0.43415641703177243
2040,random_2037,random_cycle_chord,20260823,crossing_rich,5,200,5,8,12,4.2116238420119885,True,True,,perf/incremental-yamada-frontier-order,1d8374f42cccbb16d78d44100a65ca603d7d1997,3.14.7,macOS-26.6.2-arm64-arm-64bit-Mach-O,arm,0.03089466702658683,0.16560891701374203,0.04262862494215369,0.011249665985815227,0.012632665922865272,0.024849915993399918,3.733299672603607e-05,0.01285595796070993,0.01353408396244049,0.0013517079642042518,0.052628998877480626,0.11917624995112419,0.0002669580280780792,0.2693966249935329,0.02802920900285244,0.29742583399638534,2.7833040803670883e-05,0.00015845801681280136,0.14720545895397663,0.3437090429943055,0.6177096249302849
2041,random_2038,random_cycle_chord,20260823,crossing_rich,5,200,5,9,13,4.31550067148838,True,True,,perf/incremental-yamada-frontier-order,1d8374f42cccbb16d78d44100a65ca603d7d1997,3.14.7,macOS-26.6.2-arm64-arm-64bit-Mach-O,arm,0.03486266697291285,0.15421654202509671,0.04684966604690999,0.012093415949493647,0.013139958959072828,0.02614812506362796,5.937495734542608e-05,0.013188458047807217,0.013997958973050117,0.0014610829530283809,0.0548549999948591,0.12697504204697907,9.883299935609102e-05,0.20305404195096344,0.031471709022298455,0.2345257509732619,2.7542002499103546e-05,0.00017037498764693737,0.15844675106927752,0.3475259600672871,0.5556582090212032
2042,random_2039,random_cycle_chord,20260823,crossing_rich,3,200,5,10,14,5.404773483549403,True,True,,perf/incremental-yamada-frontier-order,1d8374f42cccbb16d78d44100a65ca603d7d1997,3.14.7,macOS-26.6.2-arm64-arm-64bit-Mach-O,arm,0.04529999999795109,0.16105799993965775,0.053966333041898906,0.010958250029943883,0.011552874930202961,0.022319833049550653,4.325003828853369e-05,0.011467417003586888,0.012370415963232517,0.0014545419253408909,0.04765545797999948,0.12417070800438523,0.00010216597001999617,0.3087385419057682,0.024780042003840208,0.3335185839096084,2.716702874749899e-05,0.00014937494415789843,0.14895075000822544,0.3553087499458343,0.668638875009492
2043,random_2040,random_cycle_chord,20260823,crossing_rich,5,200,6,11,16,4.611982025276416,True,True,,perf/incremental-yamada-frontier-order,1d8374f42cccbb16d78d44100a65ca603d7d1997,3.14.7,macOS-26.6.2-arm64-arm-64bit-Mach-O,arm,0.046105084009468555,0.17214029200840741,0.05664108297787607,0.013009291957132518,0.013804165995679796,0.02722299995366484,7.041706703603268e-05,0.014267582911998034,0.015189582947641611,0.0018409169279038906,0.05859149980824441,0.142100999946706,0.00013691699132323265,0.23687095800414681,0.033607417019084096,0.2704783750232309,3.3958000130951405e-05,0.00019166700076311827,0.1757084169657901,0.39395379298366606,0.6366637910250574
2044,random_2041,random_cycle_chord,20260823,baseline,0,200,4,11,14,4.062228725934767,True,True,,perf/incremental-yamada-frontier-order,1d8374f42cccbb16d78d44100a65ca603d7d1997,3.14.7,macOS-26.6.2-arm64-arm-64bit-Mach-O,arm,0.03748749999795109,0.16149729199241847,0.025167499901726842,0.008225084049627185,0.008123458945192397,0.01593283307738602,3.191595897078514e-05,0.008310665958561003,0.008622333058156073,0.0008369999704882503,0.03373474802356213,0.0752786248922348,8.195789996534586e-05,0.19366016692947596,0.013238165993243456,0.20689833292271942,1.9499915651977062e-05,0.0001028330298140645,0.08851679088547826,0.2875015828758478,0.48587512504309416
2045,random_2042,random_cycle_chord,20260823,crossing_rich,4,200,5,10,14,5.364917636004159,True,True,,perf/incremental-yamada-frontier-order,1d8374f42cccbb16d78d44100a65ca603d7d1997,3.14.7,macOS-26.6.2-arm64-arm-64bit-Mach-O,arm,0.044253540923818946,0.15886737499386072,0.053178499918431044,0.010577457956969738,0.011396125075407326,0.02288729092106223,6.512494292110205e-05,0.01220250001642853,0.013199207955040038,0.0014673329424113035,0.049821456777863204,0.1250188749982044,0.00010641699191182852,0.1939183750655502,0.026815916993655264,0.22073429205920547,2.733408473432064e-05,0.00015658303163945675,0.15183479199185967,0.35495570790953934,0.5536871670046821
2046,random_2043,random_cycle_chord,20260823,crossing_rich,5,200,5,8,12,4.229770894036797,True,True,,perf/incremental-yamada-frontier-order,1d8374f42cccbb16d78d44100a65ca603d7d1997,3.14.7,macOS-26.6.2-arm64-arm-64bit-Mach-O,arm,0.03276020800694823,0.1585926670813933,0.051310583017766476,0.012100666062906384,0.013412542059086263,0.02655800001230091,4.520895890891552e-05,0.01367712498176843,0.014251625048927963,0.0013857498997822404,0.05591770890168846,0.132779625011608,0.0002851670142263174,0.29544083401560783,0.030575499986298382,0.3260163340019062,3.0499999411404133e-05,0.00016670802142471075,0.1633551249979064,0.3547080000862479,0.6552411250304431
2047,random_2044,random_cycle_chord,20260823,crossing_rich,5,200,5,9,13,4.30624781040488,True,True,,perf/incremental-yamada-frontier-order,1d8374f42cccbb16d78d44100a65ca603d7d1997,3.14.7,macOS-26.6.2-arm64-arm-64bit-Mach-O,arm,0.03900387499015778,0.16304100002162158,0.04870733292773366,0.011704208911396563,0.013216583989560604,0.02595829195342958,4.0375045500695705e-05,0.013389666099101305,0.014088124968111515,0.00142354192212224,0.054899999988265336,0.12856587499845773,9.383400902152061e-05,0.18345979193691164,0.02762429101858288,0.21108408295549452,2.49580480158329e-05,0.00015366694424301386,0.1561901660170406,0.35823504102882,0.5463387919589877
2048,random_2045,random_cycle_chord,20260823,crossing_rich,3,200,4,8,11,4.194757169996137,True,True,,perf/incremental-yamada-frontier-order,1d8374f42cccbb16d78d44100a65ca603d7d1997,3.14.7,macOS-26.6.2-arm64-arm-64bit-Mach-O,arm,0.031679874984547496,0.15517466701567173,0.04292604106012732,0.009625082951970398,0.010602833004668355,0.02096658293157816,3.083306364715099e-05,0.010839082999154925,0.011276583070866764,0.0010227910242974758,0.044135873089544475,0.10731866699643433,7.008295506238937e-05,0.24854554096236825,0.01818637503311038,0.26673191599547863,2.10409052670002e-05,0.00011691695544868708,0.1255050420295447,0.31235958402976394,0.5651513339253142
2049,random_2046,random_cycle_chord,20260823,baseline,0,200,3,10,12,4.644458437606951,True,True,,perf/incremental-yamada-frontier-order,1d8374f42cccbb16d78d44100a65ca603d7d1997,3.14.7,macOS-26.6.2-arm64-arm-64bit-Mach-O,arm,0.0326065830886364,0.15075758297462016,0.02206966606900096,0.0064772500190883875,0.006498625036329031,0.012774790986441076,2.2582942619919777e-05,0.006643334054388106,0.0068424169439822435,0.0005917919334024191,0.026874916860833764,0.06194066605530679,6.287498399615288e-05,0.14890191704034805,0.009404249954968691,0.15830616699531674,1.5042023733258247e-05,7.229205220937729e-05,0.07134491601027548,0.25470908207353204,0.4078271669568494
2050,random_2047,random_cycle_chord,20260823,crossing_rich,5,200,6,12,17,4.003168504928423,True,True,,perf/incremental-yamada-frontier-order,1d8374f42cccbb16d78d44100a65ca603d7d1997,3.14.7,macOS-26.6.2-arm64-arm-64bit-Mach-O,arm,0.04334520804695785,0.15139970800373703,0.04198170802555978,0.011754584033042192,0.013631207984872162,0.026780790998600423,5.050003528594971e-05,0.013878000085242093,0.014599874964915216,0.001590791973285377,0.05689995805732906,0.12431350001133978,9.854196105152369e-05,0.23828229191713035,0.03271370893344283,0.2709960008505732,3.0208961106836796e-05,0.00017125008162111044,0.15702720894478261,0.3517721249954775,0.5952795000048354
2051,random_2048,random_cycle_chord,20260823,crossing_rich,2,200,4,8,11,6.603789241415806,True,True,,perf/incremental-yamada-frontier-order,1d8374f42cccbb16d78d44100a65ca603d7d1997,3.14.7,macOS-26.6.2-arm64-arm-64bit-Mach-O,arm,0.04083958291448653,0.18810679204761982,0.06937174999620765,0.009656624984927475,0.009575834032148123,0.01887925004120916,3.275007475167513e-05,0.009809124981984496,0.010367166018113494,0.0011263750493526459,0.04021466616541147,0.12884920800570399,8.462497498840094e-05,0.18050858296919614,0.029761416953988373,0.21026999992318451,4.045804962515831e-05,0.00015520898159593344,0.15861062495969236,0.3875569999217987,0.5735548329539597
2052,random_2049,random_cycle_chord,20260823,baseline,0,200,3,8,10,6.166334562966367,True,True,,perf/incremental-yamada-frontier-order,1d8374f42cccbb16d78d44100a65ca603d7d1997,3.14.7,macOS-26.6.2-arm64-arm-64bit-Mach-O,arm,0.05537954100873321,0.2324181250296533,0.04422104195691645,0.010378416976891458,0.01611712505109608,0.0279609999852255,9.458395652472973e-05,0.013786750030703843,0.011773457983508706,0.0010023750364780426,0.05461816699244082,0.12547720794100314,0.00012016703840345144,0.21036833303514868,0.01396683300845325,0.22433516604360193,2.3916945792734623e-05,0.00010495900642126799,0.1394440409494564,0.4272417069878429,0.6450777089921758
2053,random_2050,random_cycle_chord,20260823,crossing_rich,3,200,5,10,14,5.077541046976306,True,True,,perf/incremental-yamada-frontier-order,1d8374f42cccbb16d78d44100a65ca603d7d1997,3.14.7,macOS-26.6.2-arm64-arm-64bit-Mach-O,arm,0.05102437501773238,0.19862283300608397,0.059452875051647425,0.013696375070139766,0.013387416023761034,0.025499084033071995,6.337498780339956e-05,0.013285167049616575,0.01401091692969203,0.0016705840826034546,0.054529127082787454,0.14111070905346423,0.0001433329889550805,0.36967941594775766,0.038235625019297004,0.40791504096705467,4.241708666086197e-05,0.0002080410486087203,0.17934633407276124,0.4289935420965776,0.8043090830324218
2054,random_2051,random_cycle_chord,20260823,crossing_rich,4,200,5,11,15,4.619364687689703,True,True,,perf/incremental-yamada-frontier-order,1d8374f42cccbb16d78d44100a65ca603d7d1997,3.14.7,macOS-26.6.2-arm64-arm-64bit-Mach-O,arm,0.06443062494508922,0.19610637496225536,0.06543733295984566,0.014983791974373162,0.015986999962478876,0.029993833042681217,8.254195563495159e-05,0.014806417049840093,0.01600087492261082,0.001644041039980948,0.06252770801074803,0.15901379100978374,0.00013824994675815105,0.28101883304771036,0.03765358391683549,0.31867241696454585,4.175002686679363e-05,0.00022958300542086363,0.19666737492661923,0.4572043748339638,0.7446834590518847
2055,random_2052,random_cycle_chord,20260823,crossing_rich,5,200,5,9,13,4.4119707854203325,True,True,,perf/incremental-yamada-frontier-order,1d8374f42cccbb16d78d44100a65ca603d7d1997,3.14.7,macOS-26.6.2-arm64-arm-64bit-Mach-O,arm,0.04766187502536923,0.27713508310262114,0.06700416596140712,0.01583170797675848,0.016510832938365638,0.03487862495239824,0.000165332923643291,0.01998566696420312,0.020526415901258588,0.0023326249793171883,0.07788866572082043,0.1773019169922918,0.00017479201778769493,0.28653058293275535,0.04066187504213303,0.3271924579748884,5.804200191050768e-05,0.0002187080681324005,0.21796379203442484,0.5427607501624152,0.8361373749794438
2056,random_2053,random_cycle_chord,20260823,baseline,0,200,3,9,11,5.362655659414169,True,True,,perf/incremental-yamada-frontier-order,1d8374f42cccbb16d78d44100a65ca603d7d1997,3.14.7,macOS-26.6.2-arm64-arm-64bit-Mach-O,arm,0.0429654159815982,0.2023953750031069,0.041678791982121766,0.01054745796136558,0.009194834041409194,0.018240999896079302,7.620803080499172e-05,0.008982583996839821,0.009629125008359551,0.000730666914023459,0.037659583846107125,0.09918120899237692,0.00011320796329528093,0.23488000000361353,0.011001292034052312,0.24588129203766584,2.116698306053877e-05,8.66670161485672e-05,0.11018250102642924,0.3555432920111343,0.5966024169465527
2057,random_2054,random_cycle_chord,20260823,baseline,0,200,3,10,12,4.6983622188840855,True,True,,perf/incremental-yamada-frontier-order,1d8374f42cccbb16d78d44100a65ca603d7d1997,3.14.7,macOS-26.6.2-arm64-arm-64bit-Mach-O,arm,0.03931545792147517,0.17253254202660173,0.024729833006858826,0.008122000028379261,0.007684374926611781,0.015128833008930087,2.7416972443461418e-05,0.007884792052209377,0.00806387490592897,0.0006165420636534691,0.031721459003165364,0.07228058390319347,7.520802319049835e-05,0.17416266596410424,0.009797749924473464,0.1839604158885777,1.8208054825663567e-05,8.612498641014099e-05,0.08207833382766694,0.29392633377574384,0.47290904098190367
2058,random_2055,random_cycle_chord,20260823,baseline,0,200,4,15,18,4.046034712556962,True,True,,perf/incremental-yamada-frontier-order,1d8374f42cccbb16d78d44100a65ca603d7d1997,3.14.7,macOS-26.6.2-arm64-arm-64bit-Mach-O,arm,0.059252125094644725,0.16510870808269829,0.02348350000102073,0.008742166915908456,0.009217040962539613,0.01808979199267924,3.187509719282389e-05,0.009355250047519803,0.009618749958463013,0.0007884589722380042,0.03788412606809288,0.07935670798178762,9.645905811339617e-05,0.2477518330560997,0.01197841705288738,0.2597302501089871,2.058397512882948e-05,9.862496517598629e-05,0.091335125034675,0.315695958212018,0.568228582968004
2059,random_2056,random_cycle_chord,20260823,crossing_rich,5,200,5,10,14,4.015845651077986,True,True,,perf/incremental-yamada-frontier-order,1d8374f42cccbb16d78d44100a65ca603d7d1997,3.14.7,macOS-26.6.2-arm64-arm-64bit-Mach-O,arm,0.03745754202827811,0.15469979192130268,0.03554816695395857,0.010716582997702062,0.01217012491542846,0.023977208067663014,3.7207966670393944e-05,0.012430042028427124,0.013122792006470263,0.0013954159803688526,0.05096266604959965,0.10943154094275087,9.179196786135435e-05,0.18932725000195205,0.028410417027771473,0.21773766702972353,2.8416048735380173e-05,0.00016187492292374372,0.13784195797052234,0.32999929192010313,0.5239224589895457
2060,random_2057,random_cycle_chord,20260823,crossing_rich,5,200,5,8,12,4.120485237270626,True,True,,perf/incremental-yamada-frontier-order,1d8374f42cccbb16d78d44100a65ca603d7d1997,3.14.7,macOS-26.6.2-arm64-arm-64bit-Mach-O,arm,0.030768957920372486,0.15700550004839897,0.04527274996507913,0.011009583016857505,0.012612291960977018,0.024796583922579885,3.958307206630707e-05,0.012842166936025023,0.013574750046245754,0.001375374966301024,0.05262845894321799,0.1215602089650929,0.0001784160267561674,0.16367999999783933,0.02866524993441999,0.19234524993225932,2.6499968953430653e-05,0.00015362503472715616,0.1502254588995129,0.33799991686828434,0.5065528330160305
2061,random_2058,random_cycle_chord,20260823,baseline,0,200,3,8,10,6.220816486746962,True,True,,perf/incremental-yamada-frontier-order,1d8374f42cccbb16d78d44100a65ca603d7d1997,3.14.7,macOS-26.6.2-arm64-arm-64bit-Mach-O,arm,0.03354037494864315,0.14856549992691725,0.0313765830360353,0.006671915994957089,0.0066865000408142805,0.013266457943245769,2.120796125382185e-05,0.006823624949902296,0.007035708054900169,0.0005693749990314245,0.02771637390833348,0.07246995798777789,5.7292054407298565e-05,0.12908783298917115,0.009213582961820066,0.1383014159509912,1.3750046491622925e-05,7.158296648412943e-05,0.08168354094959795,0.26378941582515836,0.39702233392745256
2062,random_2059,random_cycle_chord,20260823,baseline,0,200,3,13,15,4.5632990559755715,True,True,,perf/incremental-yamada-frontier-order,1d8374f42cccbb16d78d44100a65ca603d7d1997,3.14.7,macOS-26.6.2-arm64-arm-64bit-Mach-O,arm,0.03823304106481373,0.14829395804554224,0.022476083016954362,0.0069625829346477985,0.007063332945108414,0.01382666698191315,2.274999860674143e-05,0.007162041030824184,0.00736666691955179,0.0005505000008270144,0.02892862493172288,0.06545016600284725,7.341697346419096e-05,0.19266150007024407,0.008609416079707444,0.20127091614995152,1.3750046491622925e-05,6.708304863423109e-05,0.0740595820825547,0.26058658119291067,0.4573782499646768
2063,random_2060,random_cycle_chord,20260823,crossing_rich,2,200,4,8,11,6.60377748915511,True,True,,perf/incremental-yamada-frontier-order,1d8374f42cccbb16d78d44100a65ca603d7d1997,3.14.7,macOS-26.6.2-arm64-arm-64bit-Mach-O,arm,0.0390640830155462,0.148275125073269,0.058405457995831966,0.008241374976933002,0.008644459070637822,0.0169969170819968,2.9249931685626507e-05,0.008847041055560112,0.009256666991859674,0.0009561670012772083,0.03608604206237942,0.11140387505292892,6.554205901920795e-05,0.14445324998814613,0.017081915982998908,0.16153516597114503,1.9125058315694332e-05,0.0001092919846996665,0.12848579103592783,0.31582499912474304,0.4645505000371486
2064,random_2061,random_cycle_chord,20260823,crossing_rich,4,200,5,8,12,6.587384199945619,True,True,,perf/incremental-yamada-frontier-order,1d8374f42cccbb16d78d44100a65ca603d7d1997,3.14.7,macOS-26.6.2-arm64-arm-64bit-Mach-O,arm,0.042772124987095594,0.15553558303508908,0.06377220910508186,0.00980245799291879,0.010770582943223417,0.023139041964896023,7.429206743836403e-05,0.011538499966263771,0.012253040913492441,0.0015224170638248324,0.04852729197591543,0.13290866697207093,0.0001782919280230999,0.17070112493820488,0.02884991595055908,0.19955104088876396,2.8125010430812836e-05,0.00017445895355194807,0.16175858292263,0.3600662909448147,0.535555333015509
2065,random_2062,random_cycle_chord,20260823,crossing_rich,4,200,5,10,14,5.376390825276073,True,True,,perf/incremental-yamada-frontier-order,1d8374f42cccbb16d78d44100a65ca603d7d1997,3.14.7,macOS-26.6.2-arm64-arm-64bit-Mach-O,arm,0.043619791977107525,0.1543482500128448,0.05923812498804182,0.010613582911901176,0.012018832960166037,0.024926207959651947,8.254102431237698e-05,0.013368249987252057,0.01363316597416997,0.0015255410689860582,0.05353570601437241,0.1354726670542732,0.00011975003872066736,0.31365150003694,0.042483916971832514,0.3561354170087725,4.041707143187523e-05,0.00017200002912431955,0.1779565840261057,0.375924626016058,0.6936816670931876
2066,random_2063,random_cycle_chord,20260823,crossing_rich,5,200,5,9,13,4.170115528119411,True,True,,perf/incremental-yamada-frontier-order,1d8374f42cccbb16d78d44100a65ca603d7d1997,3.14.7,macOS-26.6.2-arm64-arm-64bit-Mach-O,arm,0.03677916701417416,0.166747041977942,0.04792333405930549,0.012331958045251667,0.01342683401890099,0.026497624930925667,5.1167095080018044e-05,0.013686084072105587,0.014454249991104007,0.0015028329798951745,0.05619195906911045,0.12991158303339034,8.691695984452963e-05,0.1946747499750927,0.03137974999845028,0.226054499973543,2.8666923753917217e-05,0.0001710830256342888,0.16129133303184062,0.3648175420239568,0.5645047919824719
2067,random_2064,random_cycle_chord,20260823,crossing_rich,2,200,4,9,12,5.86920248035125,True,True,,perf/incremental-yamada-frontier-order,1d8374f42cccbb16d78d44100a65ca603d7d1997,3.14.7,macOS-26.6.2-arm64-arm-64bit-Mach-O,arm,0.041643583099357784,0.1644478749949485,0.054635792039334774,0.009598291013389826,0.009926541009917855,0.020033415989018977,5.679100286215544e-05,0.010599790955893695,0.011237750062718987,0.0010769590735435486,0.043004707084037364,0.11720608302857727,0.00010100007057189941,0.1729605000000447,0.018220458063296974,0.19118095806334168,2.1249987185001373e-05,0.00012541702017188072,0.13542654109187424,0.34151799918618053,0.5193077500443906
2068,random_2065,random_cycle_chord,20260823,baseline,0,200,3,11,13,4.082819966052799,True,True,,perf/incremental-yamada-frontier-order,1d8374f42cccbb16d78d44100a65ca603d7d1997,3.14.7,macOS-26.6.2-arm64-arm-64bit-Mach-O,arm,0.03525808290578425,0.1602819999679923,0.02388649992644787,0.007313166977837682,0.007122209062799811,0.014143957989290357,2.2792024537920952e-05,0.007319791009649634,0.007567041902802885,0.0006199580384418368,0.029673540964722633,0.06801591604016721,6.979203317314386e-05,0.18157383298967034,0.009686458972282708,0.19126029196195304,1.5457975678145885e-05,8.15829262137413e-05,0.07770237501244992,0.2732424578862265,0.45938404102344066
2069,random_2066,random_cycle_chord,20260823,baseline,0,200,4,11,14,4.083661497042627,True,True,,perf/incremental-yamada-frontier-order,1d8374f42cccbb16d78d44100a65ca603d7d1997,3.14.7,macOS-26.6.2-arm64-arm-64bit-Mach-O,arm,0.03738683310803026,0.15912658406887203,0.02565629198215902,0.008229166967794299,0.008183832978829741,0.016081708017736673,3.074994310736656e-05,0.008379000006243587,0.008684209082275629,0.0007779590087011456,0.0339536260580644,0.07605145906563848,7.862492930144072e-05,0.19362437503878027,0.01196120900567621,0.20558558404445648,1.9708997569978237e-05,9.15419077500701e-05,0.08801266807131469,0.284526085248217,0.4827689580852166
2070,random_2067,random_cycle_chord,20260823,crossing_rich,5,200,5,8,12,4.1163048623987475,True,True,,perf/incremental-yamada-frontier-order,1d8374f42cccbb16d78d44100a65ca603d7d1997,3.14.7,macOS-26.6.2-arm64-arm-64bit-Mach-O,arm,0.032530208001844585,0.15692637499887496,0.08971612504683435,0.014314833097159863,0.01721670792903751,0.030305583029985428,8.941709529608488e-05,0.015560416039079428,0.01597008400131017,0.0016028749523684382,0.06352837511803955,0.1848522910149768,0.00024812505580484867,0.17649308405816555,0.029176749987527728,0.20566983404569328,2.7416972443461418e-05,0.00017483404371887445,0.21402904100250453,0.4034856240032241,0.5852514170110226
2071,random_2068,random_cycle_chord,20260823,crossing_rich,5,200,5,8,12,4.197926804548057,True,True,,perf/incremental-yamada-frontier-order,1d8374f42cccbb16d78d44100a65ca603d7d1997,3.14.7,macOS-26.6.2-arm64-arm-64bit-Mach-O,arm,0.03743158292490989,0.16915454191621393,0.04072900000028312,0.013130457955412567,0.013832250027917325,0.027214958099648356,4.7625042498111725e-05,0.014169625006616116,0.01450870803091675,0.0014452500035986304,0.057386166183277965,0.12512229103595018,0.00028683303389698267,0.29026487504597753,0.0397417499916628,0.33000662503764033,3.241701051592827e-05,0.00018858397379517555,0.16486404102761298,0.3714501658687368,0.6661419998854399
2072,random_2069,random_cycle_chord,20260823,crossing_rich,5,200,5,8,12,4.241984232436217,True,True,,perf/incremental-yamada-frontier-order,1d8374f42cccbb16d78d44100a65ca603d7d1997,3.14.7,macOS-26.6.2-arm64-arm-64bit-Mach-O,arm,0.03389820805750787,0.16032416699454188,0.0420029170345515,0.011476083076559007,0.013078791089355946,0.025922333006747067,3.887503407895565e-05,0.013404291006736457,0.01406795799266547,0.0013901250204071403,0.05482358206063509,0.12141645792871714,0.00018862506840378046,0.17037895799148828,0.02970133302733302,0.2000802910188213,2.433289773762226e-05,0.0001522499369457364,0.15111779095605016,0.3453401660080999,0.5208416250534356
2073,random_2070,random_cycle_chord,20260823,baseline,0,200,3,8,10,6.224108272587694,True,True,,perf/incremental-yamada-frontier-order,1d8374f42cccbb16d78d44100a65ca603d7d1997,3.14.7,macOS-26.6.2-arm64-arm-64bit-Mach-O,arm,0.03460024995729327,0.15311029204167426,0.03165733302012086,0.006808958016335964,0.00681941700167954,0.013359999982640147,2.237502485513687e-05,0.00705633289180696,0.007283666054718196,0.0005719579057767987,0.02829433185979724,0.07359945902135223,6.954104173928499e-05,0.13405879097990692,0.00927962502464652,0.14333841600455344,1.4082994312047958e-05,7.30419997125864e-05,0.08287908404599875,0.2705896260449663,0.408968250034377
2074,random_2071,random_cycle_chord,20260823,baseline,0,200,3,10,12,4.628900957916534,True,True,,perf/incremental-yamada-frontier-order,1d8374f42cccbb16d78d44100a65ca603d7d1997,3.14.7,macOS-26.6.2-arm64-arm-64bit-Mach-O,arm,0.03258220897987485,0.15148820797912776,0.021507374942302704,0.006785291945561767,0.007119624991901219,0.013931958004832268,2.191704697906971e-05,0.0072174170054495335,0.00740875001065433,0.0005667079240083694,0.02914674999192357,0.06457845901604742,6.558396853506565e-05,0.15602250001393259,0.009082292090170085,0.16510479210410267,1.4332938008010387e-05,7.262500002980232e-05,0.0736607511062175,0.2577311680652201,0.41798429109621793
2075,random_2072,random_cycle_chord,20260823,baseline,0,200,3,8,10,6.152114606923811,True,True,,perf/incremental-yamada-frontier-order,1d8374f42cccbb16d78d44100a65ca603d7d1997,3.14.7,macOS-26.6.2-arm64-arm-64bit-Mach-O,arm,0.03358350007329136,0.15111241699196398,0.03340395900886506,0.006709708017297089,0.006830541999079287,0.013395166955888271,2.1875021047890186e-05,0.00692650000564754,0.0071462501073256135,0.0006013748934492469,0.028091166983358562,0.07505433296319097,5.8416975662112236e-05,0.13239279203116894,0.00999479100573808,0.14238758303690702,1.4165998436510563e-05,7.608393207192421e-05,0.08504912396892905,0.2697450410341844,0.4063387089408934
2076,random_2073,random_cycle_chord,20260823,crossing_rich,4,200,5,8,12,6.587753051679151,True,True,,perf/incremental-yamada-frontier-order,1d8374f42cccbb16d78d44100a65ca603d7d1997,3.14.7,macOS-26.6.2-arm64-arm-64bit-Mach-O,arm,0.04484054201748222,0.1526815420947969,0.0641387919895351,0.009815583005547523,0.010785499936901033,0.02128358301706612,3.604101948440075e-05,0.011084292083978653,0.012160709011368454,0.0014916659565642476,0.046056291088461876,0.13082891597878188,0.00015716708730906248,0.16613545804284513,0.027734333998523653,0.19386979204136878,2.4124979972839355e-05,0.0001628330210223794,0.15856324997730553,0.35608533408958465,0.5269042910076678
2077,random_2074,random_cycle_chord,20260823,baseline,0,200,3,9,11,5.3493625696852485,True,True,,perf/incremental-yamada-frontier-order,1d8374f42cccbb16d78d44100a65ca603d7d1997,3.14.7,macOS-26.6.2-arm64-arm-64bit-Mach-O,arm,0.03332262497860938,0.15356066706590354,0.02662879100535065,0.007006667088717222,0.006881291978061199,0.013848458067514002,2.5208923034369946e-05,0.007306750048883259,0.007488790899515152,0.0005925409495830536,0.029261748888529837,0.06979891704395413,6.812496576458216e-05,0.1528002080740407,0.00929158297367394,0.16209179104771465,1.537497155368328e-05,7.645797450095415e-05,0.07909050001762807,0.265973792062141,0.4231138339964673
2078,random_2075,random_cycle_chord,20260823,baseline,0,200,3,8,10,6.127550995075376,True,True,,perf/incremental-yamada-frontier-order,1d8374f42cccbb16d78d44100a65ca603d7d1997,3.14.7,macOS-26.6.2-arm64-arm-64bit-Mach-O,arm,0.03531533305067569,0.15970199997536838,0.0361673750448972,0.0071337909903377295,0.007135957945138216,0.014059292036108673,2.3499946109950542e-05,0.007315042079426348,0.007513999938964844,0.0005974170053377748,0.02950925100594759,0.07996712508611381,6.333307828754187e-05,0.13940462504979223,0.009843874955549836,0.14924850000534207,1.5332945622503757e-05,7.862504571676254e-05,0.08981100004166365,0.2848283330677077,0.42877237498760223
2079,random_2076,random_cycle_chord,20260823,crossing_rich,3,200,4,8,11,4.153513580653377,True,True,,perf/incremental-yamada-frontier-order,1d8374f42cccbb16d78d44100a65ca603d7d1997,3.14.7,macOS-26.6.2-arm64-arm-64bit-Mach-O,arm,0.030073874979279935,0.1658412090037018,0.04163204098585993,0.011016416014172137,0.011067124898545444,0.022337542031891644,5.0332979299128056e-05,0.011797333951108158,0.01190866599790752,0.001096834079362452,0.0471907090395689,0.11093608301598579,9.091699030250311e-05,0.2554393750615418,0.019277249928563833,0.27471662499010563,2.2499938495457172e-05,0.00012741703540086746,0.13021333294454962,0.32612841692753136,0.5864889589138329
2080,random_2077,random_cycle_chord,20260823,crossing_rich,2,200,4,9,12,5.631140320857813,True,True,,perf/incremental-yamada-frontier-order,1d8374f42cccbb16d78d44100a65ca603d7d1997,3.14.7,macOS-26.6.2-arm64-arm-64bit-Mach-O,arm,0.0371927919331938,0.15811349998693913,0.04835062497295439,0.008503457996994257,0.008619833970442414,0.016881915973499417,2.929195761680603e-05,0.008764792000874877,0.009150834055617452,0.0008978330297395587,0.03572466701734811,0.10122595797292888,8.708308450877666e-05,0.1622290420345962,0.01665229198988527,0.17888133402448148,2.129189670085907e-05,0.00010954192839562893,0.11787824996281415,0.3131845418829471,0.47980554192326963
2081,random_2078,random_cycle_chord,20260823,baseline,0,200,3,9,11,5.356317482812542,True,True,,perf/incremental-yamada-frontier-order,1d8374f42cccbb16d78d44100a65ca603d7d1997,3.14.7,macOS-26.6.2-arm64-arm-64bit-Mach-O,arm,0.03295679099392146,0.15040158398915082,0.02706541703082621,0.006614791927859187,0.006543374969623983,0.012870916980318725,2.3709028027951717e-05,0.006681708968244493,0.006843500072136521,0.0005382919916883111,0.026958127040416002,0.06720112496986985,5.929195322096348e-05,0.14389716694131494,0.008388583082705736,0.15228575002402067,1.3625016435980797e-05,6.7666987888515e-05,0.07558970805257559,0.25894808303564787,0.4070813750149682
2082,random_2079,random_cycle_chord,20260823,baseline,0,200,4,14,17,4.290528404362265,True,True,,perf/incremental-yamada-frontier-order,1d8374f42cccbb16d78d44100a65ca603d7d1997,3.14.7,macOS-26.6.2-arm64-arm-64bit-Mach-O,arm,0.04331374994944781,0.15036041592247784,0.023768250015564263,0.007891917019151151,0.00832433404866606,0.016445583081804216,2.879102248698473e-05,0.008529459009878337,0.008758250041864812,0.0007346250349655747,0.034496708190999925,0.07450833404436707,8.579110726714134e-05,0.22755025001242757,0.011671749991364777,0.23922200000379235,1.837499439716339e-05,8.404103573411703e-05,0.08618008403573185,0.2798542499076575,0.5117688329191878
2083,random_2080,random_cycle_chord,20260823,crossing_rich,6,200,6,11,16,5.223076067470085,True,True,,perf/incremental-yamada-frontier-order,1d8374f42cccbb16d78d44100a65ca603d7d1997,3.14.7,macOS-26.6.2-arm64-arm-64bit-Mach-O,arm,0.04808237508405,0.15286458295304328,0.05869512492790818,0.012085165944881737,0.013912374968640506,0.027475625043734908,5.141703877598047e-05,0.014277875074185431,0.015065292012877762,0.0017224169569090009,0.05859262612648308,0.1433320000069216,9.466696064919233e-05,0.22884745907504112,0.03652020904701203,0.26536766812205315,3.10409814119339e-05,0.00018991704564541578,0.17985220905393362,0.3807991670910269,0.6145931669743732
2084,random_2081,random_cycle_chord,20260823,crossing_rich,2,200,4,8,11,6.58077491119944,True,True,,perf/incremental-yamada-frontier-order,1d8374f42cccbb16d78d44100a65ca603d7d1997,3.14.7,macOS-26.6.2-arm64-arm-64bit-Mach-O,arm,0.04178099997807294,0.15724287496414036,0.0589576669735834,0.008845499949529767,0.009139041998423636,0.017915459000505507,3.108300734311342e-05,0.009321749908849597,0.009781708009541035,0.001018415903672576,0.03806841582991183,0.1150395410368219,7.104198448359966e-05,0.15462866704910994,0.018306458019651473,0.1729351250687614,2.0834035240113735e-05,0.00011987506877630949,0.13334599905647337,0.33236987399868667,0.491589333047159
2085,random_2082,random_cycle_chord,20260823,crossing_rich,5,200,6,11,16,4.636411506297392,True,True,,perf/incremental-yamada-frontier-order,1d8374f42cccbb16d78d44100a65ca603d7d1997,3.14.7,macOS-26.6.2-arm64-arm-64bit-Mach-O,arm,0.045248999958857894,0.15936766704544425,0.048992875032126904,0.012240333016961813,0.014053624938242137,0.027659208979457617,4.7459034249186516e-05,0.014364333939738572,0.0152462919941172,0.0016858750022947788,0.059003168949857354,0.13433366699609905,9.829201735556126e-05,0.2296393329743296,0.032018208992667496,0.2616575419669971,3.0791969038546085e-05,0.0001788330264389515,0.16635187598876655,0.3709685429930687,0.6057835830142722
2086,random_2083,random_cycle_chord,20260823,crossing_rich,5,200,6,12,17,4.381420843131327,True,True,,perf/incremental-yamada-frontier-order,1d8374f42cccbb16d78d44100a65ca603d7d1997,3.14.7,macOS-26.6.2-arm64-arm-64bit-Mach-O,arm,0.04727170802652836,0.16009004204533994,0.046952541917562485,0.012684582965448499,0.013956833980046213,0.027546457946300507,6.837502587586641e-05,0.01414137496612966,0.014960958040319383,0.001703666988760233,0.05842083296738565,0.1320674589369446,0.0001015830785036087,0.2434001249494031,0.03452529106289148,0.2779254160122946,3.0957977287471294e-05,0.00018395890947431326,0.1665927499998361,0.3739545000717044,0.622571500018239
2087,random_2084,random_cycle_chord,20260823,baseline,0,200,3,10,12,4.633199142601571,True,True,,perf/incremental-yamada-frontier-order,1d8374f42cccbb16d78d44100a65ca603d7d1997,3.14.7,macOS-26.6.2-arm64-arm-64bit-Mach-O,arm,0.03360120905563235,0.15915729105472565,0.023900582920759916,0.006996207986958325,0.006782541982829571,0.013330457964912057,2.258399035781622e-05,0.006930084084160626,0.007122499984689057,0.0005847079446539283,0.027990333968773484,0.06569033302366734,6.562494672834873e-05,0.15440150001086295,0.009485332993790507,0.16388683300465345,1.4875084161758423e-05,7.308297790586948e-05,0.07517566601745784,0.26793416612781584,0.4268097080057487
2088,random_2085,random_cycle_chord,20260823,crossing_rich,5,200,5,8,12,4.1755355479264935,True,True,,perf/incremental-yamada-frontier-order,1d8374f42cccbb16d78d44100a65ca603d7d1997,3.14.7,macOS-26.6.2-arm64-arm-64bit-Mach-O,arm,0.03244462504517287,0.1552546250168234,0.041560083045624197,0.011135875014588237,0.01309520797803998,0.025761624914593995,3.891601227223873e-05,0.01335783302783966,0.014000250026583672,0.0013781660236418247,0.05453679000493139,0.12036220892332494,0.00017675000708550215,0.16881287505384535,0.02915141696576029,0.19796429201960564,2.4458044208586216e-05,0.00014812499284744263,0.14951362588908523,0.3372128759510815,0.5108156250789762
2089,random_2086,random_cycle_chord,20260823,crossing_rich,3,200,5,10,14,5.618755098958974,True,True,,perf/incremental-yamada-frontier-order,1d8374f42cccbb16d78d44100a65ca603d7d1997,3.14.7,macOS-26.6.2-arm64-arm-64bit-Mach-O,arm,0.04457704199012369,0.15277545899152756,0.05125920905265957,0.009525832952931523,0.010190750006586313,0.020098292035982013,3.8207974284887314e-05,0.010425250045955181,0.011010083020664752,0.001202041981741786,0.04277387505862862,0.11378387501463294,8.275010623037815e-05,0.17704329208936542,0.022400874993763864,0.1994441670831293,2.2916938178241253e-05,0.00012520793825387955,0.1361847500083968,0.33353725099004805,0.5151794580742717
2090,random_2087,random_cycle_chord,20260823,crossing_rich,6,200,6,11,16,5.2231268022373865,True,True,,perf/incremental-yamada-frontier-order,1d8374f42cccbb16d78d44100a65ca603d7d1997,3.14.7,macOS-26.6.2-arm64-arm-64bit-Mach-O,arm,0.04762083396781236,0.15233445807825774,0.057115458068437874,0.012015916989184916,0.013959917007014155,0.027446749969385564,5.625002086162567e-05,0.014246667036786675,0.014924207935109735,0.0016670830082148314,0.05834095797035843,0.14147700008470565,9.429198689758778e-05,0.2577660829992965,0.04367145802825689,0.3014375410275534,3.9708917029201984e-05,0.00021550001110881567,0.18514845811296254,0.38510375015903264,0.6479912500362843
2091,random_2088,random_cycle_chord,20260823,baseline,0,200,4,11,14,4.100046535402273,True,True,,perf/incremental-yamada-frontier-order,1d8374f42cccbb16d78d44100a65ca603d7d1997,3.14.7,macOS-26.6.2-arm64-arm-64bit-Mach-O,arm,0.043215707992203534,0.22237454203423113,0.029132666997611523,0.024647333077155054,0.013883334002457559,0.024298541946336627,6.874999962747097e-05,0.012437290977686644,0.01236979104578495,0.0009437080007046461,0.05011808197014034,0.11785704200156033,0.00011833303142338991,0.24985758296679705,0.013953458983451128,0.2638110419502482,2.6708003133535385e-05,0.00010766705963760614,0.13181050098501146,0.3974007510114461,0.6542009999975562
2092,random_2089,random_cycle_chord,20260823,baseline,0,200,3,8,10,6.152061628554905,True,True,,perf/incremental-yamada-frontier-order,1d8374f42cccbb16d78d44100a65ca603d7d1997,3.14.7,macOS-26.6.2-arm64-arm-64bit-Mach-O,arm,0.04226416698656976,0.20997808303218335,0.04504283401183784,0.009994499967433512,0.010539667098782957,0.019226999953389168,7.066596299409866e-05,0.010836291941814125,0.011176457977853715,0.0009036250412464142,0.04221404087729752,0.10784654202871025,0.00010854203719645739,0.19848354207351804,0.013627332984469831,0.21211087505798787,2.208305522799492e-05,0.00011112494394183159,0.12147387501318008,0.3737161250319332,0.5781993330456316
2093,random_2090,random_cycle_chord,20260823,crossing_rich,5,200,5,10,14,4.036470110337019,True,True,,perf/incremental-yamada-frontier-order,1d8374f42cccbb16d78d44100a65ca603d7d1997,3.14.7,macOS-26.6.2-arm64-arm-64bit-Mach-O,arm,0.05175058403983712,0.2660205839201808,0.059154540998861194,0.0164117090171203,0.01759862492326647,0.035831708926707506,8.050003089010715e-05,0.018295416957698762,0.01933570799883455,0.0020912920590490103,0.07563462597317994,0.16887249995488673,0.000134333036839962,0.2776754170190543,0.039314334047958255,0.31698975106701255,3.808306064456701e-05,0.0002245830837637186,0.208186834002845,0.5259580019628629,0.8104097920004278
2094,random_2091,random_cycle_chord,20260823,crossing_rich,2,200,4,8,11,6.583751344456349,True,True,,perf/incremental-yamada-frontier-order,1d8374f42cccbb16d78d44100a65ca603d7d1997,3.14.7,macOS-26.6.2-arm64-arm-64bit-Mach-O,arm,0.05969433404970914,0.19677004194818437,0.11104445799719542,0.0135524159995839,0.014685207977890968,0.026276374934241176,8.737493772059679e-05,0.01410345803014934,0.014078999985940754,0.0015532500110566616,0.05609945789910853,0.1954583340557292,0.00014241703320294619,0.2366939999628812,0.02697316592093557,0.2636671658838168,3.62499849870801e-05,0.00026591599453240633,0.22243149997666478,0.4788958759745583,0.7219782910542563
2095,random_2092,random_cycle_chord,20260823,crossing_rich,2,200,4,9,12,6.074341459484417,True,True,,perf/incremental-yamada-frontier-order,1d8374f42cccbb16d78d44100a65ca603d7d1997,3.14.7,macOS-26.6.2-arm64-arm-64bit-Mach-O,arm,0.05566704098600894,0.2029319159919396,0.0811778330244124,0.013777166022919118,0.014310124912299216,0.028680167044512928,8.970801718533039e-05,0.014757291995920241,0.013780124951153994,0.0016774589894339442,0.05898475099820644,0.16832508298102766,0.00014525000005960464,0.2216532090678811,0.022630874998867512,0.24428408406674862,3.087497316300869e-05,0.00016091694124042988,0.19095595797989517,0.4495549149578437,0.6770408329321072
2096,random_2093,random_cycle_chord,20260823,crossing_rich,4,200,5,8,12,6.588831474625137,True,True,,perf/incremental-yamada-frontier-order,1d8374f42cccbb16d78d44100a65ca603d7d1997,3.14.7,macOS-26.6.2-arm64-arm-64bit-Mach-O,arm,0.060311042005196214,0.1821331250248477,0.08032208308577538,0.01415879197884351,0.013832291006110609,0.02579116600099951,8.533289656043053e-05,0.014619291992858052,0.014748499961569905,0.0017423329409211874,0.056986623792909086,0.16539158404339105,0.000225124997086823,0.2362612090073526,0.031682749977335334,0.2679439589846879,2.9999995604157448e-05,0.00018608407117426395,0.19707433402072638,0.4395185010507703,0.6812491250457242
2097,random_2094,random_cycle_chord,20260823,baseline,0,200,3,11,13,4.079105866286698,True,True,,perf/incremental-yamada-frontier-order,1d8374f42cccbb16d78d44100a65ca603d7d1997,3.14.7,macOS-26.6.2-arm64-arm-64bit-Mach-O,arm,0.03781808400526643,0.16810637502931058,0.023151917033828795,0.008076416910625994,0.007159249973483384,0.014699083054438233,5.433405749499798e-05,0.007738708984106779,0.007863832986913621,0.0006831670179963112,0.031039126100949943,0.06944916595239192,0.0001302079763263464,0.19600145798176527,0.010690583963878453,0.20669204194564372,1.9166036508977413e-05,9.062502067536116e-05,0.08013974991627038,0.2860642089508474,0.4867784170201048
2098,random_2095,random_cycle_chord,20260823,baseline,0,200,3,10,12,4.694632788006461,True,True,,perf/incremental-yamada-frontier-order,1d8374f42cccbb16d78d44100a65ca603d7d1997,3.14.7,macOS-26.6.2-arm64-arm-64bit-Mach-O,arm,0.0336440420942381,0.1572304170113057,0.0219234999967739,0.0068370000226423144,0.006799167022109032,0.013384749996475875,2.1832995116710663e-05,0.006964874919503927,0.007153125014156103,0.0005769579438492656,0.028101540869101882,0.06368124997243285,7.387506775557995e-05,0.15004070801660419,0.009160666959360242,0.15920137497596443,1.4875084161758423e-05,7.241696584969759e-05,0.0728419169317931,0.2637163760373369,0.41811354202218354
2099,random_2096,random_cycle_chord,20260823,baseline,0,200,3,15,17,4.048412572301426,True,True,,perf/incremental-yamada-frontier-order,1d8374f42cccbb16d78d44100a65ca603d7d1997,3.14.7,macOS-26.6.2-arm64-arm-64bit-Mach-O,arm,0.042553666047751904,0.14917374996002764,0.017082708072848618,0.006630792049691081,0.006742666941136122,0.01330141699872911,2.1792016923427582e-05,0.006900249980390072,0.007059625000692904,0.000541458954103291,0.027824542950838804,0.058299625059589744,7.599999662488699e-05,0.21898083307314664,0.0086592499865219,0.22764008305966854,1.3792072422802448e-05,6.950006354600191e-05,0.06695887504611164,0.2586862910538912,0.481814083061181
2100,random_2097,random_cycle_chord,20260823,crossing_rich,2,200,4,8,11,6.401876174182955,True,True,,perf/incremental-yamada-frontier-order,1d8374f42cccbb16d78d44100a65ca603d7d1997,3.14.7,macOS-26.6.2-arm64-arm-64bit-Mach-O,arm,0.03819237498100847,0.15769812499638647,0.05582012503873557,0.008430083049461246,0.008587707998231053,0.016830416047014296,3.058300353586674e-05,0.008790167048573494,0.009244958986528218,0.0009325420251116157,0.03582866711076349,0.10869320889469236,6.820796988904476e-05,0.14379387500230223,0.016269874991849065,0.1600637499941513,2.079096157103777e-05,0.00011008302681148052,0.12496308388654143,0.32085358386393636,0.46899716602638364
2101,random_2098,random_cycle_chord,20260823,crossing_rich,5,200,5,8,12,4.244511788259356,True,True,,perf/incremental-yamada-frontier-order,1d8374f42cccbb16d78d44100a65ca603d7d1997,3.14.7,macOS-26.6.2-arm64-arm-64bit-Mach-O,arm,0.031773958005942404,0.14839854091405869,0.04175537498667836,0.010825750068761408,0.012568874983116984,0.025019833934493363,4.245806485414505e-05,0.01298583298921585,0.01352483406662941,0.0013589169830083847,0.05293187603820115,0.11811979208141565,0.0002567500341683626,0.26428316603414714,0.03798999998252839,0.30227316601667553,2.4124979972839355e-05,0.00014762498904019594,0.15610979206394404,0.33628229098394513,0.6046309589873999
2102,random_2099,random_cycle_chord,20260823,baseline,0,200,3,9,11,5.403203379822491,True,True,,perf/incremental-yamada-frontier-order,1d8374f42cccbb16d78d44100a65ca603d7d1997,3.14.7,macOS-26.6.2-arm64-arm-64bit-Mach-O,arm,0.031761541962623596,0.14761958294548094,0.030249041970819235,0.006464875070378184,0.006617082981392741,0.013001249986700714,2.174999099224806e-05,0.006731624947860837,0.006890416028909385,0.0005273749120533466,0.02717241586651653,0.07052175002172589,6.037496495991945e-05,0.1403210419230163,0.008648124989122152,0.14896916691213846,1.3999990187585354e-05,6.65000407025218e-05,0.07916987501084805,0.2585509999189526,0.40302070800680667
2103,random_2100,random_cycle_chord,20260823,crossing_rich,3,200,4,8,11,4.1777549191441645,True,True,,perf/incremental-yamada-frontier-order,1d8374f42cccbb16d78d44100a65ca603d7d1997,3.14.7,macOS-26.6.2-arm64-arm-64bit-Mach-O,arm,0.027606082963757217,0.1498591669369489,0.03587020805571228,0.009021749952808022,0.010099084000103176,0.01996395899914205,2.9292074032127857e-05,0.010308166965842247,0.010728124994784594,0.0010256249224767089,0.04205516795627773,0.09707241598516703,6.474996916949749e-05,0.14513141592033207,0.018027374986559153,0.16315879090689123,1.833401620388031e-05,0.0001092500751838088,0.11509979097172618,0.2925650408724323,0.44195650005713105
2104,random_2101,random_cycle_chord,20260823,baseline,0,200,3,14,16,4.290194692676631,True,True,,perf/incremental-yamada-frontier-order,1d8374f42cccbb16d78d44100a65ca603d7d1997,3.14.7,macOS-26.6.2-arm64-arm-64bit-Mach-O,arm,0.03958654205780476,0.1670078330207616,0.022057666908949614,0.006733415997587144,0.0068235419457778335,0.013370790984481573,2.174999099224806e-05,0.006909957970492542,0.007098541012965143,0.0005492080235853791,0.027950247982516885,0.06358433293644339,7.420801557600498e-05,0.20128945889882743,0.008461749996058643,0.20975120889488608,1.4165998436510563e-05,7.262500002980232e-05,0.07204608293250203,0.2786404580110684,0.48425283399410546
2105,random_2102,random_cycle_chord,20260823,crossing_rich,5,200,5,8,12,4.165720994854162,True,True,,perf/incremental-yamada-frontier-order,1d8374f42cccbb16d78d44100a65ca603d7d1997,3.14.7,macOS-26.6.2-arm64-arm-64bit-Mach-O,arm,0.03069287503603846,0.15009016590192914,0.043990958016365767,0.010768875014036894,0.012480749981477857,0.024780708947218955,3.7958030588924885e-05,0.01280487491749227,0.013476458028890193,0.0013379579177126288,0.05243795784190297,0.11971150001045316,0.0001712079392746091,0.1620692500146106,0.027616541949100792,0.18968579196371138,2.3916945792734623e-05,0.00014654092956334352,0.14732804195955396,0.32811108289752156,0.4950168749783188
2106,random_2103,random_cycle_chord,20260823,crossing_rich,7,200,7,12,18,4.016998813106794,True,True,,perf/incremental-yamada-frontier-order,1d8374f42cccbb16d78d44100a65ca603d7d1997,3.14.7,macOS-26.6.2-arm64-arm-64bit-Mach-O,arm,0.04685541591607034,0.1496306670596823,0.04578599997330457,0.0153984579956159,0.015388667001388967,0.030273749958723783,5.220889579504728e-05,0.015785583993420005,0.016647333977743983,0.0019284579902887344,0.06468733481597155,0.14130870799999684,0.00030329194851219654,0.4350875000236556,0.052131749922409654,0.48721924994606525,5.500006955116987e-05,0.00023545895237475634,0.1934404579224065,0.38992654089815915,0.829293500049971
2107,random_2104,random_cycle_chord,20260823,baseline,0,200,3,11,13,4.032391668003137,True,True,,perf/incremental-yamada-frontier-order,1d8374f42cccbb16d78d44100a65ca603d7d1997,3.14.7,macOS-26.6.2-arm64-arm-64bit-Mach-O,arm,0.034305542008951306,0.16439545794855803,0.018264250014908612,0.007264000014401972,0.007470750017091632,0.014623416005633771,2.2999942302703857e-05,0.007610084023326635,0.007808457943610847,0.0005624580662697554,0.030627415981143713,0.06364645902067423,6.88750296831131e-05,0.18132400000467896,0.009007625048980117,0.19033162505365908,1.554097980260849e-05,7.650000043213367e-05,0.07265408406965435,0.2713550840271637,0.45710008405148983
2108,random_2105,random_cycle_chord,20260823,crossing_rich,4,200,5,10,14,5.626364728555202,True,True,,perf/incremental-yamada-frontier-order,1d8374f42cccbb16d78d44100a65ca603d7d1997,3.14.7,macOS-26.6.2-arm64-arm-64bit-Mach-O,arm,0.04686875001061708,0.19516370899509639,0.06003799999598414,0.011726042022928596,0.012168042012490332,0.024145416915416718,6.758398376405239e-05,0.012637000065296888,0.013311540940776467,0.00150208396371454,0.051663625868968666,0.13564870797563344,0.00012020894791930914,0.21554674999788404,0.02831029100343585,0.24385704100131989,2.9125018045306206e-05,0.00017216592095792294,0.1639589989790693,0.40599145798478276,0.6268801660044119
2109,random_2106,random_cycle_chord,20260823,baseline,0,200,3,9,11,5.397903918094787,True,True,,perf/incremental-yamada-frontier-order,1d8374f42cccbb16d78d44100a65ca603d7d1997,3.14.7,macOS-26.6.2-arm64-arm-64bit-Mach-O,arm,0.03766041691415012,0.17060379090253264,0.03221891704015434,0.007699749898165464,0.007750750053673983,0.0156870000064373,2.5333953090012074e-05,0.008077666978351772,0.008024249924346805,0.0006057079881429672,0.03241995885036886,0.08011108299251646,7.004197686910629e-05,0.16068183409515768,0.0099437499884516,0.17062558408360928,1.708290074020624e-05,8.466606959700584e-05,0.09005483298096806,0.2983190407976508,0.4637962080305442
2110,random_2107,random_cycle_chord,20260823,baseline,0,200,3,9,11,5.34400564395911,True,True,,perf/incremental-yamada-frontier-order,1d8374f42cccbb16d78d44100a65ca603d7d1997,3.14.7,macOS-26.6.2-arm64-arm-64bit-Mach-O,arm,0.03646275005303323,0.17162233300041407,0.03471629100386053,0.00851512502413243,0.008180542034097016,0.015298541984520853,4.0416023693978786e-05,0.008008125005289912,0.008071040967479348,0.0006347909802570939,0.032052914961241186,0.08350129099562764,9.049999061971903e-05,0.169270750018768,0.012526874896138906,0.18179762491490692,2.5499961338937283e-05,9.795802179723978e-05,0.09602816589176655,0.30411324894521385,0.479238957981579
2111,random_2108,random_cycle_chord,20260823,baseline,0,200,3,9,11,5.339535665378765,True,True,,perf/incremental-yamada-frontier-order,1d8374f42cccbb16d78d44100a65ca603d7d1997,3.14.7,macOS-26.6.2-arm64-arm-64bit-Mach-O,arm,0.049517291015945375,0.1816262500360608,0.032621624995954335,0.007899167016148567,0.007755249971523881,0.01519025000743568,2.929195761680603e-05,0.008017875021323562,0.00860349996946752,0.0007361250463873148,0.03257704200223088,0.08087820804212242,9.883299935609102e-05,0.1705065000569448,0.010910416953265667,0.18141691701021045,1.762493047863245e-05,8.983304724097252e-05,0.09178862499538809,0.3229321660473943,0.49861641705501825
2112,random_2109,random_cycle_chord,20260823,baseline,0,200,4,10,13,4.622363611396558,True,True,,perf/incremental-yamada-frontier-order,1d8374f42cccbb16d78d44100a65ca603d7d1997,3.14.7,macOS-26.6.2-arm64-arm-64bit-Mach-O,arm,0.03996291698422283,0.17143441701773554,0.02728562499396503,0.008765583042986691,0.008683541091158986,0.016816459014080465,3.233307506889105e-05,0.009283500025048852,0.009701957926154137,0.0008738749893382192,0.036708125029690564,0.0814742089714855,0.00011554104276001453,0.19610204105265439,0.01220058393664658,0.20830262498930097,2.5957939215004444e-05,0.00010541698429733515,0.09367479290813208,0.30507212691009045,0.5062459589680657
2113,random_2110,random_cycle_chord,20260823,crossing_rich,5,200,5,9,13,4.322422911834002,True,True,,perf/incremental-yamada-frontier-order,1d8374f42cccbb16d78d44100a65ca603d7d1997,3.14.7,macOS-26.6.2-arm64-arm-64bit-Mach-O,arm,0.03755554195959121,0.16490970796439797,0.04910370800644159,0.011844333028420806,0.013153000036254525,0.025933749973773956,5.8875069953501225e-05,0.013283208012580872,0.014875499997287989,0.001646124990656972,0.05579745804425329,0.1299356670351699,0.00011633394751697779,0.19610320799984038,0.031109708012081683,0.22721291601192206,2.9833056032657623e-05,0.00017554103396832943,0.16104537504725158,0.36351062497124076,0.5650971661088988
2114,random_2111,random_cycle_chord,20260823,baseline,0,200,3,9,11,5.29924346939614,True,True,,perf/incremental-yamada-frontier-order,1d8374f42cccbb16d78d44100a65ca603d7d1997,3.14.7,macOS-26.6.2-arm64-arm-64bit-Mach-O,arm,0.034281291998922825,0.15792074997443706,0.0268684170441702,0.007179999956861138,0.00691433297470212,0.013593708048574626,2.2583059035241604e-05,0.00702979089692235,0.007222917047329247,0.0005415829364210367,0.0284105819882825,0.06939354096539319,7.841596379876137e-05,0.146226542070508,0.00848337507341057,0.15470991714391857,1.4459015801548958e-05,7.158308289945126e-05,0.07787691603880376,0.27007895801216364,0.4206891250796616
2115,random_2112,random_cycle_chord,20260823,crossing_rich,2,200,4,10,13,5.618556346602333,True,True,,perf/incremental-yamada-frontier-order,1d8374f42cccbb16d78d44100a65ca603d7d1997,3.14.7,macOS-26.6.2-arm64-arm-64bit-Mach-O,arm,0.0429160000057891,0.15851562505122274,0.05216983298305422,0.00903604191262275,0.009496625047177076,0.01869487506337464,3.0624913051724434e-05,0.009661666001193225,0.010127165936864913,0.0009551249677315354,0.039469456882216036,0.11020045797340572,8.404196705669165e-05,0.16972062503919005,0.01642816700041294,0.186148792039603,1.9417027942836285e-05,0.00010983308311551809,0.12662862497381866,0.3280602500308305,0.5022788749774918
2116,random_2113,random_cycle_chord,20260823,crossing_rich,5,200,5,8,12,4.263828619530441,True,True,,perf/incremental-yamada-frontier-order,1d8374f42cccbb16d78d44100a65ca603d7d1997,3.14.7,macOS-26.6.2-arm64-arm-64bit-Mach-O,arm,0.03185695898719132,0.15142387500964105,0.04263049992732704,0.010864999960176647,0.012557665933854878,0.02491433289833367,3.774999640882015e-05,0.012818666058592498,0.013583000050857663,0.0013804169138893485,0.052734165918082,0.11882129195146263,0.00025987497065216303,0.17107879207469523,0.03755329200066626,0.2086320840753615,3.2957992516458035e-05,0.00015712494496256113,0.1563745839521289,0.33965541794896126,0.5152694169664755
2117,random_2114,random_cycle_chord,20260823,baseline,0,200,3,10,12,4.68959619879745,True,True,,perf/incremental-yamada-frontier-order,1d8374f42cccbb16d78d44100a65ca603d7d1997,3.14.7,macOS-26.6.2-arm64-arm-64bit-Mach-O,arm,0.03251491696573794,0.15192295901942998,0.02521941694431007,0.007102959090843797,0.007429916993714869,0.014767333981581032,2.870894968509674e-05,0.007706417003646493,0.007845374988391995,0.0005873750196769834,0.0309352099429816,0.07071554102003574,7.583294063806534e-05,0.1513232080033049,0.008637582999654114,0.159960791002959,1.4708959497511387e-05,7.587508298456669e-05,0.07935312401968986,0.2637910000048578,0.4194374580401927
2118,random_2115,random_cycle_chord,20260823,crossing_rich,4,200,5,10,14,5.623176909744868,True,True,,perf/incremental-yamada-frontier-order,1d8374f42cccbb16d78d44100a65ca603d7d1997,3.14.7,macOS-26.6.2-arm64-arm-64bit-Mach-O,arm,0.04409250000026077,0.1522213330026716,0.053652417031116784,0.010062667075544596,0.011132749961689115,0.02190779196098447,4.7625042498111725e-05,0.01128995802719146,0.011957749957218766,0.001336334040388465,0.04653945902828127,0.12142545904498547,8.233299013227224e-05,0.19205175002571195,0.027573375031352043,0.219625125057064,2.6834080927073956e-05,0.0001580000389367342,0.14899883407633752,0.3453126670792699,0.5420049580279738
2119,random_2116,random_cycle_chord,20260823,baseline,0,200,4,11,14,4.112384338437215,True,True,,perf/incremental-yamada-frontier-order,1d8374f42cccbb16d78d44100a65ca603d7d1997,3.14.7,macOS-26.6.2-arm64-arm-64bit-Mach-O,arm,0.03678595903329551,0.15584937494713813,0.02272283297497779,0.00816658406984061,0.00836262502707541,0.016497791977599263,3.100000321865082e-05,0.008582832990214229,0.008944000001065433,0.0007952080341055989,0.034850833006203175,0.07413016690406948,8.741696365177631e-05,0.1987989170011133,0.01258116599638015,0.21138008299749345,2.2416934370994568e-05,9.479105938225985e-05,0.08671133290044963,0.2793466668808833,0.4827998330583796
2120,random_2117,random_cycle_chord,20260823,crossing_rich,2,200,4,10,13,5.417137470027417,True,True,,perf/incremental-yamada-frontier-order,1d8374f42cccbb16d78d44100a65ca603d7d1997,3.14.7,macOS-26.6.2-arm64-arm-64bit-Mach-O,arm,0.04172145889606327,0.16909216693602502,0.04902070795651525,0.009385208017192781,0.009690791950561106,0.01922925002872944,9.570899419486523e-05,0.010510833002626896,0.011132540996186435,0.001058958936482668,0.0420272919582203,0.11015629197936505,0.0001152500044554472,0.3040214579086751,0.01815554208587855,0.3221769999945536,2.5124987587332726e-05,0.0001222500577569008,0.1283118340652436,0.3391254598973319,0.6476775829214603
2121,random_2118,random_cycle_chord,20260823,crossing_rich,4,200,5,9,13,6.085519786696822,True,True,,perf/incremental-yamada-frontier-order,1d8374f42cccbb16d78d44100a65ca603d7d1997,3.14.7,macOS-26.6.2-arm64-arm-64bit-Mach-O,arm,0.047569084097631276,0.16114820900838822,0.061508667073212564,0.011137999943457544,0.011503082932904363,0.02250866696704179,4.241697024554014e-05,0.011353417066857219,0.012070124968886375,0.0013989170547574759,0.0473735430277884,0.1315608749864623,8.425000123679638e-05,0.18474770803004503,0.026438582921400666,0.2111862909514457,2.5541987270116806e-05,0.00015874998643994331,0.15799945790786296,0.36671675101388246,0.5563703330699354
2122,random_2119,random_cycle_chord,20260823,crossing_rich,4,200,5,11,15,5.222338107964341,True,True,,perf/incremental-yamada-frontier-order,1d8374f42cccbb16d78d44100a65ca603d7d1997,3.14.7,macOS-26.6.2-arm64-arm-64bit-Mach-O,arm,0.047243042034097016,0.16059591702651232,0.05097725009545684,0.011254000011831522,0.012146166991442442,0.023963000043295324,4.2291940189898014e-05,0.012447500019334257,0.013133208965882659,0.0014071660116314888,0.050993166980333626,0.12540833291132003,0.00010620790999382734,0.23610920808278024,0.028477916959673166,0.2645871250424534,2.8708018362522125e-05,0.00016320811118930578,0.1538862498709932,0.36172520893160254,0.602790541946888
2123,random_2120,random_cycle_chord,20260823,baseline,0,200,3,9,11,5.394360944853007,True,True,,perf/incremental-yamada-frontier-order,1d8374f42cccbb16d78d44100a65ca603d7d1997,3.14.7,macOS-26.6.2-arm64-arm-64bit-Mach-O,arm,0.03548754204530269,0.16088820900768042,0.02783908403944224,0.007512583979405463,0.00751604198012501,0.014770457986742258,2.6708003133535385e-05,0.007645457983016968,0.007820875034667552,0.0005825840635225177,0.03084608307108283,0.0737340000923723,6.787502206861973e-05,0.15439041703939438,0.009891457972116768,0.16428187501151115,1.7249956727027893e-05,8.754199370741844e-05,0.08362545806448907,0.28000120911747217,0.43900029198266566
2124,random_2121,random_cycle_chord,20260823,crossing_rich,3,200,4,8,11,4.1169599313582514,True,True,,perf/incremental-yamada-frontier-order,1d8374f42cccbb16d78d44100a65ca603d7d1997,3.14.7,macOS-26.6.2-arm64-arm-64bit-Mach-O,arm,0.03171783301513642,0.16186458303127438,0.03994649997912347,0.01053766708355397,0.01100025000050664,0.021886042086407542,4.733400419354439e-05,0.01121624989900738,0.011576625052839518,0.0010369590017944574,0.04576321004424244,0.10727933293674141,9.454099927097559e-05,0.15759745810646564,0.02010041696485132,0.17769787507131696,2.195802517235279e-05,0.00012304098345339298,0.12737974990159273,0.32096216594800353,0.48348862503189594
2125,random_2122,random_cycle_chord,20260823,baseline,0,200,3,10,12,4.704139109778882,True,True,,perf/incremental-yamada-frontier-order,1d8374f42cccbb16d78d44100a65ca603d7d1997,3.14.7,macOS-26.6.2-arm64-arm-64bit-Mach-O,arm,0.03362508304417133,0.15600325004197657,0.024967082892544568,0.006898915977217257,0.006844082963652909,0.013479582965373993,2.195802517235279e-05,0.007000291021540761,0.0071631669998168945,0.0005596249829977751,0.028224623994901776,0.06695358396973461,6.25409884378314e-05,0.14977137499954551,0.009235166013240814,0.15900654101278633,1.4874967746436596e-05,7.204199209809303e-05,0.07618874998297542,0.2658170830691233,0.41994891699869186
2126,random_2123,random_cycle_chord,20260823,baseline,0,200,3,10,12,5.626500530586904,True,True,,perf/incremental-yamada-frontier-order,1d8374f42cccbb16d78d44100a65ca603d7d1997,3.14.7,macOS-26.6.2-arm64-arm-64bit-Mach-O,arm,0.03727241698652506,0.15270316589158028,0.05066199996508658,0.00821458303835243,0.0077792500378564,0.01535250002052635,4.8042042180895805e-05,0.00790987501386553,0.007788458024151623,0.0005796659970656037,0.03167854109779,0.09838600002694875,8.674990385770798e-05,0.15458195796236396,0.009106374927796423,0.16368833289016038,1.708301715552807e-05,8.54589743539691e-05,0.10749237495474517,0.2974679578328505,0.4687766249990091
2127,random_2124,random_cycle_chord,20260823,crossing_rich,6,200,6,11,16,5.219589366259846,True,True,,perf/incremental-yamada-frontier-order,1d8374f42cccbb16d78d44100a65ca603d7d1997,3.14.7,macOS-26.6.2-arm64-arm-64bit-Mach-O,arm,0.0496947499923408,0.15986241702921689,0.05454995797481388,0.012082541943527758,0.013847665977664292,0.027144083054736257,4.791701212525368e-05,0.01409808301832527,0.014961916953325272,0.001678416971117258,0.05793041700962931,0.13845637498889118,9.566708467900753e-05,0.26925420807674527,0.038022832944989204,0.3072770410217345,3.945792559534311e-05,0.0002051249612122774,0.1764792079338804,0.3860363749554381,0.6610237089917064
2128,random_2125,random_cycle_chord,20260823,baseline,0,200,3,8,10,6.144207097722584,True,True,,perf/incremental-yamada-frontier-order,1d8374f42cccbb16d78d44100a65ca603d7d1997,3.14.7,macOS-26.6.2-arm64-arm-64bit-Mach-O,arm,0.037872042041271925,0.16701379197183996,0.036245208932086825,0.007584750070236623,0.0074024159694090486,0.014096874976530671,2.2290972992777824e-05,0.007280707941390574,0.0076853749342262745,0.0005977500695735216,0.02968299889471382,0.08093633293174207,6.383401341736317e-05,0.14210929197724909,0.009342832956463099,0.15145212493371218,1.6166013665497303e-05,8.216698188334703e-05,0.09027916588820517,0.29516499990131706,0.4421331250341609
2129,random_2126,random_cycle_chord,20260823,baseline,0,200,4,11,14,4.055677787959389,True,True,,perf/incremental-yamada-frontier-order,1d8374f42cccbb16d78d44100a65ca603d7d1997,3.14.7,macOS-26.6.2-arm64-arm-64bit-Mach-O,arm,0.03701312490738928,0.15873804094735533,0.02223241690080613,0.008394457981921732,0.008634084020741284,0.01751454104669392,7.737497799098492e-05,0.009211209020577371,0.00924708298407495,0.0008347500115633011,0.03688495804090053,0.07618145796004683,0.00010404200293123722,0.19945620803628117,0.012920166016556323,0.2123763740528375,2.3209024220705032e-05,0.00010308297351002693,0.08910162397660315,0.28485278983134776,0.48908712493721396
2130,random_2127,random_cycle_chord,20260823,baseline,0,200,3,8,10,6.159007868139656,True,True,,perf/incremental-yamada-frontier-order,1d8374f42cccbb16d78d44100a65ca603d7d1997,3.14.7,macOS-26.6.2-arm64-arm-64bit-Mach-O,arm,0.035906124976463616,0.17221841600257903,0.0389267090940848,0.008452332927845418,0.010037333006039262,0.04537095793057233,6.866699550300837e-05,0.020268791005946696,0.022641916992142797,0.0020999580156058073,0.09045029093977064,0.14799237507395446,0.00014704198110848665,0.20789191604126245,0.012734666932374239,0.2206265829736367,2.2124964743852615e-05,0.00010583293624222279,0.1607270420063287,0.36885158298537135,0.5818773750215769
2131,random_2128,random_cycle_chord,20260823,crossing_rich,4,200,5,8,12,6.584067532841356,True,True,,perf/incremental-yamada-frontier-order,1d8374f42cccbb16d78d44100a65ca603d7d1997,3.14.7,macOS-26.6.2-arm64-arm-64bit-Mach-O,arm,0.06091316603124142,0.1757452910533175,0.07847774995025247,0.011524250032380223,0.012282832991331816,0.02436420798767358,5.04589406773448e-05,0.01264120894484222,0.01354958291631192,0.0016657090745866299,0.052271167864091694,0.1545958339702338,0.00019745808094739914,0.1898475829511881,0.03264520806260407,0.22249279101379216,2.9749935492873192e-05,0.0001867909450083971,0.18724104203283787,0.42389949911739677,0.6193108749575913
2132,random_2129,random_cycle_chord,20260823,crossing_rich,2,200,4,10,13,5.626388472612279,True,True,,perf/incremental-yamada-frontier-order,1d8374f42cccbb16d78d44100a65ca603d7d1997,3.14.7,macOS-26.6.2-arm64-arm-64bit-Mach-O,arm,0.04384591605048627,0.1626813750481233,0.0521667500725016,0.01016470801550895,0.010623208014294505,0.020918958936817944,7.89170153439045e-05,0.01122429093811661,0.011394875007681549,0.0010283340234309435,0.04464537592139095,0.117643708945252,0.0001105000264942646,0.30880387499928474,0.026112459017895162,0.3349163340171799,3.91670037060976e-05,0.00013175001367926598,0.14375616796314716,0.35028345906175673,0.663371792063117
2133,random_2130,random_cycle_chord,20260823,baseline,0,200,3,11,13,5.221034461473225,True,True,,perf/incremental-yamada-frontier-order,1d8374f42cccbb16d78d44100a65ca603d7d1997,3.14.7,macOS-26.6.2-arm64-arm-64bit-Mach-O,arm,0.043387250043451786,0.1698803750332445,0.02789329190272838,0.007371791987679899,0.0072023330722004175,0.013806915958411992,2.3707980290055275e-05,0.0073582499753683805,0.0073550420347601175,0.0005492079071700573,0.029093123856000602,0.07158175006043166,7.512501906603575e-05,0.18093279202003032,0.008535249973647296,0.18946804199367762,1.525005791336298e-05,7.54999928176403e-05,0.08011700003407896,0.29338462511077523,0.47901329200249165
2134,random_2131,random_cycle_chord,20260823,crossing_rich,4,200,5,8,12,6.583869724337024,True,True,,perf/incremental-yamada-frontier-order,1d8374f42cccbb16d78d44100a65ca603d7d1997,3.14.7,macOS-26.6.2-arm64-arm-64bit-Mach-O,arm,0.04655133304186165,0.16470066597685218,0.0666961659444496,0.010531708947382867,0.011428166064433753,0.022470333031378686,4.075001925230026e-05,0.011652708053588867,0.01245833293069154,0.0014981250278651714,0.048120249062776566,0.1368124580476433,0.0001895830500870943,0.2658846670528874,0.029849000042304397,0.2957336670951918,3.350002225488424e-05,0.00018216704484075308,0.1666614580899477,0.37791345710866153,0.6489502920303494
2135,random_2132,random_cycle_chord,20260823,crossing_rich,4,200,5,10,14,5.476734819608298,True,True,,perf/incremental-yamada-frontier-order,1d8374f42cccbb16d78d44100a65ca603d7d1997,3.14.7,macOS-26.6.2-arm64-arm-64bit-Mach-O,arm,0.04614608292467892,0.16712208301760256,0.055779166985303164,0.010467957938089967,0.011086083017289639,0.0218255000654608,3.895792178809643e-05,0.011372833047062159,0.01200341701041907,0.00133666698820889,0.04657737503293902,0.12394570896867663,9.470805525779724e-05,0.1907169579062611,0.024367540958337486,0.21508449886459857,2.3625092580914497e-05,0.00014441704843193293,0.1483132499270141,0.3615814158692956,0.5570093339774758
2136,random_2133,random_cycle_chord,20260823,crossing_rich,2,200,4,9,12,6.0747357919990215,True,True,,perf/incremental-yamada-frontier-order,1d8374f42cccbb16d78d44100a65ca603d7d1997,3.14.7,macOS-26.6.2-arm64-arm-64bit-Mach-O,arm,0.039517957950010896,0.14908500004094094,0.04817687498871237,0.008203875040635467,0.008674416923895478,0.01709891704376787,2.962502185255289e-05,0.008900541928596795,0.00934920902363956,0.0009661250514909625,0.03634441806934774,0.10142541700042784,7.587496656924486e-05,0.15600491594523191,0.017371875001117587,0.1733767909463495,1.9208993762731552e-05,0.0001087910495698452,0.11879729200154543,0.30740024999249727,0.46767912502400577
2137,random_2134,random_cycle_chord,20260823,crossing_rich,4,200,5,10,14,5.626551898640192,True,True,,perf/incremental-yamada-frontier-order,1d8374f42cccbb16d78d44100a65ca603d7d1997,3.14.7,macOS-26.6.2-arm64-arm-64bit-Mach-O,arm,0.04202020796947181,0.14885079103987664,0.05139891698490828,0.009642750024795532,0.01060779090039432,0.02090883394703269,3.708398435264826e-05,0.010812000022269785,0.011537875048816204,0.0013373750261962414,0.04463316802866757,0.11631570803001523,8.02499707788229e-05,0.17215566604863852,0.025201624957844615,0.19735729100648314,2.320797648280859e-05,0.0001449580304324627,0.14151733298785985,0.3323883319972083,0.509046999970451
2138,random_2135,random_cycle_chord,20260823,baseline,0,200,4,10,13,4.621577878140293,True,True,,perf/incremental-yamada-frontier-order,1d8374f42cccbb16d78d44100a65ca603d7d1997,3.14.7,macOS-26.6.2-arm64-arm-64bit-Mach-O,arm,0.03385437501128763,0.14801362494472414,0.0242645830148831,0.007552333059720695,0.007662000018171966,0.015101708006113768,4.1917082853615284e-05,0.007955625071190298,0.007982791983522475,0.000725707970559597,0.03180775011423975,0.07131341600324959,8.091691415756941e-05,0.18221520795486867,0.01140491699334234,0.19362012494821101,2.062495332211256e-05,8.995807729661465e-05,0.08271833299659193,0.2645863329526037,0.4515578749123961
2139,random_2136,random_cycle_chord,20260823,crossing_rich,5,200,5,8,12,4.230014562862896,True,True,,perf/incremental-yamada-frontier-order,1d8374f42cccbb16d78d44100a65ca603d7d1997,3.14.7,macOS-26.6.2-arm64-arm-64bit-Mach-O,arm,0.03124012495391071,0.15197100001387298,0.040762250078842044,0.011312958085909486,0.012978083919733763,0.025392041075974703,3.8082944229245186e-05,0.012921999907121062,0.013837917009368539,0.0014116250677034259,0.053601666004396975,0.118690833915025,0.00019566703122109175,0.17559237498790026,0.03606724995188415,0.2116596249397844,4.191696643829346e-05,0.00023391703143715858,0.15475808386690915,0.33796920883469284,0.5192215419374406
2140,random_2137,random_cycle_chord,20260823,baseline,0,200,4,11,14,4.119818776832811,True,True,,perf/incremental-yamada-frontier-order,1d8374f42cccbb16d78d44100a65ca603d7d1997,3.14.7,macOS-26.6.2-arm64-arm-64bit-Mach-O,arm,0.04063670802861452,0.22319129202514887,0.026239375001750886,0.010883708018809557,0.010592791950330138,0.020097082946449518,5.0875009037554264e-05,0.010398416896350682,0.010501250042580068,0.0008757499745115638,0.041923374868929386,0.08970095799304545,0.00011224998161196709,0.23442200000863522,0.014913749997504056,0.24933575000613928,3.075005952268839e-05,0.00012149999383836985,0.1046147079905495,0.3684427080443129,0.6085604999680072
2141,random_2138,random_cycle_chord,20260823,crossing_rich,5,200,6,11,16,4.672969517697239,True,True,,perf/incremental-yamada-frontier-order,1d8374f42cccbb16d78d44100a65ca603d7d1997,3.14.7,macOS-26.6.2-arm64-arm-64bit-Mach-O,arm,0.05610616598278284,0.19353249995037913,0.07404800003860146,0.015225875074975193,0.016025417018681765,0.031041832990013063,7.791700772941113e-05,0.01613212493248284,0.017056250013411045,0.00180508301127702,0.06611320795491338,0.1714681669836864,0.0001318750437349081,0.26470316702034324,0.03447387495543808,0.2991770419757813,3.3207936212420464e-05,0.00018987501971423626,0.20594204193912446,0.45558070787228644,0.7265477909240872
2142,random_2139,random_cycle_chord,20260823,crossing_rich,2,200,4,8,11,6.32807167632331,True,True,,perf/incremental-yamada-frontier-order,1d8374f42cccbb16d78d44100a65ca603d7d1997,3.14.7,macOS-26.6.2-arm64-arm-64bit-Mach-O,arm,0.04337354202289134,0.1704495829762891,0.062483167042955756,0.009362709010019898,0.009132625069469213,0.018360125017352402,3.095902502536774e-05,0.009342749952338636,0.009864457999356091,0.0010472499998286366,0.038645541993901134,0.11965333297848701,7.233291398733854e-05,0.15389216702897102,0.01860683411359787,0.1724990011425689,2.2707972675561905e-05,0.00012862496078014374,0.13826016709208488,0.3520832920912653,0.5108914170414209
2143,random_2140,random_cycle_chord,20260823,baseline,0,200,3,11,13,4.053487547661157,True,True,,perf/incremental-yamada-frontier-order,1d8374f42cccbb16d78d44100a65ca603d7d1997,3.14.7,macOS-26.6.2-arm64-arm-64bit-Mach-O,arm,0.033712291973643005,0.1561182920122519,0.022345625096932054,0.00825995800551027,0.0077217500656843185,0.015261958003975451,8.77090496942401e-05,0.008564957999624312,0.008474041009321809,0.0006626249523833394,0.03305129101499915,0.07141637499444187,9.516696445643902e-05,0.19639095792081207,0.011564416927285492,0.20795537484809756,2.116698306053877e-05,9.39579913392663e-05,0.08298079192172736,0.2728113759076223,0.47382945800200105
2144,random_2141,random_cycle_chord,20260823,baseline,0,200,4,11,14,4.043608172196563,True,True,,perf/incremental-yamada-frontier-order,1d8374f42cccbb16d78d44100a65ca603d7d1997,3.14.7,macOS-26.6.2-arm64-arm-64bit-Mach-O,arm,0.03976295900065452,0.15804466605186462,0.023022957961075008,0.008143166080117226,0.008313165977597237,0.016371459001675248,3.129197284579277e-05,0.008526583900675178,0.00878633395768702,0.0007934579625725746,0.03450912679545581,0.07401758304331452,8.12500948086381e-05,0.18826600001193583,0.011887875036336482,0.2001538750482723,1.937500201165676e-05,8.949998300522566e-05,0.085905458079651,0.28371308313217014,0.47655766701791435
2145,random_2142,random_cycle_chord,20260823,baseline,0,200,3,8,10,6.182951120497323,True,True,,perf/incremental-yamada-frontier-order,1d8374f42cccbb16d78d44100a65ca603d7d1997,3.14.7,macOS-26.6.2-arm64-arm-64bit-Mach-O,arm,0.034580042003653944,0.15048287494573742,0.03154279198497534,0.0067885409807786345,0.0068289999617263675,0.013463083072565496,2.2458028979599476e-05,0.006979707977734506,0.00710462499409914,0.0005640420131385326,0.028133916086517274,0.07331379107199609,5.979195702821016e-05,0.1372322499519214,0.010166666936129332,0.14739891688805073,1.6583013348281384e-05,8.170795626938343e-05,0.08348045800812542,0.2685433749575168,0.41007854195777327
2146,random_2143,random_cycle_chord,20260823,baseline,0,200,3,10,12,4.632195592531031,True,True,,perf/incremental-yamada-frontier-order,1d8374f42cccbb16d78d44100a65ca603d7d1997,3.14.7,macOS-26.6.2-arm64-arm-64bit-Mach-O,arm,0.033955832943320274,0.15324020793195814,0.02152754203416407,0.006974208052270114,0.007087124977260828,0.014011208084411919,2.166593912988901e-05,0.007247625035233796,0.007375124958343804,0.0005466659786179662,0.029202289995737374,0.06480987509712577,6.454100366681814e-05,0.15806487505324185,0.010084209032356739,0.1681490840855986,1.9458006136119366e-05,7.875007577240467e-05,0.07489408412948251,0.2620901250047609,0.42443679098505527
2147,random_2144,random_cycle_chord,20260823,crossing_rich,4,200,5,9,13,6.086892927017756,True,True,,perf/incremental-yamada-frontier-order,1d8374f42cccbb16d78d44100a65ca603d7d1997,3.14.7,macOS-26.6.2-arm64-arm-64bit-Mach-O,arm,0.05047725001350045,0.1727709579281509,0.10329179198015481,0.01805270800832659,0.014359249966219068,0.029056499944999814,9.729200974106789e-05,0.018373916973359883,0.01905533403623849,0.002686499967239797,0.06926954293157905,0.20509933296125382,0.00015462504234164953,0.22110729198902845,0.02925370796583593,0.2503609999548644,3.104202914983034e-05,0.00017387501429766417,0.23435304092708975,0.4576012488687411,0.6846681670285761
2148,random_2145,random_cycle_chord,20260823,crossing_rich,5,200,5,9,13,4.364179518943769,True,True,,perf/incremental-yamada-frontier-order,1d8374f42cccbb16d78d44100a65ca603d7d1997,3.14.7,macOS-26.6.2-arm64-arm-64bit-Mach-O,arm,0.03964816592633724,0.17595304199494421,0.048663957975804806,0.01287804206367582,0.014301666058599949,0.02772487502079457,8.425000123679638e-05,0.014602749957703054,0.017042916966602206,0.0017128749750554562,0.06116766692139208,0.13707454106770456,0.0001188330352306366,0.23510320903733373,0.03484795801341534,0.26995116705074906,3.499991726130247e-05,0.00018975010607391596,0.1719224990811199,0.38752370700240135,0.6287139159394428
2149,random_2146,random_cycle_chord,20260823,crossing_rich,5,200,5,8,12,4.106849235757082,True,True,,perf/incremental-yamada-frontier-order,1d8374f42cccbb16d78d44100a65ca603d7d1997,3.14.7,macOS-26.6.2-arm64-arm-64bit-Mach-O,arm,0.03505449998192489,0.17311004106886685,0.047612667083740234,0.012599417008459568,0.014516249997541308,0.028560959035530686,4.333397373557091e-05,0.01475787500385195,0.015730874962173402,0.0016236660303547978,0.06071670900564641,0.13548520801123232,0.00020395894534885883,0.24340670800302178,0.035861166077665985,0.27926787408068776,3.683299291878939e-05,0.0001990000018849969,0.1713463740888983,0.37951091513969004,0.6286358749493957
2150,random_2147,random_cycle_chord,20260823,crossing_rich,3,200,5,13,17,4.316036182295486,True,True,,perf/incremental-yamada-frontier-order,1d8374f42cccbb16d78d44100a65ca603d7d1997,3.14.7,macOS-26.6.2-arm64-arm-64bit-Mach-O,arm,0.05094508302863687,0.17705633293371648,0.04687995801214129,0.011885749991051853,0.012785583036020398,0.025121041922830045,7.354200351983309e-05,0.01293704193085432,0.013400750001892447,0.0014400000218302011,0.05297237588092685,0.12458045897074044,0.00011704105418175459,0.2586265840800479,0.02524350001476705,0.28387008409481496,2.716702874749899e-05,0.00015512504614889622,0.1498239589855075,0.37782537494786084,0.6418366250582039
2151,random_2148,random_cycle_chord,20260823,crossing_rich,5,200,5,8,12,4.24482080242093,True,True,,perf/incremental-yamada-frontier-order,1d8374f42cccbb16d78d44100a65ca603d7d1997,3.14.7,macOS-26.6.2-arm64-arm-64bit-Mach-O,arm,0.03466604196000844,0.16914337500929832,0.04435333306901157,0.012328166980296373,0.014005750068463385,0.027902791975066066,8.42090230435133e-05,0.014326624921523035,0.015255167032591999,0.0016603749245405197,0.05922916787676513,0.12996400007978082,0.0002472499618306756,0.2481860420666635,0.04310775001067668,0.2912937920773402,4.912493750452995e-05,0.00022670801263302565,0.1730717500904575,0.37688116705976427,0.6304087500320747
2152,random_2149,random_cycle_chord,20260823,crossing_rich,5,200,5,9,13,4.1746679331659315,True,True,,perf/incremental-yamada-frontier-order,1d8374f42cccbb16d78d44100a65ca603d7d1997,3.14.7,macOS-26.6.2-arm64-arm-64bit-Mach-O,arm,0.042458125040866435,0.19491920806467533,0.04792504198849201,0.012912833946757019,0.014181707985699177,0.027509415987879038,6.283307448029518e-05,0.014183000079356134,0.015426208963617682,0.001588959014043212,0.05877041711937636,0.13383262499701232,0.00012587499804794788,0.21767450007610023,0.03893941594287753,0.25661391601897776,5.2582938224077225e-05,0.00021220906637609005,0.17277204093988985,0.4101493740454316,0.6335167079232633
2153,random_2150,random_cycle_chord,20260823,baseline,0,200,4,13,16,4.565527352361105,True,True,,perf/incremental-yamada-frontier-order,1d8374f42cccbb16d78d44100a65ca603d7d1997,3.14.7,macOS-26.6.2-arm64-arm-64bit-Mach-O,arm,0.08259212493430823,0.2232170000206679,0.03509725001640618,0.011261667008511722,0.015303874970413744,0.027297041029669344,9.333307389169931e-05,0.015051916940137744,0.018219167017377913,0.0012647910043597221,0.06192624906543642,0.12368104106280953,0.00018866604659706354,0.29756695800460875,0.014215665985830128,0.3117826239904389,2.3582950234413147e-05,0.0001093749888241291,0.13789670704863966,0.4437058320036158,0.7473554169991985
2154,random_2151,random_cycle_chord,20260823,baseline,0,200,3,11,13,5.226421882613024,True,True,,perf/incremental-yamada-frontier-order,1d8374f42cccbb16d78d44100a65ca603d7d1997,3.14.7,macOS-26.6.2-arm64-arm-64bit-Mach-O,arm,0.04506654210854322,0.17172712506726384,0.028037375072017312,0.008213666966184974,0.007804917055182159,0.015485999989323318,4.5208027586340904e-05,0.014153625001199543,0.014518041047267616,0.0006962079787626863,0.044899082044139504,0.08897883410099894,0.0001028749393299222,0.193384165992029,0.010054333019070327,0.20343849901109934,2.0749983377754688e-05,8.583301678299904e-05,0.09903316712006927,0.3158268342958763,0.5140657500596717
2155,random_2152,random_cycle_chord,20260823,crossing_rich,4,200,5,10,14,5.412875900796981,True,True,,perf/incremental-yamada-frontier-order,1d8374f42cccbb16d78d44100a65ca603d7d1997,3.14.7,macOS-26.6.2-arm64-arm-64bit-Mach-O,arm,0.04594116599764675,0.16126833390444517,0.055419167038053274,0.010559707996435463,0.01158299995586276,0.02278912498150021,3.925000783056021e-05,0.011816082987934351,0.012520415941253304,0.0013672920176759362,0.04853216593619436,0.12613029195927083,8.679204620420933e-05,0.19754387508146465,0.025721709011122584,0.22326558409258723,4.3208012357354164e-05,0.00017216592095792294,0.15185200097039342,0.35906150087248534,0.5615004999563098
2156,random_2153,random_cycle_chord,20260823,baseline,0,200,3,10,12,5.6278639145979765,True,True,,perf/incremental-yamada-frontier-order,1d8374f42cccbb16d78d44100a65ca603d7d1997,3.14.7,macOS-26.6.2-arm64-arm-64bit-Mach-O,arm,0.03875695797614753,0.1547578340396285,0.028587540960870683,0.006878416985273361,0.007122416980564594,0.014064542017877102,2.1415995433926582e-05,0.007279291981831193,0.007426208001561463,0.0005437909858301282,0.029335248982533813,0.0719420830719173,6.308301817625761e-05,0.14686458301730454,0.008463957929052413,0.15532854094635695,1.4082994312047958e-05,6.787502206861973e-05,0.08040604100096971,0.27392083301674575,0.4250665830913931
2157,random_2154,random_cycle_chord,20260823,baseline,0,200,3,10,12,4.654888127229435,True,True,,perf/incremental-yamada-frontier-order,1d8374f42cccbb16d78d44100a65ca603d7d1997,3.14.7,macOS-26.6.2-arm64-arm-64bit-Mach-O,arm,0.03183520899619907,0.14822737500071526,0.02211804105900228,0.006645707995630801,0.006710999994538724,0.013158624991774559,2.13750172406435e-05,0.006830667029134929,0.007007541949860752,0.0005447081057354808,0.027562917093746364,0.06305708293803036,6.104097701609135e-05,0.1540540000423789,0.008637791965156794,0.1626917920075357,1.3707904145121574e-05,7.187493611127138e-05,0.07169487490318716,0.2517574589001015,0.409948791959323
2158,random_2155,random_cycle_chord,20260823,baseline,0,200,3,9,11,5.388593182529078,True,True,,perf/incremental-yamada-frontier-order,1d8374f42cccbb16d78d44100a65ca603d7d1997,3.14.7,macOS-26.6.2-arm64-arm-64bit-Mach-O,arm,0.03223629202693701,0.14758058299776167,0.026315458002500236,0.0067445829045027494,0.007044124999083579,0.013949124957434833,2.575002145022154e-05,0.007161749992519617,0.007402499904856086,0.000603125081397593,0.02914224995765835,0.06926904199644923,5.970802158117294e-05,0.14225141692440957,0.008855917025357485,0.15110733394976705,1.3457960449159145e-05,6.874999962747097e-05,0.07812495902180672,0.2579418340465054,0.40432950004469603
2159,random_2156,random_cycle_chord,20260823,crossing_rich,5,200,6,13,18,4.070672689958063,True,True,,perf/incremental-yamada-frontier-order,1d8374f42cccbb16d78d44100a65ca603d7d1997,3.14.7,macOS-26.6.2-arm64-arm-64bit-Mach-O,arm,0.04543254105374217,0.14823212497867644,0.04233491700142622,0.011481416993774474,0.012902457965537906,0.02535362506750971,5.933293141424656e-05,0.01310437498614192,0.013680374948307872,0.0014518341049551964,0.053649542038328946,0.12041741597931832,9.608292020857334e-05,0.24129112507216632,0.029034333070740104,0.2703254581429064,2.7292058803141117e-05,0.00015195796731859446,0.14945174905005842,0.34311641508247703,0.5890294580021873
2160,random_2157,random_cycle_chord,20260823,crossing_rich,7,200,7,13,19,4.119222750557313,True,True,,perf/incremental-yamada-frontier-order,1d8374f42cccbb16d78d44100a65ca603d7d1997,3.14.7,macOS-26.6.2-arm64-arm-64bit-Mach-O,arm,0.04774499998893589,0.15665749995969236,0.04454445804003626,0.015190040925517678,0.014998374972492456,0.029497875017113984,6.133306305855513e-05,0.015247541014105082,0.016227041953243315,0.0019220839021727443,0.06295587494969368,0.13774041691794991,0.00010895810555666685,0.2607815000228584,0.03887979197315872,0.2996612919960171,3.98330157622695e-05,0.00020029209554195404,0.17662020889110863,0.3810227088397369,0.6472190829226747
2161,random_2158,random_cycle_chord,20260823,crossing_rich,4,200,5,10,14,5.391757449528926,True,True,,perf/incremental-yamada-frontier-order,1d8374f42cccbb16d78d44100a65ca603d7d1997,3.14.7,macOS-26.6.2-arm64-arm-64bit-Mach-O,arm,0.04132591700181365,0.14857579104136676,0.05290095799136907,0.009890291024930775,0.010551417013630271,0.020805332926101983,3.8624973967671394e-05,0.01078899996355176,0.011405791970901191,0.001262041972950101,0.044300791807472706,0.11767604202032089,8.287501987069845e-05,0.17473870795220137,0.024784125038422644,0.199522832990624,2.3250002413988113e-05,0.00013516703620553017,0.14246016705874354,0.33236187510192394,0.5115783750079572
2162,random_2159,random_cycle_chord,20260823,crossing_rich,5,200,5,8,12,4.291471942753236,True,True,,perf/incremental-yamada-frontier-order,1d8374f42cccbb16d78d44100a65ca603d7d1997,3.14.7,macOS-26.6.2-arm64-arm-64bit-Mach-O,arm,0.030681250034831464,0.14864020806271583,0.04013095796108246,0.010780917014926672,0.012510958011262119,0.0247599589638412,3.7207966670393944e-05,0.012795082991942763,0.013526124996133149,0.00138262496329844,0.052500999881885946,0.11595679097808897,0.00017212505917996168,0.1616773339919746,0.028713583014905453,0.19039091700688004,2.4124979972839355e-05,0.00015241699293255806,0.14467037399299443,0.3239918320905417,0.4902640419313684
2163,random_2160,random_cycle_chord,20260823,crossing_rich,4,200,5,11,15,5.223138586820775,True,True,,perf/incremental-yamada-frontier-order,1d8374f42cccbb16d78d44100a65ca603d7d1997,3.14.7,macOS-26.6.2-arm64-arm-64bit-Mach-O,arm,0.04317000007722527,0.1485667920205742,0.04789970791898668,0.009866875014267862,0.01100550009869039,0.021715333918109536,3.8207974284887314e-05,0.011252583004534245,0.011921625002287328,0.0013190419413149357,0.04624679184053093,0.11505262495484203,9.599991608411074e-05,0.19985958305187523,0.025245582917705178,0.2251051659695804,2.350006252527237e-05,0.0001443750225007534,0.1402982078725472,0.3320349999703467,0.5363724998896942
2164,random_2161,random_cycle_chord,20260823,baseline,0,200,4,10,13,4.656444952277965,True,True,,perf/incremental-yamada-frontier-order,1d8374f42cccbb16d78d44100a65ca603d7d1997,3.14.7,macOS-26.6.2-arm64-arm-64bit-Mach-O,arm,0.03390008397400379,0.14844979194458574,0.02251754200551659,0.007504125009290874,0.00763004191685468,0.015014374977909029,2.8832932002842426e-05,0.007818625075742602,0.0080754169030115,0.000767374993301928,0.0317046248819679,0.06938254192937165,7.329205982387066e-05,0.15834195807110518,0.01193687494378537,0.17027883301489055,1.7625046893954277e-05,8.637504652142525e-05,0.08131941687315702,0.26366929279174656,0.42629841598682106
2165,random_2162,random_cycle_chord,20260823,crossing_rich,4,200,5,10,14,5.62269542920246,True,True,,perf/incremental-yamada-frontier-order,1d8374f42cccbb16d78d44100a65ca603d7d1997,3.14.7,macOS-26.6.2-arm64-arm-64bit-Mach-O,arm,0.042147875064983964,0.1507972920080647,0.060742917004972696,0.010559208923950791,0.011406291974708438,0.022973958984948695,6.450002547353506e-05,0.012186666019260883,0.012737374985590577,0.0014491669135168195,0.04941166692879051,0.13217549992259592,0.00010795798152685165,0.22851200005970895,0.029676125035621226,0.2581881250953302,3.650004509836435e-05,0.00018216692842543125,0.16185162495821714,0.3547967920312658,0.5883230830077082
2166,random_2163,random_cycle_chord,20260823,baseline,0,200,3,8,10,6.124622591605521,True,True,,perf/incremental-yamada-frontier-order,1d8374f42cccbb16d78d44100a65ca603d7d1997,3.14.7,macOS-26.6.2-arm64-arm-64bit-Mach-O,arm,0.037130082957446575,0.16273829096462578,0.03592062508687377,0.007663832977414131,0.0071860000025480986,0.014045707997865975,2.4667009711265564e-05,0.007361374911852181,0.007558583980426192,0.0005948749603703618,0.029585208860225976,0.08038041600957513,6.466696504503489e-05,0.14110908296424896,0.014397957944311202,0.15550704090856016,3.329094033688307e-05,0.00010087504051625729,0.09477837395388633,0.2946467478759587,0.4403568330453709
2167,random_2164,random_cycle_chord,20260823,baseline,0,200,3,8,10,6.182827519700714,True,True,,perf/incremental-yamada-frontier-order,1d8374f42cccbb16d78d44100a65ca603d7d1997,3.14.7,macOS-26.6.2-arm64-arm-64bit-Mach-O,arm,0.04000641708262265,0.17037566704675555,0.033510625013150275,0.007351667038165033,0.007254124968312681,0.014533707988448441,3.38749960064888e-05,0.007605708087794483,0.007863375009037554,0.0006200000643730164,0.030656666145659983,0.07880541600752622,9.92499990388751e-05,0.13957070896867663,0.009296375093981624,0.14886708406265825,2.0666979253292084e-05,8.445791900157928e-05,0.08810179110150784,0.29848387523088604,0.44262291700579226
2168,random_2165,random_cycle_chord,20260823,baseline,0,200,3,9,11,5.3394612643230195,True,True,,perf/incremental-yamada-frontier-order,1d8374f42cccbb16d78d44100a65ca603d7d1997,3.14.7,macOS-26.6.2-arm64-arm-64bit-Mach-O,arm,0.03561808296944946,0.1567348330281675,0.027286916971206665,0.006804542033933103,0.007138125016354024,0.014165707980282605,3.258301876485348e-05,0.0073553749825805426,0.007548582972958684,0.0005860409000888467,0.02968828985467553,0.07094562496058643,8.291692938655615e-05,0.15920345799531788,0.009913749992847443,0.16911720798816532,1.6874982975423336e-05,8.508306927978992e-05,0.08085937495343387,0.2732122909510508,0.43697124999016523
2169,random_2166,random_cycle_chord,20260823,baseline,0,200,3,9,11,5.414468877028968,True,True,,perf/incremental-yamada-frontier-order,1d8374f42cccbb16d78d44100a65ca603d7d1997,3.14.7,macOS-26.6.2-arm64-arm-64bit-Mach-O,arm,0.034968625055626035,0.15827804198488593,0.027350750053301454,0.006987708038650453,0.0071255420334637165,0.014014458050951362,2.4042092263698578e-05,0.007268999936059117,0.007458625012077391,0.0005685000214725733,0.029334625112824142,0.0708199170185253,6.579200271517038e-05,0.15214791696052998,0.009014000068418682,0.16116191702894866,1.5292083844542503e-05,7.720896974205971e-05,0.07983391708694398,0.27308058412745595,0.4296951660653576
2170,random_2167,random_cycle_chord,20260823,crossing_rich,4,200,5,9,13,6.074947101009687,True,True,,perf/incremental-yamada-frontier-order,1d8374f42cccbb16d78d44100a65ca603d7d1997,3.14.7,macOS-26.6.2-arm64-arm-64bit-Mach-O,arm,0.045781916938722134,0.16197358397766948,0.06705650000367314,0.010587749886326492,0.011389708030037582,0.02269700006581843,6.433296948671341e-05,0.01208262494765222,0.012939417036250234,0.0014201669255271554,0.04920354194473475,0.13827445800416172,0.00010720803402364254,0.19248529197648168,0.02626462501939386,0.21874991699587554,3.1125033274292946e-05,0.00016883399803191423,0.16453908302355558,0.3722945839399472,0.5697390420828015
2171,random_2168,random_cycle_chord,20260823,crossing_rich,4,200,5,10,14,5.627274551945331,True,True,,perf/incremental-yamada-frontier-order,1d8374f42cccbb16d78d44100a65ca603d7d1997,3.14.7,macOS-26.6.2-arm64-arm-64bit-Mach-O,arm,0.04713508300483227,0.16103529196698219,0.06415087496861815,0.010175041970796883,0.010977415950037539,0.021706333034671843,3.8624973967671394e-05,0.011310959002003074,0.011957666953094304,0.0013559589860960841,0.046369542949832976,0.13170837494544685,8.604198228567839e-05,0.18168887495994568,0.026097958907485008,0.2077868338674307,2.529192715883255e-05,0.0001455419696867466,0.15780633385293186,0.3659767088247463,0.5524154169252142
2172,random_2169,random_cycle_chord,20260823,baseline,0,200,3,10,12,5.621499341639377,True,True,,perf/incremental-yamada-frontier-order,1d8374f42cccbb16d78d44100a65ca603d7d1997,3.14.7,macOS-26.6.2-arm64-arm-64bit-Mach-O,arm,0.037567124934867024,0.15605641703587025,0.026641958043910563,0.007370125036686659,0.00744408299215138,0.014599291025660932,2.258399035781622e-05,0.007612833054736257,0.007721292087808251,0.0005277920281514525,0.03048379218671471,0.07196020893752575,6.812496576458216e-05,0.14961524994578212,0.00853762507904321,0.15815287502482533,1.4582998119294643e-05,6.733299233019352e-05,0.08049783401656896,0.27412137598730624,0.4280917909927666
2173,random_2170,random_cycle_chord,20260823,baseline,0,200,3,12,14,4.8719274915499975,True,True,,perf/incremental-yamada-frontier-order,1d8374f42cccbb16d78d44100a65ca603d7d1997,3.14.7,macOS-26.6.2-arm64-arm-64bit-Mach-O,arm,0.03884983400348574,0.15158625005278736,0.023755041998811066,0.00693433394189924,0.00718370801769197,0.014171332935802639,2.2124964743852615e-05,0.007305958075448871,0.007473208010196686,0.0005217499565333128,0.02949437394272536,0.0673870409373194,8.341704960912466e-05,0.18290374998468906,0.008154666051268578,0.19105841603595763,1.395796425640583e-05,6.629200652241707e-05,0.07554170698858798,0.2659777910448611,0.4530907910084352
2174,random_2171,random_cycle_chord,20260823,crossing_rich,3,200,4,8,11,4.160293802647503,True,True,,perf/incremental-yamada-frontier-order,1d8374f42cccbb16d78d44100a65ca603d7d1997,3.14.7,macOS-26.6.2-arm64-arm-64bit-Mach-O,arm,0.028019582969136536,0.1491100420244038,0.03659991698805243,0.009184999973513186,0.0100887919543311,0.019922208972275257,2.9374961741268635e-05,0.01029549993108958,0.010765000013634562,0.0009579999605193734,0.04197008383926004,0.09787050005979836,8.591695223003626e-05,0.23059904109686613,0.016992000048048794,0.24759104114491493,1.9666971638798714e-05,0.00010699999984353781,0.11486250010784715,0.2919921251013875,0.5266713330056518
2175,random_2172,random_cycle_chord,20260823,crossing_rich,4,200,5,9,13,6.077898457808003,True,True,,perf/incremental-yamada-frontier-order,1d8374f42cccbb16d78d44100a65ca603d7d1997,3.14.7,macOS-26.6.2-arm64-arm-64bit-Mach-O,arm,0.04232500004582107,0.148430792032741,0.05708987498655915,0.009802250075154006,0.011197499930858612,0.022050834028050303,3.724999260157347e-05,0.011402165982872248,0.01207199995405972,0.0013163749827072024,0.04687862494029105,0.12500187498517334,8.545804303139448e-05,0.1718135840492323,0.024507916998118162,0.19632150104735047,2.2916006855666637e-05,0.00014229200314730406,0.1495097919832915,0.3402655840618536,0.5165239160414785
2176,random_2173,random_cycle_chord,20260823,baseline,0,200,3,9,11,5.347501606057469,True,True,,perf/incremental-yamada-frontier-order,1d8374f42cccbb16d78d44100a65ca603d7d1997,3.14.7,macOS-26.6.2-arm64-arm-64bit-Mach-O,arm,0.03208204102702439,0.14761658303905278,0.029763041995465755,0.006625958951190114,0.006746000028215349,0.013259499915875494,2.1666986867785454e-05,0.006901959073729813,0.00710612500552088,0.0005699999164789915,0.027859250898472965,0.07101349998265505,6.0333055444061756e-05,0.14218383294064552,0.008949792012572289,0.1511336249532178,1.3542012311518192e-05,7.487495895475149e-05,0.07996329199522734,0.2596619160613045,0.40598262508865446
2177,random_2174,random_cycle_chord,20260823,crossing_rich,2,200,4,9,12,6.073025804062738,True,True,,perf/incremental-yamada-frontier-order,1d8374f42cccbb16d78d44100a65ca603d7d1997,3.14.7,macOS-26.6.2-arm64-arm-64bit-Mach-O,arm,0.03890929196495563,0.14841616700869054,0.05280629196204245,0.008550165919587016,0.009098457987420261,0.01793962495867163,2.845900598913431e-05,0.009307916974648833,0.009736625012010336,0.0009466669289395213,0.037959292880259454,0.10843987495172769,6.900005973875523e-05,0.15590599994175136,0.016848291968926787,0.17275429191067815,1.879199407994747e-05,0.0001063330564647913,0.12528816692065448,0.31261362589430064,0.4727705419063568
2178,random_2175,random_cycle_chord,20260823,crossing_rich,5,200,5,8,12,4.199023085532382,True,True,,perf/incremental-yamada-frontier-order,1d8374f42cccbb16d78d44100a65ca603d7d1997,3.14.7,macOS-26.6.2-arm64-arm-64bit-Mach-O,arm,0.03065987501759082,0.14849475002847612,0.03503183298744261,0.010742333019152284,0.012523166020400822,0.024843666004016995,3.75829404219985e-05,0.012808750034309924,0.013574249926023185,0.001378374989144504,0.05264262389391661,0.11097333300858736,0.00017033307813107967,0.16107333300169557,0.02860025002155453,0.1896735830232501,7.179193198680878e-05,0.00016516703180968761,0.1395735830301419,0.31872820807620883,0.484546042047441
2179,random_2176,random_cycle_chord,20260823,baseline,0,200,3,11,13,5.227083416266028,True,True,,perf/incremental-yamada-frontier-order,1d8374f42cccbb16d78d44100a65ca603d7d1997,3.14.7,macOS-26.6.2-arm64-arm-64bit-Mach-O,arm,0.0369328340748325,0.1480247910367325,0.0258645829744637,0.00674170907586813,0.006562249967828393,0.012968208058737218,2.2208085283637047e-05,0.006706207990646362,0.006867625052109361,0.0005402909591794014,0.02710454014595598,0.06629145808983594,6.437499541789293e-05,0.1679331249324605,0.009391666972078383,0.17732479190453887,1.5416997484862804e-05,7.25829740986228e-05,0.07568312506191432,0.2606407501734793,0.4327211659401655
2180,random_2177,random_cycle_chord,20260823,crossing_rich,2,200,4,8,11,6.603863031325858,True,True,,perf/incremental-yamada-frontier-order,1d8374f42cccbb16d78d44100a65ca603d7d1997,3.14.7,macOS-26.6.2-arm64-arm-64bit-Mach-O,arm,0.04509700008202344,0.22204416699241847,0.057101250044070184,0.009451290941797197,0.00913329201284796,0.017868875060230494,3.466696944087744e-05,0.0092904589837417,0.009758666972629726,0.0010465419618412852,0.03799920994788408,0.113715665997006,7.62079143896699e-05,0.16114095808006823,0.02377870900090784,0.18491966708097607,5.7541998103260994e-05,0.00025158305652439594,0.13749437499791384,0.40463554207235575,0.5708549999399111
2181,random_2178,random_cycle_chord,20260823,baseline,0,200,3,9,11,5.394601746731449,True,True,,perf/incremental-yamada-frontier-order,1d8374f42cccbb16d78d44100a65ca603d7d1997,3.14.7,macOS-26.6.2-arm64-arm-64bit-Mach-O,arm,0.03930470801424235,0.17998245800845325,0.03246758400928229,0.008097333018667996,0.007648958009667695,0.014986834023147821,2.5707995519042015e-05,0.008003790979273617,0.008040459011681378,0.000607083085924387,0.031663875095546246,0.07990200002677739,8.087500464171171e-05,0.17150645900983363,0.010533042019233108,0.18203950102906674,2.1000043489038944e-05,8.558400440961123e-05,0.0904350420460105,0.3097222080687061,0.48622941598296165
2182,random_2179,random_cycle_chord,20260823,baseline,0,200,3,15,17,4.049851672186859,True,True,,perf/incremental-yamada-frontier-order,1d8374f42cccbb16d78d44100a65ca603d7d1997,3.14.7,macOS-26.6.2-arm64-arm-64bit-Mach-O,arm,0.04884333303198218,0.17283150006551296,0.018453750060871243,0.007407791912555695,0.007388749974779785,0.014479209086857736,2.3916945792734623e-05,0.007530041970312595,0.008155624964274466,0.0006501250900328159,0.030838918057270348,0.0641123749082908,9.749992750585079e-05,1.5539825420128182,0.00888787501025945,1.5628704170230776,1.7125043086707592e-05,0.00010408402886241674,0.07300024991855025,0.2946750830160454,1.8533959169872105
2183,random_2180,random_cycle_chord,20260823,baseline,0,200,4,11,14,4.0496059005501746,True,True,,perf/incremental-yamada-frontier-order,1d8374f42cccbb16d78d44100a65ca603d7d1997,3.14.7,macOS-26.6.2-arm64-arm-64bit-Mach-O,arm,0.0347883339272812,0.1511389169609174,0.02405570901464671,0.008248374913819134,0.008616000064648688,0.016952125006355345,2.929195761680603e-05,0.00889645901042968,0.009194709011353552,0.0007424580398947,0.035815043025650084,0.07676145795267075,7.654097862541676e-05,0.2008594999788329,0.012973833945579827,0.21383333392441273,2.9999995604157448e-05,9.587500244379044e-05,0.08973529189825058,0.2756625427864492,0.4809507910395041
2184,random_2181,random_cycle_chord,20260823,crossing_rich,5,200,5,8,12,4.197019373757324,True,True,,perf/incremental-yamada-frontier-order,1d8374f42cccbb16d78d44100a65ca603d7d1997,3.14.7,macOS-26.6.2-arm64-arm-64bit-Mach-O,arm,0.033856208086945117,0.16372366691939533,0.04722283303271979,0.013363957987166941,0.013986165984533727,0.027473125024698675,5.766598042100668e-05,0.014416874968446791,0.015070665976963937,0.0015046249609440565,0.058522956911474466,0.13314295804593712,0.00020249991212040186,0.4413000410422683,0.06425733305513859,0.5055573740974069,7.54169886931777e-05,0.00023391703143715858,0.1974002911010757,0.39498016610741615,0.8408991249743849
2185,random_2182,random_cycle_chord,20260823,crossing_rich,5,200,6,11,16,4.593571943640368,True,True,,perf/incremental-yamada-frontier-order,1d8374f42cccbb16d78d44100a65ca603d7d1997,3.14.7,macOS-26.6.2-arm64-arm-64bit-Mach-O,arm,0.05842374998610467,0.202852625050582,0.05303133302368224,0.01498275005724281,0.015255708945915103,0.029871458071283996,5.6042103096842766e-05,0.015503417002037168,0.016330792102962732,0.0017775840824469924,0.06353929336182773,0.14685904106590897,0.00010895892046391964,0.2501222079154104,0.03529358399100602,0.2854157919064164,6.337498780339956e-05,0.00019812502432614565,0.18215262505691499,0.44342900009360164,0.6992641250835732
2186,random_2183,random_cycle_chord,20260823,baseline,0,200,4,11,14,4.063545785637206,True,True,,perf/incremental-yamada-frontier-order,1d8374f42cccbb16d78d44100a65ca603d7d1997,3.14.7,macOS-26.6.2-arm64-arm-64bit-Mach-O,arm,0.039791874936781824,0.2737056249752641,0.026560500031337142,0.010504790931008756,0.010619958979077637,0.020931915962137282,6.416591349989176e-05,0.010902166017331183,0.011481958092190325,0.0010517920600250363,0.04443199804518372,0.09216304100118577,0.0001521250233054161,0.2254015839425847,0.012159375008195639,0.23756095895078033,3.2334006391465664e-05,0.00010570802260190248,0.10432241600938141,0.4178199159214273,0.6497034999774769
2187,random_2184,random_cycle_chord,20260823,baseline,0,200,3,9,11,5.36482400017068,True,True,,perf/incremental-yamada-frontier-order,1d8374f42cccbb16d78d44100a65ca603d7d1997,3.14.7,macOS-26.6.2-arm64-arm-64bit-Mach-O,arm,0.03742908302228898,0.1703918749699369,0.031217082985676825,0.007614084053784609,0.007313124951906502,0.014402875094674528,2.4124979972839355e-05,0.007446207921020687,0.007606417057104409,0.0005999580025672913,0.030079583055339754,0.07624558301176876,7.379206363111734e-05,0.16133316699415445,0.009464957984164357,0.1707981249783188,1.6832957044243813e-05,7.979106158018112e-05,0.08571054099593312,0.293531498988159,0.45973754196893424
2188,random_2185,random_cycle_chord,20260823,baseline,0,200,3,8,10,6.19521384742289,True,True,,perf/incremental-yamada-frontier-order,1d8374f42cccbb16d78d44100a65ca603d7d1997,3.14.7,macOS-26.6.2-arm64-arm-64bit-Mach-O,arm,0.03717604198027402,0.16611312504392117,0.035583541030064225,0.00807283294852823,0.007421665941365063,0.014649833086878061,2.5957939215004444e-05,0.007645334000699222,0.00783604197204113,0.0006292921025305986,0.030786459101364017,0.08188608288764954,8.558400440961123e-05,0.14255012501962483,0.009930709027685225,0.15248083404731005,1.8666964024305344e-05,8.566700853407383e-05,0.09181679191533476,0.29510595893952996,0.44261820800602436
2189,random_2186,random_cycle_chord,20260823,baseline,0,200,3,13,15,4.571035475219209,True,True,,perf/incremental-yamada-frontier-order,1d8374f42cccbb16d78d44100a65ca603d7d1997,3.14.7,macOS-26.6.2-arm64-arm-64bit-Mach-O,arm,0.04214983293786645,0.1594535830663517,0.021532875020056963,0.007369833067059517,0.007148749893531203,0.014015958062373102,2.2249994799494743e-05,0.007275874959304929,0.0075069579761475325,0.000571915996260941,0.029392956988886,0.0654647919582203,8.516700472682714e-05,0.20703491591848433,0.010333374957554042,0.21736829087603837,2.466596197336912e-05,8.662499021738768e-05,0.07579816691577435,0.2774015829199925,0.4889837079681456
2190,random_2187,random_cycle_chord,20260823,crossing_rich,4,200,5,10,14,5.6297041190149075,True,True,,perf/incremental-yamada-frontier-order,1d8374f42cccbb16d78d44100a65ca603d7d1997,3.14.7,macOS-26.6.2-arm64-arm-64bit-Mach-O,arm,0.04627275001257658,0.15786141599528491,0.0504387499531731,0.011155374930240214,0.011917875031940639,0.023548458004370332,3.90420900657773e-05,0.012201417004689574,0.012831499916501343,0.0013029170222580433,0.04992333403788507,0.1234700420172885,8.737493772059679e-05,0.1891297500114888,0.023503625066950917,0.2126333750784397,2.470891922712326e-05,0.00014366605319082737,0.14697366708423942,0.3511078330921009,0.5449418750358745
2191,random_2188,random_cycle_chord,20260823,crossing_rich,5,200,5,9,13,4.285622988009911,True,True,,perf/incremental-yamada-frontier-order,1d8374f42cccbb16d78d44100a65ca603d7d1997,3.14.7,macOS-26.6.2-arm64-arm-64bit-Mach-O,arm,0.03384029190056026,0.14948741695843637,0.04184308391995728,0.010834582964889705,0.012242584023624659,0.024122791946865618,3.687501884996891e-05,0.012509624939411879,0.013215542072430253,0.001395624945871532,0.05128045892342925,0.11623400007374585,7.79579859226942e-05,0.17477316700387746,0.027085374924354255,0.20185854192823172,3.2791984267532825e-05,0.00015841692220419645,0.1433193749981001,0.32664708385709673,0.5058348340680823
2192,random_2189,random_cycle_chord,20260823,crossing_rich,2,200,4,10,13,5.627030811118957,True,True,,perf/incremental-yamada-frontier-order,1d8374f42cccbb16d78d44100a65ca603d7d1997,3.14.7,macOS-26.6.2-arm64-arm-64bit-Mach-O,arm,0.040313374949619174,0.14833804091904312,0.04576554195955396,0.008805082994513214,0.009285832988098264,0.018332625040784478,3.02919652312994e-05,0.009533209027722478,0.009884583996608853,0.0008925840957090259,0.038673294126056135,0.10255670791957527,7.349997758865356e-05,0.24981191707774997,0.01519729197025299,0.26500920904800296,1.941609662026167e-05,9.620795026421547e-05,0.11775399988982826,0.30640541575849056,0.5603164579952136
2193,random_2190,random_cycle_chord,20260823,baseline,0,200,4,15,18,4.0441864391963405,True,True,,perf/incremental-yamada-frontier-order,1d8374f42cccbb16d78d44100a65ca603d7d1997,3.14.7,macOS-26.6.2-arm64-arm-64bit-Mach-O,arm,0.04321995796635747,0.1479615840362385,0.019534457940608263,0.0075023750541731715,0.007589042070321739,0.014936374966055155,2.8791953809559345e-05,0.007765415939502418,0.007999915978871286,0.0007565829437226057,0.031487081781961024,0.06613908300641924,8.170807268470526e-05,0.23085054103285074,0.01173312496393919,0.24258366599678993,1.837499439716339e-05,8.575001265853643e-05,0.07787220797035843,0.2690537499729544,0.5041753749828786
2194,random_2191,random_cycle_chord,20260823,crossing_rich,5,200,5,8,12,4.24047039200526,True,True,,perf/incremental-yamada-frontier-order,1d8374f42cccbb16d78d44100a65ca603d7d1997,3.14.7,macOS-26.6.2-arm64-arm-64bit-Mach-O,arm,0.030743874958716333,0.14865533402189612,0.04041095799766481,0.010972624993883073,0.012487667030654848,0.024637334048748016,3.670796286314726e-05,0.012796374969184399,0.013396042049862444,0.001368124969303608,0.052234583999961615,0.11613879108335823,0.00016091694124042988,0.1616045000264421,0.027610041899606586,0.1892145419260487,2.5499961338937283e-05,0.0001532500609755516,0.1437488329829648,0.32314804196357727,0.4893646249547601
2195,random_2192,random_cycle_chord,20260823,baseline,0,200,3,9,11,5.382949940461702,True,True,,perf/incremental-yamada-frontier-order,1d8374f42cccbb16d78d44100a65ca603d7d1997,3.14.7,macOS-26.6.2-arm64-arm-64bit-Mach-O,arm,0.03299370803870261,0.1532757499953732,0.025684083928354084,0.006957334000617266,0.007041792036034167,0.01383316598366946,2.2332998923957348e-05,0.007171999895945191,0.007356124930083752,0.000523374998010695,0.028906998806633055,0.06860962498467416,6.020907312631607e-05,0.14232916699256748,0.008812583982944489,0.15114175097551197,1.9666971638798714e-05,7.424992509186268e-05,0.07742220896761864,0.26369166700169444,0.4102019580313936
2196,random_2193,random_cycle_chord,20260823,baseline,0,200,4,11,14,4.065549013199216,True,True,,perf/incremental-yamada-frontier-order,1d8374f42cccbb16d78d44100a65ca603d7d1997,3.14.7,macOS-26.6.2-arm64-arm-64bit-Mach-O,arm,0.03478474996518344,0.14800470892805606,0.02371295797638595,0.007681499933823943,0.007678791997022927,0.015096375020220876,2.920802216976881e-05,0.0077990839490666986,0.008052624994888902,0.0007390000391751528,0.0317162920255214,0.07081604097038507,8.270901162177324e-05,0.18037891702260822,0.011439250083640218,0.19181816710624844,2.604199107736349e-05,8.641602471470833e-05,0.08225529105402529,0.2650447499472648,0.4497495830291882
2197,random_2194,random_cycle_chord,20260823,crossing_rich,4,200,5,8,12,6.602905096211837,True,True,,perf/incremental-yamada-frontier-order,1d8374f42cccbb16d78d44100a65ca603d7d1997,3.14.7,macOS-26.6.2-arm64-arm-64bit-Mach-O,arm,0.042900208034552634,0.14932487497571856,0.06866887502837926,0.011064291000366211,0.012140833074226975,0.024572374997660518,7.466704118996859e-05,0.0134785829577595,0.013798416941426694,0.0016517089679837227,0.0535757509060204,0.14550408301874995,0.0002078750403597951,0.19795729196630418,0.03476316703017801,0.2327204589964822,5.9165991842746735e-05,0.00019391602836549282,0.18026725004892796,0.37249233305919915,0.5753435840597376
2198,random_2195,random_cycle_chord,20260823,baseline,0,200,4,11,14,4.105568635676154,True,True,,perf/incremental-yamada-frontier-order,1d8374f42cccbb16d78d44100a65ca603d7d1997,3.14.7,macOS-26.6.2-arm64-arm-64bit-Mach-O,arm,0.04292591696139425,0.2520360000198707,0.029826082987710834,0.01167608390096575,0.011067084036767483,0.02162024995777756,5.3416937589645386e-05,0.011502041015774012,0.012358541949652135,0.0009766670409590006,0.04651091690175235,0.09916308289393783,0.00011766597162932158,0.2815837919479236,0.017491291975602508,0.2990750839235261,3.925000783056021e-05,0.0001264589373022318,0.11665437486954033,0.4116162918508053,0.6991512909298763
2199,random_2196,random_cycle_chord,20260823,baseline,0,200,3,11,13,4.059036221500116,True,True,,perf/incremental-yamada-frontier-order,1d8374f42cccbb16d78d44100a65ca603d7d1997,3.14.7,macOS-26.6.2-arm64-arm-64bit-Mach-O,arm,0.0487830420024693,0.21831508295144886,0.035606457968242466,0.011338166077621281,0.012307708035223186,0.03334037493914366,9.987503290176392e-05,0.01218287495430559,0.012203791993670166,0.0008792500011622906,0.05870616692118347,0.11801654193550348,0.00013191602192819118,0.26746708306018263,0.012133334064856172,0.2796004171250388,3.350002225488424e-05,0.00010541698429733515,0.13014987600035965,0.3972480009542778,0.7182724579470232
2200,random_2197,random_cycle_chord,20260823,baseline,0,200,3,9,11,5.3894585293277055,True,True,,perf/incremental-yamada-frontier-order,1d8374f42cccbb16d78d44100a65ca603d7d1997,3.14.7,macOS-26.6.2-arm64-arm-64bit-Mach-O,arm,0.046281542046926916,0.21210400003474206,0.03773283399641514,0.009463374968618155,0.010366000002250075,0.018680291948840022,5.249993409961462e-05,0.009221125044859946,0.008912790915928781,0.000656957970932126,0.03752366581466049,0.09514624997973442,0.00010108295828104019,0.18524304090533406,0.012296417029574513,0.19753945793490857,2.6833033189177513e-05,0.00010591594036668539,0.10744266700930893,0.3658282090909779,0.557017624960281
2201,random_2198,random_cycle_chord,20260823,baseline,0,200,3,10,12,4.653321500789176,True,True,,perf/incremental-yamada-frontier-order,1d8374f42cccbb16d78d44100a65ca603d7d1997,3.14.7,macOS-26.6.2-arm64-arm-64bit-Mach-O,arm,0.04347391694318503,0.1954244589433074,0.027461084071546793,0.00872041704133153,0.008385707973502576,0.016355125000700355,3.933394327759743e-05,0.008549374993890524,0.008873249986208975,0.0007613339694216847,0.034578417893499136,0.07917420810554177,0.00010533398017287254,0.2584629589691758,0.015132499975152314,0.27359545894432813,2.9374961741268635e-05,0.0001153330085799098,0.09430670808069408,0.3332050839671865,0.5971915409900248
2202,random_2199,random_cycle_chord,20260823,baseline,0,200,3,9,11,5.3469337571388715,True,True,,perf/incremental-yamada-frontier-order,1d8374f42cccbb16d78d44100a65ca603d7d1997,3.14.7,macOS-26.6.2-arm64-arm-64bit-Mach-O,arm,0.04499166598543525,0.20002312504220754,0.0363124170107767,0.009389957995153964,0.009022708050906658,0.017109917011111975,4.75830165669322e-05,0.008986584027297795,0.009129125042818487,0.000696792034432292,0.03597000113222748,0.09072054200805724,0.00012216600589454174,0.18688404199201614,0.010602291906252503,0.19748633389826864,6.17500627413392e-05,9.224994573742151e-05,0.10132283391430974,0.3463376249419525,0.5389990831026807
2203,random_2200,random_cycle_chord,20260823,crossing_rich,4,200,5,8,12,6.593909102343782,True,True,,perf/incremental-yamada-frontier-order,1d8374f42cccbb16d78d44100a65ca603d7d1997,3.14.7,macOS-26.6.2-arm64-arm-64bit-Mach-O,arm,0.05854041699785739,0.24428137496579438,0.0885792919434607,0.014092000084929168,0.014840333024039865,0.029111625044606626,8.695793803781271e-05,0.015711375046521425,0.014977000071667135,0.0017060000682249665,0.061592958169057965,0.1791741659399122,0.00024820794351398945,0.22076670895330608,0.037197083001956344,0.2579637919552624,3.6375015042722225e-05,0.00021041696891188622,0.21637124894186854,0.5191930409055203,0.7462705000070855
2204,random_2201,random_cycle_chord,20260823,crossing_rich,2,200,4,9,12,5.835534262846983,True,True,,perf/incremental-yamada-frontier-order,1d8374f42cccbb16d78d44100a65ca603d7d1997,3.14.7,macOS-26.6.2-arm64-arm-64bit-Mach-O,arm,0.05328770901542157,0.18865549995098263,0.06367633305490017,0.01159949996508658,0.011258833925239742,0.024475625017657876,8.616701234132051e-05,0.012485292041674256,0.012028292054310441,0.0013775411061942577,0.05045291723217815,0.13702879194170237,0.00014124996960163116,0.27267249999567866,0.03583637496922165,0.3085088749649003,4.75000124424696e-05,0.0001646250020712614,0.17286516691092402,0.4148083758773282,0.6932511249324307
2205,random_2202,random_cycle_chord,20260823,crossing_rich,2,200,4,11,14,5.223219357926169,True,True,,perf/incremental-yamada-frontier-order,1d8374f42cccbb16d78d44100a65ca603d7d1997,3.14.7,macOS-26.6.2-arm64-arm-64bit-Mach-O,arm,0.05986637494061142,0.20758545899298042,0.06442675006110221,0.01396087498869747,0.013673749985173345,0.02678883308544755,7.400009781122208e-05,0.013464333023875952,0.015644166036508977,0.0012279590591788292,0.05719929130282253,0.1493381669279188,0.00020737492013722658,0.26044358394574374,0.02141179097816348,0.2818553749239072,4.099996294826269e-05,0.0001603750279173255,0.17074995790608227,0.4382017918396741,0.7051115829963237
2206,random_2203,random_cycle_chord,20260823,baseline,0,200,3,10,12,5.621551017122179,True,True,,perf/incremental-yamada-frontier-order,1d8374f42cccbb16d78d44100a65ca603d7d1997,3.14.7,macOS-26.6.2-arm64-arm-64bit-Mach-O,arm,0.052085749921388924,0.21200891595799476,0.03975841694045812,0.010678791906684637,0.010752041009254754,0.07176041696220636,9.633391164243221e-05,0.01094358297996223,0.011707458994351327,0.0009183749789372087,0.09542616782709956,0.1566717920359224,0.00018216599710285664,0.24630562507081777,0.014083124930039048,0.2603887500008568,2.850010059773922e-05,0.00010991690214723349,0.17075491696596146,0.43484958284534514,0.6873741659801453
2207,random_2204,random_cycle_chord,20260823,baseline,0,200,4,10,13,4.687620114064108,True,True,,perf/incremental-yamada-frontier-order,1d8374f42cccbb16d78d44100a65ca603d7d1997,3.14.7,macOS-26.6.2-arm64-arm-64bit-Mach-O,arm,0.05220970802474767,0.20593162497971207,0.028883832972496748,0.0095059999730438,0.00953404197935015,0.017867165966890752,5.47909876331687e-05,0.010530540952458978,0.009813708020374179,0.0009199170162901282,0.039186122943647206,0.08715695899445564,0.00014504208229482174,0.19392641598824412,0.012842792086303234,0.20676920807454735,3.229198046028614e-05,0.0001064579701051116,0.09999975108075887,0.3581410840852186,0.5577496249461547
2208,random_2205,random_cycle_chord,20260823,baseline,0,200,3,12,14,4.874128602610299,True,True,,perf/incremental-yamada-frontier-order,1d8374f42cccbb16d78d44100a65ca603d7d1997,3.14.7,macOS-26.6.2-arm64-arm-64bit-Mach-O,arm,0.042969999951310456,0.16723087499849498,0.0259687079815194,0.007678582915104926,0.008124290965497494,0.01565137493889779,6.550003308802843e-05,0.008006707997992635,0.00836095807608217,0.0006196670001372695,0.03270420804619789,0.07452341599855572,0.0001068750862032175,0.2037326249992475,0.008858375018462539,0.21259100001771003,1.991703175008297e-05,7.974996697157621e-05,0.08338179101701826,0.2935826659668237,0.5020102499984205
2209,random_2206,random_cycle_chord,20260823,crossing_rich,4,200,5,11,15,4.610981693810049,True,True,,perf/incremental-yamada-frontier-order,1d8374f42cccbb16d78d44100a65ca603d7d1997,3.14.7,macOS-26.6.2-arm64-arm-64bit-Mach-O,arm,0.04293337499257177,0.16700904094614089,0.04901108401827514,0.011050374945625663,0.012052292004227638,0.023834167048335075,5.829194560647011e-05,0.012335625011473894,0.012984041939489543,0.001400417066179216,0.0506125430110842,0.12276862503495067,9.391689673066139e-05,0.2364337919279933,0.029312624945305288,0.2657464168732986,4.9791065976023674e-05,0.00017504196148365736,0.15208124998025596,0.3620236659189686,0.6034791669808328
2210,random_2207,random_cycle_chord,20260823,crossing_rich,4,200,5,8,12,6.603621597645616,True,True,,perf/incremental-yamada-frontier-order,1d8374f42cccbb16d78d44100a65ca603d7d1997,3.14.7,macOS-26.6.2-arm64-arm-64bit-Mach-O,arm,0.04791408299934119,0.15888537501450628,0.06717512500472367,0.010243333992548287,0.011059958022087812,0.021769125014543533,3.9792037568986416e-05,0.011303709005005658,0.012118457932956517,0.0014429159928113222,0.046673999982886016,0.13518895895686,0.00016616703942418098,0.18180241691879928,0.04238462494686246,0.22418704186566174,3.883300814777613e-05,0.00019095907919108868,0.17757358390372247,0.38437304191756994,0.5713406249415129
2211,random_2208,random_cycle_chord,20260823,baseline,0,200,3,9,11,5.374030255751289,True,True,,perf/incremental-yamada-frontier-order,1d8374f42cccbb16d78d44100a65ca603d7d1997,3.14.7,macOS-26.6.2-arm64-arm-64bit-Mach-O,arm,0.038935250020585954,0.15987866593059152,0.029339791042730212,0.006955999997444451,0.0067214589798823,0.013222582987509668,2.4082954041659832e-05,0.006877749925479293,0.007027999963611364,0.0005630420055240393,0.027715457836166024,0.07075329101644456,6.37909397482872e-05,0.1477448339574039,0.008796999929472804,0.1565418338868767,1.5749945305287838e-05,7.28340819478035e-05,0.07955029094591737,0.27836420689709485,0.43059500004164875
2212,random_2209,random_cycle_chord,20260823,baseline,0,200,3,11,13,4.065917433052765,True,True,,perf/incremental-yamada-frontier-order,1d8374f42cccbb16d78d44100a65ca603d7d1997,3.14.7,macOS-26.6.2-arm64-arm-64bit-Mach-O,arm,0.03322029206901789,0.16071041696704924,0.02302829106338322,0.006844084011390805,0.006707375054247677,0.013192291022278368,2.2875028662383556e-05,0.006854416918940842,0.007054208079352975,0.0005712499842047691,0.027695041033439338,0.0642950419569388,6.587500683963299e-05,0.17386683309450746,0.009344915975816548,0.183211749070324,1.4041084796190262e-05,7.291592191904783e-05,0.07363995793275535,0.2675706669688225,0.4458587080007419
2213,random_2210,random_cycle_chord,20260823,baseline,0,200,3,8,10,6.19542889275272,True,True,,perf/incremental-yamada-frontier-order,1d8374f42cccbb16d78d44100a65ca603d7d1997,3.14.7,macOS-26.6.2-arm64-arm-64bit-Mach-O,arm,0.03458641702309251,0.20783029193989933,0.038551124976947904,0.008447124972008169,0.007769874995574355,0.015158375026658177,4.312500823289156e-05,0.008056041900999844,0.009080999996513128,0.0007127500139176846,0.033051291946321726,0.08784708299208432,0.00011587492190301418,0.16391133307479322,0.01109620789065957,0.1750075409654528,2.5416957214474678e-05,0.00010562501847743988,0.0989432908827439,0.34135999984573573,0.5123650840250775
2214,random_2211,random_cycle_chord,20260823,baseline,0,200,3,9,11,5.352805322126061,True,True,,perf/incremental-yamada-frontier-order,1d8374f42cccbb16d78d44100a65ca603d7d1997,3.14.7,macOS-26.6.2-arm64-arm-64bit-Mach-O,arm,0.03814533294644207,0.18825949996244162,0.029734874959103763,0.007573166978545487,0.007328582927584648,0.014515832997858524,4.383292980492115e-05,0.007714250008575618,0.007769417017698288,0.0006364999571815133,0.030679832911118865,0.07534358301199973,8.483394049108028e-05,0.16975758399348706,0.011215750011615455,0.18097333400510252,2.1125073544681072e-05,9.629200212657452e-05,0.08655933302361518,0.3129641659324989,0.4875547910341993
2215,random_2212,random_cycle_chord,20260823,crossing_rich,3,200,4,10,13,4.131324872833127,True,True,,perf/incremental-yamada-frontier-order,1d8374f42cccbb16d78d44100a65ca603d7d1997,3.14.7,macOS-26.6.2-arm64-arm-64bit-Mach-O,arm,0.03832708299160004,0.16863629093859345,0.06003783398773521,0.02970045804977417,0.018549500033259392,0.038791875005699694,9.829190094023943e-05,0.02076800004579127,0.019471790990792215,0.00141737493686378,0.0805473328800872,0.1889368339907378,0.00014266697689890862,0.37150229199323803,0.03120245796162635,0.4027047499548644,0.0010502920486032963,0.00035349989775568247,0.22013929195236415,0.42710266588255763,0.8129899580962956
2216,random_2213,random_cycle_chord,20260823,baseline,0,200,3,11,13,5.227614303107949,True,True,,perf/incremental-yamada-frontier-order,1d8374f42cccbb16d78d44100a65ca603d7d1997,3.14.7,macOS-26.6.2-arm64-arm-64bit-Mach-O,arm,0.07158737501595169,0.25287733401637524,0.03927966603077948,0.011119415983557701,0.012473416980355978,0.023482542019337416,8.129095658659935e-05,0.011091749998740852,0.011315750074572861,0.0009517919970676303,0.04692312504630536,0.10988270898815244,0.00014187500346451998,0.29673216701485217,0.0182875000173226,0.31501966703217477,2.8499984182417393e-05,0.0001200829865410924,0.12817020900547504,0.452634918037802,0.7560224999906495
2217,random_2214,random_cycle_chord,20260823,baseline,0,200,3,11,13,4.077824374481368,True,True,,perf/incremental-yamada-frontier-order,1d8374f42cccbb16d78d44100a65ca603d7d1997,3.14.7,macOS-26.6.2-arm64-arm-64bit-Mach-O,arm,0.05185779195744544,0.23792216705624014,0.038433457957580686,0.011034124996513128,0.010579916066490114,0.022598166950047016,7.633399218320847e-05,0.011004457948729396,0.011587042012251914,0.0008996670367196202,0.046165667939931154,0.10626216698437929,0.0001432080753147602,0.260504792095162,0.01484166702721268,0.27534645912237465,2.8665992431342602e-05,0.00011220807209610939,0.12110383401159197,0.41088379302527755,0.6787871670676395
2218,random_2215,random_cycle_chord,20260823,baseline,0,200,3,11,13,5.2270312435413375,True,True,,perf/incremental-yamada-frontier-order,1d8374f42cccbb16d78d44100a65ca603d7d1997,3.14.7,macOS-26.6.2-arm64-arm-64bit-Mach-O,arm,0.054802749888040125,0.21303720795549452,0.045278541976585984,0.010735042043961585,0.011296999990008771,0.02221079100854695,6.845791358500719e-05,0.012728999950923026,0.011926708044484258,0.0009051250526681542,0.04784008197020739,0.1152497079456225,0.00014029198791831732,0.3172406250378117,0.017381166922859848,0.33462179196067154,2.8084032237529755e-05,0.00011804199311882257,0.13263087486848235,0.400470832712017,0.7241779169999063
2219,random_2216,random_cycle_chord,20260823,crossing_rich,2,200,4,8,11,6.368649273996856,True,True,,perf/incremental-yamada-frontier-order,1d8374f42cccbb16d78d44100a65ca603d7d1997,3.14.7,macOS-26.6.2-arm64-arm-64bit-Mach-O,arm,0.06159762502647936,0.22850550001021475,0.07660337502602488,0.014007583959028125,0.013288249960169196,0.024691083002835512,8.237501606345177e-05,0.01253204105887562,0.013158000074326992,0.0012937919236719608,0.05175729107577354,0.15572674991562963,0.00012958399020135403,0.21251400001347065,0.02878129098098725,0.2412952909944579,3.733299672603607e-05,0.00017912499606609344,0.18450804089661688,0.474611165933311,0.6953018329804763
2220,random_2217,random_cycle_chord,20260823,baseline,0,200,3,9,11,5.368612819632595,True,True,,perf/incremental-yamada-frontier-order,1d8374f42cccbb16d78d44100a65ca603d7d1997,3.14.7,macOS-26.6.2-arm64-arm-64bit-Mach-O,arm,0.04295404197182506,0.17450295807793736,0.02451308397576213,0.007136416039429605,0.0071717919781804085,0.014149249996989965,2.4875043891370296e-05,0.007325708982534707,0.007507124915719032,0.0005507910391315818,0.029557749978266656,0.06840037496294826,6.65419502183795e-05,0.14394720795098692,0.008698416990227997,0.15264562494121492,1.5874975360929966e-05,7.262500002980232e-05,0.07709879195317626,0.2945557920029387,0.4427895420230925
2221,random_2218,random_cycle_chord,20260823,baseline,0,200,4,15,18,4.0451867155953884,True,True,,perf/incremental-yamada-frontier-order,1d8374f42cccbb16d78d44100a65ca603d7d1997,3.14.7,macOS-26.6.2-arm64-arm-64bit-Mach-O,arm,0.04481075005605817,0.1484046659898013,0.022985084098763764,0.008166333078406751,0.008844750002026558,0.017516166903078556,3.774999640882015e-05,0.009072292014025152,0.00931195798330009,0.0007536249468103051,0.03669179184362292,0.07671537506394088,0.00010449998080730438,0.23279987508431077,0.011111415922641754,0.24391129100695252,1.7750076949596405e-05,8.691695984452963e-05,0.08782679098658264,0.2810422070324421,0.5182586669689044
2222,random_2219,random_cycle_chord,20260823,baseline,0,200,4,15,18,4.045456226847417,True,True,,perf/incremental-yamada-frontier-order,1d8374f42cccbb16d78d44100a65ca603d7d1997,3.14.7,macOS-26.6.2-arm64-arm-64bit-Mach-O,arm,0.04374833300244063,0.14803570799995214,0.020821374957449734,0.0076422919519245625,0.007806665962561965,0.015306291985325515,2.8959009796380997e-05,0.007957416935823858,0.008201625081710517,0.0007263750303536654,0.03222066804300994,0.06851725000888109,0.00010187504813075066,0.23690958402585238,0.011495082988403738,0.24840466701425612,1.954101026058197e-05,8.66670161485672e-05,0.08001233299728483,0.2717963739996776,0.513015583041124
2223,random_2220,random_cycle_chord,20260823,baseline,0,200,4,11,14,4.110015090300326,True,True,,perf/incremental-yamada-frontier-order,1d8374f42cccbb16d78d44100a65ca603d7d1997,3.14.7,macOS-26.6.2-arm64-arm-64bit-Mach-O,arm,0.03480395791120827,0.14859941694885492,0.019726666971109807,0.0077539170160889626,0.008284542011097074,0.01630395802203566,2.8540962375700474e-05,0.00847195798996836,0.008679332910105586,0.0007157500367611647,0.03419953992124647,0.06999150000046939,8.454208727926016e-05,0.1811647079885006,0.011177542037330568,0.19234225002583116,1.8457998521625996e-05,8.458294905722141e-05,0.08116904203779995,0.26457241689786315,0.45000633399467915
2224,random_2221,random_cycle_chord,20260823,baseline,0,200,3,8,10,6.133392321621246,True,True,,perf/incremental-yamada-frontier-order,1d8374f42cccbb16d78d44100a65ca603d7d1997,3.14.7,macOS-26.6.2-arm64-arm-64bit-Mach-O,arm,0.03265174990519881,0.14861058292444795,0.03077070799190551,0.0065634159836918116,0.00668049999512732,0.013151958002708852,2.216699067503214e-05,0.006807499914430082,0.007076124893501401,0.0005686670774593949,0.027626416878774762,0.07166033296380192,5.754095036536455e-05,0.12933629099279642,0.009138540946878493,0.13847483193967491,1.4208024367690086e-05,7.058295886963606e-05,0.08079887391068041,0.2620612067403272,0.3955082499887794
2225,random_2222,random_cycle_chord,20260823,crossing_rich,6,200,6,11,16,5.2229792383491205,True,True,,perf/incremental-yamada-frontier-order,1d8374f42cccbb16d78d44100a65ca603d7d1997,3.14.7,macOS-26.6.2-arm64-arm-64bit-Mach-O,arm,0.048334041028283536,0.1597214590292424,0.06506995903328061,0.013763542054221034,0.015034709009341896,0.02890841697808355,6.820890121161938e-05,0.014947583083994687,0.015419667004607618,0.0018168340902775526,0.06116071005817503,0.15509266697335988,0.00012987502850592136,0.22880795900709927,0.03640204097609967,0.26520999998319894,3.450002986937761e-05,0.00019741698633879423,0.19149470794945955,0.3995502080069855,0.6335104999598116
2226,random_2223,random_cycle_chord,20260823,baseline,0,200,3,11,13,5.2260874235112285,True,True,,perf/incremental-yamada-frontier-order,1d8374f42cccbb16d78d44100a65ca603d7d1997,3.14.7,macOS-26.6.2-arm64-arm-64bit-Mach-O,arm,0.04022241593338549,0.1598836249904707,0.025818750029429793,0.007384833064861596,0.007573000038973987,0.014891332946717739,2.2916006855666637e-05,0.007725832983851433,0.007915374939329922,0.0005993340164422989,0.03115479089319706,0.07195212505757809,7.220800034701824e-05,0.17750279197935015,0.009480874985456467,0.18698366696480662,1.5208031982183456e-05,8.083402644842863e-05,0.08143300004303455,0.28153904096689075,0.463533041998744
2227,random_2224,random_cycle_chord,20260823,baseline,0,200,4,13,16,4.565255066802708,True,True,,perf/incremental-yamada-frontier-order,1d8374f42cccbb16d78d44100a65ca603d7d1997,3.14.7,macOS-26.6.2-arm64-arm-64bit-Mach-O,arm,0.04470691701862961,0.1548308340134099,0.02887275000102818,0.009213334065862,0.009650208055973053,0.01804529200308025,3.78340482711792e-05,0.00929608300793916,0.00931791600305587,0.0007845410145819187,0.03748166607692838,0.08525966596789658,9.695801418274641e-05,0.2244967920705676,0.012633250094950199,0.2371300421655178,2.2416003048419952e-05,0.00010020798072218895,0.09789291606284678,0.2974306670948863,0.5266132089309394
2228,random_2225,random_cycle_chord,20260823,baseline,0,200,3,9,11,5.394898103458817,True,True,,perf/incremental-yamada-frontier-order,1d8374f42cccbb16d78d44100a65ca603d7d1997,3.14.7,macOS-26.6.2-arm64-arm-64bit-Mach-O,arm,0.03715358395129442,0.16194912500213832,0.03048954193945974,0.007072625099681318,0.006911124917678535,0.013527957955375314,2.3417058400809765e-05,0.007038541021756828,0.007248332956805825,0.0005748750409111381,0.028413124033249915,0.07290962501429021,7.075001485645771e-05,0.15589745889883488,0.009445082978345454,0.16534254187718034,1.6375095583498478e-05,8.229108061641455e-05,0.08235470799263567,0.2814574169460684,0.44195291702635586
2229,random_2226,random_cycle_chord,20260823,crossing_rich,5,200,6,11,16,4.590239689353318,True,True,,perf/incremental-yamada-frontier-order,1d8374f42cccbb16d78d44100a65ca603d7d1997,3.14.7,macOS-26.6.2-arm64-arm-64bit-Mach-O,arm,0.04611950006801635,0.15690783294849098,0.045918709016405046,0.011836083023808897,0.013644292019307613,0.02700929099228233,4.62500611320138e-05,0.013909499975852668,0.014654667000286281,0.0015834589721634984,0.05720316700171679,0.1286442499840632,9.774998761713505e-05,0.226488915970549,0.03498250001575798,0.26147141598630697,4.091695882380009e-05,0.00018095795530825853,0.16362674999982119,0.3666540830163285,0.5980702500091866
2230,random_2227,random_cycle_chord,20260823,baseline,0,200,3,9,11,5.383086031998169,True,True,,perf/incremental-yamada-frontier-order,1d8374f42cccbb16d78d44100a65ca603d7d1997,3.14.7,macOS-26.6.2-arm64-arm-64bit-Mach-O,arm,0.03594650002196431,0.15579816710669547,0.02553312503732741,0.007069541956298053,0.007387167075648904,0.014586707926355302,2.337503246963024e-05,0.007517416030168533,0.00764258299022913,0.0005465829744935036,0.0303166649537161,0.07032654108479619,6.370805203914642e-05,0.15119437500834465,0.008846790995448828,0.16004116600379348,1.795799471437931e-05,7.587508298456669e-05,0.07917333208024502,0.2709179992089048,0.42650095804128796
2231,random_2228,random_cycle_chord,20260823,baseline,0,200,3,9,11,5.4096224985926025,True,True,,perf/incremental-yamada-frontier-order,1d8374f42cccbb16d78d44100a65ca603d7d1997,3.14.7,macOS-26.6.2-arm64-arm-64bit-Mach-O,arm,0.03523429203778505,0.15799170802347362,0.028582166996784508,0.006809209007769823,0.00689491699449718,0.013530459022149444,2.166710328310728e-05,0.006996624986641109,0.007269958034157753,0.0005790409632027149,0.028397750109434128,0.07070458307862282,6.241700612008572e-05,0.15320883400272578,0.00961312500294298,0.16282195900566876,1.5415949746966362e-05,7.937499321997166e-05,0.0803177080815658,0.27354370814282447,0.4311089579714462
2232,random_2229,random_cycle_chord,20260823,baseline,0,200,3,10,12,4.684976156741698,True,True,,perf/incremental-yamada-frontier-order,1d8374f42cccbb16d78d44100a65ca603d7d1997,3.14.7,macOS-26.6.2-arm64-arm-64bit-Mach-O,arm,0.034170791041105986,0.15724345901980996,0.02133720798883587,0.006834957981482148,0.006761124939657748,0.01356966607272625,2.225011121481657e-05,0.007100916001945734,0.00731983408331871,0.0006125828949734569,0.028625249164178967,0.06357804103754461,6.654206663370132e-05,0.16800508298911154,0.01010604202747345,0.178111125016585,1.7249956727027893e-05,8.549995254725218e-05,0.07368408306501806,0.265098333125934,0.43755587504711
2233,random_2230,random_cycle_chord,20260823,crossing_rich,4,200,5,10,14,5.61775106247998,True,True,,perf/incremental-yamada-frontier-order,1d8374f42cccbb16d78d44100a65ca603d7d1997,3.14.7,macOS-26.6.2-arm64-arm-64bit-Mach-O,arm,0.04626104200724512,0.15758358396124095,0.0597902910085395,0.010482165962457657,0.011849291971884668,0.023371458053588867,3.845803439617157e-05,0.012136375065892935,0.012709208065643907,0.0012767919106408954,0.049532291130162776,0.13168904196936637,8.49580392241478e-05,0.283269084058702,0.026317749987356365,0.30958683404605836,2.645794302225113e-05,0.00014583300799131393,0.15800679195672274,0.3618514179252088,0.6497270839754492
2234,random_2231,random_cycle_chord,20260823,crossing_rich,5,200,5,8,12,4.133783378887116,True,True,,perf/incremental-yamada-frontier-order,1d8374f42cccbb16d78d44100a65ca603d7d1997,3.14.7,macOS-26.6.2-arm64-arm-64bit-Mach-O,arm,0.032657167059369385,0.15955562493763864,0.04277475003618747,0.011574084055610001,0.013313915929757059,0.02619825000874698,3.941706381738186e-05,0.013547707931138575,0.014305292046628892,0.0014550420455634594,0.05554570909589529,0.12324516603257507,0.00020733301062136889,0.171391166979447,0.03355133405420929,0.2049425010336563,2.7959002181887627e-05,0.00017195800319314003,0.15679650008678436,0.3490092920837924,0.5255569170694798
2235,random_2232,random_cycle_chord,20260823,crossing_rich,5,200,5,8,12,4.291692435578656,True,True,,perf/incremental-yamada-frontier-order,1d8374f42cccbb16d78d44100a65ca603d7d1997,3.14.7,macOS-26.6.2-arm64-arm-64bit-Mach-O,arm,0.033229374908842146,0.15645362506620586,0.041313250083476305,0.01119708304759115,0.012997500016354024,0.025683999992907047,3.9207981899380684e-05,0.013268499984405935,0.0139569160528481,0.0013911249116063118,0.054339748923666775,0.11988208396360278,0.00020829204004257917,0.1691107910592109,0.02868774998933077,0.19779854104854167,2.4542096070945263e-05,0.00015370897017419338,0.14856983395293355,0.33825283392798156,0.512392207980156
2236,random_2233,random_cycle_chord,20260823,baseline,0,200,3,11,13,5.225693737767679,True,True,,perf/incremental-yamada-frontier-order,1d8374f42cccbb16d78d44100a65ca603d7d1997,3.14.7,macOS-26.6.2-arm64-arm-64bit-Mach-O,arm,0.03815258399117738,0.15286899998318404,0.028089625062420964,0.00685920799151063,0.006866917014122009,0.013543750043027103,3.2916897907853127e-05,0.007035417016595602,0.007307209074497223,0.0005699159810319543,0.028489209013059735,0.07032570790033787,8.14999220892787e-05,0.18192554102279246,0.009069083025678992,0.19099462404847145,1.6208970919251442e-05,7.670803461223841e-05,0.07939479092601687,0.2704163749003783,0.4566996250068769
2237,random_2234,random_cycle_chord,20260823,baseline,0,200,4,11,14,4.066680108766537,True,True,,perf/incremental-yamada-frontier-order,1d8374f42cccbb16d78d44100a65ca603d7d1997,3.14.7,macOS-26.6.2-arm64-arm-64bit-Mach-O,arm,0.036191374994814396,0.161772207939066,0.02471508295275271,0.008695792057551444,0.009244790999218822,0.018111541052348912,3.241701051592827e-05,0.009366999962367117,0.009636458940804005,0.0007839169120416045,0.03793133387807757,0.0806154579622671,8.483300916850567e-05,0.19565174996387213,0.012661249958910048,0.20831299992278218,2.2792024537920952e-05,0.00010116701014339924,0.09327670792117715,0.29124029085505754,0.4917703749379143
2238,random_2235,random_cycle_chord,20260823,crossing_rich,4,200,5,10,14,5.553386670237568,True,True,,perf/incremental-yamada-frontier-order,1d8374f42cccbb16d78d44100a65ca603d7d1997,3.14.7,macOS-26.6.2-arm64-arm-64bit-Mach-O,arm,0.046286291908472776,0.1618521249620244,0.055964875034987926,0.010703209089115262,0.0113910409854725,0.022525083972141147,4.3332925997674465e-05,0.011680125026032329,0.012407541973516345,0.0014622079906985164,0.04811829188838601,0.12621633405797184,9.066599886864424e-05,0.1977230419870466,0.027887166012078524,0.22561020799912512,2.6124995201826096e-05,0.0001667090691626072,0.15410350007005036,0.3622419169405475,0.5648807499092072
2239,random_2236,random_cycle_chord,20260823,baseline,0,200,3,10,12,4.63438220769422,True,True,,perf/incremental-yamada-frontier-order,1d8374f42cccbb16d78d44100a65ca603d7d1997,3.14.7,macOS-26.6.2-arm64-arm-64bit-Mach-O,arm,0.03374270803760737,0.15635987499263138,0.025188999949023128,0.0071052920538932085,0.0070009579649195075,0.013659332995302975,2.3792032152414322e-05,0.007110874983482063,0.0072908749571070075,0.0005667919758707285,0.02865166694391519,0.06796725001186132,7.883296348154545e-05,0.1531882919371128,0.009170584031380713,0.16235887596849352,1.5583005733788013e-05,7.516599725931883e-05,0.07713783404324204,0.2672404170734808,0.42494779196567833
2240,random_2237,random_cycle_chord,20260823,crossing_rich,2,200,4,8,11,6.439459547724495,True,True,,perf/incremental-yamada-frontier-order,1d8374f42cccbb16d78d44100a65ca603d7d1997,3.14.7,macOS-26.6.2-arm64-arm-64bit-Mach-O,arm,0.03841266606468707,0.15732925001066178,0.0598963750526309,0.008541082963347435,0.008618165971711278,0.01692970795556903,2.9499991796910763e-05,0.009036874980665743,0.009398458991199732,0.0008946249727159739,0.03628916689194739,0.11337166698649526,8.633302059024572e-05,0.14627233403734863,0.015433041960932314,0.16170537599828094,2.050003968179226e-05,0.00010575004853308201,0.12880470894742757,0.3245466250227764,0.4751945410389453
2241,random_2238,random_cycle_chord,20260823,crossing_rich,5,200,5,8,12,4.242470850495298,True,True,,perf/incremental-yamada-frontier-order,1d8374f42cccbb16d78d44100a65ca603d7d1997,3.14.7,macOS-26.6.2-arm64-arm-64bit-Mach-O,arm,0.030989125021733344,0.1480102080386132,0.0410020420094952,0.010785707971081138,0.012431500013917685,0.02452554099727422,3.629096318036318e-05,0.012723832973279059,0.013370957924053073,0.0013450830010697246,0.05200170585885644,0.11625550000462681,0.00026700005400925875,0.2627080000238493,0.02543599996715784,0.28814399999100715,2.3625092580914497e-05,0.00014029198791831732,0.14169149997178465,0.3206908330321312,0.5879053339594975
2242,random_2239,random_cycle_chord,20260823,crossing_rich,4,200,5,10,14,5.626551827475516,True,True,,perf/incremental-yamada-frontier-order,1d8374f42cccbb16d78d44100a65ca603d7d1997,3.14.7,macOS-26.6.2-arm64-arm-64bit-Mach-O,arm,0.04229849996045232,0.14868166693486273,0.05297579197213054,0.009946917067281902,0.011256083962507546,0.022206000052392483,3.63329891115427e-05,0.011528874980285764,0.012109791045077145,0.001291833003051579,0.04717283206991851,0.12138499994762242,8.041702676564455e-05,0.267640708014369,0.024394750013016164,0.2920354580273852,2.3667002096772194e-05,0.00014183309394866228,0.14577974996063858,0.33675991685595363,0.6086087500443682
2243,random_2240,random_cycle_chord,20260823,crossing_rich,3,200,5,11,15,4.687023511497738,True,True,,perf/incremental-yamada-frontier-order,1d8374f42cccbb16d78d44100a65ca603d7d1997,3.14.7,macOS-26.6.2-arm64-arm-64bit-Mach-O,arm,0.03919449995737523,0.1494814578909427,0.04227291699498892,0.009402499999850988,0.01021458301693201,0.020099750021472573,3.674998879432678e-05,0.010472957976162434,0.011050208006054163,0.0012320000678300858,0.04289166606031358,0.10481445805635303,8.558295667171478e-05,0.198483792017214,0.02256454201415181,0.2210483340313658,2.2707972675561905e-05,0.00013445806689560413,0.12737900007050484,0.31605495791882277,0.5190289160236716
2244,random_2241,random_cycle_chord,20260823,baseline,0,200,4,11,14,4.065415168857947,True,True,,perf/incremental-yamada-frontier-order,1d8374f42cccbb16d78d44100a65ca603d7d1997,3.14.7,macOS-26.6.2-arm64-arm-64bit-Mach-O,arm,0.03425791603513062,0.14765108400024474,0.023643458960577846,0.007602334022521973,0.007632749970071018,0.015055332914926112,2.8875074349343777e-05,0.007834583055227995,0.008069667033851147,0.0007083750097081065,0.031696833088062704,0.07060137495864183,7.687509059906006e-05,0.1865298330085352,0.01116658397950232,0.19769641698803753,2.1082931198179722e-05,9.175005834549665e-05,0.08176795893814415,0.2636769589735195,0.4545909590087831
2245,random_2242,random_cycle_chord,20260823,crossing_rich,6,200,6,10,15,5.622854467696318,True,True,,perf/incremental-yamada-frontier-order,1d8374f42cccbb16d78d44100a65ca603d7d1997,3.14.7,macOS-26.6.2-arm64-arm-64bit-Mach-O,arm,0.04692483402322978,0.15052262495737523,0.05898491607513279,0.011627875035628676,0.013428915990516543,0.026538208010606468,4.491698928177357e-05,0.01376687502488494,0.014681000029668212,0.0016339169815182686,0.05666491703595966,0.1407462089555338,0.00020716700237244368,0.29060025000944734,0.031183792045339942,0.3217840420547873,2.9292074032127857e-05,0.0001707079354673624,0.17193000100087374,0.36937745998147875,0.6644439580850303
2246,random_2243,random_cycle_chord,20260823,crossing_rich,3,200,4,8,11,4.1573435381668435,True,True,,perf/incremental-yamada-frontier-order,1d8374f42cccbb16d78d44100a65ca603d7d1997,3.14.7,macOS-26.6.2-arm64-arm-64bit-Mach-O,arm,0.027390083065256476,0.14887245802674443,0.03180220793001354,0.00913383299484849,0.010131333954632282,0.0199404590530321,2.9333983547985554e-05,0.010303667047992349,0.01074295793659985,0.0009400410344824195,0.041956459055654705,0.09305045800283551,6.633403245359659e-05,0.1451252920087427,0.01733158400747925,0.16245687601622194,2.091703936457634e-05,0.00010691594798117876,0.11038204201031476,0.28664458310231566,0.43600895802956074
2247,random_2244,random_cycle_chord,20260823,crossing_rich,5,200,5,8,12,4.200057222537328,True,True,,perf/incremental-yamada-frontier-order,1d8374f42cccbb16d78d44100a65ca603d7d1997,3.14.7,macOS-26.6.2-arm64-arm-64bit-Mach-O,arm,0.030750042060390115,0.14906216599047184,0.04296483297366649,0.010675041936337948,0.012420583050698042,0.02452816697768867,3.858294803649187e-05,0.0126649159938097,0.013330499990843236,0.0013397089205682278,0.051901874830946326,0.11799604201223701,0.000167582998983562,0.2683179579908028,0.03763883304782212,0.30595679103862494,2.345792017877102e-05,0.00014979206025600433,0.15563487506005913,0.3354470831109211,0.6077202500309795
2248,random_2245,random_cycle_chord,20260823,baseline,0,200,3,8,10,6.169622711521001,True,True,,perf/incremental-yamada-frontier-order,1d8374f42cccbb16d78d44100a65ca603d7d1997,3.14.7,macOS-26.6.2-arm64-arm-64bit-Mach-O,arm,0.03338770801201463,0.16305783297866583,0.03357404097914696,0.007078542024828494,0.007217957987450063,0.01412045897450298,2.7542002499103546e-05,0.007370957988314331,0.007558792014606297,0.0005960410926491022,0.029673792072571814,0.07756562496069819,7.045792881399393e-05,0.1576092499308288,0.023514791973866522,0.18112404190469533,2.2833002731204033e-05,9.833299554884434e-05,0.10108041693456471,0.29752595792524517,0.46002412494271994
2249,random_2246,random_cycle_chord,20260823,crossing_rich,4,200,5,8,12,6.594611675642778,True,True,,perf/incremental-yamada-frontier-order,1d8374f42cccbb16d78d44100a65ca603d7d1997,3.14.7,macOS-26.6.2-arm64-arm-64bit-Mach-O,arm,0.0772714160848409,0.17350054101552814,0.07209999999031425,0.011803042027167976,0.012432374991476536,0.024322457960806787,5.9041078202426434e-05,0.012691167066805065,0.013260458945296705,0.0016700000269338489,0.05200312507804483,0.14840333396568894,0.0002212079707533121,0.18538879207335413,0.030762083013541996,0.21615087508689612,3.329198807477951e-05,0.00019175000488758087,0.17916541697923094,0.4299373740796,0.6207453330280259
2250,random_2247,random_cycle_chord,20260823,baseline,0,200,4,15,18,4.04450687146087,True,True,,perf/incremental-yamada-frontier-order,1d8374f42cccbb16d78d44100a65ca603d7d1997,3.14.7,macOS-26.6.2-arm64-arm-64bit-Mach-O,arm,0.0485610420582816,0.2441282500512898,0.027300999965518713,0.009508917108178139,0.009447291027754545,0.01918191695585847,0.00016441696789115667,0.033771750051528215,0.015698750037699938,0.00098958401940763,0.06980641803238541,0.11614112509414554,0.000142583972774446,0.27903808292467147,0.012810374959371984,0.29184845788404346,2.2125081159174442e-05,0.00012037507258355618,0.12895150005351752,0.4216407921630889,0.7062395419925451
2251,random_2248,random_cycle_chord,20260823,crossing_rich,4,200,5,8,12,6.595027884361104,True,True,,perf/incremental-yamada-frontier-order,1d8374f42cccbb16d78d44100a65ca603d7d1997,3.14.7,macOS-26.6.2-arm64-arm-64bit-Mach-O,arm,0.049974874942563474,0.18472033401485533,0.0701688330154866,0.011337707983329892,0.01203274994622916,0.023447082960046828,7.504201494157314e-05,0.01230529195163399,0.013179375091567636,0.0015826669987291098,0.050589459016919136,0.14419341599568725,0.00022995902691036463,0.17966074997093529,0.028661792050115764,0.20832254202105105,2.8416980057954788e-05,0.00018204108346253633,0.172855208045803,0.4075504170032218,0.5924352910369635
2252,random_2249,random_cycle_chord,20260823,baseline,0,200,4,11,14,4.104013955685577,True,True,,perf/incremental-yamada-frontier-order,1d8374f42cccbb16d78d44100a65ca603d7d1997,3.14.7,macOS-26.6.2-arm64-arm-64bit-Mach-O,arm,0.03748608299065381,0.1616584580624476,0.023515917011536658,0.008676833007484674,0.008251458057202399,0.015905332984402776,4.1624996811151505e-05,0.00849870906677097,0.008814041968435049,0.0008249159436672926,0.03408462496008724,0.0745655830251053,9.862496517598629e-05,0.20092779106926173,0.01258904195856303,0.21351683302782476,2.1374900825321674e-05,0.00010329193901270628,0.08715462498366833,0.28629916603676975,0.4920546670909971
2253,random_2250,random_cycle_chord,20260823,crossing_rich,5,200,5,8,12,4.228958593139582,True,True,,perf/incremental-yamada-frontier-order,1d8374f42cccbb16d78d44100a65ca603d7d1997,3.14.7,macOS-26.6.2-arm64-arm-64bit-Mach-O,arm,0.03351849992759526,0.16162354103289545,0.04329558298923075,0.011645207996480167,0.01305225002579391,0.02584504196420312,3.950006794184446e-05,0.013613291084766388,0.013957999995909631,0.0013985000550746918,0.054854333167895675,0.12288216699380428,0.00028608401771634817,0.2724024170311168,0.027124166954308748,0.29952658398542553,2.53340695053339e-05,0.0001473750453442335,0.15000633394811302,0.34514837490860373,0.6224082499975339
2254,random_2251,random_cycle_chord,20260823,baseline,0,200,3,9,11,5.338733648033999,True,True,,perf/incremental-yamada-frontier-order,1d8374f42cccbb16d78d44100a65ca603d7d1997,3.14.7,macOS-26.6.2-arm64-arm-64bit-Mach-O,arm,0.033206499996595085,0.15018991695251316,0.024615459027700126,0.0068587500136345625,0.006913083023391664,0.013545374968089163,2.2124964743852615e-05,0.007045999984256923,0.007261750055477023,0.000552042038179934,0.028427292010746896,0.06683404196519405,6.3000014051795e-05,0.14376624999567866,0.008590374956838787,0.15235662495251745,1.383305061608553e-05,7.175002247095108e-05,0.07542441692203283,0.2588208338711411,0.4068035000236705
2255,random_2252,random_cycle_chord,20260823,crossing_rich,4,200,5,9,13,6.076244884848803,True,True,,perf/incremental-yamada-frontier-order,1d8374f42cccbb16d78d44100a65ca603d7d1997,3.14.7,macOS-26.6.2-arm64-arm-64bit-Mach-O,arm,0.042912415927276015,0.14915320801082999,0.06199629104230553,0.009961208095774055,0.011131583014503121,0.021972708054818213,3.716594073921442e-05,0.011448874953202903,0.012051583034917712,0.0012404160806909204,0.04675074806436896,0.1298732499126345,8.124997839331627e-05,0.1756054579745978,0.024426666903309524,0.20003212487790734,2.337503246963024e-05,0.0001354169799014926,0.15429991681594402,0.34636554075405,0.5264779580757022
2256,random_2253,random_cycle_chord,20260823,crossing_rich,3,200,4,8,11,4.143714721863836,True,True,,perf/incremental-yamada-frontier-order,1d8374f42cccbb16d78d44100a65ca603d7d1997,3.14.7,macOS-26.6.2-arm64-arm-64bit-Mach-O,arm,0.0275109161157161,0.14796837500762194,0.03596679191105068,0.009176417021080852,0.010125417029485106,0.020035541034303606,2.9292074032127857e-05,0.010374375036917627,0.010819749906659126,0.001011374988593161,0.04227033304050565,0.09756495896726847,6.933300755918026e-05,0.14637145900633186,0.01989195798523724,0.1662634169915691,1.9290950149297714e-05,0.00011608295608311892,0.11745691695250571,0.29293620807584375,0.44388204102870077
2257,random_2254,random_cycle_chord,20260823,baseline,0,200,3,10,12,5.628407001763514,True,True,,perf/incremental-yamada-frontier-order,1d8374f42cccbb16d78d44100a65ca603d7d1997,3.14.7,macOS-26.6.2-arm64-arm-64bit-Mach-O,arm,0.03615075000561774,0.14805041707586497,0.027896290994249284,0.006714083021506667,0.006603332934901118,0.012996249948628247,2.1832995116710663e-05,0.0067214579321444035,0.006905041984282434,0.0005223749903962016,0.027166957850567997,0.0684001250192523,6.27920962870121e-05,0.15573237498756498,0.008456250070594251,0.16418862505815923,1.6457983292639256e-05,6.870890501886606e-05,0.07685637508984655,0.26105754217132926,0.4209483340382576
2258,random_2255,random_cycle_chord,20260823,baseline,0,200,3,14,16,4.291127860842956,True,True,,perf/incremental-yamada-frontier-order,1d8374f42cccbb16d78d44100a65ca603d7d1997,3.14.7,macOS-26.6.2-arm64-arm-64bit-Mach-O,arm,0.040652083000168204,0.14798666699789464,0.02210529102012515,0.0066357910400256515,0.006768166902475059,0.013418707996606827,2.795807085931301e-05,0.0069452919997274876,0.007139083929359913,0.0005625420017167926,0.028093583998270333,0.06362270808313042,8.53340607136488e-05,0.20755033392924815,0.009315208066254854,0.216865541995503,1.4832941815257072e-05,7.116596680134535e-05,0.07293791614938527,0.2615766661474481,0.4733502919552848
2259,random_2256,random_cycle_chord,20260823,crossing_rich,5,200,5,9,13,4.381409692526438,True,True,,perf/incremental-yamada-frontier-order,1d8374f42cccbb16d78d44100a65ca603d7d1997,3.14.7,macOS-26.6.2-arm64-arm-64bit-Mach-O,arm,0.03400779201183468,0.1483662499813363,0.04669162502977997,0.010454499977640808,0.011911417008377612,0.023449333966709673,3.7209014408290386e-05,0.012172666960395873,0.012986000045202672,0.001474292017519474,0.05011950200423598,0.11921154195442796,0.00010770803783088923,0.1746347500011325,0.029265959048643708,0.2039007090497762,2.6292051188647747e-05,0.00016429100651293993,0.14847750100307167,0.33085154299624264,0.5106407079147175
2260,random_2257,random_cycle_chord,20260823,baseline,0,200,3,8,10,6.153852486163798,True,True,,perf/incremental-yamada-frontier-order,1d8374f42cccbb16d78d44100a65ca603d7d1997,3.14.7,macOS-26.6.2-arm64-arm-64bit-Mach-O,arm,0.03253600001335144,0.15761291701346636,0.03229683300014585,0.0067182499915361404,0.006705792038701475,0.013151124934665859,2.274999860674143e-05,0.0068960420321673155,0.007000749930739403,0.0005584580358117819,0.0276291249319911,0.07337033411022276,6.29170099273324e-05,0.12973529193550348,0.009215792058967054,0.13895108399447054,1.6000005416572094e-05,7.56249064579606e-05,0.08258612616918981,0.2727350431960076,0.40670637506991625
2261,random_2258,random_cycle_chord,20260823,baseline,0,200,3,10,12,5.62208890104486,True,True,,perf/incremental-yamada-frontier-order,1d8374f42cccbb16d78d44100a65ca603d7d1997,3.14.7,macOS-26.6.2-arm64-arm-64bit-Mach-O,arm,0.03677708294708282,0.1479765420081094,0.02630358305759728,0.0068818749859929085,0.006964583997614682,0.013754458981566131,2.1875021047890186e-05,0.0070856669917702675,0.007244959007948637,0.0005197080317884684,0.028626668034121394,0.06879558297805488,6.454100366681814e-05,0.15168975002598017,0.008165999897755682,0.15985574992373586,1.3500102795660496e-05,6.224995013326406e-05,0.07696158287581056,0.26171520783100277,0.4175351669546217
2262,random_2259,random_cycle_chord,20260823,crossing_rich,5,200,5,9,13,4.178334910130512,True,True,,perf/incremental-yamada-frontier-order,1d8374f42cccbb16d78d44100a65ca603d7d1997,3.14.7,macOS-26.6.2-arm64-arm-64bit-Mach-O,arm,0.03308445797301829,0.14830570796038955,0.04030591691844165,0.010590540943667293,0.012122999993152916,0.023898000014014542,3.63329891115427e-05,0.01237916701938957,0.013033666065894067,0.0013624579878523946,0.050709624076262116,0.11376562505029142,7.599999662488699e-05,0.17522537498734891,0.028187041054479778,0.2034124160418287,2.333289012312889e-05,0.00015129195526242256,0.1419526661047712,0.32334283203817904,0.5030883749714121
2263,random_2260,random_cycle_chord,20260823,crossing_rich,4,200,5,11,15,4.751023375425605,True,True,,perf/incremental-yamada-frontier-order,1d8374f42cccbb16d78d44100a65ca603d7d1997,3.14.7,macOS-26.6.2-arm64-arm-64bit-Mach-O,arm,0.0401110410457477,0.14839929097797722,0.041012334055267274,0.010090833995491266,0.011092874919995666,0.021848624921403825,3.787502646446228e-05,0.011347666964866221,0.012034500017762184,0.0013502499787136912,0.046618916909210384,0.10884820797946304,8.141703438013792e-05,0.2002723750192672,0.025536875007674098,0.2258092500269413,2.3582950234413147e-05,0.00014716701116412878,0.13438508298713714,0.32289541501086205,0.5276755000231788
2264,random_2261,random_cycle_chord,20260823,baseline,0,200,3,8,10,6.195427223645474,True,True,,perf/incremental-yamada-frontier-order,1d8374f42cccbb16d78d44100a65ca603d7d1997,3.14.7,macOS-26.6.2-arm64-arm-64bit-Mach-O,arm,0.033411792013794184,0.14813687501009554,0.032908459077589214,0.0066426669945940375,0.0066307500237599015,0.01306658296380192,2.1875021047890186e-05,0.0067787920124828815,0.007010333938524127,0.0005585420876741409,0.02743612602353096,0.07363708305638283,5.8125006034970284e-05,0.12831887498032302,0.008715000003576279,0.1370338749838993,1.4499993994832039e-05,6.78329961374402e-05,0.08235208305995911,0.26390075008384883,0.3963517500087619
2265,random_2262,random_cycle_chord,20260823,baseline,0,200,3,10,12,4.650142660508978,True,True,,perf/incremental-yamada-frontier-order,1d8374f42cccbb16d78d44100a65ca603d7d1997,3.14.7,macOS-26.6.2-arm64-arm-64bit-Mach-O,arm,0.03145537502132356,0.14768395794089884,0.023814582964405417,0.0064827080350369215,0.006548165925778449,0.012831833912059665,2.1292013116180897e-05,0.006673874915577471,0.006837500026449561,0.0005232909461483359,0.026887791813351214,0.06375316705089062,6.1208033002913e-05,0.14281658292748034,0.008455583010800183,0.15127216593828052,1.4125020243227482e-05,6.524997297674417e-05,0.07220875006169081,0.2513480830239132,0.39830100000835955
2266,random_2263,random_cycle_chord,20260823,crossing_rich,5,200,5,8,12,4.194280378498616,True,True,,perf/incremental-yamada-frontier-order,1d8374f42cccbb16d78d44100a65ca603d7d1997,3.14.7,macOS-26.6.2-arm64-arm-64bit-Mach-O,arm,0.030507624964229763,0.14886345900595188,0.04127479193266481,0.010768041014671326,0.0125322500243783,0.02473562501836568,3.650004509836435e-05,0.012728000059723854,0.013415666995570064,0.0013387090293690562,0.05225450114812702,0.1168631250038743,0.00018550001550465822,0.1606239581014961,0.027039457927457988,0.1876634160289541,2.3833010345697403e-05,0.000145458965562284,0.1439025829313323,0.32327366690151393,0.4884345830651
2267,random_2264,random_cycle_chord,20260823,crossing_rich,3,200,4,9,12,4.5185102654608125,True,True,,perf/incremental-yamada-frontier-order,1d8374f42cccbb16d78d44100a65ca603d7d1997,3.14.7,macOS-26.6.2-arm64-arm-64bit-Mach-O,arm,0.031050208024680614,0.147942875046283,0.03853637503925711,0.009009291999973357,0.00981683295685798,0.019298041937872767,2.8916052542626858e-05,0.010021750000305474,0.010524916928261518,0.0010377500439062715,0.04091137496288866,0.09830020891968161,7.058295886963606e-05,0.15851933299563825,0.01974858297035098,0.17826791596598923,1.9125058315694332e-05,0.00011675001587718725,0.11804879189003259,0.2970418749609962,0.4598175421124324
2268,random_2265,random_cycle_chord,20260823,crossing_rich,4,200,5,10,14,5.490226212201221,True,True,,perf/incremental-yamada-frontier-order,1d8374f42cccbb16d78d44100a65ca603d7d1997,3.14.7,macOS-26.6.2-arm64-arm-64bit-Mach-O,arm,0.04209550004452467,0.14838404103647918,0.05171187501400709,0.009693166939541698,0.010633292025886476,0.020960916997864842,3.687501884996891e-05,0.010846540913917124,0.011610458022914827,0.0013429169775918126,0.044797707931138575,0.1168690420454368,8.329201955348253e-05,0.173178166965954,0.02550612506456673,0.19868429203052074,2.687494270503521e-05,0.0001469579292461276,0.14237516711000353,0.3328547081910074,0.5105405839858577
2269,random_2266,random_cycle_chord,20260823,baseline,0,200,4,15,18,4.046347619801373,True,True,,perf/incremental-yamada-frontier-order,1d8374f42cccbb16d78d44100a65ca603d7d1997,3.14.7,macOS-26.6.2-arm64-arm-64bit-Mach-O,arm,0.043551707989536226,0.14819745800923556,0.021171625005081296,0.007597667048685253,0.007807707996107638,0.015410750056616962,2.987496554851532e-05,0.007985082920640707,0.008249750011600554,0.0007517089834436774,0.032427166937850416,0.069029749953188,8.512497879564762e-05,0.23022083297837526,0.011411542072892189,0.24163237505126745,1.766590867191553e-05,8.587504271417856e-05,0.08044129202608019,0.272190458024852,0.5066968329483643
2270,random_2267,random_cycle_chord,20260823,baseline,0,200,3,10,12,4.683198551850735,True,True,,perf/incremental-yamada-frontier-order,1d8374f42cccbb16d78d44100a65ca603d7d1997,3.14.7,macOS-26.6.2-arm64-arm-64bit-Mach-O,arm,0.031219500000588596,0.14958333398681134,0.02305916603654623,0.006675250013358891,0.0066984170116484165,0.01301291596610099,2.6499968953430653e-05,0.006783209042623639,0.006904374924488366,0.0005231249378994107,0.027250124840065837,0.06370483303908259,6.595801096409559e-05,0.17682604200672358,0.008865084033459425,0.185691126040183,1.5749945305287838e-05,7.570907473564148e-05,0.07256991707254201,0.25337275105994195,0.434496833011508
2271,random_2268,random_cycle_chord,20260823,baseline,0,200,3,8,10,6.13988274793143,True,True,,perf/incremental-yamada-frontier-order,1d8374f42cccbb16d78d44100a65ca603d7d1997,3.14.7,macOS-26.6.2-arm64-arm-64bit-Mach-O,arm,0.035833625006489456,0.16134358302224427,0.03371033305302262,0.008111875038594007,0.007468500058166683,0.01507191697601229,4.837499000132084e-05,0.007637916947714984,0.007856667041778564,0.0006657500052824616,0.03128062596078962,0.08060799993108958,9.195797611027956e-05,0.1448611250380054,0.01021312503144145,0.15507425006944686,1.7208047211170197e-05,8.999998681247234e-05,0.09082112496253103,0.28799833299126476,0.4375212909653783
2272,random_2269,random_cycle_chord,20260823,crossing_rich,5,200,5,9,13,4.337687383572391,True,True,,perf/incremental-yamada-frontier-order,1d8374f42cccbb16d78d44100a65ca603d7d1997,3.14.7,macOS-26.6.2-arm64-arm-64bit-Mach-O,arm,0.03654162504244596,0.16267670900560915,0.04446895909495652,0.012080000014975667,0.01333295798394829,0.026209834031760693,5.308305844664574e-05,0.013554916018620133,0.014065166004002094,0.0015383749268949032,0.05542137403972447,0.1253437080886215,0.0001065409742295742,0.1955615000333637,0.030412666965276003,0.2259741669986397,2.8708018362522125e-05,0.00017758295871317387,0.1557563750538975,0.3549747091019526,0.5557627079542726
2273,random_2270,random_cycle_chord,20260823,baseline,0,200,3,8,10,6.151977995722883,True,True,,perf/incremental-yamada-frontier-order,1d8374f42cccbb16d78d44100a65ca603d7d1997,3.14.7,macOS-26.6.2-arm64-arm-64bit-Mach-O,arm,0.03644520905800164,0.16176795901264995,0.034016999998129904,0.007335417089052498,0.007167792064137757,0.014020708971656859,2.3000058718025684e-05,0.007299249991774559,0.007570208981633186,0.0006106250220909715,0.0295237930258736,0.0780643749749288,6.841693539172411e-05,0.1422432919498533,0.009826167020946741,0.15206945897080004,2.1000043489038944e-05,9.250000584870577e-05,0.08789054199587554,0.28610371006652713,0.43287324998527765
2274,random_2271,random_cycle_chord,20260823,baseline,0,200,4,11,14,4.117091073180953,True,True,,perf/incremental-yamada-frontier-order,1d8374f42cccbb16d78d44100a65ca603d7d1997,3.14.7,macOS-26.6.2-arm64-arm-64bit-Mach-O,arm,0.03722562501206994,0.1580573330866173,0.01878470799420029,0.008614457910880446,0.00882595800794661,0.01744029193650931,3.104202914983034e-05,0.009078250033780932,0.009248999995179474,0.0007399999303743243,0.03653858392499387,0.07279191596899182,8.120900020003319e-05,0.19343170803040266,0.010797500028274953,0.2042292080586776,1.8999911844730377e-05,8.925003930926323e-05,0.08358941599726677,0.278872374095954,0.476911082980223
2275,random_2272,random_cycle_chord,20260823,crossing_rich,5,200,5,8,12,4.163535524835938,True,True,,perf/incremental-yamada-frontier-order,1d8374f42cccbb16d78d44100a65ca603d7d1997,3.14.7,macOS-26.6.2-arm64-arm-64bit-Mach-O,arm,0.03242670895997435,0.16053741599898785,0.04304941708687693,0.0112989580957219,0.013152708997949958,0.025915583013556898,3.912497777491808e-05,0.013435333035886288,0.014105040929280221,0.0013593330513685942,0.05485441500786692,0.12239091692026705,0.00017454090993851423,0.16771337494719774,0.026847541914321482,0.19456091686151922,2.458400558680296e-05,0.00014891591854393482,0.14923845883458853,0.34220258379355073,0.514725457993336
2276,random_2273,random_cycle_chord,20260823,crossing_rich,5,200,5,8,12,4.160842907315189,True,True,,perf/incremental-yamada-frontier-order,1d8374f42cccbb16d78d44100a65ca603d7d1997,3.14.7,macOS-26.6.2-arm64-arm-64bit-Mach-O,arm,0.03111258300486952,0.15072254091501236,0.04185241600498557,0.010967625072225928,0.012706291046924889,0.02514249994419515,3.825000021606684e-05,0.012990040937438607,0.013634874951094389,0.001341833034530282,0.053147498867474496,0.11870754102710634,0.0001610410399734974,0.16119541705120355,0.026047834078781307,0.18724325112998486,2.3791100829839706e-05,0.00014533300418406725,0.14475537510588765,0.32659049902576953,0.49237079091835767
2277,random_2274,random_cycle_chord,20260823,baseline,0,200,3,8,10,6.183394433480925,True,True,,perf/incremental-yamada-frontier-order,1d8374f42cccbb16d78d44100a65ca603d7d1997,3.14.7,macOS-26.6.2-arm64-arm-64bit-Mach-O,arm,0.03284470806829631,0.14804904197808355,0.031229250016622245,0.006632291013374925,0.006691500078886747,0.013078083051368594,2.1834042854607105e-05,0.006807792000472546,0.007015874958597124,0.000563165987841785,0.027486750041134655,0.07205941597931087,6.724998820573092e-05,0.12833479198161513,0.00897262489888817,0.1373074168805033,1.3916054740548134e-05,7.225002627819777e-05,0.08103204087819904,0.2619257909245789,0.39441674994304776
2278,random_2275,random_cycle_chord,20260823,crossing_rich,5,200,5,8,12,4.203480280611118,True,True,,perf/incremental-yamada-frontier-order,1d8374f42cccbb16d78d44100a65ca603d7d1997,3.14.7,macOS-26.6.2-arm64-arm-64bit-Mach-O,arm,0.03038758400361985,0.1480585839599371,0.04383316694293171,0.010725290980190039,0.012394083081744611,0.024569208035245538,3.74580267816782e-05,0.012736166943795979,0.013456667074933648,0.0014187919441610575,0.0522182920249179,0.119204374961555,0.0001714590471237898,0.2574279169784859,0.027609125012531877,0.28503704199101776,2.5625107809901237e-05,0.00015320908278226852,0.14681349997408688,0.3252596679376438,0.5869955419329926
2279,random_2276,random_cycle_chord,20260823,baseline,0,200,3,9,11,5.414537139303721,True,True,,perf/incremental-yamada-frontier-order,1d8374f42cccbb16d78d44100a65ca603d7d1997,3.14.7,macOS-26.6.2-arm64-arm-64bit-Mach-O,arm,0.032188166049309075,0.1480355419917032,0.027464374899864197,0.006641332991421223,0.0066654999973252416,0.013779958011582494,3.9082951843738556e-05,0.007019166951067746,0.007060416974127293,0.0005295840092003345,0.028428208897821605,0.06921879108995199,7.633399218320847e-05,0.14840058295521885,0.008561041904613376,0.15696162485983223,1.4666002243757248e-05,6.912497337907553e-05,0.07777983299456537,0.25800354103557765,0.41058150003664196
2280,random_2277,random_cycle_chord,20260823,crossing_rich,5,200,5,8,12,4.1599859978406935,True,True,,perf/incremental-yamada-frontier-order,1d8374f42cccbb16d78d44100a65ca603d7d1997,3.14.7,macOS-26.6.2-arm64-arm-64bit-Mach-O,arm,0.030451250029727817,0.15995308407582343,0.0404965840280056,0.01148270908743143,0.012959458050318062,0.025039125001057982,4.816602449864149e-05,0.012984207947738469,0.013673666049726307,0.0014049999881535769,0.05315016501117498,0.11813629092648625,0.00021237507462501526,0.16284079104661942,0.027261625044047832,0.19010241609066725,2.62079993262887e-05,0.00015724997501820326,0.1453979159705341,0.33580225007608533,0.5033515830291435
2281,random_2278,random_cycle_chord,20260823,crossing_rich,4,200,5,10,14,5.445457923975688,True,True,,perf/incremental-yamada-frontier-order,1d8374f42cccbb16d78d44100a65ca603d7d1997,3.14.7,macOS-26.6.2-arm64-arm-64bit-Mach-O,arm,0.04231966705992818,0.14873299992177635,0.12077812501229346,0.01978395797777921,0.027066332986578345,0.02509004098828882,8.520809933543205e-05,0.016697625047527254,0.015475458931177855,0.0015908749774098396,0.0589392080437392,0.22664708306547254,0.00015391700435429811,0.28681241697631776,0.026787042035721242,0.313599459012039,2.6499968953430653e-05,0.00015199999324977398,0.2534341251011938,0.4444867920828983,0.7357171250041574
2282,random_2279,random_cycle_chord,20260823,baseline,0,200,4,10,13,4.693146155065106,True,True,,perf/incremental-yamada-frontier-order,1d8374f42cccbb16d78d44100a65ca603d7d1997,3.14.7,macOS-26.6.2-arm64-arm-64bit-Mach-O,arm,0.035668791038915515,0.1520908329403028,0.02305958396755159,0.007880875025875866,0.007919207913801074,0.01597208296880126,2.987496554851532e-05,0.008139041950926185,0.008392083924263716,0.0007729170611128211,0.0333060008706525,0.07219391607213765,7.391709368675947e-05,0.1611274169990793,0.011527374968864024,0.1726547919679433,1.8707942217588425e-05,8.362496737390757e-05,0.08372129104100168,0.27148091502022,0.436994916992262
2283,random_2280,random_cycle_chord,20260823,crossing_rich,5,200,5,9,13,4.419336348123744,True,True,,perf/incremental-yamada-frontier-order,1d8374f42cccbb16d78d44100a65ca603d7d1997,3.14.7,macOS-26.6.2-arm64-arm-64bit-Mach-O,arm,0.03603033407125622,0.15903145901393145,0.04737170902080834,0.012209792039357126,0.014086542068980634,0.027384667075239122,7.262500002980232e-05,0.013603167026303709,0.014520833035930991,0.0015483329771086574,0.05712962511461228,0.1308597909519449,0.00010437506716698408,0.20379249996040016,0.0305601250147447,0.23435262497514486,3.0166003853082657e-05,0.0001728750066831708,0.1614199159666896,0.35648170905187726,0.5653805839829147
2284,random_2281,random_cycle_chord,20260823,baseline,0,200,3,8,10,6.12134279040338,True,True,,perf/incremental-yamada-frontier-order,1d8374f42cccbb16d78d44100a65ca603d7d1997,3.14.7,macOS-26.6.2-arm64-arm-64bit-Mach-O,arm,0.035922582959756255,0.16163941600825638,0.03305795800406486,0.007355708046816289,0.007140291971154511,0.020012125023640692,0.00012145796790719032,0.013031124952249229,0.0079350839368999,0.0006313329795375466,0.04173112486023456,0.089306625071913,8.216698188334703e-05,0.14116583403665572,0.009454166051000357,0.15062000008765608,1.5457975678145885e-05,8.062494453042746e-05,0.09876079112291336,0.296322790090926,0.4420093330554664
2285,random_2282,random_cycle_chord,20260823,baseline,0,200,3,8,10,6.165334636017502,True,True,,perf/incremental-yamada-frontier-order,1d8374f42cccbb16d78d44100a65ca603d7d1997,3.14.7,macOS-26.6.2-arm64-arm-64bit-Mach-O,arm,0.03659783396869898,0.16101037501357496,0.03707862505689263,0.007183582987636328,0.007136332918889821,0.014065291034057736,2.4000066332519054e-05,0.00730383291374892,0.007508957991376519,0.0005950420163571835,0.029497124021872878,0.08091608306858689,6.1584054492414e-05,0.1378777080681175,0.009730417048558593,0.1476081251166761,1.570803578943014e-05,8.037500083446503e-05,0.09064650011714548,0.2882547090994194,0.43069295794703066
2286,random_2283,random_cycle_chord,20260823,baseline,0,200,3,8,10,6.18244360666604,True,True,,perf/incremental-yamada-frontier-order,1d8374f42cccbb16d78d44100a65ca603d7d1997,3.14.7,macOS-26.6.2-arm64-arm-64bit-Mach-O,arm,0.03622866596560925,0.15880941704381257,0.03314666694495827,0.007155250059440732,0.007176583050750196,0.01411037496291101,2.3083994165062904e-05,0.007384833064861596,0.00768937508109957,0.000615666969679296,0.029823334072716534,0.07732258306350559,6.683403626084328e-05,0.13807741703931242,0.009702209034003317,0.14777962607331574,1.591700129210949e-05,8.304102811962366e-05,0.08702479209750891,0.28206287510693073,0.42459233303088695
2287,random_2284,random_cycle_chord,20260823,crossing_rich,5,200,5,9,13,4.343099486605409,True,True,,perf/incremental-yamada-frontier-order,1d8374f42cccbb16d78d44100a65ca603d7d1997,3.14.7,macOS-26.6.2-arm64-arm-64bit-Mach-O,arm,0.035887249978259206,0.15660762507468462,0.04120812495239079,0.011099499999545515,0.012672375072725117,0.024985917028971016,3.7499936297535896e-05,0.012916915933601558,0.013635999988764524,0.001402667025104165,0.0529789999127388,0.11799475003499538,8.104206062853336e-05,0.18109033396467566,0.027832791907712817,0.20892312587238848,2.4834065698087215e-05,0.00015416706446558237,0.1458275419427082,0.338322416995652,0.5240337079158053
2288,random_2285,random_cycle_chord,20260823,crossing_rich,5,200,5,8,12,4.245776228067336,True,True,,perf/incremental-yamada-frontier-order,1d8374f42cccbb16d78d44100a65ca603d7d1997,3.14.7,macOS-26.6.2-arm64-arm-64bit-Mach-O,arm,0.03158829198218882,0.16565120907034725,0.04058504197746515,0.012472833041101694,0.013751292019151151,0.026631082990206778,5.849997978657484e-05,0.013504832983016968,0.014149459078907967,0.0014234579866752028,0.05576733301859349,0.12262495805043727,0.00019799999427050352,0.2803695839829743,0.040651457966305315,0.3210210419492796,6.808398757129908e-05,0.000179499969817698,0.1632764160167426,0.36051591706927866,0.6453749589854851
2289,random_2286,random_cycle_chord,20260823,baseline,0,200,3,9,11,5.386987682992157,True,True,,perf/incremental-yamada-frontier-order,1d8374f42cccbb16d78d44100a65ca603d7d1997,3.14.7,macOS-26.6.2-arm64-arm-64bit-Mach-O,arm,0.03727016597986221,0.16158487496431917,0.0278976249974221,0.007425667019560933,0.007362167001701891,0.014433916076086462,2.3458036594092846e-05,0.007484624977223575,0.007704333984293044,0.0006036669947206974,0.03025000006891787,0.07295662502292544,6.279197987169027e-05,0.15966424997895956,0.01071129203774035,0.1703755420166999,1.89170241355896e-05,8.741696365177631e-05,0.08366791706066579,0.28252295800484717,0.44664999993983656
2290,random_2287,random_cycle_chord,20260823,crossing_rich,3,200,5,10,14,5.064323171925457,True,True,,perf/incremental-yamada-frontier-order,1d8374f42cccbb16d78d44100a65ca603d7d1997,3.14.7,macOS-26.6.2-arm64-arm-64bit-Mach-O,arm,0.042770667001605034,0.25380904192570597,0.055928625050000846,0.012302667018957436,0.012220832984894514,0.023939874954521656,7.254211232066154e-05,0.012662958004511893,0.013198500033468008,0.001389083918184042,0.05126295902300626,0.13177391700446606,0.00012408301699906588,0.33848812500946224,0.03748091706074774,0.37596904207021,3.641704097390175e-05,0.00017604196909815073,0.1692548340652138,0.4658345429925248,0.8094199999468401
2291,random_2288,random_cycle_chord,20260823,baseline,0,200,3,9,11,5.353099918873891,True,True,,perf/incremental-yamada-frontier-order,1d8374f42cccbb16d78d44100a65ca603d7d1997,3.14.7,macOS-26.6.2-arm64-arm-64bit-Mach-O,arm,0.05425916600506753,0.26571666705422103,0.047537083039060235,0.010133916977792978,0.009764750022441149,0.01956362498458475,8.295790757983923e-05,0.010371709009632468,0.009534874930977821,0.0007476250175386667,0.040300791850313544,0.1077854159520939,0.00011483405251055956,0.1912367909681052,0.011241958010941744,0.20247874897904694,3.704207483679056e-05,0.00010291708167642355,0.11902737396303564,0.4390032070223242,0.6365225000772625
2292,random_2289,random_cycle_chord,20260823,baseline,0,200,4,10,13,4.619401362963994,True,True,,perf/incremental-yamada-frontier-order,1d8374f42cccbb16d78d44100a65ca603d7d1997,3.14.7,macOS-26.6.2-arm64-arm-64bit-Mach-O,arm,0.04324079200159758,0.1828398749930784,0.029418000020086765,0.009792500059120357,0.010125708999112248,0.02071545901708305,7.529102731496096e-05,0.010731042013503611,0.011505083064548671,0.0009362499695271254,0.04396312509197742,0.09333429194521159,0.00011187500786036253,0.1992675419896841,0.012624416965991259,0.21189195895567536,2.5250017642974854e-05,0.00010508392006158829,0.10595870891120285,0.33203937590587884,0.5365865000057966
2293,random_2290,random_cycle_chord,20260823,crossing_rich,9,200,7,13,19,4.57284606554701,True,True,,perf/incremental-yamada-frontier-order,1d8374f42cccbb16d78d44100a65ca603d7d1997,3.14.7,macOS-26.6.2-arm64-arm-64bit-Mach-O,arm,0.05860112502705306,0.17269470903556794,0.06324166699778289,0.017461166949942708,0.019598207902163267,0.03947929199784994,0.00010445795487612486,0.02142945898231119,0.022829625057056546,0.0026940000243484974,0.0865368340164423,0.18690091697499156,0.00015554099809378386,0.3186489170184359,0.05734258296433836,0.37599149998277426,4.670803900808096e-05,0.00026875000912696123,0.24424349993932992,0.4755393340019509,0.8008994580013677
2294,random_2291,random_cycle_chord,20260823,baseline,0,200,3,9,11,5.387555579108522,True,True,,perf/incremental-yamada-frontier-order,1d8374f42cccbb16d78d44100a65ca603d7d1997,3.14.7,macOS-26.6.2-arm64-arm-64bit-Mach-O,arm,0.03739483398385346,0.16918154200538993,0.0277968340087682,0.007470417069271207,0.007129083038307726,0.013947207946330309,2.4290988221764565e-05,0.00723133294377476,0.007494750083424151,0.0006087080109864473,0.02930628997273743,0.07172483298927546,6.837490946054459e-05,0.1581434999825433,0.009801583015359938,0.16794508299790323,1.6874982975423336e-05,7.979210931807756e-05,0.0815264160046354,0.2881027919938788,0.4508945840643719
2295,random_2292,random_cycle_chord,20260823,baseline,0,200,3,9,11,5.342540994364617,True,True,,perf/incremental-yamada-frontier-order,1d8374f42cccbb16d78d44100a65ca603d7d1997,3.14.7,macOS-26.6.2-arm64-arm-64bit-Mach-O,arm,0.03582816699054092,0.15986362495459616,0.02918129099998623,0.007055917056277394,0.007030291948467493,0.013833625009283423,2.391706220805645e-05,0.007189582916907966,0.007394958985969424,0.0005813749739900231,0.029023458948358893,0.07231075002346188,7.783295586705208e-05,0.15152574994135648,0.009246457950212061,0.16077220789156854,1.5625031664967537e-05,7.633306086063385e-05,0.08155720797367394,0.277248999918811,0.4332677499623969
2296,random_2293,random_cycle_chord,20260823,baseline,0,200,3,8,10,6.115352699281365,True,True,,perf/incremental-yamada-frontier-order,1d8374f42cccbb16d78d44100a65ca603d7d1997,3.14.7,macOS-26.6.2-arm64-arm-64bit-Mach-O,arm,0.03517091600224376,0.15803804202005267,0.03288312500808388,0.007055416936054826,0.006973291048780084,0.013672375003807247,2.3292028345167637e-05,0.007087041973136365,0.007342541008256376,0.0006296249339357018,0.028754874947480857,0.07568754197563976,6.49159774184227e-05,0.13359012501314282,0.010188583051785827,0.14377870806492865,1.466704998165369e-05,8.062494453042746e-05,0.08587612502742559,0.279085083049722,0.4170304579893127
2297,random_2294,random_cycle_chord,20260823,baseline,0,200,3,10,12,4.628107978958877,True,True,,perf/incremental-yamada-frontier-order,1d8374f42cccbb16d78d44100a65ca603d7d1997,3.14.7,macOS-26.6.2-arm64-arm-64bit-Mach-O,arm,0.03242033300921321,0.1525029590120539,0.021652542054653168,0.006530666025355458,0.006673292024061084,0.013166167074814439,2.237502485513687e-05,0.0068348339991644025,0.007051333086565137,0.0005859159864485264,0.02766062517184764,0.06253666605334729,6.425008177757263e-05,0.15930070891045034,0.009355540969409049,0.1686562498798594,1.4457968063652515e-05,7.333408575505018e-05,0.07189220702275634,0.25681549904402345,0.4203384999418631
2298,random_2295,random_cycle_chord,20260823,baseline,0,200,4,11,14,4.095483495004041,True,True,,perf/incremental-yamada-frontier-order,1d8374f42cccbb16d78d44100a65ca603d7d1997,3.14.7,macOS-26.6.2-arm64-arm-64bit-Mach-O,arm,0.03536891704425216,0.15002425003331155,0.023824000032618642,0.007624375051818788,0.007759124971926212,0.015292208991013467,2.9292074032127857e-05,0.00797320797573775,0.008206916972994804,0.0007519170176237822,0.03225354303140193,0.07148775004316121,7.76670640334487e-05,0.18459608301054686,0.011665124911814928,0.1962612079223618,1.8040998838841915e-05,8.329201955348253e-05,0.08315287495497614,0.26854604203253984,0.4574913749238476
2299,random_2296,random_cycle_chord,20260823,baseline,0,200,3,9,11,5.347777846023561,True,True,,perf/incremental-yamada-frontier-order,1d8374f42cccbb16d78d44100a65ca603d7d1997,3.14.7,macOS-26.6.2-arm64-arm-64bit-Mach-O,arm,0.032526582945138216,0.14855541696306318,0.027213666937313974,0.006364417029544711,0.006353083997964859,0.012541249976493418,2.120796125382185e-05,0.00647083402145654,0.006712040980346501,0.0005224579945206642,0.026267790934070945,0.06621820793952793,6.062502507120371e-05,0.14139191689901054,0.008364665904082358,0.1497565828030929,1.35831069201231e-05,6.395799573510885e-05,0.07458287384361029,0.2556648737518117,0.4012001249939203
2300,random_2297,random_cycle_chord,20260823,baseline,0,200,4,10,13,4.649044471682921,True,True,,perf/incremental-yamada-frontier-order,1d8374f42cccbb16d78d44100a65ca603d7d1997,3.14.7,macOS-26.6.2-arm64-arm-64bit-Mach-O,arm,0.03448820800986141,0.1576454589376226,0.023211084073409438,0.007632749970071018,0.007620375021360815,0.015012250049039721,3.174995072185993e-05,0.007818290963768959,0.008080250001512468,0.0007413330022245646,0.03168387396726757,0.07017441699281335,8.400005754083395e-05,0.1668808750109747,0.011762125068344176,0.17864300007931888,2.0832987502217293e-05,8.766702376306057e-05,0.08193654206115752,0.27407020900864154,0.445369458058849
2301,random_2298,random_cycle_chord,20260823,crossing_rich,5,200,6,12,17,4.047669245346285,True,True,,perf/incremental-yamada-frontier-order,1d8374f42cccbb16d78d44100a65ca603d7d1997,3.14.7,macOS-26.6.2-arm64-arm-64bit-Mach-O,arm,0.04289012495428324,0.14911704196128994,0.04896004102192819,0.011404374963603914,0.012570374994538724,0.0248004999011755,4.3625012040138245e-05,0.01289595803245902,0.013612749986350536,0.0015030410140752792,0.05285587394610047,0.12583149992860854,9.820808190852404e-05,0.22940350009594113,0.0304890830302611,0.2598925831262022,2.8249924071133137e-05,0.00015895802062004805,0.15632058295886964,0.3483277498744428,0.582575042033568
2302,random_2299,random_cycle_chord,20260823,crossing_rich,6,200,6,13,18,4.230992676658088,True,True,,perf/incremental-yamada-frontier-order,1d8374f42cccbb16d78d44100a65ca603d7d1997,3.14.7,macOS-26.6.2-arm64-arm-64bit-Mach-O,arm,0.046042292029596865,0.16245087492279708,0.04629058309365064,0.013555499957874417,0.01510662492364645,0.028931707958690822,0.00012016692198812962,0.01524666603654623,0.016067666932940483,0.0018979579908773303,0.062264165841042995,0.13729420898016542,0.00012462493032217026,0.2727669579908252,0.038485542056150734,0.3112525000469759,4.700000863522291e-05,0.0002151250373572111,0.17577975103631616,0.3842729179887101,0.6629707081010565
2303,random_2300,random_cycle_chord,20260823,baseline,0,200,3,10,12,4.653528577728636,True,True,,perf/incremental-yamada-frontier-order,1d8374f42cccbb16d78d44100a65ca603d7d1997,3.14.7,macOS-26.6.2-arm64-arm-64bit-Mach-O,arm,0.03473420802038163,0.17107637494336814,0.024124624906107783,0.009133917046710849,0.0076285419054329395,0.01516174990683794,3.420806024223566e-05,0.00802266609389335,0.00833400001283735,0.0008827920537441969,0.03243541612755507,0.07334779191296548,0.00028108409605920315,0.18003458308521658,0.01324645895510912,0.1932810420403257,2.462498378008604e-05,0.00011720892507582903,0.0865942508680746,0.29240483383182436,0.4776815839577466
2304,random_2301,random_cycle_chord,20260823,crossing_rich,6,200,6,11,16,5.219277870426298,True,True,,perf/incremental-yamada-frontier-order,1d8374f42cccbb16d78d44100a65ca603d7d1997,3.14.7,macOS-26.6.2-arm64-arm-64bit-Mach-O,arm,0.06559183308854699,0.18791249999776483,0.11999616702087224,0.018788333982229233,0.018139583058655262,0.03442583396099508,5.7416968047618866e-05,0.01709720806684345,0.018059666035696864,0.0019453329732641578,0.07158545800484717,0.22857158305123448,0.0001229170011356473,0.2551765829557553,0.039066667086444795,0.2942432500422001,3.429199568927288e-05,0.00020066602155566216,0.2676382501376793,0.5211425832239911,0.7829945830162615
2305,random_2302,random_cycle_chord,20260823,baseline,0,200,3,10,12,4.677761684120279,True,True,,perf/incremental-yamada-frontier-order,1d8374f42cccbb16d78d44100a65ca603d7d1997,3.14.7,macOS-26.6.2-arm64-arm-64bit-Mach-O,arm,0.035993624944239855,0.1701309169875458,0.025977417011745274,0.007444959017448127,0.00724649999756366,0.014282166957855225,2.491706982254982e-05,0.007374583976343274,0.007583709084428847,0.0006270830053836107,0.029892460093833506,0.07058420800603926,7.02909892424941e-05,0.158617667038925,0.009861583006568253,0.16847925004549325,1.5708967112004757e-05,8.458306547254324e-05,0.08044579101260751,0.28657033294439316,0.4497946670744568
2306,random_2303,random_cycle_chord,20260823,baseline,0,200,3,11,13,5.22076002859149,True,True,,perf/incremental-yamada-frontier-order,1d8374f42cccbb16d78d44100a65ca603d7d1997,3.14.7,macOS-26.6.2-arm64-arm-64bit-Mach-O,arm,0.040755624999292195,0.16093387501314282,0.027265500044450164,0.007923958939500153,0.007730167009867728,0.015094957896508276,2.4667009711265564e-05,0.007912250002846122,0.007981417002156377,0.0005637919530272484,0.03157708386424929,0.0745190839515999,7.23750563338399e-05,0.17876679089386016,0.008860957925207913,0.18762774881906807,1.5583005733788013e-05,7.800001185387373e-05,0.08338004187680781,0.28506954188924283,0.4684362499974668
2307,random_2304,random_cycle_chord,20260823,baseline,0,200,4,11,14,4.026783851545942,True,True,,perf/incremental-yamada-frontier-order,1d8374f42cccbb16d78d44100a65ca603d7d1997,3.14.7,macOS-26.6.2-arm64-arm-64bit-Mach-O,arm,0.03633687493856996,0.15492104191798717,0.021021374966949224,0.008418833022005856,0.00891275005415082,0.017518082982860506,3.033294342458248e-05,0.00904112495481968,0.009224916924722493,0.0007188749732449651,0.036533332779072225,0.07491395797114819,7.475004531443119e-05,0.18317862506955862,0.010916749946773052,0.19409537501633167,1.858395989984274e-05,8.38330015540123e-05,0.08583070791792125,0.2770886247744784,0.46472029108554125
2308,random_2305,random_cycle_chord,20260823,crossing_rich,2,200,4,8,11,6.588365641620875,True,True,,perf/incremental-yamada-frontier-order,1d8374f42cccbb16d78d44100a65ca603d7d1997,3.14.7,macOS-26.6.2-arm64-arm-64bit-Mach-O,arm,0.04029641696251929,0.14996874995995313,0.055642624967731535,0.008351291995495558,0.00858391693327576,0.01687595807015896,3.0249939300119877e-05,0.008786124992184341,0.009252250078134239,0.0009652080480009317,0.03590979112777859,0.10851470893248916,6.866606418043375e-05,0.14379191701300442,0.017225499963387847,0.16101741697639227,1.9000028260052204e-05,0.00010987499263137579,0.125740208895877,0.3160053758183494,0.46407854196149856
2309,random_2306,random_cycle_chord,20260823,baseline,0,200,3,9,11,5.406320826248209,True,True,,perf/incremental-yamada-frontier-order,1d8374f42cccbb16d78d44100a65ca603d7d1997,3.14.7,macOS-26.6.2-arm64-arm-64bit-Mach-O,arm,0.03265833295881748,0.14818374998867512,0.02685179200489074,0.0063197079580277205,0.006352374912239611,0.012504957965575159,2.1124957129359245e-05,0.006492000073194504,0.006694958079606295,0.0005352080333977938,0.02624824910890311,0.06579141598194838,6.379105616360903e-05,0.1407409590901807,0.008326709037646651,0.14906766812782735,1.3791024684906006e-05,7.312500383704901e-05,0.07411812501959503,0.2549602079670876,0.3998497090069577
2310,random_2307,random_cycle_chord,20260823,baseline,0,200,3,11,13,4.076511392577324,True,True,,perf/incremental-yamada-frontier-order,1d8374f42cccbb16d78d44100a65ca603d7d1997,3.14.7,macOS-26.6.2-arm64-arm-64bit-Mach-O,arm,0.032203666982240975,0.14805600000545382,0.020643291994929314,0.006455291993916035,0.006661958992481232,0.013082958059385419,2.1875021047890186e-05,0.006842583068646491,0.007019624928943813,0.0005681669572368264,0.02753520803526044,0.06131566595286131,7.12500186637044e-05,0.1769165419973433,0.00876487500499934,0.18568141700234264,1.6459031030535698e-05,7.270800415426493e-05,0.07008054095786065,0.25034020794555545,0.431417457992211
2311,random_2308,random_cycle_chord,20260823,crossing_rich,5,200,5,8,12,4.159894003514433,True,True,,perf/incremental-yamada-frontier-order,1d8374f42cccbb16d78d44100a65ca603d7d1997,3.14.7,macOS-26.6.2-arm64-arm-64bit-Mach-O,arm,0.03101466700900346,0.14878445805516094,0.03655554191209376,0.01089549995958805,0.012616625055670738,0.024866666994057596,3.770797047764063e-05,0.012902791029773653,0.013543125009164214,0.0013376249698922038,0.05268791597336531,0.11279070796445012,0.0001851670676842332,0.1633503750199452,0.02739820897113532,0.19074858399108052,2.420798409730196e-05,0.00014500005636364222,0.14018891693558544,0.31998804199974984,0.48818016704171896
2312,random_2309,random_cycle_chord,20260823,baseline,0,200,3,10,12,4.652880449390973,True,True,,perf/incremental-yamada-frontier-order,1d8374f42cccbb16d78d44100a65ca603d7d1997,3.14.7,macOS-26.6.2-arm64-arm-64bit-Mach-O,arm,0.03143787500448525,0.14851137506775558,0.024656333029270172,0.006909540970809758,0.00703829200938344,0.013416500063613057,3.820809070020914e-05,0.006933708093129098,0.007058583083562553,0.000677666044794023,0.02812466537579894,0.06676774995867163,0.00010770803783088923,0.15043454198166728,0.009478457970544696,0.15991299995221198,1.708301715552807e-05,7.062498480081558e-05,0.07624620792921633,0.25619545800145715,0.4110172919463366
2313,random_2310,random_cycle_chord,20260823,crossing_rich,5,200,5,8,12,4.107910837854187,True,True,,perf/incremental-yamada-frontier-order,1d8374f42cccbb16d78d44100a65ca603d7d1997,3.14.7,macOS-26.6.2-arm64-arm-64bit-Mach-O,arm,0.03538858296815306,0.16455245902761817,0.049735042033717036,0.013124458957463503,0.014313082909211516,0.02903733402490616,9.116600267589092e-05,0.01569599995855242,0.01745662500616163,0.0016690409975126386,0.06395016598980874,0.14119733299594373,0.0002828750293701887,0.2106757500441745,0.03260633407626301,0.2432820841204375,4.345795605331659e-05,0.00020320899784564972,0.17380366707220674,0.37374470906797796,0.5899430839344859
2314,random_2311,random_cycle_chord,20260823,baseline,0,200,5,15,19,4.044228132896083,True,True,,perf/incremental-yamada-frontier-order,1d8374f42cccbb16d78d44100a65ca603d7d1997,3.14.7,macOS-26.6.2-arm64-arm-64bit-Mach-O,arm,0.054752959054894745,0.17441020905971527,0.028286500019021332,0.010416958946734667,0.010506290942430496,0.02048341592308134,7.962505333125591e-05,0.010827874997630715,0.010917666018940508,0.001137249986641109,0.04344583197962493,0.09271379094570875,0.0001787090441212058,0.4591583750443533,0.024960124981589615,0.4841185000259429,4.4332933612167835e-05,0.00016558298375457525,0.11767391592729837,0.3468370840419084,0.8121089589549229
2315,random_2312,random_cycle_chord,20260823,crossing_rich,5,200,5,8,12,4.20752622409403,True,True,,perf/incremental-yamada-frontier-order,1d8374f42cccbb16d78d44100a65ca603d7d1997,3.14.7,macOS-26.6.2-arm64-arm-64bit-Mach-O,arm,0.050756791955791414,0.28763075009919703,0.06302716594655067,0.01742937508970499,0.019540000008419156,0.03954637504648417,0.00010104198008775711,0.0204370419960469,0.021264957962557673,0.0021806249860674143,0.08353004197124392,0.1836377918953076,0.00033383292611688375,0.23436995898373425,0.0431752500589937,0.27754520904272795,4.137493669986725e-05,0.000237041967920959,0.2268130419543013,0.5652005840092897,0.8081296660238877
2316,random_2313,random_cycle_chord,20260823,baseline,0,200,4,10,13,4.627132983390655,True,True,,perf/incremental-yamada-frontier-order,1d8374f42cccbb16d78d44100a65ca603d7d1997,3.14.7,macOS-26.6.2-arm64-arm-64bit-Mach-O,arm,0.04811079101637006,0.20213441702071577,0.02983341703657061,0.009955916088074446,0.010418583056889474,0.02041262504644692,3.812497016042471e-05,0.010646707960404456,0.010906165931373835,0.0009434170788154006,0.042947040987201035,0.09318958292715251,9.483296889811754e-05,0.2271203330019489,0.014315375010482967,0.24143570801243186,2.454104833304882e-05,0.0001117499778047204,0.10750495793763548,0.3577501659747213,0.5903543329332024
2317,random_2314,random_cycle_chord,20260823,crossing_rich,5,200,5,10,14,4.7572879918387985,True,True,,perf/incremental-yamada-frontier-order,1d8374f42cccbb16d78d44100a65ca603d7d1997,3.14.7,macOS-26.6.2-arm64-arm-64bit-Mach-O,arm,0.045621291967108846,0.17993358394596726,0.05076170805841684,0.013190208002924919,0.014649791992269456,0.02865583391394466,5.7750032283365726e-05,0.015132667031139135,0.0156808749306947,0.0015653329901397228,0.061092458898201585,0.13977045891806483,0.0001152500044554472,0.3177374169463292,0.02887487504631281,0.346612291992642,2.9125018045306206e-05,0.00016933295410126448,0.16864533396437764,0.39420020987745374,0.7168147499905899
2318,random_2315,random_cycle_chord,20260823,baseline,0,200,4,14,17,4.295102925092061,True,True,,perf/incremental-yamada-frontier-order,1d8374f42cccbb16d78d44100a65ca603d7d1997,3.14.7,macOS-26.6.2-arm64-arm-64bit-Mach-O,arm,0.04561429191380739,0.1676717500668019,0.024318624986335635,0.009663417004048824,0.008715915959328413,0.017067582928575575,3.829202614724636e-05,0.009296708973124623,0.009616750059649348,0.0009475830011069775,0.03696691698860377,0.0797039580065757,0.00046658306382596493,0.26342554204165936,0.013802208937704563,0.2772277509793639,2.74579506367445e-05,0.00011245801579207182,0.09350616694428027,0.30679220892488956,0.5757520829793066
2319,random_2316,random_cycle_chord,20260823,baseline,0,200,3,9,11,5.394896423109796,True,True,,perf/incremental-yamada-frontier-order,1d8374f42cccbb16d78d44100a65ca603d7d1997,3.14.7,macOS-26.6.2-arm64-arm-64bit-Mach-O,arm,0.03882495895959437,0.21694512502290308,0.030855625052936375,0.00931512494571507,0.007889417000114918,0.015342290978878736,5.050003528594971e-05,0.008100625011138618,0.008092790958471596,0.0006135830190032721,0.03219979000277817,0.08029583306051791,0.00010087504051625729,0.18604687496554106,0.010713708004914224,0.1967605829704553,2.962502185255289e-05,0.0001076249172911048,0.09100954106543213,0.3467796250479296,0.5381867919350043
2320,random_2317,random_cycle_chord,20260823,crossing_rich,2,200,4,9,12,5.94770487748286,True,True,,perf/incremental-yamada-frontier-order,1d8374f42cccbb16d78d44100a65ca603d7d1997,3.14.7,macOS-26.6.2-arm64-arm-64bit-Mach-O,arm,0.05373129202052951,0.2337246669922024,0.0645332500571385,0.01063570799306035,0.010147207998670638,0.01960962498560548,4.716601688414812e-05,0.01015800004824996,0.010539582930505276,0.0009598330361768603,0.04131420701742172,0.12666233291383833,9.279209189116955e-05,0.1804144160123542,0.01697470899671316,0.19738912500906736,2.7082976885139942e-05,0.00011970801278948784,0.1436370419105515,0.4310930009232834,0.6166381250368431
2321,random_2318,random_cycle_chord,20260823,crossing_rich,3,200,4,11,14,5.136509585785389,True,True,,perf/incremental-yamada-frontier-order,1d8374f42cccbb16d78d44100a65ca603d7d1997,3.14.7,macOS-26.6.2-arm64-arm-64bit-Mach-O,arm,0.044129042071290314,0.16257504106033593,0.044797917013056576,0.009681290946900845,0.009832125040702522,0.019390791887417436,3.133306745439768e-05,0.009901709039695561,0.010378583916462958,0.001011042040772736,0.04071345995180309,0.1050534590613097,7.733306847512722e-05,0.1878476249985397,0.019514707964845,0.2073623329633847,1.9625062122941017e-05,0.00011716701555997133,0.1245681670261547,0.33127225015778095,0.5235812079627067
2322,random_2319,random_cycle_chord,20260823,crossing_rich,4,200,5,12,16,4.028922517694318,True,True,,perf/incremental-yamada-frontier-order,1d8374f42cccbb16d78d44100a65ca603d7d1997,3.14.7,macOS-26.6.2-arm64-arm-64bit-Mach-O,arm,0.039586625061929226,0.14919949998147786,0.04522099997848272,0.010231917025521398,0.011469917022623122,0.022653916967101395,3.683299291878939e-05,0.011696291039697826,0.012346333009190857,0.001244707964360714,0.04797808197326958,0.11493504093959928,0.00010016700252890587,0.21122620801907033,0.023683208040893078,0.2349094160599634,2.320797648280859e-05,0.00013699999544769526,0.13861824898049235,0.32740437402389944,0.5433123749680817
2323,random_2320,random_cycle_chord,20260823,baseline,0,200,4,10,13,4.651079043990849,True,True,,perf/incremental-yamada-frontier-order,1d8374f42cccbb16d78d44100a65ca603d7d1997,3.14.7,macOS-26.6.2-arm64-arm-64bit-Mach-O,arm,0.03394637501332909,0.1590923749608919,0.024792958050966263,0.007533042109571397,0.007636499940417707,0.015097708906978369,2.9959017410874367e-05,0.00784666696563363,0.008056290913373232,0.0007182499393820763,0.03174887574277818,0.07173837500158697,7.120799273252487e-05,0.16574345796834677,0.011039791977964342,0.17678324994631112,1.77919864654541e-05,8.129107300192118e-05,0.08277816697955132,0.2758169169537723,0.44581216701772064
2324,random_2321,random_cycle_chord,20260823,crossing_rich,3,200,4,9,12,4.528849139192221,True,True,,perf/incremental-yamada-frontier-order,1d8374f42cccbb16d78d44100a65ca603d7d1997,3.14.7,macOS-26.6.2-arm64-arm-64bit-Mach-O,arm,0.03427620802540332,0.15279891702812165,0.042003875016234815,0.009149499936029315,0.009887750027701259,0.019474750035442412,2.9667047783732414e-05,0.01008191704750061,0.010559416958130896,0.0009906659834086895,0.04113641707226634,0.10220429103355855,6.904196925461292e-05,0.15876633289735764,0.019098457996733487,0.17786479089409113,1.9041006453335285e-05,0.00011470902245491743,0.12130274903029203,0.308377874083817,0.4717479170067236
2325,random_2322,random_cycle_chord,20260823,baseline,0,200,4,13,16,4.572487487119285,True,True,,perf/incremental-yamada-frontier-order,1d8374f42cccbb16d78d44100a65ca603d7d1997,3.14.7,macOS-26.6.2-arm64-arm-64bit-Mach-O,arm,0.04172262502834201,0.1496532920282334,0.02223733300343156,0.00792329094838351,0.008286374970339239,0.016335459076799452,2.9249931685626507e-05,0.0085218750173226,0.00871270801872015,0.0007363749900832772,0.034335667034611106,0.0728094169171527,8.262507617473602e-05,0.20677212509326637,0.011367709026671946,0.21813983411993831,1.7874990589916706e-05,8.412497118115425e-05,0.08417712594382465,0.27555304300040007,0.48662070801947266
2326,random_2323,random_cycle_chord,20260823,crossing_rich,5,200,5,8,12,4.201142353856316,True,True,,perf/incremental-yamada-frontier-order,1d8374f42cccbb16d78d44100a65ca603d7d1997,3.14.7,macOS-26.6.2-arm64-arm-64bit-Mach-O,arm,0.030318291974253953,0.14847187499981374,0.041742124943993986,0.011078291921876371,0.01276308298110962,0.025298207998275757,6.112491246312857e-05,0.013972165994346142,0.01439337502233684,0.0016517499461770058,0.055376623873598874,0.12100508296862245,0.0003136669984087348,0.4309861660003662,0.0692184999352321,0.5002046659355983,5.441601388156414e-05,0.00022541603539139032,0.19022358290385455,0.36901374987792224,0.8042528750374913
2327,random_2324,random_cycle_chord,20260823,baseline,0,200,4,11,14,4.080830119308904,True,True,,perf/incremental-yamada-frontier-order,1d8374f42cccbb16d78d44100a65ca603d7d1997,3.14.7,macOS-26.6.2-arm64-arm-64bit-Mach-O,arm,0.08291050000116229,0.29916579101700336,0.030174124985933304,0.01100487494841218,0.011274834047071636,0.02095375000499189,3.883300814777613e-05,0.010836249915882945,0.010905624949373305,0.000916499993763864,0.04365095787215978,0.0961481248959899,0.00011008407454937696,0.3339637080207467,0.014730999944731593,0.3486947079654783,2.5582965463399887e-05,0.00012108404189348221,0.11087912484072149,0.49295541585888714,0.8325788750080392
2328,random_2325,random_cycle_chord,20260823,crossing_rich,8,200,7,14,20,4.29796251683348,True,True,,perf/incremental-yamada-frontier-order,1d8374f42cccbb16d78d44100a65ca603d7d1997,3.14.7,macOS-26.6.2-arm64-arm-64bit-Mach-O,arm,0.06467141699977219,0.17882425000425428,0.05378558300435543,0.01751999999396503,0.01910325000062585,0.03749370796140283,8.766597602516413e-05,0.019328000023961067,0.02051083301194012,0.002380707999691367,0.07980091497302055,0.17027529096230865,0.0001330000814050436,0.3939752910519019,0.05830004101153463,0.4522753320634365,5.8833975344896317e-05,0.00027995905838906765,0.22857533197384328,0.47207099897786975,0.8721499999519438
2329,random_2326,random_cycle_chord,20260823,crossing_rich,4,200,5,8,12,6.584634293953851,True,True,,perf/incremental-yamada-frontier-order,1d8374f42cccbb16d78d44100a65ca603d7d1997,3.14.7,macOS-26.6.2-arm64-arm-64bit-Mach-O,arm,0.05321737495251,0.18845524999778718,0.07817708305083215,0.020780749968253076,0.017085875035263598,0.030018292018212378,8.641695603728294e-05,0.014444167027249932,0.014194041956216097,0.001693250029347837,0.06043616798706353,0.1765825409675017,0.00022054195869714022,0.2479000409366563,0.07198804197832942,0.3198880829149857,0.00018012500368058681,0.0009687079582363367,0.24857058294583112,0.4902432078961283,0.7537121659843251
2330,random_2327,random_cycle_chord,20260823,crossing_rich,3,200,4,8,11,4.208573467841489,True,True,,perf/incremental-yamada-frontier-order,1d8374f42cccbb16d78d44100a65ca603d7d1997,3.14.7,macOS-26.6.2-arm64-arm-64bit-Mach-O,arm,0.0717906670179218,0.24313695903401822,0.053244375041686,0.01963116694241762,0.017753666965290904,0.03699974995106459,9.200000204145908e-05,0.025549417012371123,0.02175091695971787,0.0018812919734045863,0.08627337589859962,0.17703374999109656,0.0001630409387871623,0.25198962504509836,0.02861445804592222,0.2806040830910206,3.7334044463932514e-05,0.00020312494598329067,0.20564820803701878,0.5205758340889588,0.7801860419567674
2331,random_2328,random_cycle_chord,20260823,baseline,0,200,5,14,18,4.296861786840124,True,True,,perf/incremental-yamada-frontier-order,1d8374f42cccbb16d78d44100a65ca603d7d1997,3.14.7,macOS-26.6.2-arm64-arm-64bit-Mach-O,arm,0.06931554095353931,0.21616541710682213,0.03221658302936703,0.013396125053986907,0.01408470794558525,0.027399541926570237,0.00010329089127480984,0.01626866706646979,0.01517641602549702,0.0019976251060143113,0.060945541015826166,0.12072645896114409,0.00021666695829480886,0.36257712508086115,0.02267820795532316,0.3852553330361843,5.766702815890312e-05,0.00017183308955281973,0.14340466691646725,0.4288856249768287,0.797725582960993
2332,random_2329,random_cycle_chord,20260823,crossing_rich,5,200,5,8,12,4.118009223720827,True,True,,perf/incremental-yamada-frontier-order,1d8374f42cccbb16d78d44100a65ca603d7d1997,3.14.7,macOS-26.6.2-arm64-arm-64bit-Mach-O,arm,0.04010641702916473,0.19013970892410725,0.042744999984279275,0.013687082915566862,0.015304707922041416,0.029248167062178254,7.137504871934652e-05,0.015180582995526493,0.016136083053424954,0.0016299999551847577,0.062266208115033805,0.134072000044398,0.00025520799681544304,0.19492404197808355,0.03922562499064952,0.23414966696873307,6.341701373457909e-05,0.00020695803686976433,0.17329762503504753,0.4035437509883195,0.604661124991253
2333,random_2330,random_cycle_chord,20260823,crossing_rich,3,200,5,10,14,5.409708995431775,True,True,,perf/incremental-yamada-frontier-order,1d8374f42cccbb16d78d44100a65ca603d7d1997,3.14.7,macOS-26.6.2-arm64-arm-64bit-Mach-O,arm,0.056939707952551544,0.18889208394102752,0.05510274996049702,0.011385957943275571,0.01173970801755786,0.02298158302437514,4.383292980492115e-05,0.011945249978452921,0.012649541022256017,0.0014384581008926034,0.0490586650557816,0.12732899992261082,0.00010329100769013166,0.2992861659731716,0.042859583045355976,0.34214574901852757,5.583302117884159e-05,0.0001763750333338976,0.1701885829679668,0.41602037486154586,0.7198959169909358
2334,random_2331,random_cycle_chord,20260823,crossing_rich,4,200,5,8,12,6.603656214220837,True,True,,perf/incremental-yamada-frontier-order,1d8374f42cccbb16d78d44100a65ca603d7d1997,3.14.7,macOS-26.6.2-arm64-arm-64bit-Mach-O,arm,0.049671499989926815,0.16620195796713233,0.06939566694200039,0.01128391595557332,0.01150212506763637,0.023512375075370073,5.658401641994715e-05,0.011830582981929183,0.012491583009250462,0.0015706670237705112,0.04946179210674018,0.14168849994894117,0.0001934590982273221,0.1751939170062542,0.03199266700539738,0.20718658401165158,3.400002606213093e-05,0.00017983396537601948,0.17368116695433855,0.3895546249113977,0.5699775830144063
2335,random_2332,random_cycle_chord,20260823,crossing_rich,3,200,4,9,12,4.4771223277990755,True,True,,perf/incremental-yamada-frontier-order,1d8374f42cccbb16d78d44100a65ca603d7d1997,3.14.7,macOS-26.6.2-arm64-arm-64bit-Mach-O,arm,0.03398958395700902,0.16015100001823157,0.038404708029702306,0.009751416044309735,0.010156375006772578,0.019997374969534576,3.2540992833673954e-05,0.010385500034317374,0.010881041991524398,0.001025040983222425,0.04232149897143245,0.10066166706383228,7.620803080499172e-05,0.16686087509151548,0.020358624984510243,0.18721950007602572,2.462498378008604e-05,0.000125208985991776,0.12102029204834253,0.3151608760235831,0.4866198329254985
2336,random_2333,random_cycle_chord,20260823,baseline,0,200,3,9,11,5.377452599803998,True,True,,perf/incremental-yamada-frontier-order,1d8374f42cccbb16d78d44100a65ca603d7d1997,3.14.7,macOS-26.6.2-arm64-arm-64bit-Mach-O,arm,0.03428287501446903,0.1537782499799505,0.030224916990846395,0.00698966602794826,0.007321208016946912,0.014442875050008297,2.216699067503214e-05,0.007457208004780114,0.007619083044119179,0.0005304999649524689,0.03007183305453509,0.07462812506128103,6.341689731925726e-05,0.1487449579872191,0.008445375016890466,0.15719033300410956,1.4791963621973991e-05,6.77499920129776e-05,0.08307350007817149,0.271134625072591,0.42418233398348093
2337,random_2334,random_cycle_chord,20260823,crossing_rich,2,200,4,8,11,6.583667787259254,True,True,,perf/incremental-yamada-frontier-order,1d8374f42cccbb16d78d44100a65ca603d7d1997,3.14.7,macOS-26.6.2-arm64-arm-64bit-Mach-O,arm,0.03980820800643414,0.15077200008090585,0.05375133303459734,0.008650582982227206,0.008955041994340718,0.017611208953894675,3.4250086173415184e-05,0.009015833958983421,0.009520333027467132,0.0010731660295277834,0.037254792056046426,0.1086430000141263,7.054093293845654e-05,0.1483257079962641,0.01982970896642655,0.16815541696269065,1.979200169444084e-05,0.00012720900122076273,0.12847270898055285,0.31905291706789285,0.47171449998859316
2338,random_2335,random_cycle_chord,20260823,baseline,0,200,3,11,13,5.225273216461531,True,True,,perf/incremental-yamada-frontier-order,1d8374f42cccbb16d78d44100a65ca603d7d1997,3.14.7,macOS-26.6.2-arm64-arm-64bit-Mach-O,arm,0.03741412505041808,0.14891004096716642,0.028539207996800542,0.012085750000551343,0.008687750087119639,0.016441832995042205,5.283299833536148e-05,0.008372041978873312,0.008144000079482794,0.0005572919035330415,0.033567999955266714,0.08293591695837677,8.983397856354713e-05,0.18349525006487966,0.00927970907650888,0.19277495914138854,1.8959050066769123e-05,8.062506094574928e-05,0.09221562603488564,0.27853979205247015,0.46639208297710866
2339,random_2336,random_cycle_chord,20260823,crossing_rich,3,200,5,12,16,4.427493193347531,True,True,,perf/incremental-yamada-frontier-order,1d8374f42cccbb16d78d44100a65ca603d7d1997,3.14.7,macOS-26.6.2-arm64-arm-64bit-Mach-O,arm,0.04531516693532467,0.1571760419756174,0.04389237507712096,0.011045958031900227,0.011956042028032243,0.023458000039681792,5.04170311614871e-05,0.012193167000077665,0.012791207991540432,0.001270500011742115,0.04976329207420349,0.1167046669870615,0.0001140419626608491,0.22657924995291978,0.023532208986580372,0.25011145893950015,2.8999987989664078e-05,0.00014525000005960464,0.14023687597364187,0.34272808488458395,0.574175791000016
2340,random_2337,random_cycle_chord,20260823,baseline,0,200,3,9,11,5.362562301533716,True,True,,perf/incremental-yamada-frontier-order,1d8374f42cccbb16d78d44100a65ca603d7d1997,3.14.7,macOS-26.6.2-arm64-arm-64bit-Mach-O,arm,0.036281083011999726,0.19907791703008115,0.029051917023025453,0.007451417041011155,0.006915458012372255,0.013778042048215866,2.9791961424052715e-05,0.007099375012330711,0.007196791935712099,0.0005714589497074485,0.028675459907390177,0.07211487495806068,7.558299694210291e-05,0.1517741249408573,0.009023125050589442,0.16079724999144673,1.741608139127493e-05,8.274998981505632e-05,0.08113800000865012,0.316497000050731,0.47287050005979836
2341,random_2338,random_cycle_chord,20260823,crossing_rich,4,200,5,9,13,6.073246065977229,True,True,,perf/incremental-yamada-frontier-order,1d8374f42cccbb16d78d44100a65ca603d7d1997,3.14.7,macOS-26.6.2-arm64-arm-64bit-Mach-O,arm,0.04793266602791846,0.1607274579582736,0.0661889580078423,0.011032624985091388,0.011560708051547408,0.022680124966427684,5.020899698138237e-05,0.011812791926786304,0.01250512502156198,0.001433708006516099,0.04848195891827345,0.13731133297551423,9.899993892759085e-05,0.18522729200776666,0.025834916974417865,0.21106220898218453,2.6084017008543015e-05,0.00015495892148464918,0.1631462499499321,0.37180637393612415,0.5619733750354499
2342,random_2339,random_cycle_chord,20260823,baseline,0,200,3,11,13,4.028542751230877,True,True,,perf/incremental-yamada-frontier-order,1d8374f42cccbb16d78d44100a65ca603d7d1997,3.14.7,macOS-26.6.2-arm64-arm-64bit-Mach-O,arm,0.033306249999441206,0.15270029101520777,0.020186084089800715,0.007170749944634736,0.0069336669985204935,0.013639459037221968,2.2499938495457172e-05,0.007112958002835512,0.00726070802193135,0.0005339999916031957,0.028569624992087483,0.06288058310747147,6.579107139259577e-05,0.17285504203755409,0.008466582978144288,0.18132162501569837,1.4374963939189911e-05,7.041601929813623e-05,0.07134716608561575,0.25735370710026473,0.43450041697360575
2343,random_2340,random_cycle_chord,20260823,crossing_rich,5,200,5,8,12,4.185918438001956,True,True,,perf/incremental-yamada-frontier-order,1d8374f42cccbb16d78d44100a65ca603d7d1997,3.14.7,macOS-26.6.2-arm64-arm-64bit-Mach-O,arm,0.03182516701053828,0.15393212507478893,0.043699208996258676,0.011030500056222081,0.01271633303258568,0.025019624968990684,3.829202614724636e-05,0.01296495902352035,0.013532834011130035,0.0013574169715866446,0.05291312700137496,0.1203934169607237,0.00016687496099621058,0.2673907079733908,0.02668875001836568,0.2940794579917565,2.6999972760677338e-05,0.00014770799316465855,0.14708216697908938,0.3328394590644166,0.6046467080013826
2344,random_2341,random_cycle_chord,20260823,crossing_rich,2,200,4,8,11,6.596530625911753,True,True,,perf/incremental-yamada-frontier-order,1d8374f42cccbb16d78d44100a65ca603d7d1997,3.14.7,macOS-26.6.2-arm64-arm-64bit-Mach-O,arm,0.039354750071652234,0.1484323750482872,0.05600208404939622,0.008599792025052011,0.008798291091807187,0.017279749969020486,2.9875081963837147e-05,0.00891029101330787,0.009368165978230536,0.0009503340115770698,0.0365384160540998,0.10996720800176263,7.412501145154238e-05,0.14599366602487862,0.017470084014348686,0.1634637500392273,1.9875005818903446e-05,0.00010983401443809271,0.12743729201611131,0.31522441713605076,0.4655159590765834
2345,random_2342,random_cycle_chord,20260823,crossing_rich,6,200,6,10,15,5.621498630686175,True,True,,perf/incremental-yamada-frontier-order,1d8374f42cccbb16d78d44100a65ca603d7d1997,3.14.7,macOS-26.6.2-arm64-arm-64bit-Mach-O,arm,0.04518462496344,0.14900508301798254,0.05911537504289299,0.011782707995735109,0.01379783300217241,0.027286625001579523,4.483398515731096e-05,0.013774167047813535,0.01449004199821502,0.001590415951795876,0.057186083984561265,0.14192216703668237,0.00021454098168760538,0.2906971249030903,0.032025541993789375,0.3227226668968797,2.9415939934551716e-05,0.00017020804807543755,0.17394770903047174,0.3681374170118943,0.6635040829423815
2346,random_2343,random_cycle_chord,20260823,baseline,0,200,3,10,12,5.617726267431912,True,True,,perf/incremental-yamada-frontier-order,1d8374f42cccbb16d78d44100a65ca603d7d1997,3.14.7,macOS-26.6.2-arm64-arm-64bit-Mach-O,arm,0.036528458003886044,0.15046666597481817,0.030813375022262335,0.006872541969642043,0.007298083044588566,0.014255707967095077,2.5499961338937283e-05,0.0074231670005247,0.007562417071312666,0.0005461249966174364,0.029812916996888816,0.07482704194262624,7.291603833436966e-05,0.15904412500094622,0.008824958000332117,0.16786908300127834,1.4625024050474167e-05,7.23750563338399e-05,0.08365199994295835,0.27064712392166257,0.43396187492180616
2347,random_2344,random_cycle_chord,20260823,baseline,0,200,3,9,11,5.3563120004953175,True,True,,perf/incremental-yamada-frontier-order,1d8374f42cccbb16d78d44100a65ca603d7d1997,3.14.7,macOS-26.6.2-arm64-arm-64bit-Mach-O,arm,0.033777875010855496,0.15320454095490277,0.02577100007329136,0.006627624970860779,0.006656375015154481,0.013130374951288104,2.216699067503214e-05,0.006825041025876999,0.006995208095759153,0.0005541660357266665,0.027526957099325955,0.06660187500528991,6.220897193998098e-05,0.14934579201508313,0.008972291019745171,0.1583180830348283,1.5332945622503757e-05,7.362489122897387e-05,0.07557416602503508,0.26255658199079335,0.41623337497003376
2348,random_2345,random_cycle_chord,20260823,baseline,0,200,3,8,10,6.17210893167935,True,True,,perf/incremental-yamada-frontier-order,1d8374f42cccbb16d78d44100a65ca603d7d1997,3.14.7,macOS-26.6.2-arm64-arm-64bit-Mach-O,arm,0.0354790830751881,0.15830324997659773,0.0350359589792788,0.007286167005077004,0.007121041999198496,0.014012582949362695,2.3124972358345985e-05,0.007284208084456623,0.007428999990224838,0.0005750410491600633,0.029323957045562565,0.07878824998624623,6.245903205126524e-05,0.14225574990268797,0.010922875022515655,0.15317862492520362,2.0209001377224922e-05,8.712499402463436e-05,0.08971112500876188,0.2834934580605477,0.4302595000481233
2349,random_2346,random_cycle_chord,20260823,crossing_rich,6,200,6,11,16,5.226800263799563,True,True,,perf/incremental-yamada-frontier-order,1d8374f42cccbb16d78d44100a65ca603d7d1997,3.14.7,macOS-26.6.2-arm64-arm-64bit-Mach-O,arm,0.06068125006277114,0.19232029106933624,0.056985083036124706,0.017577124992385507,0.019302292028442025,0.03451725002378225,0.00011591706424951553,0.01721737498883158,0.12784458394162357,0.005367209087125957,0.18506233510561287,0.2790442919358611,0.004998374963179231,0.5131818749941885,0.060765250003896654,0.5739471249980852,0.00013804191257804632,0.0005187500501051545,0.33980954193975776,0.5928110830718651,1.1199253749800846
2350,random_2347,random_cycle_chord,20260823,crossing_rich,6,200,6,11,16,5.220232362153506,True,True,,perf/incremental-yamada-frontier-order,1d8374f42cccbb16d78d44100a65ca603d7d1997,3.14.7,macOS-26.6.2-arm64-arm-64bit-Mach-O,arm,0.07341587508562952,0.2428807079559192,0.09917245898395777,0.026301625068299472,0.02627212507650256,0.1266444589709863,0.00014708295930176973,0.025904124951921403,0.028616833966225386,0.003015083959326148,0.184327584807761,0.33622204104904085,0.00024133396800607443,0.3894113329006359,0.06093308294657618,0.4503444158472121,5.237502045929432e-05,0.00029370898846536875,0.39715512399561703,0.7134517070371658,1.1119201249675825
2351,random_2348,random_cycle_chord,20260823,baseline,0,200,3,10,12,5.617733127633128,True,True,,perf/incremental-yamada-frontier-order,1d8374f42cccbb16d78d44100a65ca603d7d1997,3.14.7,macOS-26.6.2-arm64-arm-64bit-Mach-O,arm,0.056978375068865716,0.22946916706860065,0.046944707981310785,0.010628500021994114,0.010124416090548038,0.06124524993356317,8.529098704457283e-05,0.01228420902043581,0.012693915981799364,0.0009306659922003746,0.0872393319150433,0.15497404208872467,0.00013116700574755669,0.2356884169857949,0.015139124938286841,0.25082754192408174,5.99580816924572e-05,0.00018083304166793823,0.1701131670270115,0.4565607091644779,0.6986585829872638
2352,random_2349,random_cycle_chord,20260823,baseline,0,200,3,10,12,4.696065728649151,True,True,,perf/incremental-yamada-frontier-order,1d8374f42cccbb16d78d44100a65ca603d7d1997,3.14.7,macOS-26.6.2-arm64-arm-64bit-Mach-O,arm,0.047118375077843666,0.18548945803195238,0.02362770796753466,0.007535125012509525,0.0072997501119971275,0.014296957990154624,2.5208108127117157e-05,0.007441459107212722,0.007649082923308015,0.0006180000491440296,0.030030708177946508,0.0685166249750182,7.195805665105581e-05,0.17469391704071313,0.009876166004687548,0.18457008304540068,1.7332960851490498e-05,8.466700091958046e-05,0.07839279097970575,0.3110006240895018,0.49058995896484703
2353,random_2350,random_cycle_chord,20260823,baseline,0,200,3,10,12,4.631023667283696,True,True,,perf/incremental-yamada-frontier-order,1d8374f42cccbb16d78d44100a65ca603d7d1997,3.14.7,macOS-26.6.2-arm64-arm-64bit-Mach-O,arm,0.035608000005595386,0.1644704999634996,0.023317125043831766,0.007102250005118549,0.007168749929405749,0.014025583979673684,2.2999942302703857e-05,0.007336042006500065,0.007641125004738569,0.0005851249443367124,0.029610875877551734,0.06721991603262722,6.891600787639618e-05,0.1654182909987867,0.009051458910107613,0.1744697499088943,1.5709083527326584e-05,7.770792581140995e-05,0.07627137494273484,0.27634987491182983,0.4462485830299556
2354,random_2351,random_cycle_chord,20260823,baseline,0,200,4,11,14,4.068092561804837,True,True,,perf/incremental-yamada-frontier-order,1d8374f42cccbb16d78d44100a65ca603d7d1997,3.14.7,macOS-26.6.2-arm64-arm-64bit-Mach-O,arm,0.037013874971307814,0.15496575005818158,0.019764625001698732,0.00802483398001641,0.008346625021658838,0.016450040973722935,2.9582995921373367e-05,0.008548874990083277,0.008781042066402733,0.0007503749802708626,0.03455991600640118,0.07072304200846702,7.762503810226917e-05,0.18384129204787314,0.011368833016604185,0.19521012506447732,1.8291990272700787e-05,8.537503890693188e-05,0.0820918750250712,0.2740715000545606,0.46240616601426154
2355,random_2352,random_cycle_chord,20260823,crossing_rich,8,200,7,14,20,4.296068101228731,True,True,,perf/incremental-yamada-frontier-order,1d8374f42cccbb16d78d44100a65ca603d7d1997,3.14.7,macOS-26.6.2-arm64-arm-64bit-Mach-O,arm,0.05088095797691494,0.1488740419736132,0.0451440840261057,0.014469375018961728,0.016020207898691297,0.03162345802411437,5.0582922995090485e-05,0.016355999978259206,0.017491457983851433,0.0020533750066533685,0.06757487391587347,0.14325445797294378,0.00011716701555997133,0.2689050000626594,0.045993334031663835,0.3148983340943232,3.699993249028921e-05,0.0002170410007238388,0.18924779200460762,0.38900279195513576,0.6632149999495596
2356,random_2353,random_cycle_chord,20260823,crossing_rich,9,200,7,15,21,4.03016353467475,True,True,,perf/incremental-yamada-frontier-order,1d8374f42cccbb16d78d44100a65ca603d7d1997,3.14.7,macOS-26.6.2-arm64-arm-64bit-Mach-O,arm,0.05144654191099107,0.148937041987665,0.04204950004350394,0.015688124927692115,0.017271416960284114,0.034171166946180165,7.862492930144072e-05,0.01773524994496256,0.018729374976828694,0.0021777499932795763,0.07289216679055244,0.14795945899095386,0.0001127920113503933,0.2905333749949932,0.04656054102815688,0.3370939160231501,5.766702815890312e-05,0.00025983399245887995,0.19452000001911074,0.3949035839177668,0.6907929999288172
2357,random_2354,random_cycle_chord,20260823,baseline,0,200,3,11,13,4.112661138940186,True,True,,perf/incremental-yamada-frontier-order,1d8374f42cccbb16d78d44100a65ca603d7d1997,3.14.7,macOS-26.6.2-arm64-arm-64bit-Mach-O,arm,0.032951499917544425,0.15498420898802578,0.018481999984942377,0.007124957977794111,0.00694441597443074,0.01353224995546043,2.2124964743852615e-05,0.007033332949504256,0.0071989999851211905,0.0005202499451115727,0.0283069577999413,0.06088337500113994,6.77499920129776e-05,0.16953712503891438,0.008567749988287687,0.17810487502720207,1.491699367761612e-05,7.025001104921103e-05,0.06945112498942763,0.25738683389499784,0.431188959046267
2358,random_2355,random_cycle_chord,20260823,baseline,0,200,3,10,12,4.706623023483125,True,True,,perf/incremental-yamada-frontier-order,1d8374f42cccbb16d78d44100a65ca603d7d1997,3.14.7,macOS-26.6.2-arm64-arm-64bit-Mach-O,arm,0.031348375021480024,0.15051999990828335,0.023597209015861154,0.006565833115018904,0.006664125015959144,0.013136875000782311,2.1582935005426407e-05,0.006867583026178181,0.0070533748948946595,0.0005593749228864908,0.02763879077974707,0.06448504095897079,6.458396092057228e-05,0.1439413329353556,0.008986291009932756,0.15292762394528836,1.3791024684906006e-05,7.054104935377836e-05,0.07347133196890354,0.2553397068986669,0.40345066599547863
2359,random_2356,random_cycle_chord,20260823,crossing_rich,3,200,4,8,11,4.101084964799196,True,True,,perf/incremental-yamada-frontier-order,1d8374f42cccbb16d78d44100a65ca603d7d1997,3.14.7,macOS-26.6.2-arm64-arm-64bit-Mach-O,arm,0.027593000093474984,0.14872891595587134,0.040548000019043684,0.009294250048696995,0.010155499912798405,0.02001950005069375,2.9624905437231064e-05,0.010379458079114556,0.01078941603191197,0.0009704169351607561,0.04218841600231826,0.10221208399161696,6.550003308802843e-05,0.14586741593666375,0.019018459017388523,0.16488587495405227,1.9249971956014633e-05,0.0001099579967558384,0.12123054300900549,0.2975524590583518,0.4476756249787286
2360,random_2357,random_cycle_chord,20260823,crossing_rich,4,200,5,12,16,4.869726723292176,True,True,,perf/incremental-yamada-frontier-order,1d8374f42cccbb16d78d44100a65ca603d7d1997,3.14.7,macOS-26.6.2-arm64-arm-64bit-Mach-O,arm,0.04360658407676965,0.16125579201616347,0.05607625003904104,0.010699832928366959,0.01145091699436307,0.022631792002357543,4.908291157335043e-05,0.011945915990509093,0.012589082936756313,0.0014036670327186584,0.04861954087391496,0.1268852500943467,9.579199831932783e-05,0.22090924996882677,0.027350540971383452,0.24825979094021022,2.7542002499103546e-05,0.00016379193402826786,0.15423579106573015,0.3590981671586633,0.584706834051758
2361,random_2358,random_cycle_chord,20260823,crossing_rich,4,200,5,9,13,6.0807518028091785,True,True,,perf/incremental-yamada-frontier-order,1d8374f42cccbb16d78d44100a65ca603d7d1997,3.14.7,macOS-26.6.2-arm64-arm-64bit-Mach-O,arm,0.04569375002756715,0.15967137494590133,0.059200458927080035,0.010741458041593432,0.011919041979126632,0.023701041005551815,4.087504930794239e-05,0.012252875021658838,0.012808542000129819,0.0013129590079188347,0.05011629208456725,0.1320132079999894,9.595800656825304e-05,0.18750541610643268,0.025397749966941774,0.21290316607337445,2.5583081878721714e-05,0.00014549994375556707,0.15741095796693116,0.36277608294039965,0.5552990839350969
2362,random_2359,random_cycle_chord,20260823,baseline,0,200,3,13,15,4.567426875519832,True,True,,perf/incremental-yamada-frontier-order,1d8374f42cccbb16d78d44100a65ca603d7d1997,3.14.7,macOS-26.6.2-arm64-arm-64bit-Mach-O,arm,0.04137512494344264,0.16066129098180681,0.0216806250391528,0.007290708017535508,0.007136125001125038,0.014022374991327524,2.4000066332519054e-05,0.007479499909095466,0.007721708039753139,0.0005775829777121544,0.029825165984220803,0.06595366692636162,7.795903366059065e-05,0.21004058292601258,0.009550499962642789,0.21959108288865536,1.6583013348281384e-05,8.120900020003319e-05,0.07550416688900441,0.27754058281425387,0.4920959169976413
2363,random_2360,random_cycle_chord,20260823,baseline,0,200,3,11,13,5.224810984819164,True,True,,perf/incremental-yamada-frontier-order,1d8374f42cccbb16d78d44100a65ca603d7d1997,3.14.7,macOS-26.6.2-arm64-arm-64bit-Mach-O,arm,0.04071050009224564,0.16034416598267853,0.025556375039741397,0.007187750074081123,0.006946749985218048,0.013706917059607804,2.3374916054308414e-05,0.007102499948814511,0.007308042026124895,0.0005662919720634818,0.028707125922665,0.06841850001364946,7.091707084327936e-05,0.2283778750570491,0.01137216598726809,0.23975004104431719,2.050003968179226e-05,8.725002408027649e-05,0.07979066600091755,0.2808453320758417,0.5140792080201209
2364,random_2361,random_cycle_chord,20260823,baseline,0,200,4,14,17,4.2902952438543975,True,True,,perf/incremental-yamada-frontier-order,1d8374f42cccbb16d78d44100a65ca603d7d1997,3.14.7,macOS-26.6.2-arm64-arm-64bit-Mach-O,arm,0.04927520907949656,0.1651700419606641,0.023631749907508492,0.008482542005367577,0.00896329095121473,0.01769666699692607,3.0957977287471294e-05,0.009269334026612341,0.009571333997882903,0.000782166956923902,0.03735045995563269,0.07845745794475079,9.195797611027956e-05,0.23853054200299084,0.01175508403684944,0.2502856260398403,1.9958941265940666e-05,9.52909467741847e-05,0.09021254198160022,0.3046577930217609,0.5479764170013368
2365,random_2362,random_cycle_chord,20260823,crossing_rich,5,200,5,8,12,4.171192691398215,True,True,,perf/incremental-yamada-frontier-order,1d8374f42cccbb16d78d44100a65ca603d7d1997,3.14.7,macOS-26.6.2-arm64-arm-64bit-Mach-O,arm,0.03258208301849663,0.16002270800527185,0.047172707971185446,0.01196491695009172,0.013377791037783027,0.026377666043117642,4.087504930794239e-05,0.013704375014640391,0.014451292110607028,0.001446249894797802,0.056020458112470806,0.1285734169650823,0.00021216704044491053,0.17371970799285918,0.03127554198727012,0.2049952499801293,2.7082976885139942e-05,0.0001628330210223794,0.1598489589523524,0.3524537499761209,0.531389334006235
2366,random_2363,random_cycle_chord,20260823,crossing_rich,3,200,4,8,11,4.2027547254564,True,True,,perf/incremental-yamada-frontier-order,1d8374f42cccbb16d78d44100a65ca603d7d1997,3.14.7,macOS-26.6.2-arm64-arm-64bit-Mach-O,arm,0.03012420900631696,0.1544210830470547,0.037801707978360355,0.009506291011348367,0.010521541931666434,0.02055074996314943,3.120803739875555e-05,0.010733708972111344,0.011118291993625462,0.0009945000056177378,0.04342845897190273,0.10128562501631677,8.299993351101875e-05,0.15151970903389156,0.018091665930114686,0.16961137496400625,2.0124949514865875e-05,0.00010962493252009153,0.11937729094643146,0.3039225829998031,0.45987999998033047
2367,random_2364,random_cycle_chord,20260823,baseline,0,200,3,9,11,5.331571797212872,True,True,,perf/incremental-yamada-frontier-order,1d8374f42cccbb16d78d44100a65ca603d7d1997,3.14.7,macOS-26.6.2-arm64-arm-64bit-Mach-O,arm,0.033684291993267834,0.15060941700357944,0.02482129097916186,0.0065017909510061145,0.006477791001088917,0.012731750030070543,2.1791085600852966e-05,0.006635833065956831,0.006831207894720137,0.0005703750066459179,0.026790957082994282,0.06461133295670152,6.604194641113281e-05,0.14400224993005395,0.008924541994929314,0.15292679192498326,1.4082994312047958e-05,7.26659782230854e-05,0.07353587495163083,0.2578295839484781,0.4060250419424847
2368,random_2365,random_cycle_chord,20260823,baseline,0,200,3,11,13,5.227177733402937,True,True,,perf/incremental-yamada-frontier-order,1d8374f42cccbb16d78d44100a65ca603d7d1997,3.14.7,macOS-26.6.2-arm64-arm-64bit-Mach-O,arm,0.03826183290220797,0.14865133294370025,0.02497416699770838,0.0067913749953731894,0.007036583963781595,0.01381000003311783,2.1249987185001373e-05,0.007149541983380914,0.0072778749745339155,0.0005080000264570117,0.028766667004674673,0.06758837506640702,6.758398376405239e-05,0.16807608294766396,0.008129291934892535,0.1762053748825565,1.3750046491622925e-05,6.329198367893696e-05,0.07571766700129956,0.2626308328472078,0.4348546250257641
2369,random_2366,random_cycle_chord,20260823,baseline,0,200,4,11,14,4.09221644703494,True,True,,perf/incremental-yamada-frontier-order,1d8374f42cccbb16d78d44100a65ca603d7d1997,3.14.7,macOS-26.6.2-arm64-arm-64bit-Mach-O,arm,0.03418337495531887,0.14788133406545967,0.02055408398155123,0.007690291968174279,0.008279166999273002,0.01623537507839501,2.895807847380638e-05,0.008407250046730042,0.008654291974380612,0.0007331670494750142,0.034059042227454484,0.07060920901130885,7.570907473564148e-05,0.18173929199110717,0.01150791603140533,0.1932472080225125,1.8124934285879135e-05,8.749996777623892e-05,0.08211712504271418,0.2641818340634927,0.45021224999800324
2370,random_2367,random_cycle_chord,20260823,crossing_rich,3,200,4,8,11,4.102390286316368,True,True,,perf/incremental-yamada-frontier-order,1d8374f42cccbb16d78d44100a65ca603d7d1997,3.14.7,macOS-26.6.2-arm64-arm-64bit-Mach-O,arm,0.0278600420570001,0.1488927078898996,0.04057683399878442,0.009149875026196241,0.01014362508431077,0.020000166026875377,2.9833056032657623e-05,0.010463666054420173,0.012249583029188216,0.00125933310482651,0.04400258127134293,0.10390137496870011,9.370804764330387e-05,0.17178029206115752,0.061262124916538596,0.23304241697769612,3.179104533046484e-05,0.00015566602814942598,0.1651634998852387,0.3419162498321384,0.5182600419502705
2371,random_2368,random_cycle_chord,20260823,baseline,0,200,3,10,12,4.6576574864402955,True,True,,perf/incremental-yamada-frontier-order,1d8374f42cccbb16d78d44100a65ca603d7d1997,3.14.7,macOS-26.6.2-arm64-arm-64bit-Mach-O,arm,0.049439958995208144,0.1910882079973817,0.028583957930095494,0.009239999926649034,0.009107416961342096,0.01760820799972862,5.791708827018738e-05,0.009222708060406148,0.01093012501951307,0.0007777080172672868,0.03859666618518531,0.08557045797351748,0.00011875003110617399,0.2154513339046389,0.01530066691339016,0.23075200081802905,3.583403304219246e-05,0.00011629192158579826,0.10087112488690764,0.34139929187949747,0.5623869160190225
2372,random_2369,random_cycle_chord,20260823,crossing_rich,4,200,5,8,12,6.590131703315846,True,True,,perf/incremental-yamada-frontier-order,1d8374f42cccbb16d78d44100a65ca603d7d1997,3.14.7,macOS-26.6.2-arm64-arm-64bit-Mach-O,arm,0.0826484999852255,0.2636196669191122,0.09267429204192013,0.012494750088080764,0.013023250037804246,0.025735583971254528,4.8749963752925396e-05,0.013341874931938946,0.014140042010694742,0.001639499911107123,0.054905750788748264,0.17313804209697992,0.00019149994477629662,0.22051449993159622,0.03242266702000052,0.25293716695159674,3.912497777491808e-05,0.00020187499467283487,0.20556070911698043,0.5518288760213181,0.779287250014022
2373,random_2370,random_cycle_chord,20260823,baseline,0,200,3,9,11,5.382876404050714,True,True,,perf/incremental-yamada-frontier-order,1d8374f42cccbb16d78d44100a65ca603d7d1997,3.14.7,macOS-26.6.2-arm64-arm-64bit-Mach-O,arm,0.04263329098466784,0.17890458297915757,0.031708666938357055,0.007748625008389354,0.007307542022317648,0.014326542033813894,2.570892684161663e-05,0.007503542001359165,0.007696834043599665,0.0006160419434309006,0.03016866894904524,0.07695575000252575,7.262500002980232e-05,0.16379979194607586,0.010277208988554776,0.17407700093463063,1.866708043962717e-05,8.695898577570915e-05,0.08723295899108052,0.3087708329549059,0.4775922499829903
2374,random_2371,random_cycle_chord,20260823,crossing_rich,4,200,5,10,14,5.494602306316976,True,True,,perf/incremental-yamada-frontier-order,1d8374f42cccbb16d78d44100a65ca603d7d1997,3.14.7,macOS-26.6.2-arm64-arm-64bit-Mach-O,arm,0.048526457976549864,0.17194870801176876,0.05893095792271197,0.011824709014035761,0.012580457958392799,0.024665334029123187,4.283408634364605e-05,0.012775667011737823,0.013480291934683919,0.0014404170215129852,0.05240454408340156,0.13577904202975333,9.266694542020559e-05,0.2944376249797642,0.026117667090147734,0.32055529206991196,2.8041074983775616e-05,0.00015462504234164953,0.16189670911990106,0.3823718751082197,0.6816896250238642
2375,random_2372,random_cycle_chord,20260823,baseline,0,200,3,13,15,4.563803101274047,True,True,,perf/incremental-yamada-frontier-order,1d8374f42cccbb16d78d44100a65ca603d7d1997,3.14.7,macOS-26.6.2-arm64-arm-64bit-Mach-O,arm,0.042183457990176976,0.15897366707213223,0.024846166954375803,0.007456916966475546,0.00745470798574388,0.014784249942749739,2.3042084649205208e-05,0.007674333988688886,0.007811916992068291,0.0005712499842047691,0.03086479299236089,0.07064266700763255,7.541594095528126e-05,0.20468283293303102,0.009039000025950372,0.2137218329589814,1.4458084478974342e-05,7.458403706550598e-05,0.07968166703358293,0.28083879209589213,0.4899749170290306
2376,random_2373,random_cycle_chord,20260823,crossing_rich,4,200,5,8,12,6.6022289632306,True,True,,perf/incremental-yamada-frontier-order,1d8374f42cccbb16d78d44100a65ca603d7d1997,3.14.7,macOS-26.6.2-arm64-arm-64bit-Mach-O,arm,0.04587195906788111,0.15461116598453373,0.06509091705083847,0.00991725001949817,0.010820457944646478,0.02128575008828193,3.8082944229245186e-05,0.011053583002649248,0.0118035419145599,0.0014472919283434749,0.0456282498780638,0.13149075000546873,0.0001617079833522439,0.16346358403097838,0.02785333397332579,0.19131691800430417,2.383394166827202e-05,0.00015529198572039604,0.15934408397879452,0.35982720903120935,0.5279615420149639
2377,random_2374,random_cycle_chord,20260823,crossing_rich,6,200,6,10,15,5.6264587387501654,True,True,,perf/incremental-yamada-frontier-order,1d8374f42cccbb16d78d44100a65ca603d7d1997,3.14.7,macOS-26.6.2-arm64-arm-64bit-Mach-O,arm,0.04615654202643782,0.14944554190151393,0.06129466695711017,0.01122679200489074,0.01273016701452434,0.025070999981835485,4.4209067709743977e-05,0.01300249993801117,0.014004333992488682,0.0017028339207172394,0.05382487690076232,0.13911774998996407,0.00021312502212822437,0.18837649992201477,0.034662374993786216,0.223038874915801,2.862501423805952e-05,0.00018129195086658,0.17378012498375028,0.36938220891170204,0.5625597919570282
2378,random_2375,random_cycle_chord,20260823,baseline,0,200,3,13,15,4.562316582046291,True,True,,perf/incremental-yamada-frontier-order,1d8374f42cccbb16d78d44100a65ca603d7d1997,3.14.7,macOS-26.6.2-arm64-arm-64bit-Mach-O,arm,0.03864970896393061,0.19929462496656924,0.025639416999183595,0.007270834059454501,0.007247291970998049,0.01409762492403388,2.7833040803670883e-05,0.007453582948073745,0.007496124948374927,0.0005670830141752958,0.02964224887546152,0.06983183301053941,9.037507697939873e-05,0.20235899998806417,0.00856112502515316,0.21092012501321733,1.4999997802078724e-05,7.099995855242014e-05,0.07839295803569257,0.3163372919661924,0.5232065409654751
2379,random_2376,random_cycle_chord,20260823,baseline,0,200,3,9,11,5.390192676687263,True,True,,perf/incremental-yamada-frontier-order,1d8374f42cccbb16d78d44100a65ca603d7d1997,3.14.7,macOS-26.6.2-arm64-arm-64bit-Mach-O,arm,0.0338916250038892,0.15239979198668152,0.024931875057518482,0.006622458924539387,0.006735042086802423,0.013271083938889205,2.2124964743852615e-05,0.006889083073474467,0.007055084104649723,0.0005454589845612645,0.027782835066318512,0.06609266705345362,7.18339579179883e-05,0.1453331660013646,0.00851754192262888,0.15385070792399347,1.4457968063652515e-05,6.970902904868126e-05,0.0746102089760825,0.26090162596665323,0.4104664589976892
2380,random_2377,random_cycle_chord,20260823,baseline,0,200,3,10,12,4.706460403784902,True,True,,perf/incremental-yamada-frontier-order,1d8374f42cccbb16d78d44100a65ca603d7d1997,3.14.7,macOS-26.6.2-arm64-arm-64bit-Mach-O,arm,0.03224783390760422,0.15905524999834597,0.022535957978107035,0.006655750097706914,0.0065324578899890184,0.012816332979127765,2.1292013116180897e-05,0.006667749956250191,0.006824708078056574,0.0005507910391315818,0.026880874065682292,0.06262462504673749,6.795802619308233e-05,0.15335845795925707,0.009108124999329448,0.16246658295858651,1.625006552785635e-05,7.23750563338399e-05,0.07173275004606694,0.26303583395201713,0.42061691696289927
2381,random_2378,random_cycle_chord,20260823,baseline,0,200,3,9,11,5.354218386247262,True,True,,perf/incremental-yamada-frontier-order,1d8374f42cccbb16d78d44100a65ca603d7d1997,3.14.7,macOS-26.6.2-arm64-arm-64bit-Mach-O,arm,0.03239633294288069,0.1490704579045996,0.02905008301604539,0.006818790920078754,0.007048708037473261,0.013871666975319386,2.0834035240113735e-05,0.00718170905020088,0.007300332887098193,0.0005030829925090075,0.02887762594036758,0.07181350002065301,6.0415943153202534e-05,0.14186200010590255,0.008141707978211343,0.1500037080841139,1.3915938325226307e-05,6.450002547353506e-05,0.07995520799886435,0.26142199884634465,0.40740720904432237
2382,random_2379,random_cycle_chord,20260823,baseline,0,200,3,10,12,5.622700663927701,True,True,,perf/incremental-yamada-frontier-order,1d8374f42cccbb16d78d44100a65ca603d7d1997,3.14.7,macOS-26.6.2-arm64-arm-64bit-Mach-O,arm,0.035818499978631735,0.1482147080823779,0.02855066698975861,0.006435707909986377,0.006599458050914109,0.012985249981284142,2.216699067503214e-05,0.006730541936121881,0.006888000061735511,0.0005401660455390811,0.027166125015355647,0.06877125008031726,6.633403245359659e-05,0.15412724995985627,0.008452833048067987,0.16258008300792426,1.4042016118764877e-05,6.604194641113281e-05,0.07722408312838525,0.2612572911893949,0.41952220792882144
2383,random_2380,random_cycle_chord,20260823,crossing_rich,6,200,6,12,17,4.881627296932321,True,True,,perf/incremental-yamada-frontier-order,1d8374f42cccbb16d78d44100a65ca603d7d1997,3.14.7,macOS-26.6.2-arm64-arm-64bit-Mach-O,arm,0.045894041075371206,0.15007358300499618,0.04758408304769546,0.012624917086213827,0.01420987502206117,0.027989667025394738,7.295806426554918e-05,0.014337833970785141,0.01504308299627155,0.0016764579340815544,0.05911999999079853,0.1335982090095058,0.00012770900502800941,0.3841032909695059,0.03475041699130088,0.4188537079608068,3.162503708153963e-05,0.00018212501890957355,0.1683486260008067,0.3643162500811741,0.7529285409254953
2384,random_2381,random_cycle_chord,20260823,crossing_rich,2,200,4,9,12,5.890128549023661,True,True,,perf/incremental-yamada-frontier-order,1d8374f42cccbb16d78d44100a65ca603d7d1997,3.14.7,macOS-26.6.2-arm64-arm-64bit-Mach-O,arm,0.04057666601147503,0.1576519999653101,0.05116987496148795,0.009517166996374726,0.009992584004066885,0.01965891697909683,3.999995533376932e-05,0.010137166013009846,0.010243667056784034,0.0010486249811947346,0.041128374985419214,0.1118400419363752,8.266698569059372e-05,0.17200462508480996,0.018924249918200076,0.19092887500301003,2.0916922949254513e-05,0.00012383307330310345,0.13076429185457528,0.3289929578313604,0.5056097090709955
2385,random_2382,random_cycle_chord,20260823,baseline,0,200,3,8,10,6.140400823818576,True,True,,perf/incremental-yamada-frontier-order,1d8374f42cccbb16d78d44100a65ca603d7d1997,3.14.7,macOS-26.6.2-arm64-arm-64bit-Mach-O,arm,0.03579224995337427,0.16004429198801517,0.03297512501012534,0.0072689170483499765,0.007142457994632423,0.014108250034041703,2.3333937861025333e-05,0.007327792001888156,0.007542375009506941,0.0006382090505212545,0.02963996003381908,0.07704725000075996,6.200000643730164e-05,0.13921908393967897,0.010146290995180607,0.14936537493485957,1.5249941498041153e-05,8.187501225620508e-05,0.08719354099594057,0.28303008293733,0.4267184999771416
2386,random_2383,random_cycle_chord,20260823,crossing_rich,3,200,5,10,14,4.950271856782215,True,True,,perf/incremental-yamada-frontier-order,1d8374f42cccbb16d78d44100a65ca603d7d1997,3.14.7,macOS-26.6.2-arm64-arm-64bit-Mach-O,arm,0.042044834000989795,0.16070216696243733,0.04427241696976125,0.010393542004749179,0.011100666946731508,0.021838832995854318,3.85830644518137e-05,0.011341875069774687,0.012050625053234398,0.0013616250362247229,0.04663154121953994,0.11243400000967085,8.79999715834856e-05,0.1830917081097141,0.02331149997189641,0.2064032080816105,2.5165965780615807e-05,0.00014750007539987564,0.13574549998156726,0.3384925009449944,0.5263849999755621
2387,random_2384,random_cycle_chord,20260823,baseline,0,200,3,11,13,4.077053540453405,True,True,,perf/incremental-yamada-frontier-order,1d8374f42cccbb16d78d44100a65ca603d7d1997,3.14.7,macOS-26.6.2-arm64-arm-64bit-Mach-O,arm,0.03446329210419208,0.1595188749488443,0.02167308295611292,0.007338208029977977,0.007315124967135489,0.014437624951824546,2.2833002731204033e-05,0.007493125041946769,0.007712167105637491,0.0006226669065654278,0.030288417008705437,0.06663474999368191,7.550010923296213e-05,0.17805750004481524,0.009782208944670856,0.1878397089894861,1.491699367761612e-05,7.941701915115118e-05,0.07641695893835276,0.27039912599138916,0.4529366659699008
2388,random_2385,random_cycle_chord,20260823,crossing_rich,4,200,5,8,12,6.603926156596107,True,True,,perf/incremental-yamada-frontier-order,1d8374f42cccbb16d78d44100a65ca603d7d1997,3.14.7,macOS-26.6.2-arm64-arm-64bit-Mach-O,arm,0.045976834022440016,0.15916024998296052,0.07221895805560052,0.010162291000597179,0.011098833987489343,0.021985750063322484,3.866699989885092e-05,0.011364332982338965,0.012132416944950819,0.00146266701631248,0.0469838340068236,0.14049800008069724,0.00016370799858123064,0.1675024579744786,0.028135624947026372,0.19563808292150497,2.4875043891370296e-05,0.00015770795289427042,0.1686336250277236,0.37377070903312415,0.5460399170406163
2389,random_2386,random_cycle_chord,20260823,crossing_rich,4,200,5,9,13,6.080060538730597,True,True,,perf/incremental-yamada-frontier-order,1d8374f42cccbb16d78d44100a65ca603d7d1997,3.14.7,macOS-26.6.2-arm64-arm-64bit-Mach-O,arm,0.04428483301308006,0.1523431249661371,0.06060266692657024,0.011306375032290816,0.012363041983917356,0.02334099996369332,4.0209037251770496e-05,0.012014874955639243,0.01273995905648917,0.0014046250144019723,0.049540668027475476,0.13384908298030496,9.212503209710121e-05,0.1809531250037253,0.0259399579372257,0.206893082940951,2.4000066332519054e-05,0.00014887494035065174,0.15978904091753066,0.3564169988967478,0.5420505410293117
2390,random_2387,random_cycle_chord,20260823,baseline,0,200,3,10,12,4.63505398921514,True,True,,perf/incremental-yamada-frontier-order,1d8374f42cccbb16d78d44100a65ca603d7d1997,3.14.7,macOS-26.6.2-arm64-arm-64bit-Mach-O,arm,0.032057875068858266,0.15238283399958163,0.023891499964520335,0.006700000027194619,0.006651583011262119,0.01307670900132507,2.2541964426636696e-05,0.006792000029236078,0.006978207966312766,0.0005729579133912921,0.027442416874691844,0.06470420805271715,7.704203017055988e-05,0.14698495797347277,0.009043707977980375,0.15602866595145315,1.4541903510689735e-05,6.912497337907553e-05,0.07374791603069752,0.2581886250991374,0.40940229198895395
2391,random_2388,random_cycle_chord,20260823,baseline,0,200,3,10,12,5.619906288349635,True,True,,perf/incremental-yamada-frontier-order,1d8374f42cccbb16d78d44100a65ca603d7d1997,3.14.7,macOS-26.6.2-arm64-arm-64bit-Mach-O,arm,0.03728466702159494,0.15034725004807115,0.02661325002554804,0.006812082952819765,0.007057457929477096,0.013942208024673164,2.195802517235279e-05,0.0072561249835416675,0.007464374997653067,0.0005420410307124257,0.029226707061752677,0.06972895900253206,6.858294364064932e-05,0.15715958294458687,0.008584750001318753,0.16574433294590563,1.366704236716032e-05,6.587500683963299e-05,0.07831370900385082,0.2659456260735169,0.42730808397755027
2392,random_2389,random_cycle_chord,20260823,crossing_rich,2,200,4,9,12,6.083743595802758,True,True,,perf/incremental-yamada-frontier-order,1d8374f42cccbb16d78d44100a65ca603d7d1997,3.14.7,macOS-26.6.2-arm64-arm-64bit-Mach-O,arm,0.039682791917584836,0.14947325002867728,0.04983324999921024,0.008118917001411319,0.008291624952107668,0.01632854202762246,2.883397974073887e-05,0.008477292023599148,0.008911125012673438,0.0009203749941661954,0.03466616803780198,0.10093650000635535,6.925000343471766e-05,0.15831437497399747,0.01657062501180917,0.17488499998580664,1.89170241355896e-05,0.00010475004091858864,0.11750712501816452,0.30666316696442664,0.46930795803200454
2393,random_2390,random_cycle_chord,20260823,baseline,0,200,3,11,13,4.101691618936298,True,True,,perf/incremental-yamada-frontier-order,1d8374f42cccbb16d78d44100a65ca603d7d1997,3.14.7,macOS-26.6.2-arm64-arm-64bit-Mach-O,arm,0.03292433300521225,0.16377695801202208,0.020412209094502032,0.00725158303976059,0.007259874953888357,0.014143707929179072,3.0374969355762005e-05,0.007379583083093166,0.007644374971278012,0.0007582909893244505,0.029956331942230463,0.0649046660400927,0.00010087504051625729,0.17895954195410013,0.00912654201965779,0.18808608397375792,1.7333077266812325e-05,7.90000194683671e-05,0.0740312080597505,0.2707324990769848,0.45426512497942895
2394,random_2391,random_cycle_chord,20260823,crossing_rich,2,200,4,8,11,6.603656108071672,True,True,,perf/incremental-yamada-frontier-order,1d8374f42cccbb16d78d44100a65ca603d7d1997,3.14.7,macOS-26.6.2-arm64-arm-64bit-Mach-O,arm,0.04191074997652322,0.1567942500114441,0.05818029202055186,0.008597125066444278,0.00898591591976583,0.017665458959527314,3.0499999411404133e-05,0.009143333067186177,0.009663332952186465,0.0010442909551784396,0.0375469159334898,0.11333812493830919,6.854103412479162e-05,0.1530308750225231,0.019809666904620826,0.17284054192714393,2.0332983694970608e-05,0.0001253749942407012,0.13314779184293002,0.33185279183089733,0.4894132079789415
2395,random_2392,random_cycle_chord,20260823,crossing_rich,4,200,5,9,13,6.084952653518993,True,True,,perf/incremental-yamada-frontier-order,1d8374f42cccbb16d78d44100a65ca603d7d1997,3.14.7,macOS-26.6.2-arm64-arm-64bit-Mach-O,arm,0.0450801249826327,0.15596000000368804,0.05818654200993478,0.010055208927951753,0.011021125013940036,0.02155983296688646,3.8792029954493046e-05,0.01124770799651742,0.011924291029572487,0.0013687079772353172,0.04613933200016618,0.12543683405965567,7.9666031524539e-05,0.18250600004103035,0.026725917006842792,0.20923191704787314,2.4958979338407516e-05,0.00015295797493308783,0.15216275106649846,0.3532028760528192,0.5404182079946622
2396,random_2393,random_cycle_chord,20260823,baseline,0,200,4,11,14,4.044394041862585,True,True,,perf/incremental-yamada-frontier-order,1d8374f42cccbb16d78d44100a65ca603d7d1997,3.14.7,macOS-26.6.2-arm64-arm-64bit-Mach-O,arm,0.036230458063073456,0.1541360419942066,0.02375958301126957,0.00817683304194361,0.008611875004135072,0.017012582975439727,2.9957969672977924e-05,0.008807542035356164,0.009015165967866778,0.0007167919538915157,0.03558204090222716,0.07615787500981241,7.537507917732e-05,0.19326833297964185,0.011240708059631288,0.20450904103927314,1.9417027942836285e-05,9.087496437132359e-05,0.0873985830694437,0.27776508312672377,0.4755033339606598
2397,random_2394,random_cycle_chord,20260823,crossing_rich,5,200,5,8,12,4.204476296688957,True,True,,perf/incremental-yamada-frontier-order,1d8374f42cccbb16d78d44100a65ca603d7d1997,3.14.7,macOS-26.6.2-arm64-arm-64bit-Mach-O,arm,0.032445208984427154,0.15581179095897824,0.04412325005978346,0.011190875084139407,0.013003083993680775,0.025953750009648502,3.987504169344902e-05,0.013622083002701402,0.014224915998056531,0.001399375032633543,0.05523999908473343,0.12359249999281019,0.000284458976238966,0.2800239579519257,0.027200874988920987,0.3072248329408467,2.616702113300562e-05,0.00015225005336105824,0.15079337498173118,0.33905037492513657,0.6236784999491647
2398,random_2395,random_cycle_chord,20260823,baseline,0,200,4,10,13,4.625978700349683,True,True,,perf/incremental-yamada-frontier-order,1d8374f42cccbb16d78d44100a65ca603d7d1997,3.14.7,macOS-26.6.2-arm64-arm-64bit-Mach-O,arm,0.036315665929578245,0.16208091599401087,0.027170000015757978,0.008292875019833446,0.00848316599149257,0.016623749979771674,3.170897252857685e-05,0.008610749966464937,0.008947583031840622,0.0008282079361379147,0.035041999886743724,0.0790170410182327,8.087500464171171e-05,0.18199662503320724,0.012111000018194318,0.19410762505140156,1.9249971956014633e-05,9.566603694111109e-05,0.09112804103642702,0.28952462296001613,0.4764372919453308
2399,random_2396,random_cycle_chord,20260823,crossing_rich,3,200,5,12,16,4.529175708278467,True,True,,perf/incremental-yamada-frontier-order,1d8374f42cccbb16d78d44100a65ca603d7d1997,3.14.7,macOS-26.6.2-arm64-arm-64bit-Mach-O,arm,0.04458283295389265,0.16407537495251745,0.043806124944239855,0.010578374960459769,0.011314500006847084,0.022325958008877933,4.025001544505358e-05,0.011606917018070817,0.012229166110046208,0.0012896249536424875,0.0474919161060825,0.11322774994187057,0.00010020798072218895,0.22469070798251778,0.023044917033985257,0.24773562501650304,2.516701351851225e-05,0.0001440841006115079,0.13627266697585583,0.3449308748822659,0.5744225829839706
2400,random_2397,random_cycle_chord,20260823,baseline,0,200,3,10,12,5.624180066298055,True,True,,perf/incremental-yamada-frontier-order,1d8374f42cccbb16d78d44100a65ca603d7d1997,3.14.7,macOS-26.6.2-arm64-arm-64bit-Mach-O,arm,0.03635558299720287,0.16010775009635836,0.02633987506851554,0.007985624950379133,0.00742108398117125,0.014188624918460846,2.90420139208436e-05,0.007396333967335522,0.007447625044733286,0.0005099578993394971,0.029571583843789995,0.0713666669325903,8.200004231184721e-05,0.15283116593491286,0.007941790972836316,0.16077295690774918,1.783308107405901e-05,6.933300755918026e-05,0.07930845790542662,0.27577179099898785,0.43289608298800886
2401,random_2398,random_cycle_chord,20260823,crossing_rich,5,200,5,9,13,4.305399835886005,True,True,,perf/incremental-yamada-frontier-order,1d8374f42cccbb16d78d44100a65ca603d7d1997,3.14.7,macOS-26.6.2-arm64-arm-64bit-Mach-O,arm,0.03390899999067187,0.14840054197702557,0.03982987499330193,0.010678458027541637,0.012178875040262938,0.026806041016243398,8.233299013227224e-05,0.01663700002245605,0.01414737501181662,0.0014502910198643804,0.05912304006051272,0.12184783292468637,0.0001099579967558384,0.1793125419644639,0.02816574997268617,0.20747829193715006,2.4499953724443913e-05,0.00014995899982750416,0.15001358289737254,0.33232312486507,0.5163717089453712
2402,random_2399,random_cycle_chord,20260823,crossing_rich,4,200,5,10,14,5.474610341951931,True,True,,perf/incremental-yamada-frontier-order,1d8374f42cccbb16d78d44100a65ca603d7d1997,3.14.7,macOS-26.6.2-arm64-arm-64bit-Mach-O,arm,0.042154917027801275,0.15420983301009983,0.05326504202093929,0.009967208025045693,0.010849957936443388,0.021720750024542212,5.408294964581728e-05,0.011380292009562254,0.012019583024084568,0.00139345892239362,0.04656816693022847,0.1206887080334127,9.466707706451416e-05,0.19959520804695785,0.026962917065247893,0.22655812511220574,2.9041082598268986e-05,0.0001610000617802143,0.1476516250986606,0.3440163751365617,0.5483995829708874
2403,random_2400,random_cycle_chord,20260823,baseline,0,200,4,11,14,4.069830784727399,True,True,,perf/incremental-yamada-frontier-order,1d8374f42cccbb16d78d44100a65ca603d7d1997,3.14.7,macOS-26.6.2-arm64-arm-64bit-Mach-O,arm,0.03735820797737688,0.16179491602815688,0.024892540997825563,0.008815082954242826,0.009547082940116525,0.01836404192727059,5.250005051493645e-05,0.009135292028076947,0.009725500014610589,0.0007926669204607606,0.038070000940933824,0.08136637497227639,0.00011175009422004223,0.41751591698266566,0.0236862909514457,0.44120220793411136,0.0007639579707756639,0.0015583339845761657,0.10505266592372209,0.30420578992925584,0.7293758749729022
2404,random_2401,random_cycle_chord,20260823,crossing_rich,5,200,5,8,12,4.221665893882352,True,True,,perf/incremental-yamada-frontier-order,1d8374f42cccbb16d78d44100a65ca603d7d1997,3.14.7,macOS-26.6.2-arm64-arm-64bit-Mach-O,arm,0.06665375002194196,0.22832583298441023,0.053515708073973656,0.01453749998472631,0.01577375002671033,0.03132191696204245,8.341693319380283e-05,0.016450125025585294,0.017294083954766393,0.0019357079872861505,0.06708525086287409,0.15096595790237188,0.0003820830024778843,0.39834254200104624,0.0546375410631299,0.45298008306417614,5.620904266834259e-05,0.00022216606885194778,0.20560349896550179,0.500583081971854,0.9046311670681462
2405,random_2402,random_cycle_chord,20260823,baseline,0,200,3,8,10,6.208565418417182,True,True,,perf/incremental-yamada-frontier-order,1d8374f42cccbb16d78d44100a65ca603d7d1997,3.14.7,macOS-26.6.2-arm64-arm-64bit-Mach-O,arm,0.09872212493792176,0.25235395901836455,0.05263504199683666,0.01172233303077519,0.01280308305285871,0.021516542066819966,5.704199429601431e-05,0.011121375020593405,0.010930915945209563,0.0008527500322088599,0.04447862505912781,0.12170904199592769,0.00010695902165025473,0.2816555420868099,0.030114874942228198,0.31177041702903807,9.079196024686098e-05,0.00041983299888670444,0.1518239169381559,0.5029000008944422,0.792434792034328
2406,random_2403,random_cycle_chord,20260823,baseline,0,200,3,11,13,5.225904781779053,True,True,,perf/incremental-yamada-frontier-order,1d8374f42cccbb16d78d44100a65ca603d7d1997,3.14.7,macOS-26.6.2-arm64-arm-64bit-Mach-O,arm,0.06809337495360523,0.21782637503929436,0.048346041003242135,0.015572707983665168,0.012994457967579365,0.025031791999936104,7.779092993587255e-05,0.013763875002041459,0.01283445896115154,0.0008352079894393682,0.052543124882504344,0.12953187490347773,0.00014987506438046694,0.2618892079917714,0.010509709012694657,0.27239891700446606,1.9542057998478413e-05,9.008403867483139e-05,0.14004158391617239,0.425961333909072,0.6943643339909613
2407,random_2404,random_cycle_chord,20260823,baseline,0,200,4,13,16,4.566896917550244,True,True,,perf/incremental-yamada-frontier-order,1d8374f42cccbb16d78d44100a65ca603d7d1997,3.14.7,macOS-26.6.2-arm64-arm-64bit-Mach-O,arm,0.051547540933825076,0.18671433290001005,0.028294250019825995,0.010364333051256835,0.010398624930530787,0.019837457919493318,3.716698847711086e-05,0.00992620806209743,0.010239749914035201,0.0009062499739229679,0.04094683285802603,0.09004254103638232,9.799993131309748e-05,0.2373228749493137,0.014330832986161113,0.2516537079354748,2.2582942619919777e-05,0.00011191598605364561,0.10437337402254343,0.34263524785637856,0.5851756660267711
2408,random_2405,random_cycle_chord,20260823,crossing_rich,5,200,5,9,13,4.353958256222086,True,True,,perf/incremental-yamada-frontier-order,1d8374f42cccbb16d78d44100a65ca603d7d1997,3.14.7,macOS-26.6.2-arm64-arm-64bit-Mach-O,arm,0.038616874953731894,0.18377641693223268,0.060032458044588566,0.014227125095203519,0.01476404198911041,0.02714525000192225,4.9291993491351604e-05,0.014109834097325802,0.014866499928757548,0.0015432089567184448,0.057714084978215396,0.14678937499411404,9.729200974106789e-05,0.19707324996124953,0.030069334083236754,0.22714258404448628,3.0290917493402958e-05,0.0001728750066831708,0.1768587090773508,0.39925200096331537,0.6017289170995355
2409,random_2406,random_cycle_chord,20260823,crossing_rich,7,200,6,13,18,4.008711837896553,True,True,,perf/incremental-yamada-frontier-order,1d8374f42cccbb16d78d44100a65ca603d7d1997,3.14.7,macOS-26.6.2-arm64-arm-64bit-Mach-O,arm,0.05047037499025464,0.17529020796064287,0.06413587497081608,0.019143125042319298,0.01953158399555832,0.03790354204829782,0.00011362496297806501,0.01906937500461936,0.019203707925044,0.0022320840507745743,0.07852233399171382,0.18143487500492483,0.00014045799616724253,0.2888557080877945,0.042908167000859976,0.33176387508865446,3.741693217307329e-05,0.00023729191161692142,0.2243430420057848,0.4501036249566823,0.7448346659075469
2410,random_2407,random_cycle_chord,20260823,baseline,0,200,4,11,14,4.0897935319849745,True,True,,perf/incremental-yamada-frontier-order,1d8374f42cccbb16d78d44100a65ca603d7d1997,3.14.7,macOS-26.6.2-arm64-arm-64bit-Mach-O,arm,0.038569833035580814,0.16336420795414597,0.02237804199103266,0.008682082989253104,0.008962124935351312,0.017544499947689474,3.0708033591508865e-05,0.008965290966443717,0.009033125010319054,0.0007693750085309148,0.03634299896657467,0.07639366597868502,7.904204539954662e-05,0.1961895830463618,0.01282070903107524,0.20901029207743704,2.2500054910779e-05,9.929202497005463e-05,0.08921437500976026,0.29114841599948704,0.49215533398091793
2411,random_2408,random_cycle_chord,20260823,baseline,0,200,3,8,10,6.156313063137809,True,True,,perf/incremental-yamada-frontier-order,1d8374f42cccbb16d78d44100a65ca603d7d1997,3.14.7,macOS-26.6.2-arm64-arm-64bit-Mach-O,arm,0.03549883305095136,0.1857698339736089,0.04282224993221462,0.010134292067959905,0.008934207959100604,0.017857333994470537,7.691700011491776e-05,0.008191208937205374,0.008179584052413702,0.000724624958820641,0.03502966894302517,0.09700408298522234,0.0001017499016597867,0.1480444580083713,0.009740666951984167,0.15778512496035546,2.025009598582983e-05,8.579192217439413e-05,0.1067447499372065,0.3280134169617668,0.48113016597926617
2412,random_2409,random_cycle_chord,20260823,crossing_rich,2,200,4,8,11,6.590301217273725,True,True,,perf/incremental-yamada-frontier-order,1d8374f42cccbb16d78d44100a65ca603d7d1997,3.14.7,macOS-26.6.2-arm64-arm-64bit-Mach-O,arm,0.04270004096906632,0.1592012500623241,0.058772291988134384,0.008849250036291778,0.008879584027454257,0.017472166917286813,3.316707443445921e-05,0.009100791998207569,0.00957629201002419,0.000986333005130291,0.03716875100508332,0.11369816691149026,7.004209328442812e-05,0.15025233302731067,0.017041292041540146,0.16729362506885082,1.9750092178583145e-05,0.00011799996718764305,0.1307394589530304,0.33264074998442084,0.48737474996596575
2413,random_2410,random_cycle_chord,20260823,baseline,0,200,3,9,11,5.338301625626101,True,True,,perf/incremental-yamada-frontier-order,1d8374f42cccbb16d78d44100a65ca603d7d1997,3.14.7,macOS-26.6.2-arm64-arm-64bit-Mach-O,arm,0.033476582961156964,0.15997487492859364,0.02870812499895692,0.007248249952681363,0.007025207974947989,0.013702499913051724,2.37500062212348e-05,0.007099832990206778,0.008291500038467348,0.0006064170738682151,0.0297240000218153,0.0727269999915734,8.65840120241046e-05,0.1585835829610005,0.01039199996739626,0.16897558292839676,2.062495332211256e-05,9.145902004092932e-05,0.08311899995896965,0.27657045784872025,0.4396999590098858
2414,random_2411,random_cycle_chord,20260823,crossing_rich,4,200,5,10,14,5.4178364456426955,True,True,,perf/incremental-yamada-frontier-order,1d8374f42cccbb16d78d44100a65ca603d7d1997,3.14.7,macOS-26.6.2-arm64-arm-64bit-Mach-O,arm,0.059817499946802855,0.1703167500672862,0.0600894580129534,0.011070417007431388,0.011790333082899451,0.023144041071645916,3.9874925278127193e-05,0.012059750035405159,0.01272170792799443,0.001410875003784895,0.04937624896410853,0.13236720906570554,8.895795326679945e-05,0.310040625045076,0.028005041065625846,0.33804566611070186,3.0542025342583656e-05,0.00016441603656858206,0.16037225013133138,0.39050650014542043,0.7053078329190612
2415,random_2412,random_cycle_chord,20260823,baseline,0,200,3,9,11,5.389277455826461,True,True,,perf/incremental-yamada-frontier-order,1d8374f42cccbb16d78d44100a65ca603d7d1997,3.14.7,macOS-26.6.2-arm64-arm-64bit-Mach-O,arm,0.036562834051437676,0.1630691250320524,0.030531250056810677,0.007540999911725521,0.007288916036486626,0.014347041957080364,4.1207997128367424e-05,0.007357374997809529,0.007411832921206951,0.0005847089923918247,0.029742166865617037,0.07513333403039724,9.68750100582838e-05,0.15668983303476125,0.009153207996860147,0.1658430410316214,1.616694498807192e-05,7.933401502668858e-05,0.08428654202725738,0.28391850111074746,0.44538270798511803
2416,random_2413,random_cycle_chord,20260823,crossing_rich,5,200,5,9,13,4.15557004905403,True,True,,perf/incremental-yamada-frontier-order,1d8374f42cccbb16d78d44100a65ca603d7d1997,3.14.7,macOS-26.6.2-arm64-arm-64bit-Mach-O,arm,0.035801665973849595,0.18324645806569606,0.045042791054584086,0.012864082935266197,0.013583583990111947,0.026785415946505964,6.962497718632221e-05,0.014337374945171177,0.015092500019818544,0.0016065420350059867,0.057891457923687994,0.12942499993368983,0.00015462504234164953,0.2088245420018211,0.0360347080277279,0.244859250029549,3.67090106010437e-05,0.00020070793107151985,0.16545970796141773,0.3845078320009634,0.5991587499156594
2417,random_2414,random_cycle_chord,20260823,baseline,0,200,3,11,13,4.088126336272751,True,True,,perf/incremental-yamada-frontier-order,1d8374f42cccbb16d78d44100a65ca603d7d1997,3.14.7,macOS-26.6.2-arm64-arm-64bit-Mach-O,arm,0.039568624924868345,0.16306445805821568,0.021497749956324697,0.007605917053297162,0.007666249992325902,0.015099707990884781,2.416700590401888e-05,0.0077752500073984265,0.007936208043247461,0.0005665420321747661,0.031401875079609454,0.06819274998269975,7.441698107868433e-05,0.19305795803666115,0.01212845800910145,0.2051864160457626,3.0417111702263355e-05,0.00010599999222904444,0.0803212079918012,0.2829542909748852,0.48111974995117635
2418,random_2415,random_cycle_chord,20260823,crossing_rich,5,200,5,9,13,4.391299186083715,True,True,,perf/incremental-yamada-frontier-order,1d8374f42cccbb16d78d44100a65ca603d7d1997,3.14.7,macOS-26.6.2-arm64-arm-64bit-Mach-O,arm,0.041964084026403725,0.16297270904760808,0.0468871669145301,0.012620874913409352,0.013972790911793709,0.03008637495804578,9.241700172424316e-05,0.015256999991834164,0.01538200001232326,0.0016357500571757555,0.0624535420211032,0.13600333291105926,0.0002062499988824129,0.2056814159732312,0.03384670801460743,0.23952812398783863,3.162503708153963e-05,0.00018091697711497545,0.1698500409256667,0.3747868339996785,0.5859804999781772
2419,random_2416,random_cycle_chord,20260823,baseline,0,200,3,11,13,5.227731826744043,True,True,,perf/incremental-yamada-frontier-order,1d8374f42cccbb16d78d44100a65ca603d7d1997,3.14.7,macOS-26.6.2-arm64-arm-64bit-Mach-O,arm,0.04184220894239843,0.2010112500283867,0.029689499991945922,0.0087332499679178,0.008723416016437113,0.016902833944186568,5.579204298555851e-05,0.008687499910593033,0.008850374957546592,0.0006879580905660987,0.03518445894587785,0.08238150004763156,0.0001251670764759183,0.20992237504106015,0.011164583964273334,0.22108695900533348,2.2708089090883732e-05,9.308301378041506e-05,0.0935460840119049,0.33639954298269004,0.5514132919488475
2420,random_2417,random_cycle_chord,20260823,crossing_rich,3,200,4,9,12,4.518073083979772,True,True,,perf/incremental-yamada-frontier-order,1d8374f42cccbb16d78d44100a65ca603d7d1997,3.14.7,macOS-26.6.2-arm64-arm-64bit-Mach-O,arm,0.03170562500599772,0.16432912508025765,0.04122987494338304,0.00976262497715652,0.010266249999403954,0.020206207991577685,3.033294342458248e-05,0.010535874986089766,0.010947125032544136,0.001025665900669992,0.04274520685430616,0.10403137502726167,0.0001074580941349268,0.17649741692002863,0.02196050004567951,0.19845791696570814,2.4417066015303135e-05,0.00013062497600913048,0.12599187507294118,0.32202662515919656,0.5034070409601554
2421,random_2418,random_cycle_chord,20260823,crossing_rich,5,200,5,9,13,4.2849259772493635,True,True,,perf/incremental-yamada-frontier-order,1d8374f42cccbb16d78d44100a65ca603d7d1997,3.14.7,macOS-26.6.2-arm64-arm-64bit-Mach-O,arm,0.03647616691887379,0.1596747919684276,0.051346999942325056,0.011477457941509783,0.012671250035054982,0.024989666999317706,4.312500823289156e-05,0.012956042075529695,0.01375954202376306,0.0014984580921009183,0.05324683419894427,0.12877925008069724,0.00012862496078014374,0.18788620899431407,0.030956000089645386,0.21884220908395946,2.5707995519042015e-05,0.00017054204363375902,0.15973525017034262,0.355886209057644,0.5486653329571709
2422,random_2419,random_cycle_chord,20260823,baseline,0,200,3,12,14,4.874292197680528,True,True,,perf/incremental-yamada-frontier-order,1d8374f42cccbb16d78d44100a65ca603d7d1997,3.14.7,macOS-26.6.2-arm64-arm-64bit-Mach-O,arm,0.040141333010979,0.15747425006702542,0.027496750000864267,0.007437166990712285,0.007503457949496806,0.0147481249878183,2.3875036276876926e-05,0.007630583015270531,0.007882459089159966,0.0005795418983325362,0.03086458402685821,0.07332279195543379,9.054201655089855e-05,0.19242258300073445,0.009151667007245123,0.20157425000797957,1.679093111306429e-05,8.162506856024265e-05,0.08247445896267891,0.28009004204068333,0.47699229104910046
2423,random_2420,random_cycle_chord,20260823,baseline,0,200,3,10,12,5.619812105737818,True,True,,perf/incremental-yamada-frontier-order,1d8374f42cccbb16d78d44100a65ca603d7d1997,3.14.7,macOS-26.6.2-arm64-arm-64bit-Mach-O,arm,0.0384708340279758,0.2395030000479892,0.03199566702824086,0.0074617499485611916,0.007850333000533283,0.01522729208227247,6.987492088228464e-05,0.00785845797508955,0.008041166933253407,0.0006181660573929548,0.03181495796889067,0.07916933298110962,9.874999523162842e-05,0.1809394999872893,0.01033837499562651,0.19127787498291582,1.9666971638798714e-05,9.291700553148985e-05,0.08950770797673613,0.3674815420527011,0.5533426250331104
2424,random_2421,random_cycle_chord,20260823,crossing_rich,5,200,6,11,16,4.615600224628674,True,True,,perf/incremental-yamada-frontier-order,1d8374f42cccbb16d78d44100a65ca603d7d1997,3.14.7,macOS-26.6.2-arm64-arm-64bit-Mach-O,arm,0.05612208298407495,0.17412462504580617,0.055720833013765514,0.014079292071983218,0.015182624920271337,0.029681041953153908,6.333400961011648e-05,0.015452582971192896,0.01625670795328915,0.0018406669842079282,0.063294333871454,0.14833012490998954,0.0001125409035012126,0.26553629199042916,0.03941254201345146,0.3049488340038806,3.9541046135127544e-05,0.00020308292005211115,0.187742666923441,0.4179893749533221,0.6892884169938043
2425,random_2422,random_cycle_chord,20260823,crossing_rich,2,200,4,10,13,5.456499679939234,True,True,,perf/incremental-yamada-frontier-order,1d8374f42cccbb16d78d44100a65ca603d7d1997,3.14.7,macOS-26.6.2-arm64-arm-64bit-Mach-O,arm,0.044255917076952755,0.17379183298908174,0.09514758398290724,0.01062208297662437,0.010801207972690463,0.020929874968715012,4.1624996811151505e-05,0.010695999953895807,0.011086040991358459,0.0010509999701753259,0.043804540880955756,0.1604182500159368,0.00010295899119228125,0.29309366701636463,0.018947583041153848,0.3120412500575185,2.6708003133535385e-05,0.00012924999464303255,0.17936583305709064,0.39741358312312514,0.6961966659873724
2426,random_2423,random_cycle_chord,20260823,baseline,0,200,3,9,11,5.425248976584616,True,True,,perf/incremental-yamada-frontier-order,1d8374f42cccbb16d78d44100a65ca603d7d1997,3.14.7,macOS-26.6.2-arm64-arm-64bit-Mach-O,arm,0.03915595798753202,0.16971566702704877,0.029801374999806285,0.007355707930400968,0.0076572910184040666,0.015060749952681363,3.212492447346449e-05,0.007992499973624945,0.008150874986313283,0.0006226249970495701,0.031858874834142625,0.07670512492768466,8.833291940391064e-05,0.15869858302176,0.009495125035755336,0.16819370805751532,1.6290927305817604e-05,8.291704580187798e-05,0.08620024996344,0.2950718749780208,0.458453124971129
2427,random_2424,random_cycle_chord,20260823,baseline,0,200,3,8,10,6.14891969684132,True,True,,perf/incremental-yamada-frontier-order,1d8374f42cccbb16d78d44100a65ca603d7d1997,3.14.7,macOS-26.6.2-arm64-arm-64bit-Mach-O,arm,0.03715354099404067,0.16140954208094627,0.035522500053048134,0.008338082931004465,0.007353457971476018,0.014906209078617394,4.800001624971628e-05,0.007954959059134126,0.0077668329467996955,0.0006182909710332751,0.03129429207183421,0.08253150002565235,8.454197086393833e-05,0.14678083290345967,0.010269916034303606,0.15705074893776327,2.8415932320058346e-05,0.00012124993372708559,0.09280141605995595,0.2913644991349429,0.4432200420415029
2428,random_2425,random_cycle_chord,20260823,baseline,0,200,3,8,10,6.208701822051437,True,True,,perf/incremental-yamada-frontier-order,1d8374f42cccbb16d78d44100a65ca603d7d1997,3.14.7,macOS-26.6.2-arm64-arm-64bit-Mach-O,arm,0.03810066694859415,0.1655520829372108,0.035640165908262134,0.007537042023614049,0.007704666000790894,0.0146335419267416,5.5958982557058334e-05,0.007756917038932443,0.00814241694752127,0.0006884579779580235,0.031277292873710394,0.08220191695727408,8.42090230435133e-05,0.15556629106868058,0.011450249934569001,0.16701654100324959,1.8625054508447647e-05,9.583297651261091e-05,0.09365216689184308,0.29730491677764803,0.45747970906086266
2429,random_2426,random_cycle_chord,20260823,crossing_rich,5,200,5,8,12,4.260583860506631,True,True,,perf/incremental-yamada-frontier-order,1d8374f42cccbb16d78d44100a65ca603d7d1997,3.14.7,macOS-26.6.2-arm64-arm-64bit-Mach-O,arm,0.03551466600038111,0.16522066702600569,0.04047800006810576,0.013505417038686574,0.014252708060666919,0.027993416995741427,7.320800796151161e-05,0.014781125006265938,0.015280624967999756,0.001581083983182907,0.05970945896115154,0.12801654101349413,0.00023320794571191072,0.18767329107504338,0.032297000056132674,0.21997029113117605,2.8667040169239044e-05,0.00017312506679445505,0.1603135410696268,0.3610488740960136,0.5542249579448253
2430,random_2427,random_cycle_chord,20260823,baseline,0,200,3,10,12,4.680098785736073,True,True,,perf/incremental-yamada-frontier-order,1d8374f42cccbb16d78d44100a65ca603d7d1997,3.14.7,macOS-26.6.2-arm64-arm-64bit-Mach-O,arm,0.034469000063836575,0.16488804097753018,0.026253624935634434,0.00859495799522847,0.007555417018011212,0.01516104198526591,3.766699228435755e-05,0.007893166970461607,0.007728165946900845,0.0006405420135706663,0.031460583908483386,0.07388866692781448,8.875003550201654e-05,0.16212933394126594,0.009912332985550165,0.1720416669268161,1.6042031347751617e-05,8.274998981505632e-05,0.08380099991336465,0.2831580409547314,0.4506101249717176
2431,random_2428,random_cycle_chord,20260823,crossing_rich,6,200,6,11,16,5.225458764311875,True,True,,perf/incremental-yamada-frontier-order,1d8374f42cccbb16d78d44100a65ca603d7d1997,3.14.7,macOS-26.6.2-arm64-arm-64bit-Mach-O,arm,0.05776124994736165,0.38177495810668916,0.0649182079359889,0.01526933303102851,0.016650915960781276,0.03323141695000231,0.00010416703298687935,0.017071499954909086,0.018096292042173445,0.0020990000339224935,0.07060237601399422,0.16749862500000745,0.00016912503633648157,0.41542229196056724,0.06239962496329099,0.4778219169238582,0.00012912496458739042,0.00036629196256399155,0.22989824996329844,0.6694344580173492,1.0918613750254735
2432,random_2429,random_cycle_chord,20260823,crossing_rich,3,200,5,11,15,5.012235485849284,True,True,,perf/incremental-yamada-frontier-order,1d8374f42cccbb16d78d44100a65ca603d7d1997,3.14.7,macOS-26.6.2-arm64-arm-64bit-Mach-O,arm,0.09113720792811364,0.38512412505224347,0.13471554103307426,0.020202042069286108,0.019628292066045105,0.04680900007952005,0.00011462497059255838,0.02573699993081391,0.025007499963976443,0.0030339579097926617,0.10070208285469562,0.2753771669231355,0.00021354202181100845,0.35864941705949605,0.030733541934750974,0.389382958994247,4.245806485414505e-05,0.00019945809617638588,0.3061107088578865,0.7823720418382436,1.155849833972752
2433,random_2430,random_cycle_chord,20260823,crossing_rich,6,200,6,11,16,5.223280906538705,True,True,,perf/incremental-yamada-frontier-order,1d8374f42cccbb16d78d44100a65ca603d7d1997,3.14.7,macOS-26.6.2-arm64-arm-64bit-Mach-O,arm,0.06513470795471221,0.20474325004033744,0.06110083300154656,0.01658712502103299,0.016623000032268465,0.032307749963365495,7.574993651360273e-05,0.016863917000591755,0.017194624990224838,0.0019221249967813492,0.06836416688747704,0.16274445806629956,0.00013275002129375935,0.2546838750131428,0.03985266701783985,0.2945365420309827,3.887503407895565e-05,0.0002113750670105219,0.2025971250841394,0.47247508307918906,0.733623250038363
2434,random_2431,random_cycle_chord,20260823,crossing_rich,5,200,5,8,12,4.118509217217317,True,True,,perf/incremental-yamada-frontier-order,1d8374f42cccbb16d78d44100a65ca603d7d1997,3.14.7,macOS-26.6.2-arm64-arm-64bit-Mach-O,arm,0.05152708396781236,0.17506316595245153,0.04041145904920995,0.012818000046536326,0.013808624935336411,0.027240082970820367,4.116701893508434e-05,0.014130458002910018,0.014965457958169281,0.0015535829588770866,0.05793074890971184,0.12500754208303988,0.00019870803225785494,0.19029883400071412,0.031775041949003935,0.22207387594971806,3.245798870921135e-05,0.00018258299678564072,0.15678258403204381,0.3833728339523077,0.5789735829457641
2435,random_2432,random_cycle_chord,20260823,baseline,0,200,3,9,11,5.350358986218572,True,True,,perf/incremental-yamada-frontier-order,1d8374f42cccbb16d78d44100a65ca603d7d1997,3.14.7,macOS-26.6.2-arm64-arm-64bit-Mach-O,arm,0.03558400005567819,0.16111983393784612,0.03021224995609373,0.007300333003513515,0.007133665960282087,0.014036000007763505,2.2792024537920952e-05,0.007302292040549219,0.007446124916896224,0.0005472080083563924,0.02935441699810326,0.07402108400128782,6.570806726813316e-05,0.14780420798342675,0.008614332997240126,0.15641854098066688,1.4959019608795643e-05,7.133407052606344e-05,0.08263541699852794,0.27933925099205226,0.4316399160306901
2436,random_2433,random_cycle_chord,20260823,baseline,0,200,3,10,12,4.703549476934858,True,True,,perf/incremental-yamada-frontier-order,1d8374f42cccbb16d78d44100a65ca603d7d1997,3.14.7,macOS-26.6.2-arm64-arm-64bit-Mach-O,arm,0.03301912499591708,0.15873012505471706,0.02722150005865842,0.007455165963619947,0.007498458027839661,0.014584874967113137,2.5124987587332726e-05,0.0073632909916341305,0.007350584026426077,0.0005483329296112061,0.029872207902371883,0.072072708979249,8.1458012573421e-05,0.16211425000801682,0.008602874935604632,0.17071712494362146,1.48330582305789e-05,7.275003008544445e-05,0.08067558391485363,0.2724248339654878,0.439133416977711
2437,random_2434,random_cycle_chord,20260823,crossing_rich,4,200,5,11,15,4.608204764165304,True,True,,perf/incremental-yamada-frontier-order,1d8374f42cccbb16d78d44100a65ca603d7d1997,3.14.7,macOS-26.6.2-arm64-arm-64bit-Mach-O,arm,0.0409642499871552,0.15200416697189212,0.04258641600608826,0.010406915913335979,0.011699374997988343,0.023010083939880133,4.133302718400955e-05,0.011984250042587519,0.012559666065499187,0.0012807499151676893,0.04887608299031854,0.11360295908525586,8.450006134808064e-05,0.20067754201591015,0.024532750016078353,0.2252102920319885,2.404197584837675e-05,0.000136749935336411,0.13813570910133421,0.33110412606038153,0.5363502079853788
2438,random_2435,random_cycle_chord,20260823,baseline,0,200,4,13,16,4.56884117325426,True,True,,perf/incremental-yamada-frontier-order,1d8374f42cccbb16d78d44100a65ca603d7d1997,3.14.7,macOS-26.6.2-arm64-arm-64bit-Mach-O,arm,0.040871999925002456,0.14786362496670336,0.02343216596636921,0.007782125030644238,0.008159999968484044,0.016044417046941817,3.01670515909791e-05,0.008317500003613532,0.008545082993805408,0.0007121670059859753,0.03364933410193771,0.07304950000252575,0.00010483397636562586,0.20896512502804399,0.010814500041306019,0.21977962506935,1.808302477002144e-05,8.370797149837017e-05,0.08386400004383177,0.2725996249355376,0.4858744170051068
2439,random_2436,random_cycle_chord,20260823,crossing_rich,2,200,4,9,12,6.073717417585747,True,True,,perf/incremental-yamada-frontier-order,1d8374f42cccbb16d78d44100a65ca603d7d1997,3.14.7,macOS-26.6.2-arm64-arm-64bit-Mach-O,arm,0.03895020799245685,0.14825199998449534,0.052164125023409724,0.00822449999395758,0.008488125051371753,0.016848625033162534,3.0125025659799576e-05,0.008705040905624628,0.009101458010263741,0.0009274999611079693,0.03561274893581867,0.10451537498738617,8.520798292011023e-05,0.15814237494487315,0.016319541027769446,0.1744619159726426,1.9082915969192982e-05,0.00010904099326580763,0.12083491601515561,0.3080371239921078,0.47047387494239956
2440,random_2437,random_cycle_chord,20260823,baseline,0,200,4,11,14,4.061960162080959,True,True,,perf/incremental-yamada-frontier-order,1d8374f42cccbb16d78d44100a65ca603d7d1997,3.14.7,macOS-26.6.2-arm64-arm-64bit-Mach-O,arm,0.05542645801324397,0.24247441696934402,0.0339792090235278,0.01335241599008441,0.011401667026802897,0.02261274994816631,8.470797911286354e-05,0.011376624926924706,0.011938499985262752,0.001020291936583817,0.04703287477605045,0.10580537503119558,0.00015179195906966925,0.2388282079482451,0.013898166012950242,0.25272637396119535,2.737506292760372e-05,0.00011879205703735352,0.11970354104414582,0.4176044160267338,0.662921000039205
2441,random_2438,random_cycle_chord,20260823,crossing_rich,5,200,5,8,12,4.105435214758535,True,True,,perf/incremental-yamada-frontier-order,1d8374f42cccbb16d78d44100a65ca603d7d1997,3.14.7,macOS-26.6.2-arm64-arm-64bit-Mach-O,arm,0.037157249986194074,0.18532841699197888,0.042040708009153605,0.012842708034440875,0.014388957992196083,0.028348791995085776,4.908395931124687e-05,0.014698084094561636,0.015434499946422875,0.0015154159627854824,0.060045875958167017,0.1293569579720497,0.00020287500228732824,0.18801379203796387,0.03240583301521838,0.22041962505318224,2.8041074983775616e-05,0.00016737496480345726,0.1617627909872681,0.38424845796544105,0.5775979580357671
2442,random_2439,random_cycle_chord,20260823,crossing_rich,6,200,6,11,16,5.225233993703153,True,True,,perf/incremental-yamada-frontier-order,1d8374f42cccbb16d78d44100a65ca603d7d1997,3.14.7,macOS-26.6.2-arm64-arm-64bit-Mach-O,arm,0.05326025001704693,0.17190266703255475,0.0566287919646129,0.0130967500153929,0.014979167026467621,0.028900082921609282,4.8457994125783443e-05,0.014893249957822263,0.015958125004544854,0.001825292012654245,0.06162520789075643,0.14637583296280354,0.00010308297351002693,0.23786295799072832,0.036845499998889863,0.2747084579896182,3.187498077750206e-05,0.00019858404994010925,0.1832213329616934,0.4083842500112951,0.6522298749769107
2443,random_2440,random_cycle_chord,20260823,crossing_rich,5,200,6,12,17,4.052951638238967,True,True,,perf/incremental-yamada-frontier-order,1d8374f42cccbb16d78d44100a65ca603d7d1997,3.14.7,macOS-26.6.2-arm64-arm-64bit-Mach-O,arm,0.046142625040374696,0.16155704203993082,0.045787874958477914,0.013087333994917572,0.013958499999716878,0.02800383302383125,5.324999801814556e-05,0.014303957927040756,0.01555041701067239,0.0016918330220505595,0.0596032909816131,0.1324853339465335,0.00010629207827150822,0.24839712504763156,0.03328587510623038,0.28168300015386194,3.133306745439768e-05,0.00019112497102469206,0.16577120905276388,0.3734708761330694,0.6271777501096949
2444,random_2441,random_cycle_chord,20260823,baseline,0,200,3,8,10,6.143167553063251,True,True,,perf/incremental-yamada-frontier-order,1d8374f42cccbb16d78d44100a65ca603d7d1997,3.14.7,macOS-26.6.2-arm64-arm-64bit-Mach-O,arm,0.035847874940373003,0.16034329205285758,0.03388266696128994,0.0073437499813735485,0.00718999991659075,0.014129250077530742,2.4583889171481133e-05,0.007332000066526234,0.0075442499946802855,0.000602666987106204,0.029632751015014946,0.07807162497192621,6.408407352864742e-05,0.13968333299271762,0.009637332987040281,0.1493206659797579,1.5583005733788013e-05,8.13750084489584e-05,0.0877089579589665,0.2839001249521971,0.4280579580226913
2445,random_2442,random_cycle_chord,20260823,crossing_rich,3,200,5,11,15,4.676315434105464,True,True,,perf/incremental-yamada-frontier-order,1d8374f42cccbb16d78d44100a65ca603d7d1997,3.14.7,macOS-26.6.2-arm64-arm-64bit-Mach-O,arm,0.04506016708910465,0.1829217920312658,0.06247808400075883,0.012538583017885685,0.013431207975372672,0.02643441699910909,0.00011737493332475424,0.013497874955646694,0.01947704202029854,0.001527042011730373,0.06105375092010945,0.1500440000090748,0.0001841250341385603,0.29192937503103167,0.03204175003338605,0.3239711250644177,3.8125086575746536e-05,0.0001794580603018403,0.18208575004246086,0.4100677091628313,0.707742957980372
2446,random_2443,random_cycle_chord,20260823,baseline,0,200,4,14,17,4.289960119960882,True,True,,perf/incremental-yamada-frontier-order,1d8374f42cccbb16d78d44100a65ca603d7d1997,3.14.7,macOS-26.6.2-arm64-arm-64bit-Mach-O,arm,0.0640978750307113,0.21287683409173042,0.031186999985948205,0.01260320795699954,0.011359416996128857,0.024597082985565066,8.200004231184721e-05,0.011980958050116897,0.013628458953462541,0.0011030840687453747,0.051391584100201726,0.10661141597665846,0.00015241594519466162,0.3402842920040712,0.017722290940582752,0.35800658294465393,3.200001083314419e-05,0.00012874999083578587,0.12433370691724122,0.4013084160396829,0.7476139169884846
2447,random_2444,random_cycle_chord,20260823,crossing_rich,5,200,5,9,13,4.349996285145088,True,True,,perf/incremental-yamada-frontier-order,1d8374f42cccbb16d78d44100a65ca603d7d1997,3.14.7,macOS-26.6.2-arm64-arm-64bit-Mach-O,arm,0.05371924990322441,0.21975545806344599,0.05880579201038927,0.016218333039432764,0.01819070801138878,0.03762124991044402,0.00010641594417393208,0.020469333976507187,0.020221584010869265,0.0020871669985353947,0.0805057508405298,0.17380145902279764,0.00019437505397945642,0.27694820798933506,0.043696042033843696,0.32064425002317876,5.0166971050202847e-05,0.000235249986872077,0.21749750105664134,0.49097220902331173,0.7746924170060083
2448,random_2445,random_cycle_chord,20260823,crossing_rich,4,200,5,10,14,5.621072227284808,True,True,,perf/incremental-yamada-frontier-order,1d8374f42cccbb16d78d44100a65ca603d7d1997,3.14.7,macOS-26.6.2-arm64-arm-64bit-Mach-O,arm,0.06741762498859316,0.2199701250065118,0.07938949996605515,0.016731333103962243,0.01586487505119294,0.033038915949873626,0.00010037492029368877,0.01722862501628697,0.017395875067450106,0.001967041054740548,0.06973083200864494,0.18179995799437165,0.0001668750774115324,0.27104570798110217,0.039354291977360845,0.310399999958463,4.583306144922972e-05,0.000218207947909832,0.2211542499717325,0.5085419999668375,0.7871132500004023
2449,random_2446,random_cycle_chord,20260823,crossing_rich,5,200,5,8,12,4.190637497932599,True,True,,perf/incremental-yamada-frontier-order,1d8374f42cccbb16d78d44100a65ca603d7d1997,3.14.7,macOS-26.6.2-arm64-arm-64bit-Mach-O,arm,0.04805962508544326,0.21320366696454585,0.05717416596598923,0.01656224997714162,0.020434082951396704,0.039172958000563085,0.00011429097503423691,0.019246291951276362,0.020613459055311978,0.0020964579889550805,0.08124345797114074,0.1755134160630405,0.00034129200503230095,0.24681083299219608,0.04189779201988131,0.2887086250120774,3.829097840934992e-05,0.0002163749886676669,0.2174112080829218,0.4786745001329109,0.7323537499178201
2450,random_2447,random_cycle_chord,20260823,baseline,0,200,4,11,14,4.070583966944933,True,True,,perf/incremental-yamada-frontier-order,1d8374f42cccbb16d78d44100a65ca603d7d1997,3.14.7,macOS-26.6.2-arm64-arm-64bit-Mach-O,arm,0.04801904200576246,0.21332808304578066,0.03146204189397395,0.011814958066679537,0.011344333062879741,0.02459133299998939,8.220807649195194e-05,0.011683624936267734,0.013146249926649034,0.0011743750656023622,0.05067779100500047,0.10536529193632305,0.0001385000068694353,0.36746020801365376,0.01758274994790554,0.3850429579615593,3.8541038520634174e-05,0.00014654197730123997,0.12294804188422859,0.3842951669357717,0.7578449579887092
2451,random_2448,random_cycle_chord,20260823,crossing_rich,3,200,5,10,14,5.58257387667323,True,True,,perf/incremental-yamada-frontier-order,1d8374f42cccbb16d78d44100a65ca603d7d1997,3.14.7,macOS-26.6.2-arm64-arm-64bit-Mach-O,arm,0.06673504202626646,0.22441558295395225,0.08329666603822261,0.014811415923759341,0.015882874955423176,0.03278195799794048,9.537499863654375e-05,0.015724458964541554,0.018277999944984913,0.001987124909646809,0.0688669168157503,0.18294779199641198,0.0001704170135781169,0.40290279197506607,0.03143400000408292,0.434336791979149,6.804091390222311e-05,0.00023866596166044474,0.2143817920004949,0.5055324169807136,0.9154165000654757
2452,random_2449,random_cycle_chord,20260823,baseline,0,200,3,10,12,4.70089462019896,True,True,,perf/incremental-yamada-frontier-order,1d8374f42cccbb16d78d44100a65ca603d7d1997,3.14.7,macOS-26.6.2-arm64-arm-64bit-Mach-O,arm,0.046695042052306235,0.21147395798470825,0.03396712499670684,0.009327082894742489,0.009980250033549964,0.019272250006906688,6.104202475398779e-05,0.009950416977517307,0.010136333992704749,0.000839291955344379,0.04025933495722711,0.09359104093164206,0.0001265419414266944,0.21876941702794284,0.015228459029458463,0.2339978760574013,2.379098441451788e-05,0.00010941596701741219,0.10881949996110052,0.366988499998115,0.5916847080225125
2453,random_2450,random_cycle_chord,20260823,crossing_rich,5,200,5,8,12,4.181807036463412,True,True,,perf/incremental-yamada-frontier-order,1d8374f42cccbb16d78d44100a65ca603d7d1997,3.14.7,macOS-26.6.2-arm64-arm-64bit-Mach-O,arm,0.04761845804750919,0.21228545799385756,0.05777820909861475,0.016105292015708983,0.01911091699730605,0.035915166954509914,9.004096500575542e-05,0.018508375040255487,0.020155125064775348,0.0020410409197211266,0.07670974894426763,0.16980095801409334,0.0002948750043287873,0.38906083395704627,0.03930541593581438,0.42836624989286065,4.191696643829346e-05,0.00020825001411139965,0.20910637394990772,0.4690102899912745,0.8649813329102471
2454,random_2451,random_cycle_chord,20260823,baseline,0,200,3,10,12,4.663123742946208,True,True,,perf/incremental-yamada-frontier-order,1d8374f42cccbb16d78d44100a65ca603d7d1997,3.14.7,macOS-26.6.2-arm64-arm-64bit-Mach-O,arm,0.04568779200781137,0.21011970902327448,0.028834708034992218,0.009236374986357987,0.010423541069030762,0.017570750089362264,6.087496876716614e-05,0.010201042052358389,0.010238499962724745,0.0008377080084756017,0.038908875081688166,0.08745383401401341,0.00011975003872066736,0.20698116696439683,0.013099667034111917,0.22008083399850875,2.3832893930375576e-05,0.00010862504132091999,0.10055350104812533,0.3563610020792112,0.5705735000083223
2455,random_2452,random_cycle_chord,20260823,crossing_rich,3,200,5,10,14,5.128120385895615,True,True,,perf/incremental-yamada-frontier-order,1d8374f42cccbb16d78d44100a65ca603d7d1997,3.14.7,macOS-26.6.2-arm64-arm-64bit-Mach-O,arm,0.05768108298070729,0.2346944590099156,0.07440829207189381,0.015039791935123503,0.01652750000357628,0.03064691706094891,9.708397556096315e-05,0.016403915942646563,0.01826562499627471,0.0018928749486804008,0.06730641692411155,0.17337408300954849,0.00017337501049041748,0.4274599169148132,0.0369993339991197,0.4644592509139329,4.612503107637167e-05,0.0002127919578924775,0.21037341700866818,0.5027489589992911,0.9383463750127703
2456,random_2453,random_cycle_chord,20260823,baseline,0,200,4,11,14,4.12328444339886,True,True,,perf/incremental-yamada-frontier-order,1d8374f42cccbb16d78d44100a65ca603d7d1997,3.14.7,macOS-26.6.2-arm64-arm-64bit-Mach-O,arm,0.052242124918848276,0.22054516593925655,0.03088983299676329,0.011907957959920168,0.011727749952115119,0.02295416605193168,0.00011691695544868708,0.013764666975475848,0.013619499979540706,0.0010835001012310386,0.05153875006362796,0.10612179106101394,0.00014920893590897322,0.2846484169131145,0.01806220901198685,0.30271062592510134,3.1125033274292946e-05,0.00012649991549551487,0.12418400007300079,0.3969712909311056,0.6880933330394328
2457,random_2454,random_cycle_chord,20260823,crossing_rich,9,200,7,15,21,4.047334225336668,True,True,,perf/incremental-yamada-frontier-order,1d8374f42cccbb16d78d44100a65ca603d7d1997,3.14.7,macOS-26.6.2-arm64-arm-64bit-Mach-O,arm,0.0757229580776766,0.21123337501194328,0.07204745791386813,0.02509983303025365,0.025150125031359494,0.04818875005003065,0.0001442090142518282,0.02544050000142306,0.02717995794955641,0.003098375047557056,0.104051792062819,0.2264640829525888,0.00021695904433727264,0.4387744580162689,0.07273041701409966,0.5115048750303686,8.129200432449579e-05,0.0003137500025331974,0.29919449996668845,0.5861508330563083,1.0337015410186723
2458,random_2455,random_cycle_chord,20260823,crossing_rich,6,200,6,10,15,5.626958473503553,True,True,,perf/incremental-yamada-frontier-order,1d8374f42cccbb16d78d44100a65ca603d7d1997,3.14.7,macOS-26.6.2-arm64-arm-64bit-Mach-O,arm,0.07042029197327793,0.21041812491603196,0.08290370902977884,0.016533707967028022,0.017607165966182947,0.03483612509444356,0.0001242499565705657,0.019389041932299733,0.019098083022981882,0.002382208011113107,0.07582970801740885,0.19296945806127042,0.0003398749977350235,0.29469004191923887,0.04938049998600036,0.3440705419052392,4.741607699543238e-05,0.00026133400388062,0.24234995804727077,0.5231883749365807,0.8252398750046268
2459,random_2456,random_cycle_chord,20260823,baseline,0,200,3,9,11,5.388630585448527,True,True,,perf/incremental-yamada-frontier-order,1d8374f42cccbb16d78d44100a65ca603d7d1997,3.14.7,macOS-26.6.2-arm64-arm-64bit-Mach-O,arm,0.04840012500062585,0.20583737501874566,0.0371820000000298,0.009765666094608605,0.011040457990020514,0.019072166993282735,6.279197987169027e-05,0.011125875054858625,0.009949334082193673,0.0010642919223755598,0.04127446003258228,0.09931608405895531,0.00011483300477266312,0.20776833302807063,0.01316254201810807,0.2209308750461787,2.404197584837675e-05,0.00010633294004946947,0.11247862607706338,0.3667161260964349,0.5805335839977488
2460,random_2457,random_cycle_chord,20260823,crossing_rich,5,200,6,12,17,4.045261817678997,True,True,,perf/incremental-yamada-frontier-order,1d8374f42cccbb16d78d44100a65ca603d7d1997,3.14.7,macOS-26.6.2-arm64-arm-64bit-Mach-O,arm,0.05999829096253961,0.21544016699772328,0.04848904092796147,0.01731458306312561,0.01760820799972862,0.036909874994307756,0.00012937502469867468,0.02018129196949303,0.01931087498087436,0.0021726249251514673,0.07870404189452529,0.16222791594918817,0.0001682080328464508,0.7027741250349209,0.05094545800238848,0.7537195830373093,7.879105396568775e-05,0.00028562499210238457,0.21317337395157665,0.48861183191183954,1.1973392909858376
2461,random_2458,random_cycle_chord,20260823,baseline,0,200,4,11,14,4.027094851212955,True,True,,perf/incremental-yamada-frontier-order,1d8374f42cccbb16d78d44100a65ca603d7d1997,3.14.7,macOS-26.6.2-arm64-arm-64bit-Mach-O,arm,0.052339292014949024,0.22856750001665205,0.03369462501723319,0.012043583090417087,0.012582833995111287,0.025224459008313715,9.38749872148037e-05,0.012756125070154667,0.013485749950632453,0.0010917920153588057,0.052652001031674445,0.11105066596064717,0.0001413340214639902,0.27057183301076293,0.016804917016997933,0.28737675002776086,2.9375078156590462e-05,0.000122333993203938,0.1278555829776451,0.40876237500924617,0.6868703329237178
2462,random_2459,random_cycle_chord,20260823,baseline,0,200,3,9,11,5.422212553036059,True,True,,perf/incremental-yamada-frontier-order,1d8374f42cccbb16d78d44100a65ca603d7d1997,3.14.7,macOS-26.6.2-arm64-arm-64bit-Mach-O,arm,0.04783250007312745,0.211441749939695,0.04524725000374019,0.010174209019169211,0.009687374928034842,0.01988074998371303,6.737490184605122e-05,0.009188125026412308,0.01045312499627471,0.0007927919505164027,0.0403821668587625,0.1055220840498805,0.00010774994734674692,0.20428166701458395,0.013436415931209922,0.21771808294579387,2.3541972041130066e-05,0.00010716693941503763,0.11895849998109043,0.3782327499939129,0.5883482919307426
2463,random_2460,random_cycle_chord,20260823,baseline,0,200,3,9,11,5.38919363538163,True,True,,perf/incremental-yamada-frontier-order,1d8374f42cccbb16d78d44100a65ca603d7d1997,3.14.7,macOS-26.6.2-arm64-arm-64bit-Mach-O,arm,0.04557333292905241,0.2062462919857353,0.03565904207061976,0.011183541966602206,0.009556708042509854,0.019638374913483858,5.5541982874274254e-05,0.009686250006780028,0.00987887498922646,0.0007479580817744136,0.040006999974139035,0.09644374996423721,0.00011691695544868708,0.20530454104300588,0.012377457926049829,0.2176819989690557,2.49580480158329e-05,9.745790157467127e-05,0.10882120789028704,0.36064083280507475,0.5716602500760928
2464,random_2461,random_cycle_chord,20260823,baseline,0,200,3,13,15,4.5639134404812705,True,True,,perf/incremental-yamada-frontier-order,1d8374f42cccbb16d78d44100a65ca603d7d1997,3.14.7,macOS-26.6.2-arm64-arm-64bit-Mach-O,arm,0.05455349991098046,0.20958083297591656,0.031092665973119438,0.009559749974869192,0.010188874904997647,0.018241749959997833,6.820890121161938e-05,0.010042708017863333,0.009674084023572505,0.0007666669553145766,0.038793417857959867,0.08969208400230855,0.00014254206325858831,0.2813383750617504,0.013637250056490302,0.2949756251182407,2.4709035642445087e-05,0.00010579102672636509,0.10332933405879885,0.3674636669456959,0.6545760839944705
2465,random_2462,random_cycle_chord,20260823,crossing_rich,5,200,6,13,18,4.449420700380519,True,True,,perf/incremental-yamada-frontier-order,1d8374f42cccbb16d78d44100a65ca603d7d1997,3.14.7,macOS-26.6.2-arm64-arm-64bit-Mach-O,arm,0.06473604193888605,0.20517920795828104,0.0601167919812724,0.02015733311418444,0.0197166659636423,0.03731729194987565,0.00015845894813537598,0.018584582954645157,0.019338459009304643,0.00212674995418638,0.07752554281614721,0.17763920896686614,0.00016591697931289673,0.3398073751013726,0.0396557500353083,0.3794631251366809,5.2625080570578575e-05,0.0003215419128537178,0.21729495900217444,0.4872102088993415,0.8339964580954984
2466,random_2463,random_cycle_chord,20260823,baseline,0,200,3,10,12,4.617846638014245,True,True,,perf/incremental-yamada-frontier-order,1d8374f42cccbb16d78d44100a65ca603d7d1997,3.14.7,macOS-26.6.2-arm64-arm-64bit-Mach-O,arm,0.0439710000064224,0.20429795898962766,0.029386332957074046,0.009046874940395355,0.009753999998793006,0.017547709052450955,5.0332979299128056e-05,0.010060832952149212,0.00937983300536871,0.0007805830100551248,0.03781929099932313,0.08606566698290408,0.00010845798533409834,0.21852070896420628,0.013977625058032572,0.23249833402223885,2.537504769861698e-05,0.00010979094076901674,0.10004329204093665,0.3483122510369867,0.5726753750350326
2467,random_2464,random_cycle_chord,20260823,crossing_rich,4,200,5,8,12,6.5881665305633055,True,True,,perf/incremental-yamada-frontier-order,1d8374f42cccbb16d78d44100a65ca603d7d1997,3.14.7,macOS-26.6.2-arm64-arm-64bit-Mach-O,arm,0.06174783408641815,0.20181704103015363,0.08589545800350606,0.015357999945990741,0.016426124959252775,0.02973608300089836,9.516696445643902e-05,0.01569975004531443,0.015787416021339595,0.0019087910186499357,0.06322720705065876,0.18099108303431422,0.000262125045992434,0.23149495793040842,0.039580499986186624,0.27107545791659504,4.4375075958669186e-05,0.00020712497644126415,0.22057158302050084,0.4841364581370726,0.7220399579964578
2468,random_2465,random_cycle_chord,20260823,crossing_rich,3,200,4,8,11,4.155349354026711,True,True,,perf/incremental-yamada-frontier-order,1d8374f42cccbb16d78d44100a65ca603d7d1997,3.14.7,macOS-26.6.2-arm64-arm-64bit-Mach-O,arm,0.03977787494659424,0.2016534999711439,0.0451527499826625,0.01402683393098414,0.01389283302705735,0.02817687497008592,9.495799895375967e-05,0.014357957988977432,0.016020625014789402,0.0014277499867603183,0.06007816595956683,0.1332217080052942,0.00013762502931058407,0.21236829098779708,0.028255166951566935,0.24062345793936402,3.8041966035962105e-05,0.00016895902808755636,0.16147687495686114,0.4029082498745993,0.6212662500329316
2469,random_2466,random_cycle_chord,20260823,crossing_rich,2,200,4,8,11,6.584988582758795,True,True,,perf/incremental-yamada-frontier-order,1d8374f42cccbb16d78d44100a65ca603d7d1997,3.14.7,macOS-26.6.2-arm64-arm-64bit-Mach-O,arm,0.056846291990950704,0.21238649997394532,0.08971495809964836,0.012187833082862198,0.012931750039570034,0.023665665998123586,7.89170153439045e-05,0.013349000015296042,0.013406083919107914,0.0014465829590335488,0.051946249906904995,0.16686599992681295,0.0001425000373274088,0.21529466600622982,0.023763083037920296,0.23905774904415011,3.2917014323174953e-05,0.00015816593077033758,0.19062908296473324,0.45986187492962927,0.6812200830318034
2470,random_2467,random_cycle_chord,20260823,crossing_rich,5,200,5,8,12,4.110859397334352,True,True,,perf/incremental-yamada-frontier-order,1d8374f42cccbb16d78d44100a65ca603d7d1997,3.14.7,macOS-26.6.2-arm64-arm-64bit-Mach-O,arm,0.15169824997428805,0.2401956249959767,0.06320799991954118,0.017218374996446073,0.01700170896947384,0.03602187498472631,0.00011108303442597389,0.018706833012402058,0.020030083949677646,0.002553416066803038,0.07742329104803503,0.17492754198610783,0.00034729193430393934,0.2763915420509875,0.042964500025846064,0.31935604207683355,3.800005652010441e-05,0.00021429196931421757,0.2178920420119539,0.6097859169822186,0.8936429579043761
2471,random_2468,random_cycle_chord,20260823,crossing_rich,5,200,5,8,12,4.117196561503483,True,True,,perf/incremental-yamada-frontier-order,1d8374f42cccbb16d78d44100a65ca603d7d1997,3.14.7,macOS-26.6.2-arm64-arm-64bit-Mach-O,arm,0.04644229100085795,0.21846329211257398,0.05475849995855242,0.017072207992896438,0.019812584039755166,0.037343749892897904,0.00011054205242544413,0.01963387499563396,0.019875042024068534,0.0019998339703306556,0.0789630429353565,0.17069508298300207,0.0002894579665735364,0.25808208296075463,0.04714058304671198,0.3052226660074666,6.433296948671341e-05,0.00023462495300918818,0.21783566602971405,0.482741249143146,0.7491544999647886
2472,random_2469,random_cycle_chord,20260823,crossing_rich,3,200,5,11,15,5.013064084992379,True,True,,perf/incremental-yamada-frontier-order,1d8374f42cccbb16d78d44100a65ca603d7d1997,3.14.7,macOS-26.6.2-arm64-arm-64bit-Mach-O,arm,0.06569879106245935,0.21970149991102517,0.0671084999339655,0.014548457926139235,0.015083291102200747,0.029418249963782728,9.724998380988836e-05,0.015358875039964914,0.016000417061150074,0.00188362505286932,0.06275841710157692,0.15957945806439966,0.00018616695888340473,0.30406658397987485,0.031511500012129545,0.3355780839920044,4.129100125283003e-05,0.00018866593018174171,0.1910909580765292,0.4764912490500137,0.7877315829973668
2473,random_2470,random_cycle_chord,20260823,baseline,0,200,3,11,13,4.089620157661977,True,True,,perf/incremental-yamada-frontier-order,1d8374f42cccbb16d78d44100a65ca603d7d1997,3.14.7,macOS-26.6.2-arm64-arm-64bit-Mach-O,arm,0.04764554195571691,0.20586608303710818,0.031121790991164744,0.009494457975961268,0.00893233297392726,0.01808129099663347,8.466700091958046e-05,0.01208616595249623,0.010177209042012691,0.0007710419595241547,0.04120037495158613,0.09078237507492304,0.000128416926600039,0.25104800006374717,0.016238374984823167,0.26728637504857033,2.8709066100418568e-05,0.00011433404870331287,0.1070207500597462,0.3605323750525713,0.6174939579796046
2474,random_2471,random_cycle_chord,20260823,baseline,0,200,3,10,12,4.677753933336501,True,True,,perf/incremental-yamada-frontier-order,1d8374f42cccbb16d78d44100a65ca603d7d1997,3.14.7,macOS-26.6.2-arm64-arm-64bit-Mach-O,arm,0.052030583028681576,0.27083416702225804,0.03175645903684199,0.008856750093400478,0.008951000054366887,0.019054290954954922,8.42920271679759e-05,0.02290070801973343,0.010798125062137842,0.0008722920902073383,0.05370970815420151,0.103307000012137,0.00012441701255738735,0.21841729106381536,0.012883124989457428,0.23130041605327278,2.066593151539564e-05,0.00010645901784300804,0.11619012500159442,0.43905487505253404,0.6632726669777185
2475,random_2472,random_cycle_chord,20260823,crossing_rich,3,200,5,10,14,5.144611127688065,True,True,,perf/incremental-yamada-frontier-order,1d8374f42cccbb16d78d44100a65ca603d7d1997,3.14.7,macOS-26.6.2-arm64-arm-64bit-Mach-O,arm,0.06734237493947148,0.20081666589248925,0.06237916694954038,0.01361845899373293,0.012754625058732927,0.02619841694831848,8.708296809345484e-05,0.013565250090323389,0.013820750056765974,0.0014908330049365759,0.055162333068437874,0.14397262502461672,0.00014483300037682056,0.30844054196495563,0.023274832987226546,0.3317153749521822,2.9082992114126682e-05,0.0001501670340076089,0.16724745801184326,0.435406498843804,0.7490791250020266
2476,random_2473,random_cycle_chord,20260823,baseline,0,200,4,11,14,4.045902408542957,True,True,,perf/incremental-yamada-frontier-order,1d8374f42cccbb16d78d44100a65ca603d7d1997,3.14.7,macOS-26.6.2-arm64-arm-64bit-Mach-O,arm,0.03824795805849135,0.16358154197223485,0.02087150001898408,0.008702582912519574,0.008878375054337084,0.01749749993905425,3.075005952268839e-05,0.009116499917581677,0.009410124970600009,0.0007862919010221958,0.03684116678778082,0.07532266690395772,8.512497879564762e-05,0.19424304098356515,0.012078624917194247,0.2063216659007594,2.0959065295755863e-05,9.779096581041813e-05,0.08740129182115197,0.28923079185187817,0.48816445795819163
2477,random_2474,random_cycle_chord,20260823,crossing_rich,4,200,5,8,12,6.5922160990142125,True,True,,perf/incremental-yamada-frontier-order,1d8374f42cccbb16d78d44100a65ca603d7d1997,3.14.7,macOS-26.6.2-arm64-arm-64bit-Mach-O,arm,0.04612120904494077,0.15620537498034537,0.06481712497770786,0.010087959002703428,0.010879958048462868,0.021335333003662527,4.0375045500695705e-05,0.011095665977336466,0.011860833037644625,0.001433708006516099,0.04576591507066041,0.13158837496303022,0.00016958406195044518,0.16405179200228304,0.027504625031724572,0.1915564170340076,2.516701351851225e-05,0.000156999914906919,0.1590929999947548,0.36141958402004093,0.5302032500039786
2478,random_2475,random_cycle_chord,20260823,baseline,0,200,3,12,14,4.875657248045489,True,True,,perf/incremental-yamada-frontier-order,1d8374f42cccbb16d78d44100a65ca603d7d1997,3.14.7,macOS-26.6.2-arm64-arm-64bit-Mach-O,arm,0.03790462506003678,0.1488185829948634,0.023490000050514936,0.0069232500391080976,0.007114583975635469,0.014005832956172526,2.162496093660593e-05,0.007277750060893595,0.007491624914109707,0.0005834170151501894,0.029380249907262623,0.06692737503908575,6.979203317314386e-05,0.1803163329605013,0.009450625046156347,0.18976695800665766,1.395796425640583e-05,7.466692477464676e-05,0.07637800008524209,0.26310120814014226,0.4475750419078395
2479,random_2476,random_cycle_chord,20260823,baseline,0,200,3,10,12,4.652251313641484,True,True,,perf/incremental-yamada-frontier-order,1d8374f42cccbb16d78d44100a65ca603d7d1997,3.14.7,macOS-26.6.2-arm64-arm-64bit-Mach-O,arm,0.031231291010044515,0.14788437506649643,0.02123158297035843,0.006619540974497795,0.0065594170009717345,0.012915874947793782,2.1834042854607105e-05,0.006708499975502491,0.006884624948725104,0.0005232500843703747,0.02705408399924636,0.061483707977458835,6.225006654858589e-05,0.14488591707777232,0.008456166018731892,0.1533420830965042,1.3958080671727657e-05,6.41669612377882e-05,0.06993987399619073,0.24905554007273167,0.3980668750591576
2480,random_2477,random_cycle_chord,20260823,crossing_rich,4,200,5,10,14,5.468953525469115,True,True,,perf/incremental-yamada-frontier-order,1d8374f42cccbb16d78d44100a65ca603d7d1997,3.14.7,macOS-26.6.2-arm64-arm-64bit-Mach-O,arm,0.04116991604678333,0.1586166659835726,0.05022883298806846,0.010184750077314675,0.011133207939565182,0.0217880419222638,3.9082951843738556e-05,0.011357000097632408,0.011941666016355157,0.0013182919938117266,0.04644408298190683,0.11802966694813222,9.437499102205038e-05,0.2652514580404386,0.032631541951559484,0.2978829999919981,2.5999965146183968e-05,0.00014404195826500654,0.1506612088996917,0.35044779093004763,0.619611082947813
2481,random_2478,random_cycle_chord,20260823,crossing_rich,5,200,6,15,20,4.051956849932784,True,True,,perf/incremental-yamada-frontier-order,1d8374f42cccbb16d78d44100a65ca603d7d1997,3.14.7,macOS-26.6.2-arm64-arm-64bit-Mach-O,arm,0.04969287500716746,0.14859037508722395,0.04021624999586493,0.011631208937615156,0.013238167040981352,0.02613566699437797,4.3791020289063454e-05,0.013580332975834608,0.014301499933935702,0.0015109169762581587,0.0555722079006955,0.12069858296308666,0.00011558306869119406,0.26629337505437434,0.029992416966706514,0.29628579202108085,2.820801455527544e-05,0.00015712506137788296,0.15069099992979318,0.3489742500241846,0.6200038329698145
2482,random_2479,random_cycle_chord,20260823,crossing_rich,5,200,5,9,13,4.148037009507753,True,True,,perf/incremental-yamada-frontier-order,1d8374f42cccbb16d78d44100a65ca603d7d1997,3.14.7,macOS-26.6.2-arm64-arm-64bit-Mach-O,arm,0.03268895798828453,0.14876650006044656,0.040127041982486844,0.01059033302590251,0.012114291079342365,0.023962790961377323,3.712496254593134e-05,0.012430374976247549,0.013155042077414691,0.0013555840123444796,0.050940916989929974,0.1138067920692265,8.141703438013792e-05,0.1781024169176817,0.028562291990965605,0.2066647089086473,2.466607838869095e-05,0.00015245901886373758,0.1423690840601921,0.3238245421089232,0.506493583903648
2483,random_2480,random_cycle_chord,20260823,crossing_rich,2,200,4,8,11,6.589804257046906,True,True,,perf/incremental-yamada-frontier-order,1d8374f42cccbb16d78d44100a65ca603d7d1997,3.14.7,macOS-26.6.2-arm64-arm-64bit-Mach-O,arm,0.04045637499075383,0.15372983401175588,0.05546325002796948,0.00864966691005975,0.008968917070887983,0.018250957946293056,3.729097079485655e-05,0.009531207964755595,0.010194125003181398,0.0011752500431612134,0.03918883192818612,0.11229920899495482,7.61660048738122e-05,0.15572108305059373,0.02089316607452929,0.17661424912512302,2.1415995433926582e-05,0.0001291659427806735,0.13319237506948411,0.32737858407199383,0.4875819169683382
2484,random_2481,random_cycle_chord,20260823,baseline,0,200,4,11,14,4.060497556596521,True,True,,perf/incremental-yamada-frontier-order,1d8374f42cccbb16d78d44100a65ca603d7d1997,3.14.7,macOS-26.6.2-arm64-arm-64bit-Mach-O,arm,0.03732779098208994,0.16024116706103086,0.025378916994668543,0.00838537490926683,0.008322500041685998,0.015957165975123644,3.324996214359999e-05,0.00856579199898988,0.008823209092952311,0.0008172499947249889,0.034196667023934424,0.07631241693161428,8.291704580187798e-05,0.19793066603597254,0.01272087509278208,0.21065154112875462,2.0249979570508003e-05,9.491702076047659e-05,0.08903329202439636,0.28660225006751716,0.489197124959901
2485,random_2482,random_cycle_chord,20260823,crossing_rich,6,200,6,10,15,5.625351108972274,True,True,,perf/incremental-yamada-frontier-order,1d8374f42cccbb16d78d44100a65ca603d7d1997,3.14.7,macOS-26.6.2-arm64-arm-64bit-Mach-O,arm,0.05080470792017877,0.16252087510656565,0.06854308291804045,0.01281750004272908,0.013639540993608534,0.0277377919992432,5.5458047427237034e-05,0.014205792103894055,0.015244249952957034,0.0019459580071270466,0.05918925011064857,0.1542336669517681,0.0002663329942151904,0.2285785840358585,0.03945383301470429,0.2680324170505628,3.816699609160423e-05,0.00021616695448756218,0.1936874999664724,0.4070130829932168,0.641492374939844
2486,random_2483,random_cycle_chord,20260823,baseline,0,200,3,11,13,5.222041794793215,True,True,,perf/incremental-yamada-frontier-order,1d8374f42cccbb16d78d44100a65ca603d7d1997,3.14.7,macOS-26.6.2-arm64-arm-64bit-Mach-O,arm,0.042440249933861196,0.16185720905195922,0.027155500021763146,0.007570209098048508,0.007492332952097058,0.014898500056006014,2.4250010028481483e-05,0.007941666059195995,0.007909333100542426,0.000560375046916306,0.03133412427268922,0.07357250002678484,7.229193579405546e-05,0.18149783310946077,0.008736792020499706,0.19023462512996048,1.550000160932541e-05,7.604202255606651e-05,0.08230929204728454,0.28660675103310496,0.4725697080139071
2487,random_2484,random_cycle_chord,20260823,crossing_rich,5,200,6,12,17,4.007153856279103,True,True,,perf/incremental-yamada-frontier-order,1d8374f42cccbb16d78d44100a65ca603d7d1997,3.14.7,macOS-26.6.2-arm64-arm-64bit-Mach-O,arm,0.045774208032526076,0.16075200005434453,0.04909683298319578,0.012756292009726167,0.01419854094274342,0.02808679104782641,5.991593934595585e-05,0.014692874974571168,0.0154014159925282,0.0017070409376174212,0.059948038891889155,0.13605299999471754,0.00011416699271649122,0.24769204203039408,0.03277066699229181,0.2804627090226859,3.470899537205696e-05,0.00018679210916161537,0.16882366698700935,0.37534987507387996,0.6281380408909172
2488,random_2485,random_cycle_chord,20260823,baseline,0,200,3,10,12,4.6400972205029465,True,True,,perf/incremental-yamada-frontier-order,1d8374f42cccbb16d78d44100a65ca603d7d1997,3.14.7,macOS-26.6.2-arm64-arm-64bit-Mach-O,arm,0.03371879202313721,0.160857499926351,0.02240641601383686,0.00731149991042912,0.006974374991841614,0.013689083978533745,2.2875028662383556e-05,0.0070983750047162175,0.00738016702234745,0.0006064999615773559,0.028797000995837152,0.06551033305004239,6.89999433234334e-05,0.1653841669904068,0.009783292072825134,0.17516745906323195,1.7874990589916706e-05,8.625001646578312e-05,0.07529362512286752,0.26986991707235575,0.43978129199240357
2489,random_2486,random_cycle_chord,20260823,baseline,0,200,3,10,12,4.669210793156078,True,True,,perf/incremental-yamada-frontier-order,1d8374f42cccbb16d78d44100a65ca603d7d1997,3.14.7,macOS-26.6.2-arm64-arm-64bit-Mach-O,arm,0.03385370795149356,0.15553225006442517,0.023164457990787923,0.007039375021122396,0.006819749949499965,0.013426125049591064,2.1625077351927757e-05,0.007009083987213671,0.007140000001527369,0.0005622499156743288,0.02815908403135836,0.06520195899065584,7.28340819478035e-05,0.1634322920581326,0.0088373749749735,0.1722696670331061,1.4499993994832039e-05,7.145898416638374e-05,0.07403933396562934,0.26342529198154807,0.43120120791718364
2490,random_2487,random_cycle_chord,20260823,crossing_rich,12,200,8,14,21,4.292580593757692,True,True,,perf/incremental-yamada-frontier-order,1d8374f42cccbb16d78d44100a65ca603d7d1997,3.14.7,macOS-26.6.2-arm64-arm-64bit-Mach-O,arm,0.055705250008031726,0.15300316596403718,0.05710262502543628,0.016582333017140627,0.020513250026851892,0.04047083295881748,8.687505032867193e-05,0.02082233305554837,0.022228207904845476,0.002730000065639615,0.08633824903517962,0.18060870899353176,0.00034470902755856514,0.3005644589429721,0.06974295899271965,0.3703074179356918,6.250001024454832e-05,0.0002942910650745034,0.2503516679862514,0.4590600839583203,0.7652071249904111
2491,random_2488,random_cycle_chord,20260823,crossing_rich,5,200,6,11,16,4.6357901869590314,True,True,,perf/incremental-yamada-frontier-order,1d8374f42cccbb16d78d44100a65ca603d7d1997,3.14.7,macOS-26.6.2-arm64-arm-64bit-Mach-O,arm,0.04230137506965548,0.15010654099751264,0.04572487506084144,0.012118833023123443,0.013432499952614307,0.026461582980118692,6.441702134907246e-05,0.01368612505029887,0.014272124972194433,0.0016129580326378345,0.0560972080565989,0.12742858298588544,9.762495756149292e-05,0.21544362499844283,0.030867040972225368,0.2463106659706682,2.97910301014781e-05,0.00017508293967694044,0.1582956239581108,0.3507035400252789,0.5708683340344578
2492,random_2489,random_cycle_chord,20260823,crossing_rich,6,200,6,11,16,5.2244044595974835,True,True,,perf/incremental-yamada-frontier-order,1d8374f42cccbb16d78d44100a65ca603d7d1997,3.14.7,macOS-26.6.2-arm64-arm-64bit-Mach-O,arm,0.04773150000255555,0.15284183307085186,0.057276332983747125,0.011650417000055313,0.013047917047515512,0.025761374970898032,4.929106216877699e-05,0.013380541000515223,0.014164082938805223,0.0016895000590011477,0.0550447900313884,0.1370627919677645,9.824999142438173e-05,0.22149383393116295,0.033325041993521154,0.2548188759246841,2.9499991796910763e-05,0.0001835839357227087,0.17038783396128565,0.37096116703469306,0.5972520830109715
2493,random_2490,random_cycle_chord,20260823,crossing_rich,5,200,5,8,12,4.166712192486496,True,True,,perf/incremental-yamada-frontier-order,1d8374f42cccbb16d78d44100a65ca603d7d1997,3.14.7,macOS-26.6.2-arm64-arm-64bit-Mach-O,arm,0.0313950419658795,0.15358008397743106,0.03749412507750094,0.01122304203454405,0.013037915923632681,0.02574954100418836,3.8790982216596603e-05,0.013254916062578559,0.014071874902583659,0.0014466670108959079,0.05456178996246308,0.11635154101531953,0.0001990830060094595,0.17023566598072648,0.02961437508929521,0.1998500410700217,2.5250017642974854e-05,0.00016325002070516348,0.14596591610461473,0.3309410420479253,0.5059670840855688
2494,random_2491,random_cycle_chord,20260823,baseline,0,200,4,11,14,4.057640026616848,True,True,,perf/incremental-yamada-frontier-order,1d8374f42cccbb16d78d44100a65ca603d7d1997,3.14.7,macOS-26.6.2-arm64-arm-64bit-Mach-O,arm,0.036854624981060624,0.1576725000049919,0.02457341691479087,0.008129832916893065,0.008207499980926514,0.016107750008814037,3.0540977604687214e-05,0.008464541053399444,0.008628166979178786,0.0007419999456033111,0.033972998964600265,0.0749119579559192,7.887498941272497e-05,0.19361145794391632,0.01140233303885907,0.2050137909827754,1.9916915334761143e-05,9.191595017910004e-05,0.08631429099477828,0.2808414159808308,0.47908987500704825
2495,random_2492,random_cycle_chord,20260823,crossing_rich,5,200,5,8,12,4.168941389551089,True,True,,perf/incremental-yamada-frontier-order,1d8374f42cccbb16d78d44100a65ca603d7d1997,3.14.7,macOS-26.6.2-arm64-arm-64bit-Mach-O,arm,0.032898166915401816,0.1609937499742955,0.037185249966569245,0.011832624906674027,0.013445458025671542,0.026829791953787208,4.0082959458231926e-05,0.013679292052984238,0.015108541934750974,0.0014732499839738011,0.05713095888495445,0.11963066703174263,0.0001717910636216402,0.17592579103074968,0.029084500041790307,0.20501029107253999,2.6333029381930828e-05,0.00016054208390414715,0.14871516707353294,0.34260708396323025,0.523644334054552
2496,random_2493,random_cycle_chord,20260823,crossing_rich,5,200,5,8,12,4.257132077024669,True,True,,perf/incremental-yamada-frontier-order,1d8374f42cccbb16d78d44100a65ca603d7d1997,3.14.7,macOS-26.6.2-arm64-arm-64bit-Mach-O,arm,0.033707374939695,0.16047300002537668,0.04479145794175565,0.01173462497536093,0.013322040904313326,0.02634283306542784,4.0874932892620564e-05,0.014072958962060511,0.014315125066787004,0.001430791919119656,0.05620258394628763,0.12608741596341133,0.00027758406940847635,0.28584825003053993,0.040295833023265004,0.32614408305380493,2.562499139457941e-05,0.0001532089663669467,0.16638324898667634,0.360563623951748,0.6507697500055656
2497,random_2494,random_cycle_chord,20260823,crossing_rich,5,200,5,9,13,4.246535491404833,True,True,,perf/incremental-yamada-frontier-order,1d8374f42cccbb16d78d44100a65ca603d7d1997,3.14.7,macOS-26.6.2-arm64-arm-64bit-Mach-O,arm,0.0358008750481531,0.15941100008785725,0.04627024999354035,0.011538999970071018,0.012916165986098349,0.02542029193136841,4.054210148751736e-05,0.013151583028957248,0.013982333010062575,0.0015070000663399696,0.05410175013821572,0.12486404099036008,8.61660810187459e-05,0.18608391599263996,0.03153716598171741,0.21762108197435737,2.60830856859684e-05,0.0001645419979467988,0.1564012069720775,0.35161308210808784,0.5425055830273777
2498,random_2495,random_cycle_chord,20260823,crossing_rich,5,200,5,10,14,4.742272992203594,True,True,,perf/incremental-yamada-frontier-order,1d8374f42cccbb16d78d44100a65ca603d7d1997,3.14.7,macOS-26.6.2-arm64-arm-64bit-Mach-O,arm,0.04028129100333899,0.15662237501237541,0.045074583031237125,0.011167541961185634,0.012892124941572547,0.02537258295342326,3.854196984320879e-05,0.013153832987882197,0.013852374977432191,0.001435916987247765,0.053853249875828624,0.12302345898933709,8.804199751466513e-05,0.19551358290482312,0.028963583055883646,0.22447716596070677,2.504198346287012e-05,0.00015666603576391935,0.15198704204522073,0.34889070806093514,0.5493028339697048
2499,random_2496,random_cycle_chord,20260823,baseline,0,200,4,11,14,4.0319941634915955,True,True,,perf/incremental-yamada-frontier-order,1d8374f42cccbb16d78d44100a65ca603d7d1997,3.14.7,macOS-26.6.2-arm64-arm-64bit-Mach-O,arm,0.035471791052259505,0.15136983303818852,0.020253791008144617,0.0076173749985173345,0.007752500008791685,0.015210292069241405,3.0041905120015144e-05,0.00795270805247128,0.008214375004172325,0.0007726660696789622,0.03218008310068399,0.06783120799809694,7.491698488593102e-05,0.18254100007470697,0.011728374985978007,0.19426937506068498,1.8749968148767948e-05,8.395896293222904e-05,0.07955958298407495,0.26640120707452297,0.4533149169292301
2500,random_2497,random_cycle_chord,20260823,baseline,0,200,4,11,14,4.108275070686613,True,True,,perf/incremental-yamada-frontier-order,1d8374f42cccbb16d78d44100a65ca603d7d1997,3.14.7,macOS-26.6.2-arm64-arm-64bit-Mach-O,arm,0.034583000000566244,0.15772174997255206,0.021224290947429836,0.008038874948397279,0.008209959021769464,0.01616137509699911,3.604206722229719e-05,0.008375916979275644,0.008660916006192565,0.0007462080102413893,0.033980458159931004,0.07148174999747425,8.058291859924793e-05,0.18323320907074958,0.01160325005184859,0.19483645912259817,2.2249994799494743e-05,9.312503971159458e-05,0.08308500004932284,0.27538975002244115,0.4630006670486182
2501,random_2498,random_cycle_chord,20260823,baseline,0,200,3,11,13,4.069007443373667,True,True,,perf/incremental-yamada-frontier-order,1d8374f42cccbb16d78d44100a65ca603d7d1997,3.14.7,macOS-26.6.2-arm64-arm-64bit-Mach-O,arm,0.03221454191952944,0.14782029192429036,0.02256120799575001,0.006710832938551903,0.006626124959439039,0.013035000069066882,2.2124964743852615e-05,0.0067167909583076835,0.006921624997630715,0.0005471250042319298,0.027242665993981063,0.0631607921095565,6.491702515631914e-05,0.16790862497873604,0.008732583024539053,0.1766412080032751,1.3875076547265053e-05,7.008295506238937e-05,0.07189337513409555,0.25192820897791535,0.4239897499792278
2502,random_2499,random_cycle_chord,20260823,baseline,0,200,4,10,13,4.632205724307452,True,True,,perf/incremental-yamada-frontier-order,1d8374f42cccbb16d78d44100a65ca603d7d1997,3.14.7,macOS-26.6.2-arm64-arm-64bit-Mach-O,arm,0.03349375003017485,0.1482137079583481,0.025509792030788958,0.007850333000533283,0.008440834004431963,0.016586082987487316,2.9125018045306206e-05,0.008551249979063869,0.008815541979856789,0.0007419160101562738,0.034723915974609554,0.07655108394101262,7.037504110485315e-05,0.1563476249575615,0.010395666002295911,0.1667432909598574,1.8291990272700787e-05,8.016603533178568e-05,0.08694674994330853,0.2686542079318315,0.42930120800156146
2503,random_2500,random_cycle_chord,20260823,baseline,0,200,3,11,13,4.028537842881529,True,True,,perf/incremental-yamada-frontier-order,1d8374f42cccbb16d78d44100a65ca603d7d1997,3.14.7,macOS-26.6.2-arm64-arm-64bit-Mach-O,arm,0.03185458399821073,0.1477897500153631,0.019255249993875623,0.006713708047755063,0.006710291956551373,0.013155042077414691,2.1374900825321674e-05,0.006832958082668483,0.007000082987360656,0.0005153750535100698,0.027524833101779222,0.060223500011488795,6.558396853506565e-05,0.16822508303448558,0.008252458064816892,0.17647754109930247,1.3874960131943226e-05,6.350001785904169e-05,0.06847595807630569,0.2481202920898795,0.42048841703217477
2504,random_2501,random_cycle_chord,20260823,baseline,0,200,3,10,12,4.682067667503237,True,True,,perf/incremental-yamada-frontier-order,1d8374f42cccbb16d78d44100a65ca603d7d1997,3.14.7,macOS-26.6.2-arm64-arm-64bit-Mach-O,arm,0.031710166949778795,0.14804899995215237,0.020720666041597724,0.006468666018918157,0.006566958036273718,0.012905124924145639,2.174999099224806e-05,0.006673541036434472,0.006845166091807187,0.0005344171077013016,0.026979999151080847,0.060755624901503325,6.241595838218927e-05,0.1556667919503525,0.008592083933763206,0.1642588758841157,1.4209072105586529e-05,6.574997678399086e-05,0.06934770883526653,0.2491068757371977,0.408920583082363
2505,random_2502,random_cycle_chord,20260823,baseline,0,200,3,9,11,5.38538415143502,True,True,,perf/incremental-yamada-frontier-order,1d8374f42cccbb16d78d44100a65ca603d7d1997,3.14.7,macOS-26.6.2-arm64-arm-64bit-Mach-O,arm,0.032671916065737605,0.15097912505734712,0.027090332936495543,0.007426541997119784,0.007321791956201196,0.01468012505210936,2.90420139208436e-05,0.007515791920013726,0.007721708971075714,0.0006002499721944332,0.030546917929314077,0.07240662502590567,7.112498860806227e-05,0.1496172499610111,0.009691457962617278,0.1593087079236284,1.4791963621973991e-05,7.479195483028889e-05,0.08209808298852295,0.26574912411160767,0.4197325409622863
2506,random_2503,random_cycle_chord,20260823,baseline,0,200,4,14,17,4.291727242208272,True,True,,perf/incremental-yamada-frontier-order,1d8374f42cccbb16d78d44100a65ca603d7d1997,3.14.7,macOS-26.6.2-arm64-arm-64bit-Mach-O,arm,0.044948625029064715,0.15656725002918392,0.025081624975427985,0.008432083064690232,0.008894333965145051,0.017451334046199918,3.658293280750513e-05,0.009030292043462396,0.009281666949391365,0.0007654170040041208,0.036565292975865304,0.07900162506848574,9.729096200317144e-05,0.22142345807515085,0.012500374927185476,0.23392383300233632,1.9332976080477238e-05,9.116600267589092e-05,0.09150199999567121,0.29301787505391985,0.519018999999389
2507,random_2504,random_cycle_chord,20260823,baseline,0,200,4,11,14,4.113577316857786,True,True,,perf/incremental-yamada-frontier-order,1d8374f42cccbb16d78d44100a65ca603d7d1997,3.14.7,macOS-26.6.2-arm64-arm-64bit-Mach-O,arm,0.037407875061035156,0.16820066701620817,0.022922833915799856,0.009371916064992547,0.00908424996305257,0.018443249980919063,5.508400499820709e-05,0.009498291998170316,0.00970529206097126,0.0008918329840525985,0.038593751029111445,0.08000758301932365,0.00011012505274266005,0.20872645894996822,0.013234500074759126,0.22196095902472734,2.3875036276876926e-05,0.000106374965980649,0.09324208309408277,0.2988506251713261,0.5127668749773875
2508,random_2505,random_cycle_chord,20260823,baseline,0,200,3,8,10,6.191223013783294,True,True,,perf/incremental-yamada-frontier-order,1d8374f42cccbb16d78d44100a65ca603d7d1997,3.14.7,macOS-26.6.2-arm64-arm-64bit-Mach-O,arm,0.036738542024977505,0.1649005840299651,0.03439799998886883,0.007636875030584633,0.007323166937567294,0.014478416997008026,2.408307045698166e-05,0.007340000011026859,0.007506625028327107,0.0006153329741209745,0.02996445808093995,0.07934362499509007,7.495807949453592e-05,0.14094533398747444,0.009792625089176,0.15073795907665044,1.5625031664967537e-05,8.437491487711668e-05,0.08913625008426607,0.2907753761392087,0.436354500008747
2509,random_2506,random_cycle_chord,20260823,crossing_rich,4,200,5,8,12,6.588308783447431,True,True,,perf/incremental-yamada-frontier-order,1d8374f42cccbb16d78d44100a65ca603d7d1997,3.14.7,macOS-26.6.2-arm64-arm-64bit-Mach-O,arm,0.04787879204377532,0.16213216597680002,0.06822033307980746,0.010534166009165347,0.01133604091592133,0.02280595898628235,5.8832927606999874e-05,0.011997416033409536,0.012713083997368813,0.0015421659918501973,0.049117457936517894,0.1392440419876948,0.000183542026206851,0.17569824995007366,0.028360291034914553,0.2040585409849882,2.8875074349343777e-05,0.0001832909183576703,0.16760433302260935,0.3776152910431847,0.558353167027235
2510,random_2507,random_cycle_chord,20260823,baseline,0,200,3,12,14,4.877651201219412,True,True,,perf/incremental-yamada-frontier-order,1d8374f42cccbb16d78d44100a65ca603d7d1997,3.14.7,macOS-26.6.2-arm64-arm-64bit-Mach-O,arm,0.040496916975826025,0.15862383390776813,0.024651332991197705,0.007619042065925896,0.0073382919654250145,0.014402375090867281,2.266606315970421e-05,0.0075233750976622105,0.007667333004064858,0.0005742500070482492,0.030189999262802303,0.06982016703113914,7.491698488593102e-05,0.1927129589021206,0.009018083103001118,0.2017310420051217,1.5542027540504932e-05,7.78749817982316e-05,0.07883825013414025,0.2779590010177344,0.47531195904593915
2511,random_2508,random_cycle_chord,20260823,baseline,0,200,3,8,10,6.145807898829168,True,True,,perf/incremental-yamada-frontier-order,1d8374f42cccbb16d78d44100a65ca603d7d1997,3.14.7,macOS-26.6.2-arm64-arm-64bit-Mach-O,arm,0.03523150004912168,0.15605245798360556,0.03341425000689924,0.0068304999731481075,0.006935375044122338,0.013615833013318479,2.166605554521084e-05,0.007011165958829224,0.007251832983456552,0.0005804580869153142,0.02848095609806478,0.07568070804700255,5.958310794085264e-05,0.13330450002104044,0.00922675000037998,0.14253125002142042,1.4208024367690086e-05,7.104198448359966e-05,0.08490745804738253,0.2761914160801098,0.4137954170582816
2512,random_2509,random_cycle_chord,20260823,crossing_rich,5,200,5,9,13,4.371917089601255,True,True,,perf/incremental-yamada-frontier-order,1d8374f42cccbb16d78d44100a65ca603d7d1997,3.14.7,macOS-26.6.2-arm64-arm-64bit-Mach-O,arm,0.034503291943110526,0.152299250010401,0.047475332976318896,0.010806957958266139,0.012408124981448054,0.024469416006468236,3.845803439617157e-05,0.012741832993924618,0.013425583951175213,0.00138262496329844,0.05205791594926268,0.12278304202482104,8.283404167741537e-05,0.17891529202461243,0.028594458010047674,0.2075097500346601,2.4292035959661007e-05,0.00015062501188367605,0.15137750003486872,0.33818004198838025,0.5216163330478594
2513,random_2510,random_cycle_chord,20260823,baseline,0,200,3,8,10,6.106614934963399,True,True,,perf/incremental-yamada-frontier-order,1d8374f42cccbb16d78d44100a65ca603d7d1997,3.14.7,macOS-26.6.2-arm64-arm-64bit-Mach-O,arm,0.0327019999967888,0.14910979196429253,0.0320426250109449,0.006742165889590979,0.006732541020028293,0.01327337499242276,2.1792016923427582e-05,0.006894292077049613,0.007105250027962029,0.0005710830446332693,0.0278657921589911,0.07340237509924918,5.804200191050768e-05,0.12865345797035843,0.008925208006985486,0.13757866597734392,1.3666925951838493e-05,6.979110185056925e-05,0.08232758310623467,0.264139375067316,0.3969288340304047
2514,random_2511,random_cycle_chord,20260823,crossing_rich,5,200,5,8,12,4.201417632259325,True,True,,perf/incremental-yamada-frontier-order,1d8374f42cccbb16d78d44100a65ca603d7d1997,3.14.7,macOS-26.6.2-arm64-arm-64bit-Mach-O,arm,0.030545542016625404,0.14852629194501787,0.04298749996814877,0.010764166945591569,0.012438375037163496,0.024617166025564075,3.670796286314726e-05,0.012716625002212822,0.01341616699937731,0.0013487919932231307,0.052135457983240485,0.11835870903450996,0.00016120891086757183,0.26556279102806,0.03830270899925381,0.30386550002731383,2.3791915737092495e-05,0.00014262506738305092,0.15666141803376377,0.33573325199540704,0.6052350000245497
2515,random_2512,random_cycle_chord,20260823,baseline,0,200,3,10,12,4.702794561746376,True,True,,perf/incremental-yamada-frontier-order,1d8374f42cccbb16d78d44100a65ca603d7d1997,3.14.7,macOS-26.6.2-arm64-arm-64bit-Mach-O,arm,0.031128791975788772,0.14811245806049556,0.020757333957590163,0.006506667006760836,0.006550541962496936,0.012747458065859973,2.1458021365106106e-05,0.0066232080571353436,0.006809083046391606,0.0005654999986290932,0.026766707189381123,0.06060083396732807,6.195809692144394e-05,0.14153699995949864,0.008929041912779212,0.15046604187227786,1.4083110727369785e-05,7.054093293845654e-05,0.06952987588010728,0.2487711259163916,0.39445295894984156
2516,random_2513,random_cycle_chord,20260823,crossing_rich,2,200,4,9,12,5.867788939233908,True,True,,perf/incremental-yamada-frontier-order,1d8374f42cccbb16d78d44100a65ca603d7d1997,3.14.7,macOS-26.6.2-arm64-arm-64bit-Mach-O,arm,0.0371757079847157,0.14830574998632073,0.05128400004468858,0.008293375023640692,0.008712375070899725,0.017159166978672147,2.9249931685626507e-05,0.00892041705083102,0.009362249984405935,0.0009178329491987824,0.03638891689479351,0.1047048750333488,6.950006354600191e-05,0.15682299993932247,0.01640841702464968,0.17323141696397215,1.837499439716339e-05,0.00010258401744067669,0.12111329205799848,0.3065947500290349,0.46770787495188415
2517,random_2514,random_cycle_chord,20260823,baseline,0,200,4,15,18,4.046942139231125,True,True,,perf/incremental-yamada-frontier-order,1d8374f42cccbb16d78d44100a65ca603d7d1997,3.14.7,macOS-26.6.2-arm64-arm-64bit-Mach-O,arm,0.043398416019044816,0.14823545794934034,0.02313099999446422,0.007703165989369154,0.008056499995291233,0.015813499921932817,2.9416987672448158e-05,0.008233958971686661,0.008565166965126991,0.0007356670685112476,0.033377709914930165,0.07229462498798966,8.558400440961123e-05,0.23782266699708998,0.011936374939978123,0.2497590419370681,1.850002445280552e-05,8.354196324944496e-05,0.08423099992796779,0.27586487389635295,0.5179795840522274
2518,random_2515,random_cycle_chord,20260823,crossing_rich,2,200,4,9,12,5.833738999458871,True,True,,perf/incremental-yamada-frontier-order,1d8374f42cccbb16d78d44100a65ca603d7d1997,3.14.7,macOS-26.6.2-arm64-arm-64bit-Mach-O,arm,0.03937929205130786,0.15236199996434152,0.04967866709921509,0.008935292018577456,0.008977459045127034,0.018301290925592184,3.3542048186063766e-05,0.009534291923046112,0.009885499952360988,0.0009982920018956065,0.038752916851080954,0.10637337504886091,8.158304262906313e-05,0.16792791604530066,0.017503916984423995,0.18543183302972466,2.0458013750612736e-05,0.00011766701936721802,0.1238772920332849,0.3156185840489343,0.4880192499840632
2519,random_2516,random_cycle_chord,20260823,crossing_rich,6,200,6,13,18,4.56413087466586,True,True,,perf/incremental-yamada-frontier-order,1d8374f42cccbb16d78d44100a65ca603d7d1997,3.14.7,macOS-26.6.2-arm64-arm-64bit-Mach-O,arm,0.05059912509750575,0.16137033398263156,0.04898100008722395,0.013642250094562769,0.015079000033438206,0.029731750022619963,7.262500002980232e-05,0.01532633404713124,0.016083374968729913,0.001838749973103404,0.06305283401161432,0.1408111669588834,0.00011775002349168062,0.2880165420938283,0.03841920802369714,0.32643575011752546,3.608304541558027e-05,0.00020241702441126108,0.17923037498258054,0.39119983406271785,0.6843811250291765
2520,random_2517,random_cycle_chord,20260823,crossing_rich,3,200,4,10,13,4.24313462190613,True,True,,perf/incremental-yamada-frontier-order,1d8374f42cccbb16d78d44100a65ca603d7d1997,3.14.7,macOS-26.6.2-arm64-arm-64bit-Mach-O,arm,0.03617054200731218,0.17749616701621562,0.03902708296664059,0.010065917042084038,0.010416583041660488,0.020441749948076904,3.424996975809336e-05,0.010554375010542572,0.010996041004545987,0.0009691250743344426,0.042995541007258,0.10253545898012817,8.908403106033802e-05,0.28890045802108943,0.018523457925766706,0.30742391594685614,2.2958964109420776e-05,0.00011225009802728891,0.12105891690589488,0.3347256259294227,0.6282370421104133
2521,random_2518,random_cycle_chord,20260823,crossing_rich,2,200,4,10,13,5.62596127361412,True,True,,perf/incremental-yamada-frontier-order,1d8374f42cccbb16d78d44100a65ca603d7d1997,3.14.7,macOS-26.6.2-arm64-arm-64bit-Mach-O,arm,0.04142491694074124,0.1522930000210181,0.047462332993745804,0.008556541055440903,0.008885125047527254,0.01757191598881036,3.033294342458248e-05,0.009100125054828823,0.009509375086054206,0.0009253749158233404,0.03713712398894131,0.10206874995492399,7.387506775557995e-05,0.1578562919748947,0.01617079204879701,0.1740270840236917,1.9459053874015808e-05,0.00010254199150949717,0.118239542003721,0.3119574589654803,0.4741643749875948
2522,random_2519,random_cycle_chord,20260823,baseline,0,200,3,9,11,5.431195745517164,True,True,,perf/incremental-yamada-frontier-order,1d8374f42cccbb16d78d44100a65ca603d7d1997,3.14.7,macOS-26.6.2-arm64-arm-64bit-Mach-O,arm,0.032484208000823855,0.1480613750172779,0.024378041038289666,0.006464750040322542,0.006475374917499721,0.012721208040602505,2.1875021047890186e-05,0.006599500076845288,0.006794082932174206,0.0005572909722104669,0.026693957042880356,0.06403162505012006,6.158300675451756e-05,0.14188045903574675,0.008907250012271106,0.15078770904801786,1.383305061608553e-05,7.008295506238937e-05,0.07293887506239116,0.2534844580804929,0.39952966605778784
2523,random_2520,random_cycle_chord,20260823,baseline,0,200,3,10,12,4.637224571667409,True,True,,perf/incremental-yamada-frontier-order,1d8374f42cccbb16d78d44100a65ca603d7d1997,3.14.7,macOS-26.6.2-arm64-arm-64bit-Mach-O,arm,0.03157158300746232,0.14785358298104256,0.021386874956078827,0.0065275420201942325,0.00655766692943871,0.012904957984574139,2.0958948880434036e-05,0.006702917045913637,0.006896874983794987,0.0005506249144673347,0.027076333877630532,0.06156787497457117,6.479199510067701e-05,0.14982162497472018,0.008930374984629452,0.15875199995934963,1.4959019608795643e-05,7.075001485645771e-05,0.07049824995920062,0.2499234159477055,0.40390395803842694
2524,random_2521,random_cycle_chord,20260823,crossing_rich,2,200,4,8,11,6.588235073160754,True,True,,perf/incremental-yamada-frontier-order,1d8374f42cccbb16d78d44100a65ca603d7d1997,3.14.7,macOS-26.6.2-arm64-arm-64bit-Mach-O,arm,0.040817375062033534,0.15636054100468755,0.058374666958115995,0.008393291966058314,0.008647958049550653,0.0170315409777686,3.104202914983034e-05,0.008840707945637405,0.009337499970570207,0.0009989159880205989,0.03623970691114664,0.11168270895723253,7.245899178087711e-05,0.14717158302664757,0.01780887506902218,0.16498045809566975,1.9666971638798714e-05,0.00011320796329528093,0.1294915840262547,0.3266695000929758,0.4781785839004442
2525,random_2522,random_cycle_chord,20260823,crossing_rich,2,200,4,8,11,6.596402879751654,True,True,,perf/incremental-yamada-frontier-order,1d8374f42cccbb16d78d44100a65ca603d7d1997,3.14.7,macOS-26.6.2-arm64-arm-64bit-Mach-O,arm,0.03989933303091675,0.1501632920699194,0.054944709059782326,0.00845104199834168,0.008655041921883821,0.017084625083953142,3.254192415624857e-05,0.008878958062268794,0.009259833954274654,0.0009348340099677444,0.03619079303462058,0.10827070800587535,7.516704499721527e-05,0.14713679207488894,0.016801540972664952,0.1639383330475539,1.991703175008297e-05,0.0001090840669348836,0.1250722489785403,0.31513487407937646,0.4666022090241313
2526,random_2523,random_cycle_chord,20260823,baseline,0,200,4,10,13,4.616049800649714,True,True,,perf/incremental-yamada-frontier-order,1d8374f42cccbb16d78d44100a65ca603d7d1997,3.14.7,macOS-26.6.2-arm64-arm-64bit-Mach-O,arm,0.03445825004018843,0.14985904190689325,0.02418549999129027,0.007754083024337888,0.007795291021466255,0.015436917077749968,3.0417111702263355e-05,0.008004499948583543,0.008280416950583458,0.0007663749856874347,0.03251862607430667,0.07228029193356633,7.537496276199818e-05,0.17300512501969934,0.011656249989755452,0.1846613750094548,1.916696783155203e-05,8.695898577570915e-05,0.08393654192332178,0.26825383387040347,0.44563012500293553
2527,random_2524,random_cycle_chord,20260823,crossing_rich,4,200,5,8,12,6.60367178094307,True,True,,perf/incremental-yamada-frontier-order,1d8374f42cccbb16d78d44100a65ca603d7d1997,3.14.7,macOS-26.6.2-arm64-arm-64bit-Mach-O,arm,0.04533916700165719,0.15418008307460696,0.06594637501984835,0.010186500032432377,0.011180249974131584,0.02205866703297943,4.204094875603914e-05,0.011439332971349359,0.012140000006183982,0.0014812919544056058,0.047161332913674414,0.13451266707852483,0.00016366702038794756,0.16935966699384153,0.02969300001859665,0.19905266701243818,2.5792047381401062e-05,0.00016437494195997715,0.16420566709712148,0.3637249171733856,0.5379095840035006
2528,random_2525,random_cycle_chord,20260823,crossing_rich,5,200,5,10,14,4.128102529461925,True,True,,perf/incremental-yamada-frontier-order,1d8374f42cccbb16d78d44100a65ca603d7d1997,3.14.7,macOS-26.6.2-arm64-arm-64bit-Mach-O,arm,0.037952415994368494,0.15611683297902346,0.03973066702019423,0.011153750005178154,0.012827750062569976,0.025323209003545344,4.0082959458231926e-05,0.013046832988038659,0.013783292029984295,0.0014494589995592833,0.053642875980585814,0.1173908329801634,9.995896834880114e-05,0.2817444590618834,0.04290012491401285,0.32464458397589624,2.7084024623036385e-05,0.000171166961081326,0.16029095789417624,0.3543602068675682,0.6401902911020443
2529,random_2526,random_cycle_chord,20260823,baseline,0,200,3,8,10,6.218961344190717,True,True,,perf/incremental-yamada-frontier-order,1d8374f42cccbb16d78d44100a65ca603d7d1997,3.14.7,macOS-26.6.2-arm64-arm-64bit-Mach-O,arm,0.03626341698691249,0.16247433400712907,0.032871708972379565,0.007299874909222126,0.007196958991698921,0.014267917023971677,2.4708104319870472e-05,0.007927082944661379,0.008019124972634017,0.0006829999620094895,0.030921833007596433,0.07831225008703768,8.008407894521952e-05,0.14618279098067433,0.011341040953993797,0.15752383193466812,1.750001683831215e-05,9.179196786135435e-05,0.08965329104103148,0.28839104203507304,0.43912145809736103
2530,random_2527,random_cycle_chord,20260823,crossing_rich,4,200,5,11,15,4.6629255612785485,True,True,,perf/incremental-yamada-frontier-order,1d8374f42cccbb16d78d44100a65ca603d7d1997,3.14.7,macOS-26.6.2-arm64-arm-64bit-Mach-O,arm,0.044423333019949496,0.16316637501586229,0.05031637498177588,0.011390625033527613,0.012126457993872464,0.023954292060807347,5.362497176975012e-05,0.012678000028245151,0.013383333920501173,0.0014198750723153353,0.051489126053638756,0.12536329205613583,0.00012404099106788635,0.217439915984869,0.025294083054177463,0.24273399903904647,2.5499961338937283e-05,0.00015120801981538534,0.1506573751103133,0.3582470831461251,0.58059329201933
2531,random_2528,random_cycle_chord,20260823,crossing_rich,4,200,6,12,17,4.053208046387287,True,True,,perf/incremental-yamada-frontier-order,1d8374f42cccbb16d78d44100a65ca603d7d1997,3.14.7,macOS-26.6.2-arm64-arm-64bit-Mach-O,arm,0.04486920894123614,0.15923458302859217,0.04593108291737735,0.012760541052557528,0.013813292025588453,0.027153708040714264,7.670896593481302e-05,0.013977208989672363,0.014515000046230853,0.0015268749557435513,0.057249500998295844,0.12982999999076128,0.00012429198250174522,0.24215433292556554,0.027078374987468123,0.26923270791303366,2.9749935492873192e-05,0.00016958301421254873,0.1569083749782294,0.3610121669480577,0.608261457993649
2532,random_2529,random_cycle_chord,20260823,crossing_rich,3,200,5,10,14,5.58236756211472,True,True,,perf/incremental-yamada-frontier-order,1d8374f42cccbb16d78d44100a65ca603d7d1997,3.14.7,macOS-26.6.2-arm64-arm-64bit-Mach-O,arm,0.04530491691548377,0.15840095898602158,0.05464324995409697,0.010353834019042552,0.011256417026743293,0.022092125029303133,4.1624996811151505e-05,0.01146495807915926,0.011978500057011843,0.0012171670095995069,0.046794375171884894,0.12308658298570663,9.695801418274641e-05,0.2755074589513242,0.021118291071616113,0.29662575002294034,2.4250010028481483e-05,0.00013029191177338362,0.14420487405732274,0.3479107499588281,0.6278065419755876
2533,random_2530,random_cycle_chord,20260823,baseline,0,200,4,14,17,4.295965828682279,True,True,,perf/incremental-yamada-frontier-order,1d8374f42cccbb16d78d44100a65ca603d7d1997,3.14.7,macOS-26.6.2-arm64-arm-64bit-Mach-O,arm,0.043768250034190714,0.15130870800931007,0.020454959012567997,0.007979125017300248,0.008551832986995578,0.016873084008693695,2.9499991796910763e-05,0.008744708029553294,0.00895045802462846,0.0007223329739645123,0.03532008302863687,0.07233308302238584,8.304102811962366e-05,0.21908633306156844,0.011106375022791326,0.23019270808435977,1.837499439716339e-05,8.054205682128668e-05,0.08343945804517716,0.27851641608867794,0.5019372920505702
2534,random_2531,random_cycle_chord,20260823,baseline,0,200,3,8,10,6.13645120271699,True,True,,perf/incremental-yamada-frontier-order,1d8374f42cccbb16d78d44100a65ca603d7d1997,3.14.7,macOS-26.6.2-arm64-arm-64bit-Mach-O,arm,0.033162874984554946,0.15281133295502514,0.034673834103159606,0.0068508330732584,0.006849625031463802,0.01349708391353488,2.3250002413988113e-05,0.006984291016124189,0.007204958004876971,0.0005735420854762197,0.028283125022426248,0.07667737489100546,6.641598884016275e-05,0.13493658299557865,0.009272166993469,0.14420874998904765,1.4541088603436947e-05,7.349997758865356e-05,0.08594954188447446,0.27192374982405454,0.4111098339781165
2535,random_2532,random_cycle_chord,20260823,crossing_rich,2,200,4,8,11,6.393226459656306,True,True,,perf/incremental-yamada-frontier-order,1d8374f42cccbb16d78d44100a65ca603d7d1997,3.14.7,macOS-26.6.2-arm64-arm-64bit-Mach-O,arm,0.039339291979558766,0.15207891608588398,0.05357079196255654,0.008654624922201037,0.009084374993108213,0.017848040908575058,3.2957992516458035e-05,0.009285583044402301,0.009634334011934698,0.0009549169335514307,0.037755832890979946,0.109095708001405,7.195794023573399e-05,0.14778254204429686,0.0158480410464108,0.16363058309070766,1.9290950149297714e-05,0.00010850001126527786,0.1249437490478158,0.31636195711325854,0.468489250051789
2536,random_2533,random_cycle_chord,20260823,crossing_rich,5,200,5,9,13,4.400596616404637,True,True,,perf/incremental-yamada-frontier-order,1d8374f42cccbb16d78d44100a65ca603d7d1997,3.14.7,macOS-26.6.2-arm64-arm-64bit-Mach-O,arm,0.03433795797172934,0.1516062910668552,0.043591750087216496,0.010889166966080666,0.012420417042449117,0.024514832999557257,3.808306064456701e-05,0.012674666941165924,0.013321875012479722,0.0013607919681817293,0.0519102499820292,0.1188447920139879,8.004193659871817e-05,0.18253925000317395,0.028648208011873066,0.211187458015047,2.516701351851225e-05,0.00015145796351134777,0.14749300002586097,0.3334372490644455,0.5206047079991549
2537,random_2534,random_cycle_chord,20260823,baseline,0,200,3,8,10,6.178924629104887,True,True,,perf/incremental-yamada-frontier-order,1d8374f42cccbb16d78d44100a65ca603d7d1997,3.14.7,macOS-26.6.2-arm64-arm-64bit-Mach-O,arm,0.03394620807375759,0.15209704206790775,0.03201304201502353,0.0067342499969527125,0.006843333947472274,0.013429125072434545,2.174999099224806e-05,0.00704329099971801,0.007313249981962144,0.0005872499896213412,0.02839466603472829,0.07400575000792742,5.991593934595585e-05,0.1346772500546649,0.009674832923337817,0.14435208297800273,1.4708028174936771e-05,7.19169620424509e-05,0.08368058293126523,0.2697238330729306,0.4086998749990016
2538,random_2535,random_cycle_chord,20260823,baseline,0,200,3,9,11,5.356729378469832,True,True,,perf/incremental-yamada-frontier-order,1d8374f42cccbb16d78d44100a65ca603d7d1997,3.14.7,macOS-26.6.2-arm64-arm-64bit-Mach-O,arm,0.033264625002630055,0.1529149580746889,0.0258208749582991,0.006596500054001808,0.0067052500089630485,0.013218707987107337,2.2416003048419952e-05,0.0067893750965595245,0.007062875083647668,0.0005553329829126596,0.02764870715327561,0.06679120799526572,6.320793181657791e-05,0.1487964999396354,0.009051790926605463,0.15784829086624086,1.4582998119294643e-05,7.033394649624825e-05,0.07584299892187119,0.26202258199919015,0.41514870803803205
2539,random_2536,random_cycle_chord,20260823,crossing_rich,2,200,4,9,12,5.8113828046428955,True,True,,perf/incremental-yamada-frontier-order,1d8374f42cccbb16d78d44100a65ca603d7d1997,3.14.7,macOS-26.6.2-arm64-arm-64bit-Mach-O,arm,0.03958670899737626,0.1559622079366818,0.05241166602354497,0.00905533297918737,0.009526000008918345,0.018759458092972636,3.229198046028614e-05,0.00975758396089077,0.010283041978254914,0.0009601670317351818,0.03979254304431379,0.11081445799209177,7.841701153665781e-05,0.17261129210237414,0.017132667009718716,0.18974395911209285,2.195802517235279e-05,0.00011416699271649122,0.1279471250018105,0.32349604193586856,0.5006884169997647
2540,random_2537,random_cycle_chord,20260823,baseline,0,200,3,8,10,6.113017347588218,True,True,,perf/incremental-yamada-frontier-order,1d8374f42cccbb16d78d44100a65ca603d7d1997,3.14.7,macOS-26.6.2-arm64-arm-64bit-Mach-O,arm,0.03270937502384186,0.1610022500390187,0.03302004199940711,0.006835041102021933,0.006809458020143211,0.013348583946935833,2.437504008412361e-05,0.006947124958969653,0.007153540966100991,0.0005591659573838115,0.02803279086947441,0.07471825007814914,6.0999998822808266e-05,0.13201354106422514,0.008747834013774991,0.14076137507800013,1.7749960534274578e-05,7.449998520314693e-05,0.08346608409192413,0.2771777091547847,0.4134884170489386
2541,random_2538,random_cycle_chord,20260823,baseline,0,200,3,12,14,4.879022893648498,True,True,,perf/incremental-yamada-frontier-order,1d8374f42cccbb16d78d44100a65ca603d7d1997,3.14.7,macOS-26.6.2-arm64-arm-64bit-Mach-O,arm,0.03905979101546109,0.1507234589662403,0.02243900008033961,0.006605457980185747,0.006633791024796665,0.013078500051051378,2.3209024220705032e-05,0.006777834030799568,0.006975124939344823,0.0005592909874394536,0.027413959032855928,0.06311183306388557,7.070903666317463e-05,0.18416149995755404,0.009069624939002097,0.19323112489655614,1.466704998165369e-05,7.24580604583025e-05,0.07218145800288767,0.26196470798458904,0.45037604100070894
2542,random_2539,random_cycle_chord,20260823,baseline,0,200,3,11,13,4.075596391621702,True,True,,perf/incremental-yamada-frontier-order,1d8374f42cccbb16d78d44100a65ca603d7d1997,3.14.7,macOS-26.6.2-arm64-arm-64bit-Mach-O,arm,0.03303008293733001,0.1515776669839397,0.01989108300767839,0.006831208011135459,0.0069437919883057475,0.013700707932002842,2.2833002731204033e-05,0.007083958014845848,0.007301582954823971,0.0005839579971507192,0.028693039901554585,0.06237966602202505,7.700000423938036e-05,0.17594629095401615,0.00991662498563528,0.18586291593965143,1.5292083844542503e-05,7.570802699774504e-05,0.07229629100766033,0.25690404092893004,0.4371778750792146
2543,random_2540,random_cycle_chord,20260823,crossing_rich,2,200,4,9,12,6.079294870728648,True,True,,perf/incremental-yamada-frontier-order,1d8374f42cccbb16d78d44100a65ca603d7d1997,3.14.7,macOS-26.6.2-arm64-arm-64bit-Mach-O,arm,0.04221774998586625,0.16053224995266646,0.05548216705210507,0.009473374928347766,0.009834832977503538,0.019397584022954106,3.3791991882026196e-05,0.010041749919764698,0.010433874907903373,0.0009552499977871776,0.04086225084029138,0.11568345804698765,8.329201955348253e-05,0.1690034579951316,0.01741895906161517,0.18642241705674678,2.1124957129359245e-05,0.00011416606139391661,0.13310241710860282,0.33585241704713553,0.5095175830647349
2544,random_2541,random_cycle_chord,20260823,baseline,0,200,3,9,11,5.403502550385278,True,True,,perf/incremental-yamada-frontier-order,1d8374f42cccbb16d78d44100a65ca603d7d1997,3.14.7,macOS-26.6.2-arm64-arm-64bit-Mach-O,arm,0.03534329205285758,0.15927570802159607,0.026247333036735654,0.007064832956530154,0.006799458991736174,0.013279124977998435,2.4082954041659832e-05,0.006921333959326148,0.0071287499740719795,0.0006064999615773559,0.02795979182701558,0.06809299997985363,6.962497718632221e-05,0.15222154092043638,0.009802374988794327,0.1620239159092307,1.5750061720609665e-05,7.924996316432953e-05,0.07789537496864796,0.2725143750431016,0.429183250060305
2545,random_2542,random_cycle_chord,20260823,baseline,0,200,3,11,13,4.068178865736007,True,True,,perf/incremental-yamada-frontier-order,1d8374f42cccbb16d78d44100a65ca603d7d1997,3.14.7,macOS-26.6.2-arm64-arm-64bit-Mach-O,arm,0.033776041003875434,0.15829195897094905,0.02312329097185284,0.00751299993135035,0.007572041940875351,0.0147813749499619,2.5541987270116806e-05,0.007622416014783084,0.007875166949816048,0.0006254999898374081,0.030929999891668558,0.0691618750570342,8.641602471470833e-05,0.18061866599600762,0.009580875048413873,0.1901995410444215,1.537497155368328e-05,8.087500464171171e-05,0.07874275010544807,0.27081075008027256,0.4559509999817237
2546,random_2543,random_cycle_chord,20260823,crossing_rich,4,200,5,10,14,5.4729371691596524,True,True,,perf/incremental-yamada-frontier-order,1d8374f42cccbb16d78d44100a65ca603d7d1997,3.14.7,macOS-26.6.2-arm64-arm-64bit-Mach-O,arm,0.044732916983775795,0.15882649994455278,0.05360008298885077,0.010994041920639575,0.012030791025608778,0.023788082995451987,4.366703797131777e-05,0.012319125002250075,0.013017124962061644,0.0013325420441105962,0.05050054204184562,0.12716162495780736,9.083305485546589e-05,0.28653070889413357,0.03376687504351139,0.32029758393764496,2.5250017642974854e-05,0.00014470808673650026,0.16092850000131875,0.3644879169296473,0.6551543329842389
2547,random_2544,random_cycle_chord,20260823,baseline,0,200,3,9,11,5.3601618942588605,True,True,,perf/incremental-yamada-frontier-order,1d8374f42cccbb16d78d44100a65ca603d7d1997,3.14.7,macOS-26.6.2-arm64-arm-64bit-Mach-O,arm,0.03445675002876669,0.1540179579751566,0.02801000000908971,0.006633167038671672,0.00667433300986886,0.013017458957619965,2.2124964743852615e-05,0.006768624996766448,0.006944374996237457,0.0005354579770937562,0.02728804189246148,0.06862600008025765,6.283295806497335e-05,0.14730816707015038,0.00858370796777308,0.15589187503792346,1.4459015801548958e-05,6.649992428719997e-05,0.07720970804803073,0.26568441605195403,0.4172832500189543
2548,random_2545,random_cycle_chord,20260823,crossing_rich,2,200,4,8,11,6.593233511537093,True,True,,perf/incremental-yamada-frontier-order,1d8374f42cccbb16d78d44100a65ca603d7d1997,3.14.7,macOS-26.6.2-arm64-arm-64bit-Mach-O,arm,0.04080804192926735,0.15649175003636628,0.05781024997122586,0.008795707952231169,0.00898895796854049,0.017826583003625274,3.075005952268839e-05,0.00920637499075383,0.009660499985329807,0.001027582911774516,0.037751790951006114,0.1133747500134632,7.562502287328243e-05,0.1524606249295175,0.01853974990081042,0.17100037483032793,2.033403143286705e-05,0.00011300004553049803,0.13191449991427362,0.32921429187990725,0.486142750014551
2549,random_2546,random_cycle_chord,20260823,crossing_rich,5,200,5,9,13,4.347221707804612,True,True,,perf/incremental-yamada-frontier-order,1d8374f42cccbb16d78d44100a65ca603d7d1997,3.14.7,macOS-26.6.2-arm64-arm-64bit-Mach-O,arm,0.034786583040840924,0.15107316698413342,0.044519249931909144,0.01089708402287215,0.01241533295251429,0.02457937505096197,4.1375053115189075e-05,0.01275558304041624,0.013452166924253106,0.0013789170188829303,0.05220741708762944,0.12007325002923608,7.879198528826237e-05,0.18011904193554074,0.028758250060491264,0.208877291996032,2.445792779326439e-05,0.00015091709792613983,0.14883150008972734,0.3346912501147017,0.5195712910499424
2550,random_2547,random_cycle_chord,20260823,crossing_rich,5,200,5,8,12,4.203111858703423,True,True,,perf/incremental-yamada-frontier-order,1d8374f42cccbb16d78d44100a65ca603d7d1997,3.14.7,macOS-26.6.2-arm64-arm-64bit-Mach-O,arm,0.031262709060683846,0.14948629098944366,0.03738708305172622,0.010801375028677285,0.012459707912057638,0.02452866593375802,3.704207483679056e-05,0.012727165943942964,0.013361499994061887,0.001324665965512395,0.05197903991211206,0.11266049998812377,0.00025883305352181196,0.2704854588955641,0.038215333013795316,0.3087007919093594,2.37500062212348e-05,0.00014229200314730406,0.1508758330019191,0.3316248330520466,0.606159667018801
2551,random_2548,random_cycle_chord,20260823,crossing_rich,2,200,4,10,13,5.5756269419542654,True,True,,perf/incremental-yamada-frontier-order,1d8374f42cccbb16d78d44100a65ca603d7d1997,3.14.7,macOS-26.6.2-arm64-arm-64bit-Mach-O,arm,0.03997024998534471,0.14916508295573294,0.0467104580020532,0.008391625015065074,0.008849999983794987,0.017390749999321997,2.9666931368410587e-05,0.009010583045892417,0.009361000033095479,0.0009017090778797865,0.03669370908755809,0.1006738340947777,7.23750563338399e-05,0.1579125840216875,0.016345541924238205,0.1742581259459257,1.8958933651447296e-05,0.00010045792441815138,0.11701937601901591,0.30615470896009356,0.46833916602190584
2552,random_2549,random_cycle_chord,20260823,crossing_rich,3,200,5,10,14,4.880080654605919,True,True,,perf/incremental-yamada-frontier-order,1d8374f42cccbb16d78d44100a65ca603d7d1997,3.14.7,macOS-26.6.2-arm64-arm-64bit-Mach-O,arm,0.03910029202234,0.14907349995337427,0.04124579101335257,0.009627708001062274,0.01041774998884648,0.02056116610765457,3.958307206630707e-05,0.01069283310789615,0.011290125083178282,0.0012479580473154783,0.04383166541811079,0.10515666706487536,7.962493691593409e-05,0.18830920802429318,0.023371791932731867,0.21168099995702505,2.775003667920828e-05,0.00014533300418406725,0.12852845899760723,0.3167022509733215,0.5095544159412384
2553,random_2550,random_cycle_chord,20260823,baseline,0,200,3,8,10,6.149368953441533,True,True,,perf/incremental-yamada-frontier-order,1d8374f42cccbb16d78d44100a65ca603d7d1997,3.14.7,macOS-26.6.2-arm64-arm-64bit-Mach-O,arm,0.035761792096309364,0.15326945902779698,0.03261650004424155,0.006815125001594424,0.006991000031121075,0.013614375027827919,2.2792024537920952e-05,0.007063166005536914,0.007229292066767812,0.0005722090136259794,0.028501834138296545,0.07494483306072652,5.829101428389549e-05,0.13517679192591459,0.009295916999690235,0.14447270892560482,1.4707911759614944e-05,7.241696584969759e-05,0.08424075006041676,0.2732720011845231,0.41277041600551456
2554,random_2551,random_cycle_chord,20260823,baseline,0,200,3,9,11,5.39790434175304,True,True,,perf/incremental-yamada-frontier-order,1d8374f42cccbb16d78d44100a65ca603d7d1997,3.14.7,macOS-26.6.2-arm64-arm-64bit-Mach-O,arm,0.033593707950785756,0.15136895794421434,0.027813415974378586,0.006608125055208802,0.006726750056259334,0.013540333020500839,2.208305522799492e-05,0.007027791114524007,0.007250790949910879,0.0005367080448195338,0.028377706184983253,0.06954612501431257,6.079196464270353e-05,0.1468445420032367,0.00851729093119502,0.15536183293443173,1.4291959814727306e-05,6.750004831701517e-05,0.07806341594550759,0.2630260818405077,0.4141063750721514
2555,random_2552,random_cycle_chord,20260823,crossing_rich,5,200,5,8,12,4.093880592990287,True,True,,perf/incremental-yamada-frontier-order,1d8374f42cccbb16d78d44100a65ca603d7d1997,3.14.7,macOS-26.6.2-arm64-arm-64bit-Mach-O,arm,0.03143470792565495,0.15531354094855487,0.04565908294171095,0.014024208066985011,0.014825250022113323,0.029571000020951033,7.937499321997166e-05,0.014937917003408074,0.015345999971032143,0.0015424999874085188,0.06147679197601974,0.13606808392796665,0.00022570800501853228,0.18319274997338653,0.030885791988112032,0.21407854196149856,2.816703636199236e-05,0.00016424991190433502,0.1669538759160787,0.3537021247902885,0.5423059170134366
2556,random_2553,random_cycle_chord,20260823,crossing_rich,4,200,5,11,15,5.2241250475033825,True,True,,perf/incremental-yamada-frontier-order,1d8374f42cccbb16d78d44100a65ca603d7d1997,3.14.7,macOS-26.6.2-arm64-arm-64bit-Mach-O,arm,0.04692145902663469,0.1653627500636503,0.05791162501554936,0.011233041994273663,0.012320167035795748,0.024617249961011112,4.012498538941145e-05,0.012570249964483082,0.013482540962286294,0.001408665906637907,0.052118831779807806,0.1336202920647338,9.491702076047659e-05,0.21973441692534834,0.026677167043089867,0.2464115839684382,2.708309330046177e-05,0.0001545000122860074,0.16029745910782367,0.3725816681981087,0.5972627500304952
2557,random_2554,random_cycle_chord,20260823,baseline,0,200,4,14,17,4.29339559612093,True,True,,perf/incremental-yamada-frontier-order,1d8374f42cccbb16d78d44100a65ca603d7d1997,3.14.7,macOS-26.6.2-arm64-arm-64bit-Mach-O,arm,0.046237583039328456,0.1618595829932019,0.023478291928768158,0.008651291951537132,0.00861625000834465,0.016483624931424856,5.520798731595278e-05,0.00879966700449586,0.009195792023092508,0.0008463750127702951,0.03538066695909947,0.07616841595154256,0.00012704101391136646,0.23921000002883375,0.012581499991938472,0.2517915000207722,1.991703175008297e-05,0.00010358402505517006,0.08874991594348103,0.2968470819760114,0.540807000012137
2558,random_2555,random_cycle_chord,20260823,baseline,0,200,3,11,13,5.220526393049295,True,True,,perf/incremental-yamada-frontier-order,1d8374f42cccbb16d78d44100a65ca603d7d1997,3.14.7,macOS-26.6.2-arm64-arm-64bit-Mach-O,arm,0.03990479093044996,0.16382879205048084,0.02826270810328424,0.007782917004078627,0.007266207947395742,0.014071292011067271,5.337502807378769e-05,0.007415000000037253,0.00758375006262213,0.0005799169884994626,0.029703334090299904,0.07303820794913918,0.00010075001046061516,0.18869204097427428,0.00888433400541544,0.19757637497968972,1.60830095410347e-05,8.108303882181644e-05,0.08192254195455462,0.2856561249354854,0.4790715000126511
2559,random_2556,random_cycle_chord,20260823,baseline,0,200,3,9,11,5.332052754685829,True,True,,perf/incremental-yamada-frontier-order,1d8374f42cccbb16d78d44100a65ca603d7d1997,3.14.7,macOS-26.6.2-arm64-arm-64bit-Mach-O,arm,0.03471091703977436,0.16005200007930398,0.027813958004117012,0.007043207995593548,0.0068494160659611225,0.013481666916050017,2.437504008412361e-05,0.006980750011280179,0.007233166950754821,0.0005774589953944087,0.02829741791356355,0.07002595905214548,6.933300755918026e-05,0.15410354209598154,0.009725334006361663,0.1638288761023432,1.5874975360929966e-05,8.158304262906313e-05,0.07975129305850714,0.2745142101775855,0.4332799999974668
2560,random_2557,random_cycle_chord,20260823,crossing_rich,4,200,5,10,14,5.39853462634799,True,True,,perf/incremental-yamada-frontier-order,1d8374f42cccbb16d78d44100a65ca603d7d1997,3.14.7,macOS-26.6.2-arm64-arm-64bit-Mach-O,arm,0.04165566700976342,0.1634186659939587,0.05279912508558482,0.010051749995909631,0.010719167068600655,0.02108899992890656,3.683299291878939e-05,0.010950374999083579,0.011579792015254498,0.0013020839542150497,0.044958083890378475,0.11856416601222008,8.775002788752317e-05,0.18618087493814528,0.02451741707045585,0.21069829200860113,2.53340695053339e-05,0.00015058298595249653,0.14308158308267593,0.34815591608639807,0.5389227499254048
2561,random_2558,random_cycle_chord,20260823,baseline,0,200,3,11,13,5.224842091446737,True,True,,perf/incremental-yamada-frontier-order,1d8374f42cccbb16d78d44100a65ca603d7d1997,3.14.7,macOS-26.6.2-arm64-arm-64bit-Mach-O,arm,0.03701866592746228,0.14814887498505414,0.026751582976430655,0.006834291969425976,0.006813584011979401,0.013365165912546217,2.2249994799494743e-05,0.006923749926500022,0.007075625006109476,0.0005122920265421271,0.027899082866497338,0.06831816700287163,6.812496576458216e-05,0.16796304192394018,0.008369333925656974,0.17633237584959716,1.383305061608553e-05,6.533297710120678e-05,0.0766875009285286,0.261855041841045,0.43400087498594075
2562,random_2559,random_cycle_chord,20260823,baseline,0,200,4,14,17,4.295548140703926,True,True,,perf/incremental-yamada-frontier-order,1d8374f42cccbb16d78d44100a65ca603d7d1997,3.14.7,macOS-26.6.2-arm64-arm-64bit-Mach-O,arm,0.042483832919970155,0.1481969590531662,0.01992108393460512,0.007885000086389482,0.008268542005680501,0.016293584019877017,2.845795825123787e-05,0.008444916922599077,0.008663833024911582,0.000691374996677041,0.034122166922315955,0.07022304099518806,9.13750845938921e-05,0.21541133301798254,0.010409957962110639,0.22582129098009318,1.750001683831215e-05,7.566704880446196e-05,0.0806329989572987,0.27131379093043506,0.4910051670158282
2563,random_2560,random_cycle_chord,20260823,crossing_rich,2,200,4,11,14,4.699795943563276,True,True,,perf/incremental-yamada-frontier-order,1d8374f42cccbb16d78d44100a65ca603d7d1997,3.14.7,macOS-26.6.2-arm64-arm-64bit-Mach-O,arm,0.037077208049595356,0.14885354205034673,0.036184667027555406,0.008573541068471968,0.00914300000295043,0.01804824999999255,3.2791984267532825e-05,0.009352082968689501,0.009591875015757978,0.0008575000101700425,0.037882499978877604,0.09181258303578943,7.783295586705208e-05,0.1836348749930039,0.01522275002207607,0.19885762501507998,1.9291997887194157e-05,9.654194582253695e-05,0.1070353330578655,0.2929660831578076,0.4809061250416562
2564,random_2561,random_cycle_chord,20260823,crossing_rich,5,200,6,10,15,5.377205693730652,True,True,,perf/incremental-yamada-frontier-order,1d8374f42cccbb16d78d44100a65ca603d7d1997,3.14.7,macOS-26.6.2-arm64-arm-64bit-Mach-O,arm,0.044080334017053246,0.14862145797815174,0.05586312501691282,0.011116042034700513,0.01226583297830075,0.02405779203400016,4.7083012759685516e-05,0.012418041937053204,0.013228708994574845,0.0016116249607875943,0.05136325093917549,0.13064808305352926,0.00024683389347046614,0.2907349170418456,0.0356906249653548,0.3264255420072004,2.9582995921373367e-05,0.00017070805188268423,0.16633870801888406,0.35904050001408905,0.6542201250558719
2565,random_2562,random_cycle_chord,20260823,baseline,0,200,4,11,14,4.066663460069378,True,True,,perf/incremental-yamada-frontier-order,1d8374f42cccbb16d78d44100a65ca603d7d1997,3.14.7,macOS-26.6.2-arm64-arm-64bit-Mach-O,arm,0.035158833023160696,0.14830695802811533,0.021353458985686302,0.007925500045530498,0.008277165936306119,0.016363417031243443,3.0125025659799576e-05,0.008494082954712212,0.00873250002041459,0.0007534578908234835,0.03437358292285353,0.07195625000167638,7.43749551475048e-05,0.18169820797629654,0.011283791041933,0.19298199901822954,1.8708989955484867e-05,8.454092312604189e-05,0.08324004104360938,0.2667058320948854,0.452724082977511
2566,random_2563,random_cycle_chord,20260823,crossing_rich,3,200,4,8,11,4.183899229716661,True,True,,perf/incremental-yamada-frontier-order,1d8374f42cccbb16d78d44100a65ca603d7d1997,3.14.7,macOS-26.6.2-arm64-arm-64bit-Mach-O,arm,0.02766125008929521,0.1486144580412656,0.03140833298675716,0.00916862499434501,0.010114582953974605,0.01991841697599739,2.9540969990193844e-05,0.010308458004146814,0.010737375007010996,0.0009891249937936664,0.04198291595093906,0.09270183299668133,6.645801477134228e-05,0.14764041698072106,0.018978500040248036,0.1666189170209691,1.9832979887723923e-05,0.00011645909398794174,0.11168033303692937,0.2879560411674902,0.43989733303897083
2567,random_2564,random_cycle_chord,20260823,crossing_rich,4,200,5,9,13,6.080600982684302,True,True,,perf/incremental-yamada-frontier-order,1d8374f42cccbb16d78d44100a65ca603d7d1997,3.14.7,macOS-26.6.2-arm64-arm-64bit-Mach-O,arm,0.04458400001749396,0.15437858295626938,0.06997995800338686,0.01103404094465077,0.011733209015801549,0.02257883397396654,5.6124990805983543e-05,0.011569458059966564,0.012251042062416673,0.00141708308365196,0.04787254217080772,0.14067508396692574,9.850005153566599e-05,0.19106325006578118,0.027851541992276907,0.21891479205805808,2.7749920263886452e-05,0.0001614589709788561,0.16852662595920265,0.367489208932966,0.5632799579761922
2568,random_2565,random_cycle_chord,20260823,baseline,0,200,3,10,12,5.623429322965759,True,True,,perf/incremental-yamada-frontier-order,1d8374f42cccbb16d78d44100a65ca603d7d1997,3.14.7,macOS-26.6.2-arm64-arm-64bit-Mach-O,arm,0.039711458957754076,0.16189075005240738,0.0279761670390144,0.0075867080595344305,0.007675083004869521,0.015250375028699636,2.4416018277406693e-05,0.008338292012922466,0.008298332919366658,0.0006392920622602105,0.03255070804152638,0.07581033301539719,8.73330282047391e-05,0.17030029208399355,0.009989791084080935,0.1802900831680745,1.6874982975423336e-05,9.049999061971903e-05,0.08580012409947813,0.2874023331096396,0.46253862499725074
2569,random_2566,random_cycle_chord,20260823,baseline,0,200,3,8,10,6.152175182984821,True,True,,perf/incremental-yamada-frontier-order,1d8374f42cccbb16d78d44100a65ca603d7d1997,3.14.7,macOS-26.6.2-arm64-arm-64bit-Mach-O,arm,0.03596150001976639,0.1633044589543715,0.03544679202605039,0.007378958980552852,0.0072260829620063305,0.014752208953723311,2.9333983547985554e-05,0.0076402080012485385,0.007855749921873212,0.0006328339222818613,0.03091033478267491,0.08098362502641976,7.00830714777112e-05,0.14459654199890792,0.009938291041180491,0.15453483304008842,1.737498678267002e-05,8.841697126626968e-05,0.09092191606760025,0.29018787504173815,0.43958745803683996
2570,random_2567,random_cycle_chord,20260823,crossing_rich,2,200,4,10,13,5.59377587907873,True,True,,perf/incremental-yamada-frontier-order,1d8374f42cccbb16d78d44100a65ca603d7d1997,3.14.7,macOS-26.6.2-arm64-arm-64bit-Mach-O,arm,0.043567500077188015,0.16482616600114852,0.054914459004066885,0.009422709001228213,0.00937162502668798,0.018012667074799538,3.312493208795786e-05,0.009554375079460442,0.009700000053271651,0.0010034999577328563,0.038303667097352445,0.11204208293929696,8.220796007663012e-05,0.18804570799693465,0.018013041000813246,0.2060587489977479,2.0582927390933037e-05,0.00012304098345339298,0.1300551239401102,0.33844879001844674,0.5313085420057178
2571,random_2568,random_cycle_chord,20260823,crossing_rich,2,200,4,8,11,6.585186077311286,True,True,,perf/incremental-yamada-frontier-order,1d8374f42cccbb16d78d44100a65ca603d7d1997,3.14.7,macOS-26.6.2-arm64-arm-64bit-Mach-O,arm,0.04255783394910395,0.16153258306439966,0.06054587499238551,0.009244916960597038,0.009288583998568356,0.01820929197128862,3.2540992833673954e-05,0.009509208030067384,0.010007750010117888,0.0010692920768633485,0.03882808308117092,0.11793629196472466,7.420801557600498e-05,0.1553449999773875,0.019121416029520333,0.17446641600690782,2.1125073544681072e-05,0.00012599991168826818,0.137057707994245,0.3411481250077486,0.5013505420647562
2572,random_2569,random_cycle_chord,20260823,crossing_rich,5,200,5,8,12,4.119929815543918,True,True,,perf/incremental-yamada-frontier-order,1d8374f42cccbb16d78d44100a65ca603d7d1997,3.14.7,macOS-26.6.2-arm64-arm-64bit-Mach-O,arm,0.03237470902968198,0.1555443750694394,0.04124295897781849,0.011203209054656327,0.012778666918165982,0.025767749990336597,4.025001544505358e-05,0.013355999952182174,0.013924167025834322,0.0014045409625396132,0.05449270794633776,0.11975250008981675,0.00017962499987334013,0.16423437499906868,0.02958166692405939,0.19381604192312807,2.4041044525802135e-05,0.00015433295629918575,0.14933416701387614,0.33725325111299753,0.5061886670300737
2573,random_2570,random_cycle_chord,20260823,crossing_rich,4,200,5,9,13,6.084764254483485,True,True,,perf/incremental-yamada-frontier-order,1d8374f42cccbb16d78d44100a65ca603d7d1997,3.14.7,macOS-26.6.2-arm64-arm-64bit-Mach-O,arm,0.04354125005193055,0.15036295901518315,0.05650337506085634,0.009588125045411289,0.010318374959751964,0.02039266692008823,3.7375022657215595e-05,0.010643874993547797,0.011267291964031756,0.0012870000209659338,0.043628208921290934,0.1200718330219388,7.883296348154545e-05,0.17321016697678715,0.024325542035512626,0.19753570901229978,2.3417058400809765e-05,0.00014241691678762436,0.14439737505745143,0.3383015841245651,0.5160302920266986
2574,random_2571,random_cycle_chord,20260823,crossing_rich,2,200,4,8,11,6.315386267869004,True,True,,perf/incremental-yamada-frontier-order,1d8374f42cccbb16d78d44100a65ca603d7d1997,3.14.7,macOS-26.6.2-arm64-arm-64bit-Mach-O,arm,0.03772912500426173,0.14852070796769112,0.05474399996455759,0.008270875085145235,0.00862016691826284,0.016974792000837624,3.0292081646621227e-05,0.008784499950706959,0.009255209006369114,0.0008971249917522073,0.035941918031312525,0.10760462505277246,6.933300755918026e-05,0.14498441596515477,0.01618570799473673,0.1611701239598915,1.8749968148767948e-05,9.949994273483753e-05,0.1237903330475092,0.31004016601946205,0.4593017080333084
2575,random_2572,random_cycle_chord,20260823,baseline,0,200,3,10,12,5.6193408331629975,True,True,,perf/incremental-yamada-frontier-order,1d8374f42cccbb16d78d44100a65ca603d7d1997,3.14.7,macOS-26.6.2-arm64-arm-64bit-Mach-O,arm,0.03577866707928479,0.14857145794667304,0.029755291994661093,0.00675974995829165,0.006585750030353665,0.012999458005651832,2.216699067503214e-05,0.006752417073585093,0.006874124985188246,0.0005310840206220746,0.027179251075722277,0.07029975007753819,6.529106758534908e-05,0.1524780000327155,0.008660957915708423,0.16113895794842392,1.4666933566331863e-05,6.620900239795446e-05,0.07896070799324661,0.26331083301920444,0.4199593330267817
2576,random_2573,random_cycle_chord,20260823,baseline,0,200,3,8,10,6.133833475487633,True,True,,perf/incremental-yamada-frontier-order,1d8374f42cccbb16d78d44100a65ca603d7d1997,3.14.7,macOS-26.6.2-arm64-arm-64bit-Mach-O,arm,0.03255570901092142,0.1483370829373598,0.03050195798277855,0.0064920829609036446,0.006671958020888269,0.013116957969032228,2.116698306053877e-05,0.006804957985877991,0.006992749986238778,0.0005475409561768174,0.027483373880386353,0.07116875005885959,5.691696424037218e-05,0.12839520804118365,0.008757458068430424,0.13715266610961407,1.433398574590683e-05,6.833299994468689e-05,0.07992620812729001,0.26081900007557124,0.3933524580206722
2577,random_2574,random_cycle_chord,20260823,crossing_rich,4,200,5,10,14,5.453691920754021,True,True,,perf/incremental-yamada-frontier-order,1d8374f42cccbb16d78d44100a65ca603d7d1997,3.14.7,macOS-26.6.2-arm64-arm-64bit-Mach-O,arm,0.04174300003796816,0.1488112920196727,0.05229908297769725,0.009751791949383914,0.010728583089075983,0.021257209009490907,3.7334044463932514e-05,0.011028792010620236,0.011710457969456911,0.001317540998570621,0.04535133403260261,0.11816441710107028,8.366699330508709e-05,0.19953566696494818,0.028513209079392254,0.22804887604434043,3.6207959055900574e-05,0.00016645900905132294,0.14667762618046254,0.3372319182381034,0.5414161660009995
2578,random_2575,random_cycle_chord,20260823,crossing_rich,5,200,6,11,16,4.581826991187591,True,True,,perf/incremental-yamada-frontier-order,1d8374f42cccbb16d78d44100a65ca603d7d1997,3.14.7,macOS-26.6.2-arm64-arm-64bit-Mach-O,arm,0.1985625830711797,0.16988008306361735,0.050655834027566016,0.013984541990794241,0.015095709008164704,0.02958670794032514,5.512498319149017e-05,0.015535625047050416,0.016173708019778132,0.001695707906037569,0.06304687389638275,0.14283387502655387,0.00012429198250174522,0.23631433304399252,0.029584707925096154,0.2658990409690887,3.058300353586674e-05,0.00017533404752612114,0.17241858295165002,0.5408612490864471,0.7827392079634592
2579,random_2576,random_cycle_chord,20260823,baseline,0,200,3,9,11,5.409724462113808,True,True,,perf/incremental-yamada-frontier-order,1d8374f42cccbb16d78d44100a65ca603d7d1997,3.14.7,macOS-26.6.2-arm64-arm-64bit-Mach-O,arm,0.03571354201994836,0.15960037498734891,0.026546290959231555,0.007519040955230594,0.007140959030948579,0.01410045800730586,2.3833010345697403e-05,0.007272375049069524,0.007460374967195094,0.0005857920041307807,0.029442833038046956,0.07067012507468462,7.041706703603268e-05,0.15115924994461238,0.009138416033238173,0.16029766597785056,1.5249941498041153e-05,7.89170153439045e-05,0.07980854110792279,0.27512245811522007,0.4307590000098571
2580,random_2577,random_cycle_chord,20260823,baseline,0,200,3,9,11,5.393419410691473,True,True,,perf/incremental-yamada-frontier-order,1d8374f42cccbb16d78d44100a65ca603d7d1997,3.14.7,macOS-26.6.2-arm64-arm-64bit-Mach-O,arm,0.03208970895502716,0.15819883299991488,0.02538891602307558,0.006619540974497795,0.006419291021302342,0.012609333964064717,2.2458028979599476e-05,0.006552124978043139,0.006767582963220775,0.0005447500152513385,0.02649624994955957,0.06494412501342595,6.329198367893696e-05,0.142433249973692,0.008828166988678277,0.15126141696237028,1.579197123646736e-05,7.13749323040247e-05,0.07377229200210422,0.26406083395704627,0.41072187502868474
2581,random_2578,random_cycle_chord,20260823,crossing_rich,5,200,5,9,13,4.139197346865267,True,True,,perf/incremental-yamada-frontier-order,1d8374f42cccbb16d78d44100a65ca603d7d1997,3.14.7,macOS-26.6.2-arm64-arm-64bit-Mach-O,arm,0.03343179100193083,0.14848320907913148,0.03903608303517103,0.01086004194803536,0.01236329204402864,0.024393791100010276,3.724999260157347e-05,0.012600458110682666,0.013227708055637777,0.0013688750332221389,0.05162808229215443,0.11392058397177607,8.762499783188105e-05,0.17595537495799363,0.02907870791386813,0.20503408287186176,2.445897553116083e-05,0.0001521669328212738,0.1429992918856442,0.3249142919667065,0.5053581250831485
2582,random_2579,random_cycle_chord,20260823,crossing_rich,3,200,4,9,12,4.372018378932573,True,True,,perf/incremental-yamada-frontier-order,1d8374f42cccbb16d78d44100a65ca603d7d1997,3.14.7,macOS-26.6.2-arm64-arm-64bit-Mach-O,arm,0.03070091607514769,0.14812029199674726,0.036413249908946455,0.009101375006139278,0.009924333076924086,0.01963937492109835,2.9459013603627682e-05,0.010134958080016077,0.010621458059176803,0.0010155419586226344,0.04144079203251749,0.09690616698935628,7.337506394833326e-05,0.1589049999602139,0.0188370420364663,0.1777420419966802,1.9041006453335285e-05,0.00011475000064820051,0.11574320902582258,0.2945644170977175,0.45806745800655335
2583,random_2580,random_cycle_chord,20260823,baseline,0,200,3,9,11,5.343369057334964,True,True,,perf/incremental-yamada-frontier-order,1d8374f42cccbb16d78d44100a65ca603d7d1997,3.14.7,macOS-26.6.2-arm64-arm-64bit-Mach-O,arm,0.031559124938212335,0.14793350000400096,0.02439316699746996,0.006454208982177079,0.006314250058494508,0.012475040974095464,2.2292020730674267e-05,0.00649337493814528,0.006755999987944961,0.0006319580134004354,0.026378665934316814,0.06355995894409716,6.187509279698133e-05,0.1412180409533903,0.009080708026885986,0.1502987489802763,1.3708020560443401e-05,7.29589955881238e-05,0.07264066697098315,0.25213329191319644,0.39752899995073676
2584,random_2581,random_cycle_chord,20260823,crossing_rich,5,200,5,8,12,4.09888103585296,True,True,,perf/incremental-yamada-frontier-order,1d8374f42cccbb16d78d44100a65ca603d7d1997,3.14.7,macOS-26.6.2-arm64-arm-64bit-Mach-O,arm,0.030518250074237585,0.14829825004562736,0.0358203329378739,0.01085308298934251,0.012459625024348497,0.0247038749512285,3.700004890561104e-05,0.012693332973867655,0.013485083007253706,0.0013499159831553698,0.05226920696441084,0.11143645900301635,0.0001594579080119729,0.16218008403666317,0.027824666001833975,0.19000475003849715,2.3582950234413147e-05,0.000146708101965487,0.13926112500485033,0.31807762512471527,0.4848017089534551
2585,random_2582,random_cycle_chord,20260823,crossing_rich,4,200,5,9,13,6.0717904899177455,True,True,,perf/incremental-yamada-frontier-order,1d8374f42cccbb16d78d44100a65ca603d7d1997,3.14.7,macOS-26.6.2-arm64-arm-64bit-Mach-O,arm,0.04224454192444682,0.14877770806197077,0.054597417009063065,0.00976783293299377,0.010978625039570034,0.021561957895755768,3.812497016042471e-05,0.01122362504247576,0.01191429200116545,0.0013304159510880709,0.04606841586064547,0.12144633405841887,8.545804303139448e-05,0.17456116701941937,0.025655000004917383,0.20021616702433676,2.3833010345697403e-05,0.00014174997340887785,0.14710133406333625,0.33812358404975384,0.5171863329596817
2586,random_2583,random_cycle_chord,20260823,baseline,0,200,3,10,12,4.7013718302778615,True,True,,perf/incremental-yamada-frontier-order,1d8374f42cccbb16d78d44100a65ca603d7d1997,3.14.7,macOS-26.6.2-arm64-arm-64bit-Mach-O,arm,0.03154729097150266,0.14799791702535003,0.02216345793567598,0.0066277909791097045,0.0065220409305766225,0.012933208025060594,2.145895268768072e-05,0.006661582970991731,0.006862916983664036,0.0005232080584391952,0.027002374990843236,0.06233412504661828,6.125005893409252e-05,0.14444695902056992,0.008462792029604316,0.15290975105017424,1.3583921827375889e-05,6.191700231283903e-05,0.0707969170762226,0.2503421250730753,0.39890741603448987
2587,random_2584,random_cycle_chord,20260823,baseline,0,200,4,13,16,4.565878316996741,True,True,,perf/incremental-yamada-frontier-order,1d8374f42cccbb16d78d44100a65ca603d7d1997,3.14.7,macOS-26.6.2-arm64-arm-64bit-Mach-O,arm,0.04083737498149276,0.1480647079879418,0.026032291003502905,0.007756625069305301,0.008100584032945335,0.01600816601421684,2.8458074666559696e-05,0.008278583991341293,0.008489375002682209,0.0007200839463621378,0.03352466702926904,0.07544074999168515,7.808301597833633e-05,0.20487437502015382,0.010841167066246271,0.2157155420864001,1.8042046576738358e-05,8.083402644842863e-05,0.08628191705793142,0.275184000027366,0.484367375029251
2588,random_2585,random_cycle_chord,20260823,baseline,0,200,3,9,11,5.331740855181989,True,True,,perf/incremental-yamada-frontier-order,1d8374f42cccbb16d78d44100a65ca603d7d1997,3.14.7,macOS-26.6.2-arm64-arm-64bit-Mach-O,arm,0.032224624999798834,0.14786370901856571,0.025661417050287127,0.006456624949350953,0.006332374992780387,0.012481417041271925,2.174999099224806e-05,0.00644725002348423,0.006710082991048694,0.0005799999926239252,0.026240500039421022,0.06471008295193315,5.9750047512352467e-05,0.1415752499597147,0.009586083935573697,0.1511613338952884,1.4582998119294643e-05,7.099995855242014e-05,0.07429616688750684,0.2543845009058714,0.40010158298537135
2589,random_2586,random_cycle_chord,20260823,crossing_rich,5,200,5,8,12,4.121972655127968,True,True,,perf/incremental-yamada-frontier-order,1d8374f42cccbb16d78d44100a65ca603d7d1997,3.14.7,macOS-26.6.2-arm64-arm-64bit-Mach-O,arm,0.030451583093963563,0.1484100839588791,0.039602541946806014,0.010937083046883345,0.012585249962285161,0.024803958018310368,3.804103471338749e-05,0.012802917044609785,0.013402207987383008,0.0012879580026492476,0.052335082087665796,0.11549341690260917,0.00017104099970310926,0.16057470894884318,0.026052458095364273,0.18662716704420745,2.320797648280859e-05,0.00013979198411107063,0.14154587499797344,0.3204075420508161,0.485759082948789
2590,random_2587,random_cycle_chord,20260823,baseline,0,200,4,15,18,4.054522444109977,True,True,,perf/incremental-yamada-frontier-order,1d8374f42cccbb16d78d44100a65ca603d7d1997,3.14.7,macOS-26.6.2-arm64-arm-64bit-Mach-O,arm,0.043602416990324855,0.14785308309365064,0.018045624950900674,0.007707958924584091,0.008092291071079671,0.015935792005620897,2.8708018362522125e-05,0.008244582917541265,0.008499542018398643,0.0007556249620392919,0.03346424992196262,0.06733712495770305,8.295802399516106e-05,0.23126462497748435,0.011240290943533182,0.24250491592101753,1.808302477002144e-05,8.62079905346036e-05,0.07857741590123624,0.27003291598521173,0.505603083060123
2591,random_2588,random_cycle_chord,20260823,baseline,0,200,3,8,10,6.158982223280186,True,True,,perf/incremental-yamada-frontier-order,1d8374f42cccbb16d78d44100a65ca603d7d1997,3.14.7,macOS-26.6.2-arm64-arm-64bit-Mach-O,arm,0.033575625042431056,0.1488920000847429,0.031326749944128096,0.006784459110349417,0.0067939580185338855,0.013257666025310755,2.2875028662383556e-05,0.006901583052240312,0.007034874986857176,0.000577291939407587,0.027794291032478213,0.07271929096896201,5.7875062339007854e-05,0.12906091602053493,0.009104499942623079,0.138165415963158,1.4959019608795643e-05,7.329194340854883e-05,0.08182379091158509,0.26429141603875905,0.397541124955751
2592,random_2589,random_cycle_chord,20260823,crossing_rich,5,200,6,12,17,4.410786147577523,True,True,,perf/incremental-yamada-frontier-order,1d8374f42cccbb16d78d44100a65ca603d7d1997,3.14.7,macOS-26.6.2-arm64-arm-64bit-Mach-O,arm,0.04345329198986292,0.14867775002494454,0.044652707991190255,0.011187165975570679,0.012598166009411216,0.024866499938070774,4.675006493926048e-05,0.012898416956886649,0.013622250058688223,0.0015797499800100923,0.053013666998595,0.12149562500417233,9.366706945002079e-05,0.22581258392892778,0.030955040943808854,0.25676762487273663,2.8709066100418568e-05,0.00016508297994732857,0.15245066594798118,0.34458170796278864,0.575245458050631
2593,random_2590,random_cycle_chord,20260823,baseline,0,200,3,8,10,6.162703062706981,True,True,,perf/incremental-yamada-frontier-order,1d8374f42cccbb16d78d44100a65ca603d7d1997,3.14.7,macOS-26.6.2-arm64-arm-64bit-Mach-O,arm,0.03297891700640321,0.14797879103571177,0.031695791985839605,0.0066730419639497995,0.006721707992255688,0.013255583005957305,2.174999099224806e-05,0.0068598330253735185,0.0070405000587925315,0.0005457920487970114,0.027723458129912615,0.07283329195342958,5.6875054724514484e-05,0.12857145792804658,0.008485500002279878,0.13705695793032646,1.3750046491622925e-05,6.729201413691044e-05,0.08131879195570946,0.26227649999782443,0.39498741703573614
2594,random_2591,random_cycle_chord,20260823,crossing_rich,5,200,5,9,13,4.320791326937889,True,True,,perf/incremental-yamada-frontier-order,1d8374f42cccbb16d78d44100a65ca603d7d1997,3.14.7,macOS-26.6.2-arm64-arm-64bit-Mach-O,arm,0.0336652499390766,0.14824250002857298,0.04304983397014439,0.010813792003318667,0.012214708956889808,0.024171542027033865,3.754196222871542e-05,0.012511083041317761,0.013143707998096943,0.0013948749983683228,0.05125875002704561,0.11737170803826302,8.283299393951893e-05,0.1784324999898672,0.028734541032463312,0.20716704102233052,2.4000066332519054e-05,0.0001522080274298787,0.14610624907072634,0.3280139990383759,0.5108674590010196
2595,random_2592,random_cycle_chord,20260823,baseline,0,200,3,8,10,6.109595337455494,True,True,,perf/incremental-yamada-frontier-order,1d8374f42cccbb16d78d44100a65ca603d7d1997,3.14.7,macOS-26.6.2-arm64-arm-64bit-Mach-O,arm,0.032471624901518226,0.14813983300700784,0.032028290908783674,0.0066734160063788295,0.0066741249756887555,0.013189334073103964,2.1875021047890186e-05,0.006864250055514276,0.007072499953210354,0.0005766659742221236,0.027724625077098608,0.07311925000976771,5.7040946558117867e-05,0.1287633329629898,0.009022000012919307,0.13778533297590911,1.3707904145121574e-05,6.929098162800074e-05,0.08214125002268702,0.2627527079312131,0.3956722499569878
2596,random_2593,random_cycle_chord,20260823,crossing_rich,8,200,7,12,18,4.879377557639948,True,True,,perf/incremental-yamada-frontier-order,1d8374f42cccbb16d78d44100a65ca603d7d1997,3.14.7,macOS-26.6.2-arm64-arm-64bit-Mach-O,arm,0.049446500022895634,0.1492248330032453,0.05097166693303734,0.014473541988991201,0.015018042060546577,0.029583750059828162,7.375003769993782e-05,0.015158750000409782,0.016376833082176745,0.0021065420005470514,0.06329962518066168,0.14382433297578245,0.0002584169851616025,0.25188545894343406,0.04440004099160433,0.2962854999350384,3.395904786884785e-05,0.00021166703663766384,0.18822437396738678,0.3868957069935277,0.6441555420169607
2597,random_2594,random_cycle_chord,20260823,crossing_rich,4,200,5,8,12,6.6027148839686385,True,True,,perf/incremental-yamada-frontier-order,1d8374f42cccbb16d78d44100a65ca603d7d1997,3.14.7,macOS-26.6.2-arm64-arm-64bit-Mach-O,arm,0.04313787503633648,0.14926937501877546,0.06978329201228917,0.009809707989916205,0.010581125039607286,0.02089949999935925,3.7375022657215595e-05,0.010888541932217777,0.0116855000378564,0.0014366249088197947,0.04494754190091044,0.13515524996910244,0.0001545000122860074,0.16054254199843854,0.028022874961607158,0.1885654169600457,2.391589805483818e-05,0.00015779200475662947,0.1631781249307096,0.35558537498582155,0.5207242909818888
2598,random_2595,random_cycle_chord,20260823,crossing_rich,4,200,6,12,17,4.045969034205968,True,True,,perf/incremental-yamada-frontier-order,1d8374f42cccbb16d78d44100a65ca603d7d1997,3.14.7,macOS-26.6.2-arm64-arm-64bit-Mach-O,arm,0.04201708408072591,0.148363291984424,0.03875624993816018,0.01142975001130253,0.012499582953751087,0.02455683401785791,5.745899397879839e-05,0.01269912498537451,0.013300915947183967,0.0014855830231681466,0.05209991696756333,0.1148347919806838,0.0001105419360101223,0.22554008301813155,0.027469875058159232,0.2530099580762908,2.7875066734850407e-05,0.00015637499745935202,0.14230466703884304,0.33268504310399294,0.5628724999260157
2599,random_2596,random_cycle_chord,20260823,crossing_rich,5,200,5,8,12,4.159452484325346,True,True,,perf/incremental-yamada-frontier-order,1d8374f42cccbb16d78d44100a65ca603d7d1997,3.14.7,macOS-26.6.2-arm64-arm-64bit-Mach-O,arm,0.03074383409693837,0.14815133402589709,0.036075707990676165,0.010713084018789232,0.012552708038128912,0.02469641692005098,3.791600465774536e-05,0.012831792002543807,0.013445958960801363,0.0013293330557644367,0.05234141694381833,0.1117170830257237,0.00016420905012637377,0.1611402080161497,0.026647582999430597,0.1877877910155803,2.3250002413988113e-05,0.00014312495477497578,0.1383646660251543,0.31725983414798975,0.4832127500558272
2600,random_2597,random_cycle_chord,20260823,baseline,0,200,4,10,13,4.615205990592774,True,True,,perf/incremental-yamada-frontier-order,1d8374f42cccbb16d78d44100a65ca603d7d1997,3.14.7,macOS-26.6.2-arm64-arm-64bit-Mach-O,arm,0.033941542031243443,0.1592486249282956,0.023925499990582466,0.007872791960835457,0.007651125080883503,0.015038833022117615,3.1791976653039455e-05,0.007882499950937927,0.008054791949689388,0.0007164999842643738,0.03172441688366234,0.07120004203170538,7.762503810226917e-05,0.16717812500428408,0.010587790980935097,0.17776591598521918,2.058397512882948e-05,8.500006515532732e-05,0.08178783301264048,0.27497799997217953,0.44654183299280703
2601,random_2598,random_cycle_chord,20260823,baseline,0,200,3,10,12,4.702333005352472,True,True,,perf/incremental-yamada-frontier-order,1d8374f42cccbb16d78d44100a65ca603d7d1997,3.14.7,macOS-26.6.2-arm64-arm-64bit-Mach-O,arm,0.031722125015221536,0.14815099991392344,0.022418958018533885,0.006498707924038172,0.006586250034160912,0.012926457915455103,2.116698306053877e-05,0.00675654096994549,0.006988042034208775,0.0005845419364050031,0.02727674983907491,0.0628003750462085,7.083395030349493e-05,0.15496120904572308,0.008337458013556898,0.16329866705927998,1.4332938008010387e-05,6.612506695091724e-05,0.0711378330597654,0.2510109579889104,0.4101286659715697
2602,random_2599,random_cycle_chord,20260823,crossing_rich,2,200,4,9,12,6.075079648117928,True,True,,perf/incremental-yamada-frontier-order,1d8374f42cccbb16d78d44100a65ca603d7d1997,3.14.7,macOS-26.6.2-arm64-arm-64bit-Mach-O,arm,0.03841116698458791,0.14829895901493728,0.05383408407215029,0.008411374990828335,0.008848457946442068,0.017526041949167848,3.4624943509697914e-05,0.009039708063937724,0.009488667012192309,0.000948666944168508,0.037037708912976086,0.10815862496383488,7.254199590533972e-05,0.15576583298388869,0.01656895794440061,0.1723347909282893,1.8707942217588425e-05,0.00010833295527845621,0.12472758290823549,0.3114377089077607,0.4714841670356691
2603,random_2600,random_cycle_chord,20260823,baseline,0,200,3,9,11,5.356726881454763,True,True,,perf/incremental-yamada-frontier-order,1d8374f42cccbb16d78d44100a65ca603d7d1997,3.14.7,macOS-26.6.2-arm64-arm-64bit-Mach-O,arm,0.031853290973231196,0.14789283310528845,0.02604329097084701,0.0064536669524386525,0.006348417024128139,0.012482999940402806,2.1292013116180897e-05,0.006469457992352545,0.006701209000311792,0.0005760829662904143,0.026251041912473738,0.06511608406435698,6.162503268569708e-05,0.14184412511531264,0.009164333925582469,0.1510084590408951,1.4167046174407005e-05,7.200008258223534e-05,0.07428041798993945,0.2540265420684591,0.4000008750008419
2604,random_2601,random_cycle_chord,20260823,baseline,0,200,3,10,12,4.689775168071338,True,True,,perf/incremental-yamada-frontier-order,1d8374f42cccbb16d78d44100a65ca603d7d1997,3.14.7,macOS-26.6.2-arm64-arm-64bit-Mach-O,arm,0.03144862502813339,0.14787758304737508,0.021435583010315895,0.006657541962340474,0.006597166997380555,0.012878083041869104,2.162496093660593e-05,0.006657332996837795,0.007350875064730644,0.0005922080017626286,0.027500124066136777,0.06220958300400525,7.841596379876137e-05,0.14824591600336134,0.009071249980479479,0.15731716598384082,1.3958080671727657e-05,6.987492088228464e-05,0.07128083298448473,0.2506070410599932,0.4030260839499533
2605,random_2602,random_cycle_chord,20260823,crossing_rich,5,200,5,10,14,4.0591464704611315,True,True,,perf/incremental-yamada-frontier-order,1d8374f42cccbb16d78d44100a65ca603d7d1997,3.14.7,macOS-26.6.2-arm64-arm-64bit-Mach-O,arm,0.03477287502028048,0.14854216703679413,0.03776887501589954,0.010550332954153419,0.011991415987722576,0.023713916074484587,4.070799332112074e-05,0.012264666031114757,0.012954166973941028,0.0013543330132961273,0.05032779008615762,0.11067520792130381,8.987495675683022e-05,0.285024166922085,0.026223041000775993,0.311247207922861,2.416700590401888e-05,0.00014054100029170513,0.1368982489220798,0.3202132909791544,0.6095347920199856
2606,random_2603,random_cycle_chord,20260823,crossing_rich,4,200,5,9,13,6.0777848570880995,True,True,,perf/incremental-yamada-frontier-order,1d8374f42cccbb16d78d44100a65ca603d7d1997,3.14.7,macOS-26.6.2-arm64-arm-64bit-Mach-O,arm,0.04242483398411423,0.1494047079468146,0.05546408309601247,0.00998766697011888,0.01108700002077967,0.021951999980956316,3.85830644518137e-05,0.011339958058670163,0.0122273329179734,0.0013339159777387977,0.04689178999979049,0.12346408399753273,8.745898958295584e-05,0.1767258329782635,0.02587179106194526,0.20259762404020876,2.420798409730196e-05,0.00014158303383737803,0.14933587505947798,0.3411654169904068,0.5224640410160646
2607,random_2604,random_cycle_chord,20260823,crossing_rich,6,200,6,11,16,5.2214369149792725,True,True,,perf/incremental-yamada-frontier-order,1d8374f42cccbb16d78d44100a65ca603d7d1997,3.14.7,macOS-26.6.2-arm64-arm-64bit-Mach-O,arm,0.04697450005915016,0.15221054200083017,0.05271895800251514,0.01170962501782924,0.013226208975538611,0.026034500100649893,5.550007335841656e-05,0.013557750033214688,0.014613875071518123,0.001772749936208129,0.05603437521494925,0.13373470900114626,0.00011566700413823128,0.22747079096734524,0.036133999936282635,0.2636047909036279,3.012490924447775e-05,0.00018137507140636444,0.1698687089374289,0.3690537509974092,0.6013568750349805
2608,random_2605,random_cycle_chord,20260823,baseline,0,200,4,10,13,4.645234677919619,True,True,,perf/incremental-yamada-frontier-order,1d8374f42cccbb16d78d44100a65ca603d7d1997,3.14.7,macOS-26.6.2-arm64-arm-64bit-Mach-O,arm,0.035838874988257885,0.15486995805986226,0.024855999974533916,0.007886167033575475,0.007995957974344492,0.016105624963529408,3.0957977287471294e-05,0.00840037502348423,0.00864487502258271,0.0007908340776339173,0.033972667064517736,0.07473908411338925,7.558299694210291e-05,0.17711329099256545,0.012217207928188145,0.1893304989207536,2.0332983694970608e-05,9.366695303469896e-05,0.0869562920415774,0.27766512508969754,0.459333167062141
2609,random_2606,random_cycle_chord,20260823,crossing_rich,5,200,5,8,12,4.212009571876577,True,True,,perf/incremental-yamada-frontier-order,1d8374f42cccbb16d78d44100a65ca603d7d1997,3.14.7,macOS-26.6.2-arm64-arm-64bit-Mach-O,arm,0.032558957929722965,0.15660295903217047,0.0449689170345664,0.011863208026625216,0.013308583991602063,0.026358417002484202,4.650000482797623e-05,0.013679084018804133,0.0143330420833081,0.0013945000246167183,0.05581154313404113,0.1259906250052154,0.00017437501810491085,0.3688129161018878,0.027214500005356967,0.3960274161072448,2.595805563032627e-05,0.0001528329448774457,0.15320512501057237,0.3423670419724658,0.7160802918951958
2610,random_2607,random_cycle_chord,20260823,crossing_rich,5,200,5,8,12,4.138052048661671,True,True,,perf/incremental-yamada-frontier-order,1d8374f42cccbb16d78d44100a65ca603d7d1997,3.14.7,macOS-26.6.2-arm64-arm-64bit-Mach-O,arm,0.0322294580982998,0.1590390830533579,0.0427182080456987,0.011809582938440144,0.013846667017787695,0.027374417055398226,7.333292160183191e-05,0.014495500014163554,0.015120208030566573,0.001516583957709372,0.05858004197943956,0.12700512493029237,0.00022304197773337364,0.1767775829648599,0.031176457996480167,0.20795404096134007,2.8249924071133137e-05,0.0001684159506112337,0.15818158292677253,0.34945012407843024,0.531237291987054
2611,random_2608,random_cycle_chord,20260823,baseline,0,200,4,10,13,4.654459074201783,True,True,,perf/incremental-yamada-frontier-order,1d8374f42cccbb16d78d44100a65ca603d7d1997,3.14.7,macOS-26.6.2-arm64-arm-64bit-Mach-O,arm,0.03722400008700788,0.15884429099969566,0.027377499965950847,0.008222959004342556,0.00827795802615583,0.016433291020803154,4.1624996811151505e-05,0.008651708019897342,0.00900787499267608,0.0007886670064181089,0.034923166036605835,0.07883258408401161,8.337502367794514e-05,0.1703387500019744,0.012686458067037165,0.18302520806901157,2.2416003048419952e-05,0.00010016700252890587,0.09151904215104878,0.2875873332377523,0.46252891700714827
2612,random_2609,random_cycle_chord,20260823,baseline,0,200,3,11,13,5.22633746491362,True,True,,perf/incremental-yamada-frontier-order,1d8374f42cccbb16d78d44100a65ca603d7d1997,3.14.7,macOS-26.6.2-arm64-arm-64bit-Mach-O,arm,0.03983520797919482,0.15583620802499354,0.028093417058698833,0.00721191696356982,0.007403666968457401,0.014590249978937209,2.3250002413988113e-05,0.007575707975775003,0.007735416991636157,0.0005407909629866481,0.030465415911749005,0.07319549995008856,7.666705641895533e-05,0.17544479097705334,0.008440166944637895,0.18388495792169124,1.520791556686163e-05,6.645894609391689e-05,0.08163566689472646,0.2773070828989148,0.45709141599945724
2613,random_2610,random_cycle_chord,20260823,baseline,0,200,4,13,16,4.5638878478337475,True,True,,perf/incremental-yamada-frontier-order,1d8374f42cccbb16d78d44100a65ca603d7d1997,3.14.7,macOS-26.6.2-arm64-arm-64bit-Mach-O,arm,0.04186458291951567,0.15122479107230902,0.028265541070140898,0.00944504200015217,0.009863917017355561,0.018507916014641523,7.091602310538292e-05,0.009761999943293631,0.009876749943941832,0.0008807909907773137,0.03909837291575968,0.08671429194509983,0.00011250004172325134,0.23318016610573977,0.014062833972275257,0.24724300007801503,2.958404365926981e-05,0.0001200829865410924,0.10077712591737509,0.2938664999091998,0.5318855419754982
2614,random_2611,random_cycle_chord,20260823,baseline,0,200,4,13,16,4.565604340083979,True,True,,perf/incremental-yamada-frontier-order,1d8374f42cccbb16d78d44100a65ca603d7d1997,3.14.7,macOS-26.6.2-arm64-arm-64bit-Mach-O,arm,0.05052258295472711,0.17741091595962644,0.028017958044074476,0.013188499957323074,0.009864583960734308,0.01920287497341633,8.620903827250004e-05,0.00990445795468986,0.010463999933563173,0.0009183750953525305,0.04057591699529439,0.09169299993664026,0.0001586669823154807,0.24943600001279265,0.01253220799844712,0.26196820801123977,2.5082961656153202e-05,0.00012137508019804955,0.10422520793508738,0.33215870684944093,0.5868688750779256
2615,random_2612,random_cycle_chord,20260823,baseline,0,200,3,14,16,4.295653691513657,True,True,,perf/incremental-yamada-frontier-order,1d8374f42cccbb16d78d44100a65ca603d7d1997,3.14.7,macOS-26.6.2-arm64-arm-64bit-Mach-O,arm,0.04431395803112537,0.16353545896708965,0.02025366702582687,0.007211416959762573,0.00700704101473093,0.014027790981344879,2.579099964350462e-05,0.007355041918344796,0.00734991708304733,0.0005797089543193579,0.029338249936699867,0.06383158301468939,8.658308070152998e-05,0.21885395795106888,0.009326083003543317,0.2281800409546122,1.570803578943014e-05,7.929094135761261e-05,0.0731576660182327,0.2810070830164477,0.5043794160010293
2616,random_2613,random_cycle_chord,20260823,baseline,0,200,4,12,15,4.877613106419812,True,True,,perf/incremental-yamada-frontier-order,1d8374f42cccbb16d78d44100a65ca603d7d1997,3.14.7,macOS-26.6.2-arm64-arm-64bit-Mach-O,arm,0.04353391705080867,0.1582153340568766,0.025466084014624357,0.008463165955618024,0.008882082998752594,0.017696958035230637,3.183400258421898e-05,0.00933045893907547,0.009585458901710808,0.0007814170094206929,0.03742612688802183,0.08026558300480247,9.241595398634672e-05,0.20611687505152076,0.014655624981969595,0.22077250003349036,2.533290535211563e-05,9.770796168595552e-05,0.09492120798677206,0.29667045909445733,0.5074558750493452
2617,random_2614,random_cycle_chord,20260823,baseline,0,200,5,15,19,4.043939258807664,True,True,,perf/incremental-yamada-frontier-order,1d8374f42cccbb16d78d44100a65ca603d7d1997,3.14.7,macOS-26.6.2-arm64-arm-64bit-Mach-O,arm,0.05738470901269466,0.16286316700279713,0.023846208001486957,0.010548333055339754,0.01047662494238466,0.021074957912787795,6.700004450976849e-05,0.010405499953776598,0.010889542056247592,0.0010398749727755785,0.04347687494009733,0.08840320794843137,0.00016612501349300146,0.2803944170009345,0.01553770899772644,0.2959321259986609,2.7542002499103546e-05,0.00011750007979571819,0.10394091694615781,0.3241887929616496,0.6098344170022756
2618,random_2615,random_cycle_chord,20260823,crossing_rich,5,200,5,8,12,4.164110633214382,True,True,,perf/incremental-yamada-frontier-order,1d8374f42cccbb16d78d44100a65ca603d7d1997,3.14.7,macOS-26.6.2-arm64-arm-64bit-Mach-O,arm,0.03454287501517683,0.15833712497260422,0.04747308301739395,0.011430999962612987,0.013168292003683746,0.026111916988156736,4.020892083644867e-05,0.013520291890017688,0.014196709031239152,0.0014617920387536287,0.055330918869003654,0.12743900006171316,0.00017558294348418713,0.26741587498690933,0.03546945902053267,0.302885334007442,2.475001383572817e-05,0.00015425006859004498,0.16290845908224583,0.3557884590700269,0.627413000096567
2619,random_2616,random_cycle_chord,20260823,baseline,0,200,3,10,12,4.645129565427655,True,True,,perf/incremental-yamada-frontier-order,1d8374f42cccbb16d78d44100a65ca603d7d1997,3.14.7,macOS-26.6.2-arm64-arm-64bit-Mach-O,arm,0.03185012505855411,0.1491114579839632,0.023815374937839806,0.006493416964076459,0.006494999979622662,0.012828374980017543,2.216699067503214e-05,0.006627249997109175,0.006789625040255487,0.0005112499929964542,0.02677866700105369,0.06360258406493813,6.308301817625761e-05,0.1518117079976946,0.00829625001642853,0.16010795801412314,1.3708020560443401e-05,6.420805584639311e-05,0.07189883408136666,0.25286041712388396,0.40880912507418543
2620,random_2617,random_cycle_chord,20260823,crossing_rich,3,200,5,10,14,5.154834895596247,True,True,,perf/incremental-yamada-frontier-order,1d8374f42cccbb16d78d44100a65ca603d7d1997,3.14.7,macOS-26.6.2-arm64-arm-64bit-Mach-O,arm,0.039527541026473045,0.15933591697830707,0.047962917014956474,0.009780209045857191,0.010189666994847357,0.02008508297149092,3.7082936614751816e-05,0.010447083972394466,0.010926749906502664,0.001161874970421195,0.042657874757424,0.11062408296857029,8.854200132191181e-05,0.26376508409157395,0.020981332985684276,0.28474641707725823,2.6292051188647747e-05,0.00013104104436933994,0.13160541595425457,0.3304688739590347,0.598497667000629
2621,random_2618,random_cycle_chord,20260823,crossing_rich,5,200,5,9,13,4.346361718115183,True,True,,perf/incremental-yamada-frontier-order,1d8374f42cccbb16d78d44100a65ca603d7d1997,3.14.7,macOS-26.6.2-arm64-arm-64bit-Mach-O,arm,0.03407341707497835,0.14841791603248566,0.03923141700215638,0.010646125068888068,0.012163499952293932,0.024084000033326447,3.758305683732033e-05,0.012514375033788383,0.01318816700950265,0.0013604999985545874,0.05118462513200939,0.11325904203113168,7.858290337026119e-05,0.18764020793605596,0.02770395902916789,0.21534416696522385,2.483394928276539e-05,0.00015195796731859446,0.14096300106029958,0.3234543341677636,0.515601749997586
2622,random_2619,random_cycle_chord,20260823,crossing_rich,3,200,4,8,11,4.224957620573177,True,True,,perf/incremental-yamada-frontier-order,1d8374f42cccbb16d78d44100a65ca603d7d1997,3.14.7,macOS-26.6.2-arm64-arm-64bit-Mach-O,arm,0.028371207998134196,0.15645345801021904,0.03652445902116597,0.009280666941776872,0.010085916961543262,0.019985042046755552,2.904096618294716e-05,0.010340542066842318,0.010944625013507903,0.0010541670490056276,0.04235341714229435,0.09827083395794034,6.60829246044159e-05,0.2344086670782417,0.017702583922073245,0.25211125100031495,1.9832979887723923e-05,0.0001104589318856597,0.11597341788001359,0.3007980838883668,0.5392670419532806
2623,random_2620,random_cycle_chord,20260823,baseline,0,200,3,10,12,4.654757372423584,True,True,,perf/incremental-yamada-frontier-order,1d8374f42cccbb16d78d44100a65ca603d7d1997,3.14.7,macOS-26.6.2-arm64-arm-64bit-Mach-O,arm,0.03136145800817758,0.1478964169509709,0.022181208012625575,0.0066896670032292604,0.006721082958392799,0.013306167093105614,2.1999934688210487e-05,0.006863833055831492,0.007086166995577514,0.0005675000138580799,0.02784566709306091,0.06345670903101563,6.283295806497335e-05,0.15458991599734873,0.008831041981466115,0.16342095797881484,1.3791024684906006e-05,6.89580338075757e-05,0.07228775101248175,0.2515456259716302,0.4102824169676751
2624,random_2621,random_cycle_chord,20260823,baseline,0,200,3,13,15,4.5667767321225385,True,True,,perf/incremental-yamada-frontier-order,1d8374f42cccbb16d78d44100a65ca603d7d1997,3.14.7,macOS-26.6.2-arm64-arm-64bit-Mach-O,arm,0.03873487503733486,0.14818929100874811,0.02198537508957088,0.0066487499279901385,0.0066936659859493375,0.0132144580129534,2.195802517235279e-05,0.006829457939602435,0.007056500064209104,0.0005806660046800971,0.02770304004661739,0.06304991594515741,6.88750296831131e-05,0.19333233300130814,0.009322250029072165,0.2026545830303803,1.4125020243227482e-05,7.083406671881676e-05,0.07237216597422957,0.25929633202031255,0.4567774999886751
2625,random_2622,random_cycle_chord,20260823,baseline,0,200,3,9,11,5.337601976070323,True,True,,perf/incremental-yamada-frontier-order,1d8374f42cccbb16d78d44100a65ca603d7d1997,3.14.7,macOS-26.6.2-arm64-arm-64bit-Mach-O,arm,0.03207208402454853,0.1476797079667449,0.02490541699808091,0.0063888749573379755,0.006448458996601403,0.012717750039882958,2.0749983377754688e-05,0.006579790962859988,0.006770708016119897,0.0005255410214886069,0.026614540023729205,0.06437624990940094,5.991698708385229e-05,0.14380758302286267,0.008179083000868559,0.15198666602373123,1.3750046491622925e-05,6.862496957182884e-05,0.0725553329102695,0.25230712490156293,0.40025745797902346
2626,random_2623,random_cycle_chord,20260823,crossing_rich,5,200,5,10,14,4.009207367102709,True,True,,perf/incremental-yamada-frontier-order,1d8374f42cccbb16d78d44100a65ca603d7d1997,3.14.7,macOS-26.6.2-arm64-arm-64bit-Mach-O,arm,0.035149959032423794,0.14837516704574227,0.03811220801435411,0.010479083051905036,0.011905541992746294,0.023606166942045093,4.816602449864149e-05,0.012362624984234571,0.01300083298701793,0.0014262089971452951,0.05044399993494153,0.11097829195205122,9.258300997316837e-05,0.18831016693729907,0.028314874973148108,0.21662504191044718,2.470891922712326e-05,0.00015720899682492018,0.13929316692519933,0.3228182930033654,0.5162950420053676
2627,random_2624,random_cycle_chord,20260823,crossing_rich,5,200,5,9,13,4.31773547601291,True,True,,perf/incremental-yamada-frontier-order,1d8374f42cccbb16d78d44100a65ca603d7d1997,3.14.7,macOS-26.6.2-arm64-arm-64bit-Mach-O,arm,0.033995875041000545,0.14832737494725734,0.03963212505914271,0.010470416978932917,0.012013458996079862,0.023760957992635667,3.712496254593134e-05,0.012295041000470519,0.01298650004900992,0.001364166964776814,0.05044379096943885,0.11259279202204198,8.112494833767414e-05,0.17533262504730374,0.026444416027516127,0.20177704107481986,2.4041044525802135e-05,0.00014683406334370375,0.1390372080495581,0.321360458037816,0.5011121249990538
2628,random_2625,random_cycle_chord,20260823,baseline,0,200,3,11,13,5.223434858256072,True,True,,perf/incremental-yamada-frontier-order,1d8374f42cccbb16d78d44100a65ca603d7d1997,3.14.7,macOS-26.6.2-arm64-arm-64bit-Mach-O,arm,0.03681608394253999,0.1482633330160752,0.026892249938100576,0.006600624998100102,0.00666479195933789,0.013005916029214859,2.1417043171823025e-05,0.006749916006810963,0.006929458002559841,0.0005429999437183142,0.0272497070254758,0.0674262079410255,6.812496576458216e-05,0.16767712496221066,0.008782709017395973,0.17645983397960663,1.391698606312275e-05,6.683403626084328e-05,0.07620891695842147,0.26128833391703665,0.4331111670471728
2629,random_2626,random_cycle_chord,20260823,baseline,0,200,3,9,11,5.367880836007426,True,True,,perf/incremental-yamada-frontier-order,1d8374f42cccbb16d78d44100a65ca603d7d1997,3.14.7,macOS-26.6.2-arm64-arm-64bit-Mach-O,arm,0.03208874992560595,0.14800354198087007,0.023813792038708925,0.006451583933085203,0.006414999952539802,0.01267199998255819,2.1959072910249233e-05,0.006547334021888673,0.006726957974024117,0.0005463329143822193,0.02651458396576345,0.06321416702121496,5.920801777392626e-05,0.14212208311073482,0.008834666106849909,0.15095674921758473,1.3999990187585354e-05,6.66249543428421e-05,0.07204883312806487,0.2521411250345409,0.398393249954097
2630,random_2627,random_cycle_chord,20260823,crossing_rich,5,200,5,12,16,4.092086552755376,True,True,,perf/incremental-yamada-frontier-order,1d8374f42cccbb16d78d44100a65ca603d7d1997,3.14.7,macOS-26.6.2-arm64-arm-64bit-Mach-O,arm,0.039942708099260926,0.14834962505847216,0.04489387501962483,0.01056429196614772,0.012595833046361804,0.02501629199832678,5.312496796250343e-05,0.013218582957051694,0.013628540909849107,0.001406584051437676,0.05332312488462776,0.1214177500223741,0.0001067920820787549,0.2149786250665784,0.02703441702760756,0.24201304209418595,2.3916945792734623e-05,0.0001527089625597,0.14845216704998165,0.33674450020771474,0.5564213340403512
2631,random_2628,random_cycle_chord,20260823,baseline,0,200,4,13,16,4.566772788084594,True,True,,perf/incremental-yamada-frontier-order,1d8374f42cccbb16d78d44100a65ca603d7d1997,3.14.7,macOS-26.6.2-arm64-arm-64bit-Mach-O,arm,0.04102529201190919,0.14753891702275723,0.022345792036503553,0.008012125035747886,0.008485708036459982,0.01663554203696549,2.929195761680603e-05,0.008674083044752479,0.00888616603333503,0.0007608330342918634,0.03498591610696167,0.07385616702958941,8.029106538742781e-05,0.2054029160644859,0.011522875051014125,0.21692579111550003,1.8249964341521263e-05,8.670904207974672e-05,0.08537904208060354,0.27394325111526996,0.4836388340918347
2632,random_2629,random_cycle_chord,20260823,baseline,0,200,3,9,11,5.32792814697365,True,True,,perf/incremental-yamada-frontier-order,1d8374f42cccbb16d78d44100a65ca603d7d1997,3.14.7,macOS-26.6.2-arm64-arm-64bit-Mach-O,arm,0.03169908397831023,0.1481711668893695,0.026648542028851807,0.006326083093881607,0.0064612909918650985,0.012665666989050806,2.1332991309463978e-05,0.006566166994161904,0.006709999986924231,0.000511166057549417,0.02647433301899582,0.06592962506692857,6.0582999140024185e-05,0.14203645894303918,0.008406374952755868,0.15044283389579505,1.425005029886961e-05,6.437499541789293e-05,0.07433600001968443,0.25420625088736415,0.4004020420834422
2633,random_2630,random_cycle_chord,20260823,baseline,0,200,3,8,10,6.152148560803695,True,True,,perf/incremental-yamada-frontier-order,1d8374f42cccbb16d78d44100a65ca603d7d1997,3.14.7,macOS-26.6.2-arm64-arm-64bit-Mach-O,arm,0.033841875032521784,0.1492486670613289,0.03292429097928107,0.006684415973722935,0.006783625110983849,0.013286708970554173,2.595805563032627e-05,0.006910292082466185,0.007134084007702768,0.0005963339935988188,0.02795337710995227,0.0743652090895921,6.16670586168766e-05,0.12990883307065815,0.009708083001896739,0.1396169160725549,1.4708028174936771e-05,7.479207124561071e-05,0.08407329209148884,0.2671638341853395,0.4012501660035923
2634,random_2631,random_cycle_chord,20260823,baseline,0,200,3,8,10,6.158326651300294,True,True,,perf/incremental-yamada-frontier-order,1d8374f42cccbb16d78d44100a65ca603d7d1997,3.14.7,macOS-26.6.2-arm64-arm-64bit-Mach-O,arm,0.03317912493366748,0.14867062494158745,0.030357874929904938,0.0066531660268083215,0.006765082944184542,0.013314582989551127,2.2124964743852615e-05,0.006950166076421738,0.007080625044181943,0.0005624999757856131,0.027929999050684273,0.07172666699625552,6.812496576458216e-05,0.13016049994621426,0.0089629169087857,0.13912341685499996,1.4166929759085178e-05,7.766589988023043e-05,0.08068958390504122,0.26253933378029615,0.3968800000147894
2635,random_2632,random_cycle_chord,20260823,baseline,0,200,3,10,12,5.628123074454652,True,True,,perf/incremental-yamada-frontier-order,1d8374f42cccbb16d78d44100a65ca603d7d1997,3.14.7,macOS-26.6.2-arm64-arm-64bit-Mach-O,arm,0.035543792066164315,0.14824879204388708,0.031638790969736874,0.007158332969993353,0.007428125012665987,0.014153124997392297,2.875004429370165e-05,0.007261916995048523,0.007424874929711223,0.0005627080099657178,0.029431374976411462,0.07568350003566593,8.945795707404613e-05,0.14823008293751627,0.008680499973706901,0.15691058291122317,1.4082994312047958e-05,6.854103412479162e-05,0.08436400000937283,0.2681565841194242,0.4205814590677619
2636,random_2633,random_cycle_chord,20260823,baseline,0,200,3,9,11,5.371226597593012,True,True,,perf/incremental-yamada-frontier-order,1d8374f42cccbb16d78d44100a65ca603d7d1997,3.14.7,macOS-26.6.2-arm64-arm-64bit-Mach-O,arm,0.03205745806917548,0.149798332946375,0.03052041702903807,0.007622707984410226,0.008149959030561149,0.015325000043958426,6.120908074080944e-05,0.007754583959467709,0.00834691699128598,0.0006756249349564314,0.032163335010409355,0.0784987909719348,0.00010800000745803118,0.16821195895317942,0.010132374940440059,0.17834433389361948,1.9625062122941017e-05,8.187501225620508e-05,0.08863116591237485,0.27048695692792535,0.44319079199340194
2637,random_2634,random_cycle_chord,20260823,crossing_rich,5,200,5,8,12,4.1842198360216685,True,True,,perf/incremental-yamada-frontier-order,1d8374f42cccbb16d78d44100a65ca603d7d1997,3.14.7,macOS-26.6.2-arm64-arm-64bit-Mach-O,arm,0.036494749947451055,0.17524670890998095,0.03882324998266995,0.012834916939027607,0.01377954101189971,0.02672258298844099,4.445796366780996e-05,0.013958957977592945,0.014596749912016094,0.001457708072848618,0.05678045691456646,0.12226345797535032,0.00018812494818121195,0.291764207999222,0.027883792063221335,0.3196480000624433,2.8667040169239044e-05,0.0001664579613134265,0.15014725003857166,0.36188870889600366,0.6586085420567542
2638,random_2635,random_cycle_chord,20260823,baseline,0,200,3,9,11,5.404838850851529,True,True,,perf/incremental-yamada-frontier-order,1d8374f42cccbb16d78d44100a65ca603d7d1997,3.14.7,macOS-26.6.2-arm64-arm-64bit-Mach-O,arm,0.036846459028311074,0.1609841249883175,0.028987583005800843,0.007107542012818158,0.007078416063450277,0.013870625058189034,2.3707980290055275e-05,0.006960124941542745,0.007230167044326663,0.0005814579781144857,0.028666083002462983,0.07186145801097155,6.779097020626068e-05,0.15558170899748802,0.008676750003360212,0.16425845900084823,1.5457975678145885e-05,7.679208647459745e-05,0.08053820801433176,0.2783687920309603,0.4385362499160692
2639,random_2636,random_cycle_chord,20260823,baseline,0,200,4,13,16,4.569903477854288,True,True,,perf/incremental-yamada-frontier-order,1d8374f42cccbb16d78d44100a65ca603d7d1997,3.14.7,macOS-26.6.2-arm64-arm-64bit-Mach-O,arm,0.04556987504474819,0.1608373330673203,0.024322208017110825,0.00863575004041195,0.008877833024598658,0.017519874963909388,3.1791976653039455e-05,0.009379124967381358,0.00939962500706315,0.0007739159045740962,0.03710433281958103,0.07896837498992682,8.475000504404306e-05,0.22292933403514326,0.011974334018304944,0.2349036680534482,1.9749975763261318e-05,9.429105557501316e-05,0.09094270900823176,0.29734991712030023,0.5249350829981267
2640,random_2637,random_cycle_chord,20260823,baseline,0,200,4,10,13,4.621080711735128,True,True,,perf/incremental-yamada-frontier-order,1d8374f42cccbb16d78d44100a65ca603d7d1997,3.14.7,macOS-26.6.2-arm64-arm-64bit-Mach-O,arm,0.03389095806051046,0.1627032090909779,0.025765875005163252,0.008308374905027449,0.008511540945619345,0.016665208037011325,3.15000070258975e-05,0.008704041014425457,0.008901832974515855,0.00072320899926126,0.035025791032239795,0.07764066709205508,7.90419289842248e-05,0.15854420908726752,0.010180374956689775,0.1687245840439573,2.2792024537920952e-05,8.533301297575235e-05,0.08782104204874486,0.2844152092002332,0.4474272499792278
2641,random_2638,random_cycle_chord,20260823,crossing_rich,6,200,6,11,16,5.222606457611822,True,True,,perf/incremental-yamada-frontier-order,1d8374f42cccbb16d78d44100a65ca603d7d1997,3.14.7,macOS-26.6.2-arm64-arm-64bit-Mach-O,arm,0.046707959030754864,0.15501520805992186,0.050778666976839304,0.011770208016969264,0.013332457980141044,0.02637316705659032,7.737509440630674e-05,0.013528249925002456,0.014315832988359034,0.0016874169232323766,0.05598204198759049,0.13191825000103563,9.541597682982683e-05,0.21600041701458395,0.0332712079398334,0.24927162495441735,3.0292081646621227e-05,0.00017904199194163084,0.16518945794086903,0.36691262503154576,0.5879614580189809
2642,random_2639,random_cycle_chord,20260823,baseline,0,200,3,8,10,6.127519994083999,True,True,,perf/incremental-yamada-frontier-order,1d8374f42cccbb16d78d44100a65ca603d7d1997,3.14.7,macOS-26.6.2-arm64-arm-64bit-Mach-O,arm,0.03268170903902501,0.14778854208998382,0.03327604103833437,0.006532125058583915,0.006686458946205676,0.013090250082314014,2.2666994482278824e-05,0.0067801669938489795,0.006954791024327278,0.0005484169814735651,0.027396292076446116,0.07391045906115323,5.749997217208147e-05,0.12970933294855058,0.008790791966021061,0.13850012491457164,1.3999990187585354e-05,6.949994713068008e-05,0.0827012510271743,0.2631715021561831,0.39702950010541826
2643,random_2640,random_cycle_chord,20260823,baseline,0,200,3,8,10,6.14353737725741,True,True,,perf/incremental-yamada-frontier-order,1d8374f42cccbb16d78d44100a65ca603d7d1997,3.14.7,macOS-26.6.2-arm64-arm-64bit-Mach-O,arm,0.032397624920122325,0.1484841660130769,0.033931916928850114,0.006722084013745189,0.006696125026792288,0.013121875002980232,2.233404666185379e-05,0.006811290979385376,0.006944749969989061,0.000539249973371625,0.02743949997238815,0.07480887498240918,5.5791111662983894e-05,0.12770000007003546,0.008595791994594038,0.1362957920646295,1.366704236716032e-05,6.637501064687967e-05,0.08340466697700322,0.26428645791020244,0.39611916698049754
2644,random_2641,random_cycle_chord,20260823,baseline,0,200,3,13,15,4.567503239831915,True,True,,perf/incremental-yamada-frontier-order,1d8374f42cccbb16d78d44100a65ca603d7d1997,3.14.7,macOS-26.6.2-arm64-arm-64bit-Mach-O,arm,0.038432792061939836,0.14791487494949251,0.022055207984521985,0.006727874977514148,0.006909208022989333,0.013632916030474007,2.1208077669143677e-05,0.007015542010776699,0.007197416038252413,0.0005557920085266232,0.028422874165698886,0.06413425004575402,6.912497337907553e-05,0.19185512501280755,0.009024625062011182,0.20087975007481873,1.425005029886961e-05,7.008295506238937e-05,0.0731588751077652,0.25950654211919755,0.4555081670405343
2645,random_2642,random_cycle_chord,20260823,baseline,0,200,3,11,13,5.226165954025569,True,True,,perf/incremental-yamada-frontier-order,1d8374f42cccbb16d78d44100a65ca603d7d1997,3.14.7,macOS-26.6.2-arm64-arm-64bit-Mach-O,arm,0.03658683295361698,0.14797487505711615,0.02501579199451953,0.006454832968302071,0.006627750000916421,0.013041874975897372,2.150004729628563e-05,0.006787499994970858,0.006950916955247521,0.0005521660204976797,0.027353957993909717,0.06547158397734165,6.395799573510885e-05,0.16779129102360457,0.009013000060804188,0.17680429108440876,1.391698606312275e-05,6.933289114385843e-05,0.07448458403814584,0.25904629204887897,0.430993500049226
2646,random_2643,random_cycle_chord,20260823,crossing_rich,4,200,5,10,14,5.452802010221375,True,True,,perf/incremental-yamada-frontier-order,1d8374f42cccbb16d78d44100a65ca603d7d1997,3.14.7,macOS-26.6.2-arm64-arm-64bit-Mach-O,arm,0.04130229202564806,0.14878350007347763,0.051163500058464706,0.009917209041304886,0.011004957952536643,0.02180049999151379,3.779190592467785e-05,0.011310625006444752,0.011888707987964153,0.0012447909684851766,0.04628241586033255,0.11840145906899124,8.233403787016869e-05,0.18624491698574275,0.023673624964430928,0.20991854195017368,2.316699828952551e-05,0.00013208307791501284,0.14207508403342217,0.33216087613254786,0.5228652920341119
2647,random_2644,random_cycle_chord,20260823,crossing_rich,3,200,4,9,12,4.432038932493106,True,True,,perf/incremental-yamada-frontier-order,1d8374f42cccbb16d78d44100a65ca603d7d1997,3.14.7,macOS-26.6.2-arm64-arm-64bit-Mach-O,arm,0.03118154196999967,0.14803949999623,0.04129874997306615,0.008891416946426034,0.009740083012729883,0.019200499984435737,2.862501423805952e-05,0.009950083098374307,0.010470957960933447,0.0010125420521944761,0.04066270811017603,0.10061983298510313,6.891705561429262e-05,0.15873149991966784,0.01951520808506757,0.1782467080047354,1.8999911844730377e-05,0.00011541694402694702,0.1201350410701707,0.2993560830364004,0.46235987497493625
2648,random_2645,random_cycle_chord,20260823,crossing_rich,5,200,5,9,13,4.387103668927681,True,True,,perf/incremental-yamada-frontier-order,1d8374f42cccbb16d78d44100a65ca603d7d1997,3.14.7,macOS-26.6.2-arm64-arm-64bit-Mach-O,arm,0.033783000078983605,0.14859795791562647,0.04287574999034405,0.010581166949123144,0.012155750067904592,0.024014041060581803,3.808306064456701e-05,0.012426374945789576,0.013217750005424023,0.0014222500612959266,0.051118499133735895,0.1167652920121327,8.06670868769288e-05,0.17662875005044043,0.028707292047329247,0.20533604209776968,2.4165958166122437e-05,0.00015758303925395012,0.14547258405946195,0.327853542054072,0.5092440840089694
2649,random_2646,random_cycle_chord,20260823,crossing_rich,5,200,5,9,13,4.214832098594602,True,True,,perf/incremental-yamada-frontier-order,1d8374f42cccbb16d78d44100a65ca603d7d1997,3.14.7,macOS-26.6.2-arm64-arm-64bit-Mach-O,arm,0.0333271250128746,0.1485814170446247,0.04025520908180624,0.010630417033098638,0.012058041989803314,0.023873166064731777,3.875000402331352e-05,0.012393124983645976,0.01305908290669322,0.0013931250432506204,0.050757249002344906,0.11373670899774879,7.991597522050142e-05,0.17553204100113362,0.028471166035160422,0.20400320703629404,2.3957923986017704e-05,0.00015337509103119373,0.14220787503290921,0.3241164170904085,0.5043481660541147
2650,random_2647,random_cycle_chord,20260823,crossing_rich,4,200,5,10,14,5.617801578462833,True,True,,perf/incremental-yamada-frontier-order,1d8374f42cccbb16d78d44100a65ca603d7d1997,3.14.7,macOS-26.6.2-arm64-arm-64bit-Mach-O,arm,0.04281537502538413,0.14885175006929785,0.05873587494716048,0.009661707910709083,0.01055970904417336,0.020813875016756356,3.741704858839512e-05,0.01084250002168119,0.011495957965962589,0.0013038750039413571,0.044493625056929886,0.12348466599360108,9.120802860707045e-05,0.18499995802994817,0.025215625064447522,0.2102155830943957,2.2791908122599125e-05,0.00014179199934005737,0.1487002910580486,0.3403674161527306,0.5298756250413135
2651,random_2648,random_cycle_chord,20260823,crossing_rich,5,200,5,8,12,4.183325310890094,True,True,,perf/incremental-yamada-frontier-order,1d8374f42cccbb16d78d44100a65ca603d7d1997,3.14.7,macOS-26.6.2-arm64-arm-64bit-Mach-O,arm,0.03020466596353799,0.14885545801371336,0.044083875021897256,0.011274041957221925,0.013103708974085748,0.02529100002720952,4.26670303568244e-05,0.013054583920165896,0.013789999997243285,0.001383792026899755,0.05356204300187528,0.12206991703715175,0.00021066609770059586,0.16521258396096528,0.026893374975770712,0.192105958936736,2.4542096070945263e-05,0.0001501670340076089,0.14896329201292247,0.3280234159901738,0.4980764170177281
2652,random_2649,random_cycle_chord,20260823,baseline,0,200,3,12,14,4.88042812572155,True,True,,perf/incremental-yamada-frontier-order,1d8374f42cccbb16d78d44100a65ca603d7d1997,3.14.7,macOS-26.6.2-arm64-arm-64bit-Mach-O,arm,0.038201874936930835,0.14790758409071714,0.021520625101402402,0.0067382920533418655,0.006783624994568527,0.013344959006644785,2.216699067503214e-05,0.006921416032128036,0.007092999992892146,0.00054108293261379,0.02792262495495379,0.06298454094212502,7.383304182440042e-05,0.17996858397964388,0.008630165946669877,0.18859874992631376,1.391698606312275e-05,6.833299994468689e-05,0.0716147068887949,0.25772416591644287,0.44186108303256333
2653,random_2650,random_cycle_chord,20260823,baseline,0,200,3,9,11,5.371296768700196,True,True,,perf/incremental-yamada-frontier-order,1d8374f42cccbb16d78d44100a65ca603d7d1997,3.14.7,macOS-26.6.2-arm64-arm-64bit-Mach-O,arm,0.031849749968387187,0.14828091603703797,0.02707795798778534,0.0063284579664468765,0.00635941606014967,0.012509457999840379,2.13750172406435e-05,0.006483334000222385,0.006659417063929141,0.0005371249280869961,0.026210709009319544,0.06599620904307812,7.208297029137611e-05,0.1410449999384582,0.008526957943104208,0.1495719578815624,1.4082994312047958e-05,6.800005212426186e-05,0.07452316698618233,0.2546538329916075,0.39986691589001566
2654,random_2651,random_cycle_chord,20260823,crossing_rich,6,200,6,11,16,5.223606362744585,True,True,,perf/incremental-yamada-frontier-order,1d8374f42cccbb16d78d44100a65ca603d7d1997,3.14.7,macOS-26.6.2-arm64-arm-64bit-Mach-O,arm,0.04637483390979469,0.14868387498427182,0.05038454208988696,0.011644041980616748,0.013483042013831437,0.026532415999099612,5.870801396667957e-05,0.013749292003922164,0.014533084002323449,0.0016486670356243849,0.05652216705493629,0.13208229199517518,9.304191917181015e-05,0.2179642909904942,0.03479729103855789,0.2527615820290521,2.9292074032127857e-05,0.00018454098608344793,0.16687958303373307,0.3619382919277996,0.5846676250221208
2655,random_2652,random_cycle_chord,20260823,baseline,0,200,3,11,13,5.225831123435395,True,True,,perf/incremental-yamada-frontier-order,1d8374f42cccbb16d78d44100a65ca603d7d1997,3.14.7,macOS-26.6.2-arm64-arm-64bit-Mach-O,arm,0.0373945829924196,0.149739500018768,0.024953959044069052,0.0066709170350804925,0.0066769999684765935,0.013157250010408461,2.2042077034711838e-05,0.006808624952100217,0.006969208014197648,0.0005228751106187701,0.027480000164359808,0.0658013749634847,6.758305244147778e-05,0.19959491700865328,0.008974125026725233,0.20856904203537852,1.6666017472743988e-05,7.566704880446196e-05,0.07477549999020994,0.26190958300139755,0.46576420799829066
2656,random_2653,random_cycle_chord,20260823,baseline,0,200,3,11,13,4.070138032180204,True,True,,perf/incremental-yamada-frontier-order,1d8374f42cccbb16d78d44100a65ca603d7d1997,3.14.7,macOS-26.6.2-arm64-arm-64bit-Mach-O,arm,0.034050666028633714,0.16097079194150865,0.02195508300792426,0.00714308291207999,0.007116707973182201,0.014241750002838671,2.4999957531690598e-05,0.007430125027894974,0.007501582964323461,0.0006175839807838202,0.029816041933372617,0.06605258292984217,7.287506014108658e-05,0.18387266690842807,0.010516459005884826,0.1943891259143129,1.6000005416572094e-05,8.737505413591862e-05,0.076569041935727,0.27159049990586936,0.46003829198889434
2657,random_2654,random_cycle_chord,20260823,baseline,0,200,4,11,14,4.104291752724967,True,True,,perf/incremental-yamada-frontier-order,1d8374f42cccbb16d78d44100a65ca603d7d1997,3.14.7,macOS-26.6.2-arm64-arm-64bit-Mach-O,arm,0.03953237505629659,0.16382954199798405,0.023003207985311747,0.009184958063997328,0.009542957996018231,0.01812450005672872,4.5166932977735996e-05,0.009731042082421482,0.009770833072252572,0.0008301250636577606,0.03850166720803827,0.08027625002432615,9.741692338138819e-05,0.19780399999581277,0.011593708069995046,0.20939770806580782,1.9333907403051853e-05,9.545800276100636e-05,0.09186995809432119,0.29523187514860183,0.4978063339367509
2658,random_2655,random_cycle_chord,20260823,baseline,0,200,3,10,12,5.621660263711557,True,True,,perf/incremental-yamada-frontier-order,1d8374f42cccbb16d78d44100a65ca603d7d1997,3.14.7,macOS-26.6.2-arm64-arm-64bit-Mach-O,arm,0.039373999927192926,0.15944758302066475,0.030494541977532208,0.007400500006042421,0.007527334033511579,0.014785708044655621,2.3333006538450718e-05,0.007666208082810044,0.007758083054795861,0.0005444579292088747,0.030777790118008852,0.07622054207604378,6.687501445412636e-05,0.1651649170089513,0.008423374965786934,0.17358829197473824,1.5291967429220676e-05,7.204106077551842e-05,0.08464391704183072,0.2834654999896884,0.45311808306723833
2659,random_2656,random_cycle_chord,20260823,crossing_rich,5,200,5,8,12,4.235414827227871,True,True,,perf/incremental-yamada-frontier-order,1d8374f42cccbb16d78d44100a65ca603d7d1997,3.14.7,macOS-26.6.2-arm64-arm-64bit-Mach-O,arm,0.032901208964176476,0.1565903329756111,0.040922333020716906,0.011135042062960565,0.012940125074237585,0.025532042025588453,3.86660685762763e-05,0.013201999943703413,0.013883457984775305,0.0013844160130247474,0.054040582035668194,0.11907254194375128,0.00027074990794062614,0.26973266701679677,0.03591487498488277,0.30564754200167954,2.4209031835198402e-05,0.00015237496700137854,0.15498741692863405,0.3444789588684216,0.6184277090942487
2660,random_2657,random_cycle_chord,20260823,crossing_rich,2,200,4,8,11,6.6032179638960775,True,True,,perf/incremental-yamada-frontier-order,1d8374f42cccbb16d78d44100a65ca603d7d1997,3.14.7,macOS-26.6.2-arm64-arm-64bit-Mach-O,arm,0.03918254200834781,0.16362066706642509,0.061156374984420836,0.008580041001550853,0.008667208021506667,0.017111875000409782,3.170792479068041e-05,0.008904332993552089,0.009281500009819865,0.0009198749903589487,0.036249290918931365,0.114680708036758,6.908306386321783e-05,0.14562937489245087,0.016729708993807435,0.1623590838862583,2.0417035557329655e-05,0.00010754202958196402,0.13141041703056544,0.33421362610533834,0.4842042080126703
2661,random_2658,random_cycle_chord,20260823,crossing_rich,4,200,5,10,14,5.619425483462927,True,True,,perf/incremental-yamada-frontier-order,1d8374f42cccbb16d78d44100a65ca603d7d1997,3.14.7,macOS-26.6.2-arm64-arm-64bit-Mach-O,arm,0.04306116595398635,0.14903008402325213,0.05388791696168482,0.009683458018116653,0.010610875091515481,0.020924250013194978,3.7499936297535896e-05,0.01083941594697535,0.011463499977253377,0.0012809999752789736,0.044545665849000216,0.11876433400902897,8.42920271679759e-05,0.18556945794261992,0.024807458044961095,0.21037691598758101,2.3458036594092846e-05,0.00013874995056539774,0.14357179205399007,0.33566304203122854,0.5257182080531493
2662,random_2659,random_cycle_chord,20260823,baseline,0,200,3,11,13,4.067914742049441,True,True,,perf/incremental-yamada-frontier-order,1d8374f42cccbb16d78d44100a65ca603d7d1997,3.14.7,macOS-26.6.2-arm64-arm-64bit-Mach-O,arm,0.03205445792991668,0.14801041700411588,0.018592959037050605,0.006773500004783273,0.00679516710806638,0.013399624964222312,2.1249987185001373e-05,0.006948333000764251,0.007135874941013753,0.0005400830414146185,0.028045165934599936,0.06022570806089789,6.47080596536398e-05,0.16630404198076576,0.00858058303128928,0.17488462501205504,1.4040968380868435e-05,6.912497337907553e-05,0.06880629109218717,0.24887116602621973,0.4193142920266837
2663,random_2660,random_cycle_chord,20260823,baseline,0,200,3,9,11,5.427450714384794,True,True,,perf/incremental-yamada-frontier-order,1d8374f42cccbb16d78d44100a65ca603d7d1997,3.14.7,macOS-26.6.2-arm64-arm-64bit-Mach-O,arm,0.03204866696614772,0.1479954170063138,0.02636124996934086,0.006516374996863306,0.006690583890303969,0.013192583108320832,2.1374900825321674e-05,0.006877750041894615,0.006972917006351054,0.0005162919405847788,0.0275809169979766,0.06716812495142221,5.870801396667957e-05,0.14280604105442762,0.008156792027875781,0.1509628330823034,1.366704236716032e-05,6.191595457494259e-05,0.075324916979298,0.2553690009517595,0.4023037910228595
2664,random_2661,random_cycle_chord,20260823,crossing_rich,5,200,6,10,15,5.409268697306263,True,True,,perf/incremental-yamada-frontier-order,1d8374f42cccbb16d78d44100a65ca603d7d1997,3.14.7,macOS-26.6.2-arm64-arm-64bit-Mach-O,arm,0.04472854104824364,0.14880570804234594,0.05563966708723456,0.01074749999679625,0.012106292066164315,0.023874458041973412,4.358298610895872e-05,0.012414209078997374,0.013169166981242597,0.0015447919722646475,0.05104620906058699,0.1295819579390809,0.00024312501773238182,0.2884943330427632,0.030662417062558234,0.3191567501053214,2.9499991796910763e-05,0.0001633339561522007,0.16024437500163913,0.3537786240922287,0.6467689579585567
2665,random_2662,random_cycle_chord,20260823,crossing_rich,2,200,4,9,12,6.007287101799375,True,True,,perf/incremental-yamada-frontier-order,1d8374f42cccbb16d78d44100a65ca603d7d1997,3.14.7,macOS-26.6.2-arm64-arm-64bit-Mach-O,arm,0.039874167065136135,0.1580357919447124,0.05338066699914634,0.008533957996405661,0.008868666016496718,0.017521249945275486,3.070791717618704e-05,0.009114625048823655,0.009468415984883904,0.0008902919944375753,0.03702529089059681,0.10783574997913092,7.041695062071085e-05,0.1575773749500513,0.015672749956138432,0.17325012490618974,1.9000028260052204e-05,0.00010479206684976816,0.12350849993526936,0.3214184589451179,0.48347654193639755
2666,random_2663,random_cycle_chord,20260823,crossing_rich,5,200,5,8,12,4.279846536421906,True,True,,perf/incremental-yamada-frontier-order,1d8374f42cccbb16d78d44100a65ca603d7d1997,3.14.7,macOS-26.6.2-arm64-arm-64bit-Mach-O,arm,0.03437983395997435,0.15512816701084375,0.04080349998548627,0.011159082991071045,0.013063249993138015,0.025440083001740277,4.04169550165534e-05,0.013320332975126803,0.013978458009660244,0.0014461660757660866,0.054225457017309964,0.1192886660574004,0.00018495798576623201,0.17182479100301862,0.03086866601370275,0.20269345701672137,2.633407711982727e-05,0.00016425002831965685,0.15015733207110316,0.33966533304192126,0.5162848340114579
2667,random_2664,random_cycle_chord,20260823,crossing_rich,3,200,4,8,11,4.220748802425305,True,True,,perf/incremental-yamada-frontier-order,1d8374f42cccbb16d78d44100a65ca603d7d1997,3.14.7,macOS-26.6.2-arm64-arm-64bit-Mach-O,arm,0.02931666700169444,0.1520784170133993,0.03694075008388609,0.00929254200309515,0.010512000066228211,0.020418250001966953,3.129197284579277e-05,0.010620124987326562,0.011081042001023889,0.0010432921117171645,0.04319400107488036,0.0999667919240892,6.912497337907553e-05,0.15237933304160833,0.02025945798959583,0.17263879103120416,2.0125065930187702e-05,0.00012029206845909357,0.12022624991368502,0.30162133392877877,0.4583517910214141
2668,random_2665,random_cycle_chord,20260823,crossing_rich,4,200,5,9,13,6.081659144199618,True,True,,perf/incremental-yamada-frontier-order,1d8374f42cccbb16d78d44100a65ca603d7d1997,3.14.7,macOS-26.6.2-arm64-arm-64bit-Mach-O,arm,0.04390854202210903,0.16140841704327613,0.06058041600044817,0.010717750061303377,0.011888209031894803,0.02348116599023342,4.9875001423060894e-05,0.012158415978774428,0.012686125002801418,0.0013427089434117079,0.04971829091664404,0.1329422079725191,9.245902765542269e-05,0.18683095800224692,0.025647709029726684,0.2124786670319736,2.562499139457941e-05,0.00015266600530594587,0.15858991700224578,0.36390687606763095,0.5558190000010654
2669,random_2666,random_cycle_chord,20260823,baseline,0,200,4,14,17,4.295607937269626,True,True,,perf/incremental-yamada-frontier-order,1d8374f42cccbb16d78d44100a65ca603d7d1997,3.14.7,macOS-26.6.2-arm64-arm-64bit-Mach-O,arm,0.04615020798519254,0.1593270420562476,0.021732332999818027,0.008312499965541065,0.008479290991090238,0.01661666703876108,3.09160677716136e-05,0.00861637492198497,0.008897708030417562,0.0007971249287948012,0.034958790987730026,0.0735109579982236,9.474996477365494e-05,0.21523004199843854,0.012809665990062058,0.2280397079885006,2.0542065612971783e-05,9.670795407146215e-05,0.08632062398828566,0.2917978740297258,0.5116945409681648
2670,random_2667,random_cycle_chord,20260823,crossing_rich,4,200,5,8,12,6.601997971532911,True,True,,perf/incremental-yamada-frontier-order,1d8374f42cccbb16d78d44100a65ca603d7d1997,3.14.7,macOS-26.6.2-arm64-arm-64bit-Mach-O,arm,0.04730983299668878,0.16027262504212558,0.07333658402785659,0.010245916899293661,0.011372375069186091,0.022475415957160294,4.1207997128367424e-05,0.011649125022813678,0.012365084025077522,0.0014822919620200992,0.04801312496419996,0.1430034579243511,0.00017720891628414392,0.1728502499172464,0.02857258403673768,0.20142283395398408,2.554105594754219e-05,0.00016658403910696507,0.17157604196108878,0.37915849999990314,0.5569282500073314
2671,random_2668,random_cycle_chord,20260823,crossing_rich,6,200,6,12,17,4.877186236521546,True,True,,perf/incremental-yamada-frontier-order,1d8374f42cccbb16d78d44100a65ca603d7d1997,3.14.7,macOS-26.6.2-arm64-arm-64bit-Mach-O,arm,0.04996145807672292,0.1561642080778256,0.04804991604760289,0.01224387506954372,0.013795166974887252,0.02724129194393754,6.958306767046452e-05,0.013966000056825578,0.014682458946481347,0.0017310000257566571,0.05769033404067159,0.13183624995872378,0.00011445896234363317,0.23722654196899384,0.03354249999392778,0.2707690419629216,2.85410787910223e-05,0.0001801659818738699,0.16537874995265156,0.3715044161072001,0.6135524170240387
2672,random_2669,random_cycle_chord,20260823,baseline,0,200,3,9,11,5.345765500937961,True,True,,perf/incremental-yamada-frontier-order,1d8374f42cccbb16d78d44100a65ca603d7d1997,3.14.7,macOS-26.6.2-arm64-arm-64bit-Mach-O,arm,0.032406084006652236,0.1683136250358075,0.028549458016641438,0.007526249974034727,0.007502416963689029,0.01447112497407943,2.366607077419758e-05,0.007516000070609152,0.007633958011865616,0.0005180829903110862,0.030162832117639482,0.07376229204237461,6.924988701939583e-05,0.1527661249274388,0.008569583995267749,0.16133570892270654,1.5875091776251793e-05,7.19169620424509e-05,0.08233187603764236,0.2830515850801021,0.4402879170374945
2673,random_2670,random_cycle_chord,20260823,crossing_rich,4,200,5,9,13,6.086976714478828,True,True,,perf/incremental-yamada-frontier-order,1d8374f42cccbb16d78d44100a65ca603d7d1997,3.14.7,macOS-26.6.2-arm64-arm-64bit-Mach-O,arm,0.04518670903053135,0.15604220808018,0.06247129198163748,0.010013333056122065,0.011317832977510989,0.022116083069704473,3.791600465774536e-05,0.011514957994222641,0.01223933300934732,0.001324750017374754,0.04723304009530693,0.13106945902109146,7.966707926243544e-05,0.17600795801263303,0.02454008301720023,0.20054804102983326,2.3625092580914497e-05,0.00014279200695455074,0.1556095420382917,0.35683845914900303,0.5374622090021148
2674,random_2671,random_cycle_chord,20260823,crossing_rich,4,200,6,12,17,4.036444129767882,True,True,,perf/incremental-yamada-frontier-order,1d8374f42cccbb16d78d44100a65ca603d7d1997,3.14.7,macOS-26.6.2-arm64-arm-64bit-Mach-O,arm,0.04214883397798985,0.1498873750679195,0.0428677920717746,0.01098095893394202,0.01189295796211809,0.023835916072130203,5.079200491309166e-05,0.012418792000971735,0.013159624999389052,0.0015408749459311366,0.05100600002333522,0.11679137498140335,0.00010054197628051043,0.22746095806360245,0.02694079198408872,0.25440175004769117,2.7667032554745674e-05,0.00016179203521460295,0.14373216696549207,0.3357683760114014,0.567958541912958
2675,random_2672,random_cycle_chord,20260823,baseline,0,200,3,8,10,6.133773692455449,True,True,,perf/incremental-yamada-frontier-order,1d8374f42cccbb16d78d44100a65ca603d7d1997,3.14.7,macOS-26.6.2-arm64-arm-64bit-Mach-O,arm,0.032730584032833576,0.1490533750038594,0.032538458006456494,0.0067008339101448655,0.006691833026707172,0.013200707966461778,2.1332991309463978e-05,0.006822708062827587,0.007039166986942291,0.0005616249982267618,0.027645541005767882,0.0735949999652803,5.666702054440975e-05,0.12887254205998033,0.009225166984833777,0.1380977090448141,1.3749930076301098e-05,6.891705561429262e-05,0.08282016695011407,0.26460412598680705,0.3975986250443384
2676,random_2673,random_cycle_chord,20260823,baseline,0,200,3,8,10,6.14886420386479,True,True,,perf/incremental-yamada-frontier-order,1d8374f42cccbb16d78d44100a65ca603d7d1997,3.14.7,macOS-26.6.2-arm64-arm-64bit-Mach-O,arm,0.03262787498533726,0.14816879201680422,0.032071499968878925,0.006639790954068303,0.006686915992759168,0.01312620798125863,2.2583059035241604e-05,0.00683062500320375,0.007025667000561953,0.0005561669822782278,0.027561250026337802,0.07297904102597386,5.766598042100668e-05,0.12871420790906996,0.008820292074233294,0.13753449998330325,1.40840420499444e-05,7.008400280028582e-05,0.08179933310020715,0.2625960001023486,0.39543199993204325
2677,random_2674,random_cycle_chord,20260823,crossing_rich,6,200,6,10,15,5.619765898879431,True,True,,perf/incremental-yamada-frontier-order,1d8374f42cccbb16d78d44100a65ca603d7d1997,3.14.7,macOS-26.6.2-arm64-arm-64bit-Mach-O,arm,0.04650033300276846,0.14911350002512336,0.0601327910553664,0.011133457999676466,0.012757707969285548,0.025182625045999885,4.654203075915575e-05,0.013081167009659111,0.014023834024555981,0.0017161250580102205,0.054050293168984354,0.13811479194555432,0.00021320802625268698,0.20401212491560727,0.03464162501040846,0.23865374992601573,2.845900598913431e-05,0.00017929100431501865,0.17275641695596278,0.3683702499838546,0.5772039170842618
2678,random_2675,random_cycle_chord,20260823,crossing_rich,4,200,5,10,14,5.466229427363545,True,True,,perf/incremental-yamada-frontier-order,1d8374f42cccbb16d78d44100a65ca603d7d1997,3.14.7,macOS-26.6.2-arm64-arm-64bit-Mach-O,arm,0.04126174992416054,0.14860229205805808,0.05757908395025879,0.009600666002370417,0.01056279195472598,0.020776208955794573,3.787491004914045e-05,0.010795542038977146,0.011395207955501974,0.001277750008739531,0.044282583869062364,0.122059416025877,8.30420758575201e-05,0.18447770806960762,0.02372979198116809,0.2082075000507757,2.3333937861025333e-05,0.00013933295849710703,0.1457892080070451,0.3356532499892637,0.5245980409672484
2679,random_2676,random_cycle_chord,20260823,crossing_rich,5,200,5,8,12,4.236385030073616,True,True,,perf/incremental-yamada-frontier-order,1d8374f42cccbb16d78d44100a65ca603d7d1997,3.14.7,macOS-26.6.2-arm64-arm-64bit-Mach-O,arm,0.030676750000566244,0.14871295797638595,0.04044995806179941,0.010674708057194948,0.012416208977811038,0.02453475003130734,3.750005271285772e-05,0.012632541940547526,0.013271333067677915,0.0013535829493775964,0.051829708041623235,0.11540437501389533,0.00025791593361645937,0.26451141701545566,0.02687304199207574,0.2913844590075314,2.4000066332519054e-05,0.00014766701497137547,0.14227741700597107,0.32166712498292327,0.5905769589589909
2680,random_2677,random_cycle_chord,20260823,crossing_rich,7,200,6,12,17,4.023386570351677,True,True,,perf/incremental-yamada-frontier-order,1d8374f42cccbb16d78d44100a65ca603d7d1997,3.14.7,macOS-26.6.2-arm64-arm-64bit-Mach-O,arm,0.04245325003284961,0.15844516607467085,0.04115075001027435,0.014015375054441392,0.014671790995635092,0.02889058308210224,4.4082989916205406e-05,0.015027708024717867,0.015846207970753312,0.0016886669909581542,0.06149724905844778,0.1313764170045033,0.00010045792441815138,0.4497154160635546,0.05197708308696747,0.501692499150522,3.783300053328276e-05,0.00021070800721645355,0.18335350009147078,0.38425191619899124,0.8380002080230042
2681,random_2678,random_cycle_chord,20260823,crossing_rich,2,200,4,8,11,6.583835738603977,True,True,,perf/incremental-yamada-frontier-order,1d8374f42cccbb16d78d44100a65ca603d7d1997,3.14.7,macOS-26.6.2-arm64-arm-64bit-Mach-O,arm,0.040838667075149715,0.15303554199635983,0.0653319580014795,0.009684041957370937,0.009619749966077507,0.01865633309353143,3.529200330376625e-05,0.00950062507763505,0.009941458003595471,0.0010323750320822,0.03916608321014792,0.123834791011177,7.38329254090786e-05,0.15927474992349744,0.019298666971735656,0.1785734168952331,2.1333922632038593e-05,0.00012395798694342375,0.14313345798291266,0.3370076670544222,0.5011088750325143
2682,random_2679,random_cycle_chord,20260823,baseline,0,200,3,8,10,6.137832819342395,True,True,,perf/incremental-yamada-frontier-order,1d8374f42cccbb16d78d44100a65ca603d7d1997,3.14.7,macOS-26.6.2-arm64-arm-64bit-Mach-O,arm,0.03543937508948147,0.15627491695340723,0.03383954195305705,0.006893584039062262,0.006987666944041848,0.013724124990403652,2.3290980607271194e-05,0.007126791984774172,0.007495166966691613,0.0006302499677985907,0.0289996248902753,0.07674074999522418,6.283307448029518e-05,0.13854525005444884,0.010246791993267834,0.14879204204771668,1.5333062037825584e-05,7.950002327561378e-05,0.08698754198849201,0.2787018340313807,0.4215929160127416
2683,random_2680,random_cycle_chord,20260823,crossing_rich,3,200,5,10,14,5.626371755944639,True,True,,perf/incremental-yamada-frontier-order,1d8374f42cccbb16d78d44100a65ca603d7d1997,3.14.7,macOS-26.6.2-arm64-arm-64bit-Mach-O,arm,0.04518612497486174,0.15667158307041973,0.056893875007517636,0.0101217080373317,0.01131670898757875,0.022411915939301252,4.112499300390482e-05,0.01146674994379282,0.012110667070373893,0.0012719579972326756,0.047302415943704545,0.12567083293106407,9.070802479982376e-05,0.28577162500005215,0.03180795896332711,0.31757958396337926,3.108300734311342e-05,0.0001629579346626997,0.15747879189439118,0.35933649993967265,0.6492450409568846
2684,random_2681,random_cycle_chord,20260823,crossing_rich,5,200,5,9,13,4.3389224517160345,True,True,,perf/incremental-yamada-frontier-order,1d8374f42cccbb16d78d44100a65ca603d7d1997,3.14.7,macOS-26.6.2-arm64-arm-64bit-Mach-O,arm,0.03568608302157372,0.15903395891655236,0.0383670839946717,0.011246499954722822,0.012801165925338864,0.025403625098988414,4.0499959141016006e-05,0.013047332991845906,0.013885417021811008,0.0015040840953588486,0.05388095916714519,0.11633266694843769,9.045901242643595e-05,0.18770437501370907,0.030577915953472257,0.21828229096718132,2.9666931368410587e-05,0.00017224997282028198,0.14691058290190995,0.34163062484003603,0.5343787909951061
2685,random_2682,random_cycle_chord,20260823,baseline,0,200,3,11,13,5.2311576160839985,True,True,,perf/incremental-yamada-frontier-order,1d8374f42cccbb16d78d44100a65ca603d7d1997,3.14.7,macOS-26.6.2-arm64-arm-64bit-Mach-O,arm,0.03985516692046076,0.15735591598786414,0.025246208999305964,0.007035415968857706,0.006939958082512021,0.01365466695278883,2.279097680002451e-05,0.007064417004585266,0.007234749966301024,0.0005290829576551914,0.028505707858130336,0.06774770794436336,6.766605656594038e-05,0.17651016707532108,0.008366749971173704,0.18487691704649478,1.4582998119294643e-05,6.837502587586641e-05,0.07611445791553706,0.27332554082386196,0.4542089579626918
2686,random_2683,random_cycle_chord,20260823,baseline,0,200,4,11,14,4.067418653829461,True,True,,perf/incremental-yamada-frontier-order,1d8374f42cccbb16d78d44100a65ca603d7d1997,3.14.7,macOS-26.6.2-arm64-arm-64bit-Mach-O,arm,0.035648749908432364,0.15337345795705914,0.018580416101031005,0.008052917080931365,0.008623207919299603,0.0169579170178622,3.058405127376318e-05,0.008771457942202687,0.009129917016252875,0.000820874935016036,0.03571075096260756,0.07099504093639553,7.937499321997166e-05,0.18790766701567918,0.012589542078785598,0.20049720909446478,1.8749968148767948e-05,9.162502828985453e-05,0.08358458301518112,0.27260679088067263,0.4649797499878332
2687,random_2684,random_cycle_chord,20260823,baseline,0,200,3,8,10,6.211772780310812,True,True,,perf/incremental-yamada-frontier-order,1d8374f42cccbb16d78d44100a65ca603d7d1997,3.14.7,macOS-26.6.2-arm64-arm-64bit-Mach-O,arm,0.034195665968582034,0.15187679196242243,0.031795165967196226,0.006677916971966624,0.006834625033661723,0.013469166005961597,2.2082938812673092e-05,0.0069627920165658,0.0071790419751778245,0.000546499970369041,0.028179582906886935,0.07350675005000085,5.891697946935892e-05,0.1321716250386089,0.00896475010085851,0.14113637513946742,1.4042016118764877e-05,6.662507075816393e-05,0.08247150015085936,0.2685439580818638,0.40491070901043713
2688,random_2685,random_cycle_chord,20260823,baseline,0,200,4,11,14,4.082221807003307,True,True,,perf/incremental-yamada-frontier-order,1d8374f42cccbb16d78d44100a65ca603d7d1997,3.14.7,macOS-26.6.2-arm64-arm-64bit-Mach-O,arm,0.0346610420383513,0.14879070792812854,0.020355792017653584,0.007682374911382794,0.008291709003970027,0.016391708981245756,2.9374961741268635e-05,0.008511624997481704,0.008713790914043784,0.000708332983776927,0.03435483283828944,0.07071104098577052,8.995807729661465e-05,0.18076675001066178,0.010722875013016164,0.19148962502367795,1.7874990589916706e-05,8.295895531773567e-05,0.08143391599878669,0.2648856659652665,0.4499269580701366
2689,random_2686,random_cycle_chord,20260823,crossing_rich,5,200,5,9,13,4.197835196878982,True,True,,perf/incremental-yamada-frontier-order,1d8374f42cccbb16d78d44100a65ca603d7d1997,3.14.7,macOS-26.6.2-arm64-arm-64bit-Mach-O,arm,0.033024084055796266,0.14853566605597734,0.03898579208180308,0.010397500009275973,0.01217558397911489,0.02405183296650648,3.808306064456701e-05,0.012390624964609742,0.013161750044673681,0.0013598749646916986,0.05100216600112617,0.11259541602339596,8.329108823090792e-05,0.17369087506085634,0.026971624931320548,0.2006624999921769,2.337503246963024e-05,0.0001486249966546893,0.1395670409547165,0.3211267910664901,0.49932345806155354
2690,random_2687,random_cycle_chord,20260823,baseline,0,200,3,11,13,4.107580757559678,True,True,,perf/incremental-yamada-frontier-order,1d8374f42cccbb16d78d44100a65ca603d7d1997,3.14.7,macOS-26.6.2-arm64-arm-64bit-Mach-O,arm,0.03199879208113998,0.14805837499443442,0.019069625064730644,0.006940749939531088,0.007031874964013696,0.013885624939575791,2.1167099475860596e-05,0.007191083976067603,0.0073174170684069395,0.0005157919367775321,0.028931085020303726,0.06199291697703302,6.458291318267584e-05,0.16698154096957296,0.008197708055377007,0.17517924902494997,1.400010660290718e-05,6.304099224507809e-05,0.07019062503241003,0.2502477921079844,0.4213557499460876
2691,random_2688,random_cycle_chord,20260823,baseline,0,200,4,13,16,4.5671191813969045,True,True,,perf/incremental-yamada-frontier-order,1d8374f42cccbb16d78d44100a65ca603d7d1997,3.14.7,macOS-26.6.2-arm64-arm-64bit-Mach-O,arm,0.041179792024195194,0.14790283306501806,0.022996083018369973,0.0077179159270599484,0.00812483299523592,0.01595266698859632,2.9542017728090286e-05,0.008301666006445885,0.00852020806632936,0.0007362919859588146,0.03354037506505847,0.07240604201797396,8.574989624321461e-05,0.20730158302467316,0.011047374922782183,0.21834895794745535,1.733400858938694e-05,7.979199290275574e-05,0.08345341694075614,0.2725360420299694,0.48411387496162206
2692,random_2689,random_cycle_chord,20260823,baseline,0,200,3,9,11,5.339772900660875,True,True,,perf/incremental-yamada-frontier-order,1d8374f42cccbb16d78d44100a65ca603d7d1997,3.14.7,macOS-26.6.2-arm64-arm-64bit-Mach-O,arm,0.0327488750917837,0.148238499998115,0.025488374987617135,0.006347832968458533,0.006383624975569546,0.012582292081788182,2.2583059035241604e-05,0.006531290942803025,0.006751124979928136,0.0005689579993486404,0.026456249062903225,0.0646962079918012,6.033398676663637e-05,0.1427568750223145,0.009180124965496361,0.15193699998781085,1.4374963939189911e-05,7.333303801715374e-05,0.07387633295729756,0.25486370804719627,0.4017826250055805
2693,random_2690,random_cycle_chord,20260823,baseline,0,200,3,8,10,6.165635019190558,True,True,,perf/incremental-yamada-frontier-order,1d8374f42cccbb16d78d44100a65ca603d7d1997,3.14.7,macOS-26.6.2-arm64-arm-64bit-Mach-O,arm,0.03276824997738004,0.1481221669819206,0.03442395804449916,0.006623000022955239,0.0067067500203847885,0.013210790930315852,2.2000051103532314e-05,0.006835458101704717,0.007048916071653366,0.0005466250004246831,0.02766379015520215,0.07543758396059275,5.679205060005188e-05,0.12888270895928144,0.008812417043372989,0.13769512600265443,1.3457960449159145e-05,6.48329732939601e-05,0.08425000100396574,0.2651404179632664,0.39813745801802725
2694,random_2691,random_cycle_chord,20260823,crossing_rich,4,200,5,8,12,6.5891848954404315,True,True,,perf/incremental-yamada-frontier-order,1d8374f42cccbb16d78d44100a65ca603d7d1997,3.14.7,macOS-26.6.2-arm64-arm-64bit-Mach-O,arm,0.04343054199125618,0.14938608405645937,0.06317774998024106,0.009619415970519185,0.010653875069692731,0.02089337504003197,3.566697705537081e-05,0.010844375006854534,0.011511499993503094,0.0013272080104798079,0.044612125027924776,0.12809833395294845,0.0001622500130906701,0.15997529099695385,0.02489704091567546,0.1848723319126293,2.2999942302703857e-05,0.00013995810877531767,0.1529953748686239,0.34581200091633946,0.5107133339624852
2695,random_2692,random_cycle_chord,20260823,crossing_rich,4,200,5,12,16,4.878089992100053,True,True,,perf/incremental-yamada-frontier-order,1d8374f42cccbb16d78d44100a65ca603d7d1997,3.14.7,macOS-26.6.2-arm64-arm-64bit-Mach-O,arm,0.043452000012621284,0.14863225002773106,0.0426957500167191,0.010101791005581617,0.01099724997766316,0.021658667013980448,5.791697185486555e-05,0.011174250044859946,0.011775874998420477,0.0013317919801920652,0.0459985010093078,0.10983800003305078,9.354203939437866e-05,0.2107152920216322,0.025422291015274823,0.23613758303690702,2.3292028345167637e-05,0.00014158303383737803,0.1352602910483256,0.32734454108867794,0.542587292031385
2696,random_2693,random_cycle_chord,20260823,crossing_rich,5,200,5,8,12,4.2241831616181,True,True,,perf/incremental-yamada-frontier-order,1d8374f42cccbb16d78d44100a65ca603d7d1997,3.14.7,macOS-26.6.2-arm64-arm-64bit-Mach-O,arm,0.030657917028293014,0.14916620799340308,0.04006879194639623,0.010882957954891026,0.01252420898526907,0.02495904208626598,3.966689109802246e-05,0.013005416956730187,0.013700625044293702,0.0013937919866293669,0.05309854296501726,0.11660950002260506,0.00026279198937118053,0.26829941605683416,0.03709729202091694,0.3053967080777511,2.395804040133953e-05,0.00014991697389632463,0.153706792043522,0.3335309170652181,0.6058873750735074
2697,random_2694,random_cycle_chord,20260823,baseline,0,200,3,8,10,6.143860861928696,True,True,,perf/incremental-yamada-frontier-order,1d8374f42cccbb16d78d44100a65ca603d7d1997,3.14.7,macOS-26.6.2-arm64-arm-64bit-Mach-O,arm,0.033386790892109275,0.1509714169660583,0.035020000068470836,0.006612750003114343,0.0067871250212192535,0.013307792018167675,2.1666986867785454e-05,0.006919082952663302,0.00711283297277987,0.0005467910086736083,0.02790816593915224,0.07634779193904251,5.749997217208147e-05,0.1325975420186296,0.009138124994933605,0.14173566701356322,1.40840420499444e-05,6.89999433234334e-05,0.08548591693397611,0.2698441247921437,0.40665200003422797
2698,random_2695,random_cycle_chord,20260823,crossing_rich,4,200,5,10,14,5.627273856611554,True,True,,perf/incremental-yamada-frontier-order,1d8374f42cccbb16d78d44100a65ca603d7d1997,3.14.7,macOS-26.6.2-arm64-arm-64bit-Mach-O,arm,0.04447437496855855,0.15271375002339482,0.054296292015351355,0.009711291990242898,0.01076345902401954,0.021454083966091275,3.845803439617157e-05,0.011262833955697715,0.01202604197897017,0.0014052080223336816,0.046186625957489014,0.12099095806479454,8.399994112551212e-05,0.18184470909181982,0.02731816691812128,0.2091628760099411,2.516701351851225e-05,0.0001514169853180647,0.14830912498291582,0.3454972499748692,0.5320119999814779
2699,random_2696,random_cycle_chord,20260823,crossing_rich,3,200,4,8,11,4.107926359639653,True,True,,perf/incremental-yamada-frontier-order,1d8374f42cccbb16d78d44100a65ca603d7d1997,3.14.7,macOS-26.6.2-arm64-arm-64bit-Mach-O,arm,0.028606832958757877,0.15229120792355388,0.03637958294712007,0.00947212497703731,0.010494916932657361,0.020761791965924203,3.041699528694153e-05,0.010705500026233494,0.011199624976143241,0.0010196249932050705,0.04371695895679295,0.10009095899295062,6.987503729760647e-05,0.15037945797666907,0.01898629206698388,0.16936575004365295,1.9666971638798714e-05,0.00011599995195865631,0.1190772510599345,0.29997529194224626,0.4547588749555871
2700,random_2697,random_cycle_chord,20260823,crossing_rich,5,200,6,10,15,5.380738009970647,True,True,,perf/incremental-yamada-frontier-order,1d8374f42cccbb16d78d44100a65ca603d7d1997,3.14.7,macOS-26.6.2-arm64-arm-64bit-Mach-O,arm,0.04459779104217887,0.166648417012766,0.05848124995827675,0.011898708064109087,0.01293145795352757,0.025100208935327828,4.8541929572820663e-05,0.012870292062871158,0.013724833028391004,0.0016220830148085952,0.053365958970971406,0.13672191696241498,0.000259542022831738,0.29933545901440084,0.03195808292366564,0.3312935419380665,3.212492447346449e-05,0.00017300003673881292,0.16867999988608062,0.3799262079410255,0.6839062079088762
2701,random_2698,random_cycle_chord,20260823,baseline,0,200,3,10,12,5.627099538837051,True,True,,perf/incremental-yamada-frontier-order,1d8374f42cccbb16d78d44100a65ca603d7d1997,3.14.7,macOS-26.6.2-arm64-arm-64bit-Mach-O,arm,0.037158124963752925,0.15424516599159688,0.02920804196037352,0.0070592500269412994,0.007382833049632609,0.014574375003576279,2.2875028662383556e-05,0.007539083017036319,0.007663624943234026,0.0005184579640626907,0.030318415956571698,0.07398862496484071,6.745907012373209e-05,0.15778300003148615,0.008124541025608778,0.16590754105709493,1.4125020243227482e-05,6.233400199562311e-05,0.08211316599044949,0.2735164569457993,0.4355879590148106
2702,random_2699,random_cycle_chord,20260823,crossing_rich,5,200,5,8,12,4.231397897355539,True,True,,perf/incremental-yamada-frontier-order,1d8374f42cccbb16d78d44100a65ca603d7d1997,3.14.7,macOS-26.6.2-arm64-arm-64bit-Mach-O,arm,0.03160004096571356,0.15480891708284616,0.04708066605962813,0.01308683305978775,0.014458916033618152,0.029358541942201555,6.920902524143457e-05,0.014774582930840552,0.015743708005174994,0.0015634159790351987,0.061509457882493734,0.1361893330467865,0.00021816696971654892,0.1851414160337299,0.03404541697818786,0.21918683301191777,3.466696944087744e-05,0.0001775830751284957,0.17023475002497435,0.35664370807353407,0.5469602500088513
2703,random_2700,random_cycle_chord,20260823,baseline,0,200,3,8,10,6.190704597172685,True,True,,perf/incremental-yamada-frontier-order,1d8374f42cccbb16d78d44100a65ca603d7d1997,3.14.7,macOS-26.6.2-arm64-arm-64bit-Mach-O,arm,0.03800462500657886,0.3175519580254331,0.04149820900056511,0.008276417036540806,0.007680709008127451,0.015199709101580083,6.0041085816919804e-05,0.008056042017415166,0.00815120805054903,0.0006621250649914145,0.032129125320352614,0.08961079199798405,0.0001090840669348836,0.15111037495080382,0.010319749941118062,0.16143012489192188,1.9291997887194157e-05,9.529199451208115e-05,0.09993054193910211,0.4554871249711141,0.6118293750332668
2704,random_2701,random_cycle_chord,20260823,crossing_rich,3,200,4,8,11,4.22150397429344,True,True,,perf/incremental-yamada-frontier-order,1d8374f42cccbb16d78d44100a65ca603d7d1997,3.14.7,macOS-26.6.2-arm64-arm-64bit-Mach-O,arm,0.03336687490809709,0.1725242919055745,0.03836445801425725,0.010494375019334257,0.011105207959190011,0.022077917004935443,5.358306225389242e-05,0.011319916928187013,0.011667042039334774,0.0010392499389126897,0.04615770897362381,0.10616283398121595,8.99159349501133e-05,0.2848275420255959,0.034436749992892146,0.31926429201848805,0.0001741249579936266,0.00016979093197733164,0.1405995839741081,0.3464907507877797,0.6366464579477906
2705,random_2702,random_cycle_chord,20260823,crossing_rich,3,200,5,10,14,5.621708741388114,True,True,,perf/incremental-yamada-frontier-order,1d8374f42cccbb16d78d44100a65ca603d7d1997,3.14.7,macOS-26.6.2-arm64-arm-64bit-Mach-O,arm,0.060434832936152816,0.17357583390548825,0.05771908303722739,0.011501749977469444,0.012704750057309866,0.02511829196009785,8.833303581923246e-05,0.016086542047560215,0.013321249978616834,0.001419000094756484,0.056033417116850615,0.13801591703668237,0.00018370803445577621,0.30930087505839765,0.02281424996908754,0.3321151250274852,2.562499139457941e-05,0.00014387501869350672,0.1608301670057699,0.394840833847411,0.7091619580751285
2706,random_2703,random_cycle_chord,20260823,crossing_rich,5,200,5,8,12,4.263601008608471,True,True,,perf/incremental-yamada-frontier-order,1d8374f42cccbb16d78d44100a65ca603d7d1997,3.14.7,macOS-26.6.2-arm64-arm-64bit-Mach-O,arm,0.0337359580444172,0.1647620410658419,0.043550292029976845,0.011741082998923957,0.01341916702222079,0.026178083033300936,3.950006794184446e-05,0.013514208956621587,0.014635042054578662,0.001436959020793438,0.05580379313323647,0.12455200008116663,0.0002919579856097698,0.28685345803387463,0.028528916998766363,0.315382375032641,2.737506292760372e-05,0.00016720907296985388,0.153080917079933,0.3515789161901921,0.6435654159868136
2707,random_2704,random_cycle_chord,20260823,baseline,0,200,3,9,11,5.388105865717206,True,True,,perf/incremental-yamada-frontier-order,1d8374f42cccbb16d78d44100a65ca603d7d1997,3.14.7,macOS-26.6.2-arm64-arm-64bit-Mach-O,arm,0.034904500003904104,0.16290366696193814,0.027790874941274524,0.007198542007245123,0.006809209007769823,0.013319042045623064,2.345792017877102e-05,0.006948124966584146,0.007151124998927116,0.0005984579911455512,0.02804020792245865,0.06985929096117616,8.841697126626968e-05,0.1521366669330746,0.009506125003099442,0.16164279193617404,1.654098741710186e-05,8.625001646578312e-05,0.0793654159642756,0.27717358293011785,0.4339054999873042
2708,random_2705,random_cycle_chord,20260823,baseline,0,200,3,10,12,4.664315510970562,True,True,,perf/incremental-yamada-frontier-order,1d8374f42cccbb16d78d44100a65ca603d7d1997,3.14.7,macOS-26.6.2-arm64-arm-64bit-Mach-O,arm,0.03340041602496058,0.15791304095182568,0.02341291692573577,0.007392665953375399,0.006989083951339126,0.013740999973379076,2.3292028345167637e-05,0.007564125000499189,0.007501874933950603,0.0006128329550847411,0.029443124891258776,0.06725937500596046,9.874999523162842e-05,0.16661708301398903,0.009609665954485536,0.17622674896847457,1.6333069652318954e-05,8.554104715585709e-05,0.076869040960446,0.26818249793723226,0.4394389579538256
2709,random_2706,random_cycle_chord,20260823,crossing_rich,4,200,5,10,14,5.626894612220099,True,True,,perf/incremental-yamada-frontier-order,1d8374f42cccbb16d78d44100a65ca603d7d1997,3.14.7,macOS-26.6.2-arm64-arm-64bit-Mach-O,arm,0.045346208033151925,0.1574008329771459,0.05424029193818569,0.010648875031620264,0.01191945793107152,0.02354520803783089,3.887503407895565e-05,0.012205249979160726,0.0127918750513345,0.0013053750153630972,0.04988658311776817,0.1267307079397142,8.487503509968519e-05,0.29541245801374316,0.02616445894818753,0.3215769169619307,2.5957939215004444e-05,0.00015208299737423658,0.15289516688790172,0.35564220789819956,0.6555587499169633
2710,random_2707,random_cycle_chord,20260823,baseline,0,200,3,10,12,4.643534356257564,True,True,,perf/incremental-yamada-frontier-order,1d8374f42cccbb16d78d44100a65ca603d7d1997,3.14.7,macOS-26.6.2-arm64-arm-64bit-Mach-O,arm,0.03253933403175324,0.15261854196432978,0.02131129102781415,0.0068839999148622155,0.007102792034856975,0.013947666040621698,2.2957916371524334e-05,0.0072127500316128135,0.007400749949738383,0.0005512500647455454,0.029135374003089964,0.06445337494369596,6.362493149936199e-05,0.14475358300842345,0.00854837498627603,0.15330195799469948,1.4041084796190262e-05,6.970798131078482e-05,0.07300174992997199,0.258159625926055,0.40716162498574704
2711,random_2708,random_cycle_chord,20260823,crossing_rich,4,200,5,10,14,5.5014611327735325,True,True,,perf/incremental-yamada-frontier-order,1d8374f42cccbb16d78d44100a65ca603d7d1997,3.14.7,macOS-26.6.2-arm64-arm-64bit-Mach-O,arm,0.042665665969252586,0.15232579095754772,0.05816500005312264,0.009916790993884206,0.010926082963123918,0.02144195802975446,3.8708094507455826e-05,0.011114375083707273,0.011701749986968935,0.001290749991312623,0.045587541186250746,0.12462991604115814,8.858297951519489e-05,0.20717720792163163,0.025800209026783705,0.23297741694841534,2.729194238781929e-05,0.000169833074323833,0.15043012506794184,0.34542158199474216,0.5572846670402214
2712,random_2709,random_cycle_chord,20260823,crossing_rich,5,200,6,12,17,4.457255106171103,True,True,,perf/incremental-yamada-frontier-order,1d8374f42cccbb16d78d44100a65ca603d7d1997,3.14.7,macOS-26.6.2-arm64-arm-64bit-Mach-O,arm,0.04690058308187872,0.16150837508030236,0.052554375026375055,0.014105916023254395,0.015025458997115493,0.03849791700486094,0.0001332079991698265,0.046332958969287574,0.0795807910617441,0.011047709034755826,0.17559258406981826,0.2573764999397099,0.00018874998204410076,0.46276495803613216,0.05700470809824765,0.5197696661343798,5.916703958064318e-05,0.00026891694869846106,0.31438120803795755,0.5227901662001386,0.9900578329106793
2713,random_2710,random_cycle_chord,20260823,crossing_rich,4,200,5,8,12,6.588757120478382,True,True,,perf/incremental-yamada-frontier-order,1d8374f42cccbb16d78d44100a65ca603d7d1997,3.14.7,macOS-26.6.2-arm64-arm-64bit-Mach-O,arm,0.07147354201879352,0.2089154579443857,0.08248095808085054,0.01236837508622557,0.012925458024255931,0.025341000058688223,5.0166971050202847e-05,0.013245292007923126,0.014074958977289498,0.0016887920210137963,0.05440021003596485,0.16221800004132092,0.00019920896738767624,0.2017598330276087,0.034006624948233366,0.23576645797584206,4.891701973974705e-05,0.0003171670250594616,0.19622462498955429,0.4766136249527335,0.6845482080243528
2714,random_2711,random_cycle_chord,20260823,crossing_rich,5,200,5,8,12,4.215450992695403,True,True,,perf/incremental-yamada-frontier-order,1d8374f42cccbb16d78d44100a65ca603d7d1997,3.14.7,macOS-26.6.2-arm64-arm-64bit-Mach-O,arm,0.04019454098306596,0.18425616703461856,0.0542391249909997,0.015459624934010208,0.01674704102333635,0.03382004192098975,9.108299855142832e-05,0.017826292081736028,0.018029625061899424,0.0016671250341460109,0.07143416709732264,0.15795166697353125,0.0003626249963417649,0.4371535419486463,0.07368041691370308,0.5108339588623494,6.312504410743713e-05,0.00024920806754380465,0.23163208388723433,0.45608279190491885,0.898918499937281
2715,random_2712,random_cycle_chord,20260823,baseline,0,200,3,9,11,5.348164533224623,True,True,,perf/incremental-yamada-frontier-order,1d8374f42cccbb16d78d44100a65ca603d7d1997,3.14.7,macOS-26.6.2-arm64-arm-64bit-Mach-O,arm,0.0608216670807451,0.37643099995329976,0.14816916605923325,0.019273582962341607,0.02282404201105237,0.02510316704865545,9.720795787870884e-05,0.01285370800178498,0.012690874980762601,0.001022083917632699,0.05176704190671444,0.24212429206818342,0.00017045799177139997,0.21980445797089487,0.012485416023992002,0.23228987399488688,3.962509799748659e-05,0.00015300000086426735,0.2546097080921754,0.6918623751262203,0.9221002080012113
2716,random_2713,random_cycle_chord,20260823,baseline,0,200,4,14,17,4.288914531751653,True,True,,perf/incremental-yamada-frontier-order,1d8374f42cccbb16d78d44100a65ca603d7d1997,3.14.7,macOS-26.6.2-arm64-arm-64bit-Mach-O,arm,0.05876108293887228,0.20655145903583616,0.029432125040329993,0.010454833973199129,0.010357000050134957,0.020349166938103735,4.8166955821216106e-05,0.010568332974798977,0.010773542104288936,0.0009026660118252039,0.04264187498483807,0.09292345808353275,0.00012579199392348528,0.26338537503033876,0.012526875012554228,0.275912250042893,2.0834035240113735e-05,0.0001010410487651825,0.10545033309608698,0.3707628750707954,0.6396384169347584
2717,random_2714,random_cycle_chord,20260823,crossing_rich,4,200,5,8,12,6.602859839820289,True,True,,perf/incremental-yamada-frontier-order,1d8374f42cccbb16d78d44100a65ca603d7d1997,3.14.7,macOS-26.6.2-arm64-arm-64bit-Mach-O,arm,0.04979320790152997,0.17265633307397366,0.07470337499398738,0.01210454199463129,0.012904125032946467,0.025089417002163827,0.00010537507478147745,0.012905417010188103,0.013667625025846064,0.0015993340639397502,0.05336716817691922,0.15315395896323025,0.00021737499628216028,0.18980470800306648,0.030468959012068808,0.2202736670151353,3.429199568927288e-05,0.00018025003373622894,0.18362291797529906,0.4060724589508027,0.6012627090094611
2718,random_2715,random_cycle_chord,20260823,crossing_rich,5,200,5,8,12,4.175679599475055,True,True,,perf/incremental-yamada-frontier-order,1d8374f42cccbb16d78d44100a65ca603d7d1997,3.14.7,macOS-26.6.2-arm64-arm-64bit-Mach-O,arm,0.03533891693223268,0.16908700007479638,0.054743041982874274,0.013552917051129043,0.014791958034038544,0.030625250074081123,9.4209099188447e-05,0.015752125065773726,0.016930083045735955,0.0016234159702435136,0.06502508325502276,0.14819387497846037,0.00021954195108264685,0.34190191607922316,0.048100291984155774,0.39000220806337893,4.658394027501345e-05,0.00020779098849743605,0.19629416696261615,0.4007200839696452,0.7476258339593187
2719,random_2716,random_cycle_chord,20260823,crossing_rich,4,200,5,9,13,6.075941935411581,True,True,,perf/incremental-yamada-frontier-order,1d8374f42cccbb16d78d44100a65ca603d7d1997,3.14.7,macOS-26.6.2-arm64-arm-64bit-Mach-O,arm,0.05255591589957476,0.17686520901042968,0.06443549995310605,0.011417374946177006,0.012627457967028022,0.025352208991535008,6.916699931025505e-05,0.013834208017215133,0.014213333022780716,0.0016063330695033073,0.05507525010034442,0.14359600003808737,0.00011758401524275541,0.2171523750294,0.02830770902801305,0.24546008405741304,2.9583927243947983e-05,0.0001705000177025795,0.17190370906610042,0.40132483397610486,0.6238103340147063
2720,random_2717,random_cycle_chord,20260823,baseline,0,200,3,10,12,4.688184460826067,True,True,,perf/incremental-yamada-frontier-order,1d8374f42cccbb16d78d44100a65ca603d7d1997,3.14.7,macOS-26.6.2-arm64-arm-64bit-Mach-O,arm,0.03394866699818522,0.17390558298211545,0.023092165938578546,0.007350166910327971,0.007166208000853658,0.01397283305414021,2.616702113300562e-05,0.007296416093595326,0.007433750084601343,0.000568375107832253,0.029297541361302137,0.06692708400078118,8.191599044948816e-05,0.16425479110330343,0.009519707993604243,0.17377449909690768,1.895800232887268e-05,8.366699330508709e-05,0.07644679199438542,0.2843010419746861,0.4531553330598399
2721,random_2718,random_cycle_chord,20260823,baseline,0,200,4,11,14,4.027453978395547,True,True,,perf/incremental-yamada-frontier-order,1d8374f42cccbb16d78d44100a65ca603d7d1997,3.14.7,macOS-26.6.2-arm64-arm-64bit-Mach-O,arm,0.03643616603221744,0.1588002919452265,0.02476108295377344,0.008607583004049957,0.009119082940742373,0.017928582965396345,3.079103771597147e-05,0.009286458021961153,0.009501249995082617,0.0007556669879704714,0.03750274900812656,0.08001975005026907,8.64159082993865e-05,0.19363737490493804,0.011625417042523623,0.20526279194746166,2.0875013433396816e-05,9.874999523162842e-05,0.09164516709279269,0.2868816250702366,0.4852004999993369
2722,random_2719,random_cycle_chord,20260823,baseline,0,200,4,11,14,4.106849536690777,True,True,,perf/incremental-yamada-frontier-order,1d8374f42cccbb16d78d44100a65ca603d7d1997,3.14.7,macOS-26.6.2-arm64-arm-64bit-Mach-O,arm,0.037503540981560946,0.15739204199053347,0.023650792078115046,0.0080508750397712,0.007978416979312897,0.015709250001236796,3.091699909418821e-05,0.008194833062589169,0.00846970803104341,0.0007787499343976378,0.0331834580283612,0.0728917500237003,7.78330722823739e-05,0.1882439999608323,0.01552912499755621,0.2037731249583885,2.4416949599981308e-05,0.00021958292927592993,0.0884208750212565,0.2833164579933509,0.4767863330198452
2723,random_2720,random_cycle_chord,20260823,crossing_rich,5,200,5,8,12,4.1734378845089095,True,True,,perf/incremental-yamada-frontier-order,1d8374f42cccbb16d78d44100a65ca603d7d1997,3.14.7,macOS-26.6.2-arm64-arm-64bit-Mach-O,arm,0.03358737495727837,0.1635639580199495,0.04592695797327906,0.011935916030779481,0.013440791983157396,0.026530958944931626,4.233303479850292e-05,0.013739124988205731,0.014461707905866206,0.0014591669896617532,0.05623329186346382,0.1275744999293238,0.00017662509344518185,0.28353174997027963,0.0296061250846833,0.31313787505496293,2.7082976885139942e-05,0.00016616703942418098,0.1571806250140071,0.35433195799123496,0.6425329580670223
2724,random_2721,random_cycle_chord,20260823,crossing_rich,6,200,6,13,18,4.230495462137111,True,True,,perf/incremental-yamada-frontier-order,1d8374f42cccbb16d78d44100a65ca603d7d1997,3.14.7,macOS-26.6.2-arm64-arm-64bit-Mach-O,arm,0.04775949998293072,0.15878579101990908,0.04572954203467816,0.014987624948844314,0.014622832997702062,0.028766082949005067,6.595801096409559e-05,0.0148369160015136,0.01566629100125283,0.0017387080006301403,0.061073955963365734,0.1364646250149235,0.00011870905291289091,0.27229308302048594,0.0395730419550091,0.31186612497549504,5.108292680233717e-05,0.00020800007041543722,0.17603766696993262,0.3825829579727724,0.6606929999543354
2725,random_2722,random_cycle_chord,20260823,crossing_rich,3,200,4,8,11,4.248975260140016,True,True,,perf/incremental-yamada-frontier-order,1d8374f42cccbb16d78d44100a65ca603d7d1997,3.14.7,macOS-26.6.2-arm64-arm-64bit-Mach-O,arm,0.03036929201334715,0.16210708301514387,0.04201220802497119,0.009980082977563143,0.010742791928350925,0.021486124955117702,3.400002606213093e-05,0.01105033396743238,0.011538875056430697,0.0010992080206051469,0.04520854202564806,0.10797229199670255,0.00010862504132091999,0.15783754200674593,0.020960125024430454,0.1787976670311764,2.2249994799494743e-05,0.00013345899060368538,0.128932417021133,0.321408792049624,0.4842375830048695
2726,random_2723,random_cycle_chord,20260823,baseline,0,200,4,13,16,4.56718660359347,True,True,,perf/incremental-yamada-frontier-order,1d8374f42cccbb16d78d44100a65ca603d7d1997,3.14.7,macOS-26.6.2-arm64-arm-64bit-Mach-O,arm,0.04494395793881267,0.16190045804250985,0.025182582903653383,0.008453833987005055,0.009311583009548485,0.018013541004620492,3.200001083314419e-05,0.009536832920275629,0.00951050000730902,0.0007545420667156577,0.03784741600975394,0.08082491694949567,9.070802479982376e-05,0.2238830829737708,0.011655458016321063,0.23553854099009186,2.066593151539564e-05,9.649991989135742e-05,0.09248037496581674,0.29932479094713926,0.5280120000243187
2727,random_2724,random_cycle_chord,20260823,crossing_rich,3,200,4,8,11,4.253585598107384,True,True,,perf/incremental-yamada-frontier-order,1d8374f42cccbb16d78d44100a65ca603d7d1997,3.14.7,macOS-26.6.2-arm64-arm-64bit-Mach-O,arm,0.030224874964915216,0.1621597089106217,0.04336966702248901,0.009832915966399014,0.010789999971166253,0.02169320802204311,3.258301876485348e-05,0.01106599997729063,0.011736582964658737,0.00108804099727422,0.04561641498003155,0.10963900003116578,8.02080612629652e-05,0.1601740000769496,0.0198647080687806,0.1800387081457302,2.295803278684616e-05,0.00012508302461355925,0.12950370809994638,0.3218882919754833,0.4867961249547079
2728,random_2725,random_cycle_chord,20260823,baseline,0,200,4,11,14,4.031779019678378,True,True,,perf/incremental-yamada-frontier-order,1d8374f42cccbb16d78d44100a65ca603d7d1997,3.14.7,macOS-26.6.2-arm64-arm-64bit-Mach-O,arm,0.036785040982067585,0.16060754202771932,0.0225757920416072,0.00825695798266679,0.008387333946302533,0.01721808291040361,6.329093594104052e-05,0.009054041001945734,0.008959959028288722,0.0008240829920396209,0.03611945686861873,0.07537341595161706,0.00011679204180836678,0.2088117500534281,0.013432999956421554,0.22224475000984967,2.291705459356308e-05,0.00010362500324845314,0.08880641590803862,0.2861989989178255,0.4997748750029132
2729,random_2726,random_cycle_chord,20260823,crossing_rich,2,200,4,9,12,5.6683434756590305,True,True,,perf/incremental-yamada-frontier-order,1d8374f42cccbb16d78d44100a65ca603d7d1997,3.14.7,macOS-26.6.2-arm64-arm-64bit-Mach-O,arm,0.04143899993505329,0.16219241707585752,0.061050791060552,0.010175791918300092,0.010634082951582968,0.0209893329301849,3.7917052395641804e-05,0.010892332997173071,0.011363458004780114,0.001102625043131411,0.04438566602766514,0.12628658290486783,9.15410928428173e-05,0.17983004194684327,0.02138687507249415,0.20121691701933742,2.7084024623036385e-05,0.00013395794667303562,0.14767345797736198,0.3513048749882728,0.5360117079690099
2730,random_2727,random_cycle_chord,20260823,crossing_rich,7,200,7,12,18,4.000909899842168,True,True,,perf/incremental-yamada-frontier-order,1d8374f42cccbb16d78d44100a65ca603d7d1997,3.14.7,macOS-26.6.2-arm64-arm-64bit-Mach-O,arm,0.050704792025499046,0.16790533298626542,0.05005741701461375,0.01665229198988527,0.016572625027038157,0.032616166048683226,7.537496276199818e-05,0.01643004093784839,0.01787741598673165,0.0021069159265607595,0.06910591386258602,0.1524533750489354,0.0004024580121040344,0.2707307090749964,0.047583166975528,0.3183138760505244,4.362489562481642e-05,0.0002418749500066042,0.20003654202446342,0.4186466670362279,0.6952208330621943
2731,random_2728,random_cycle_chord,20260823,baseline,0,200,3,8,10,6.178349709089825,True,True,,perf/incremental-yamada-frontier-order,1d8374f42cccbb16d78d44100a65ca603d7d1997,3.14.7,macOS-26.6.2-arm64-arm-64bit-Mach-O,arm,0.036439041956327856,0.16274379089009017,0.03278454102110118,0.007346750004217029,0.007163416012190282,0.014064499991945922,2.2709020413458347e-05,0.007317084004171193,0.007788500050082803,0.0006326669827103615,0.029825460049323738,0.07714049995411187,6.420793943107128e-05,0.14054379193112254,0.009855665965005755,0.1503994578961283,1.5874975360929966e-05,8.575001265853643e-05,0.08699616591911763,0.28617899876553565,0.4313004999421537
2732,random_2729,random_cycle_chord,20260823,crossing_rich,4,200,5,9,13,6.080105423446615,True,True,,perf/incremental-yamada-frontier-order,1d8374f42cccbb16d78d44100a65ca603d7d1997,3.14.7,macOS-26.6.2-arm64-arm-64bit-Mach-O,arm,0.046297791064716876,0.16253874998074025,0.05974979104939848,0.01129520800895989,0.012411874951794744,0.02402004098985344,4.2208004742860794e-05,0.012692582909949124,0.01344166707713157,0.0014909999445080757,0.05168749892618507,0.13518233399372548,8.91250092536211e-05,0.18911687505897135,0.02800104208290577,0.21711791714187711,2.562499139457941e-05,0.00016166700515896082,0.16318337607663125,0.3720199171220884,0.5659611659357324
2733,random_2730,random_cycle_chord,20260823,crossing_rich,4,200,5,9,13,6.0710867497461,True,True,,perf/incremental-yamada-frontier-order,1d8374f42cccbb16d78d44100a65ca603d7d1997,3.14.7,macOS-26.6.2-arm64-arm-64bit-Mach-O,arm,0.04702541709411889,0.1609754579840228,0.06293575000017881,0.010506249964237213,0.01145066600292921,0.02260345802642405,4.195794463157654e-05,0.011919957934878767,0.012501333025284111,0.0013985829427838326,0.04846528987400234,0.13339483307208866,8.566700853407383e-05,0.19521808298304677,0.026446708012372255,0.22166479099541903,2.8959009796380997e-05,0.00016425002831965685,0.15984154108446091,0.3678424161626026,0.567912167054601
2734,random_2731,random_cycle_chord,20260823,crossing_rich,5,200,5,9,13,4.232399538845018,True,True,,perf/incremental-yamada-frontier-order,1d8374f42cccbb16d78d44100a65ca603d7d1997,3.14.7,macOS-26.6.2-arm64-arm-64bit-Mach-O,arm,0.0362274160142988,0.16128391702659428,0.04633529100101441,0.011719292029738426,0.013459832989610732,0.026592208072543144,3.9958045817911625e-05,0.013478790991939604,0.014524792088195682,0.0014212080277502537,0.056056957226246595,0.1276074170600623,8.416699711233377e-05,0.18960549996700138,0.02958683401811868,0.21919233398512006,2.5667017325758934e-05,0.00016179203521460295,0.15719425107818097,0.35470558411907405,0.549240916967392
2735,random_2732,random_cycle_chord,20260823,crossing_rich,4,200,5,8,12,6.59558544881791,True,True,,perf/incremental-yamada-frontier-order,1d8374f42cccbb16d78d44100a65ca603d7d1997,3.14.7,macOS-26.6.2-arm64-arm-64bit-Mach-O,arm,0.04717079200781882,0.1615687080193311,0.06814804195892066,0.010713082971051335,0.01149654109030962,0.022603957913815975,4.225003067404032e-05,0.011745500029064715,0.012443417101167142,0.0014966249000281096,0.04833174997474998,0.13872966601047665,0.00017300003673881292,0.17677949997596443,0.029833707958459854,0.20661320793442428,2.8458074666559696e-05,0.0001823330530896783,0.1685633739689365,0.3773028739960864,0.5592586670536548
2736,random_2733,random_cycle_chord,20260823,crossing_rich,5,200,5,9,13,4.33553965957841,True,True,,perf/incremental-yamada-frontier-order,1d8374f42cccbb16d78d44100a65ca603d7d1997,3.14.7,macOS-26.6.2-arm64-arm-64bit-Mach-O,arm,0.036454458022490144,0.16053520806599408,0.04735708294901997,0.011316541000269353,0.012801000033505261,0.025293499929830432,3.98330157622695e-05,0.013420750037766993,0.013894333969801664,0.0014649169752374291,0.05411333392839879,0.12562362500466406,8.433405309915543e-05,0.18803770805243403,0.031171167036518455,0.21920887508895248,2.645899076014757e-05,0.00016175000928342342,0.15679479204118252,0.35378445812966675,0.5472067500231788
2737,random_2734,random_cycle_chord,20260823,crossing_rich,4,200,5,8,12,6.5846633543342366,True,True,,perf/incremental-yamada-frontier-order,1d8374f42cccbb16d78d44100a65ca603d7d1997,3.14.7,macOS-26.6.2-arm64-arm-64bit-Mach-O,arm,0.046790166990831494,0.16265600000042468,0.06643345800694078,0.010790000087581575,0.011528250062838197,0.02274916705209762,4.108308348804712e-05,0.011813916964456439,0.012719291960820556,0.0016312500229105353,0.048954709083773196,0.1377432500012219,0.00016770896036177874,0.17855279194191098,0.031974999932572246,0.21052779187448323,2.7708010748028755e-05,0.00018495798576623201,0.16971824993379414,0.3791644169250503,0.5627307499526069
2738,random_2735,random_cycle_chord,20260823,crossing_rich,5,200,5,10,14,4.28010940862267,True,True,,perf/incremental-yamada-frontier-order,1d8374f42cccbb16d78d44100a65ca603d7d1997,3.14.7,macOS-26.6.2-arm64-arm-64bit-Mach-O,arm,0.038768625003285706,0.16068208299111575,0.042659916914999485,0.011919417069293559,0.013365707942284644,0.02595395897515118,4.1874940507113934e-05,0.013610624941065907,0.014366958988830447,0.0015044589526951313,0.05547787679824978,0.12345958291552961,9.550002869218588e-05,0.3258490839507431,0.02663974999450147,0.35248883394524455,2.6416033506393433e-05,0.00016116700135171413,0.15009933291003108,0.34955004090443254,0.6799680419499055
2739,random_2736,random_cycle_chord,20260823,baseline,0,200,3,8,10,6.152454474726144,True,True,,perf/incremental-yamada-frontier-order,1d8374f42cccbb16d78d44100a65ca603d7d1997,3.14.7,macOS-26.6.2-arm64-arm-64bit-Mach-O,arm,0.035534916911274195,0.16160950006451458,0.032841291977092624,0.007249499903991818,0.007144083036109805,0.014058916014619172,2.291705459356308e-05,0.007287750020623207,0.0075197500409558415,0.0006327920127660036,0.029522125143557787,0.07677762501407415,8.208304643630981e-05,0.14002099994104356,0.010546416975557804,0.15056741691660136,1.5542027540504932e-05,9.433296509087086e-05,0.08732404198963195,0.2844684589654207,0.42902962502557784
2740,random_2737,random_cycle_chord,20260823,crossing_rich,5,200,5,8,12,4.230426226648241,True,True,,perf/incremental-yamada-frontier-order,1d8374f42cccbb16d78d44100a65ca603d7d1997,3.14.7,macOS-26.6.2-arm64-arm-64bit-Mach-O,arm,0.03262870793696493,0.17629266704898328,0.045402374933473766,0.011900000041350722,0.01329312496818602,0.026183125097304583,4.0207989513874054e-05,0.01392704201862216,0.014529792009852827,0.0014626249903813004,0.056142792105674744,0.1267757909372449,0.0001818330492824316,0.28835833305492997,0.03013516589999199,0.31849349895492196,3.0000112019479275e-05,0.00016654201317578554,0.15691095683723688,0.3658323318231851,0.6590573750436306
2741,random_2738,random_cycle_chord,20260823,baseline,0,200,3,9,11,5.355023713794685,True,True,,perf/incremental-yamada-frontier-order,1d8374f42cccbb16d78d44100a65ca603d7d1997,3.14.7,macOS-26.6.2-arm64-arm-64bit-Mach-O,arm,0.03533524996601045,0.16333791706711054,0.0298524999525398,0.007224916946142912,0.006816082983277738,0.013792790938168764,2.3416010662913322e-05,0.007214791956357658,0.007406583987176418,0.0005897498922422528,0.029027332784608006,0.07294195797294378,6.937503349035978e-05,0.158126916969195,0.00950845901388675,0.16763537598308176,1.7290934920310974e-05,9.533297270536423e-05,0.08245041698683053,0.2811235840199515,0.4438465000130236
2742,random_2739,random_cycle_chord,20260823,crossing_rich,4,200,5,9,13,6.078862291535254,True,True,,perf/incremental-yamada-frontier-order,1d8374f42cccbb16d78d44100a65ca603d7d1997,3.14.7,macOS-26.6.2-arm64-arm-64bit-Mach-O,arm,0.04728175001218915,0.16267516592051834,0.06462874996941537,0.010698999976739287,0.011403291020542383,0.022445582901127636,4.170800093561411e-05,0.011760541005060077,0.012110417010262609,0.0014124170411378145,0.04777066595852375,0.1345380840357393,8.629111107438803e-05,0.18981516698841006,0.028173582977615297,0.21798874996602535,2.6291003450751305e-05,0.00016325002070516348,0.1627116670133546,0.3726685829460621,0.5674523749621585
2743,random_2740,random_cycle_chord,20260823,baseline,0,200,4,14,17,4.297981205475211,True,True,,perf/incremental-yamada-frontier-order,1d8374f42cccbb16d78d44100a65ca603d7d1997,3.14.7,macOS-26.6.2-arm64-arm-64bit-Mach-O,arm,0.046830249950289726,0.16109175002202392,0.022968624951317906,0.008191249915398657,0.008344917092472315,0.016762916930019855,3.1374976970255375e-05,0.00855645805131644,0.009132416918873787,0.0008449580054730177,0.035328124882653356,0.07486066594719887,9.891600348055363e-05,0.23897337506059557,0.012296541011892259,0.25126991607248783,2.008303999900818e-05,9.81249613687396e-05,0.08715720695909113,0.29507920693140477,0.5386834169039503
2744,random_2741,random_cycle_chord,20260823,baseline,0,200,3,14,16,4.296637264882183,True,True,,perf/incremental-yamada-frontier-order,1d8374f42cccbb16d78d44100a65ca603d7d1997,3.14.7,macOS-26.6.2-arm64-arm-64bit-Mach-O,arm,0.04320974997244775,0.1594468338880688,0.02140674996189773,0.007457499974407256,0.00725304102525115,0.014244124991819263,2.4125096388161182e-05,0.007419208995997906,0.007588582928292453,0.000577750033698976,0.02985379204619676,0.06599208398256451,8.150003850460052e-05,0.22233504196628928,0.009355709073133767,0.23169075103942305,1.6874982975423336e-05,8.01669666543603e-05,0.07534779305569828,0.2780043769162148,0.5048249999526888
2745,random_2742,random_cycle_chord,20260823,crossing_rich,5,200,5,8,12,4.297235033670543,True,True,,perf/incremental-yamada-frontier-order,1d8374f42cccbb16d78d44100a65ca603d7d1997,3.14.7,macOS-26.6.2-arm64-arm-64bit-Mach-O,arm,0.03339399991091341,0.16170450008939952,0.04328495904337615,0.011856207973323762,0.01363916601985693,0.026882583973929286,5.224999040365219e-05,0.013760457979515195,0.014849375002086163,0.0015077919233590364,0.05705245886929333,0.125868208007887,0.00019191601313650608,0.17737483291421086,0.03451450006105006,0.2118893329752609,3.666698466986418e-05,0.00018158298917114735,0.16038270806893706,0.35548120806925,0.5382843340048566
2746,random_2743,random_cycle_chord,20260823,baseline,0,200,3,9,11,5.350218569564188,True,True,,perf/incremental-yamada-frontier-order,1d8374f42cccbb16d78d44100a65ca603d7d1997,3.14.7,macOS-26.6.2-arm64-arm-64bit-Mach-O,arm,0.036393166054040194,0.16918654192704707,0.027524041943252087,0.008295666077174246,0.007811915944330394,0.015206041978672147,3.608304541558027e-05,0.007855875068344176,0.007959999958984554,0.000596832949668169,0.031654833001084626,0.07531858293805271,8.754106238484383e-05,0.15637524996418506,0.009194292011670768,0.16556954197585583,1.7125043086707592e-05,8.729100227355957e-05,0.08451287494972348,0.29009258293081075,0.45143220911268145
2747,random_2744,random_cycle_chord,20260823,baseline,0,200,3,9,11,5.3942321720156885,True,True,,perf/incremental-yamada-frontier-order,1d8374f42cccbb16d78d44100a65ca603d7d1997,3.14.7,macOS-26.6.2-arm64-arm-64bit-Mach-O,arm,0.03507149999495596,0.16197212494444102,0.028488375013694167,0.0077625419944524765,0.007461042026989162,0.01574037503451109,5.745899397879839e-05,0.00837537506595254,0.008245917037129402,0.0005820420337840915,0.03300116816535592,0.07673462491948158,9.266694542020559e-05,0.16182729101274163,0.00969291606452316,0.17152020707726479,1.7874990589916706e-05,8.5500068962574e-05,0.08642754098400474,0.2834711659234017,0.4500855830265209
2748,random_2745,random_cycle_chord,20260823,crossing_rich,4,200,5,9,13,6.082036528606882,True,True,,perf/incremental-yamada-frontier-order,1d8374f42cccbb16d78d44100a65ca603d7d1997,3.14.7,macOS-26.6.2-arm64-arm-64bit-Mach-O,arm,0.048181749996729195,0.16154908307362348,0.05867433291859925,0.011686249985359609,0.011683625052683055,0.022468916955403984,6.162491627037525e-05,0.011588542023673654,0.01237620902247727,0.0015092500252649188,0.0480045429430902,0.13008870801422745,9.758397936820984e-05,0.190253208973445,0.028193083009682596,0.2184462919831276,2.862501423805952e-05,0.00017016706988215446,0.15828179102391005,0.3680126240942627,0.5631931670941412
2749,random_2746,random_cycle_chord,20260823,crossing_rich,6,200,6,11,16,5.220177293162445,True,True,,perf/incremental-yamada-frontier-order,1d8374f42cccbb16d78d44100a65ca603d7d1997,3.14.7,macOS-26.6.2-arm64-arm-64bit-Mach-O,arm,0.051086500054225326,0.16088991705328226,0.052934667095541954,0.015082083060406148,0.014798333053477108,0.02945329202339053,4.891690332442522e-05,0.015304917003959417,0.01615308306645602,0.0017308330861851573,0.06269104208331555,0.14555445802398026,0.00010562490206211805,0.23492070892825723,0.0360980830155313,0.27101879194378853,3.4541008062660694e-05,0.00018812494818121195,0.18165254103951156,0.39362895814701915,0.6339734999928623
2750,random_2747,random_cycle_chord,20260823,baseline,0,200,3,9,11,5.384480668476276,True,True,,perf/incremental-yamada-frontier-order,1d8374f42cccbb16d78d44100a65ca603d7d1997,3.14.7,macOS-26.6.2-arm64-arm-64bit-Mach-O,arm,0.03447883401531726,0.16059324995148927,0.029436707962304354,0.007509040995500982,0.007522999891079962,0.015186708071269095,2.3166066966950893e-05,0.007671041996218264,0.007974333013407886,0.0005937089445069432,0.03144895809236914,0.07593970897141844,6.929191295057535e-05,0.15484408289194107,0.009866041014902294,0.16471012390684336,1.737498678267002e-05,8.108408655971289e-05,0.08580574998632073,0.28087783395312726,0.4403955830493942
2751,random_2748,random_cycle_chord,20260823,crossing_rich,5,200,5,8,12,4.2321923441459175,True,True,,perf/incremental-yamada-frontier-order,1d8374f42cccbb16d78d44100a65ca603d7d1997,3.14.7,macOS-26.6.2-arm64-arm-64bit-Mach-O,arm,0.03294491698034108,0.16110983293037862,0.05051329091656953,0.011845499975606799,0.013334000017493963,0.02631291700527072,4.091695882380009e-05,0.013653457979671657,0.014368125004693866,0.0014410419389605522,0.055816458887420595,0.1315449170069769,0.00017304206266999245,0.28497741697356105,0.029736457974649966,0.314713874948211,2.6708003133535385e-05,0.000158625072799623,0.16128137498162687,0.35533612489234656,0.6450648750178516
2752,random_2749,random_cycle_chord,20260823,crossing_rich,5,200,5,8,12,4.159935207593939,True,True,,perf/incremental-yamada-frontier-order,1d8374f42cccbb16d78d44100a65ca603d7d1997,3.14.7,macOS-26.6.2-arm64-arm-64bit-Mach-O,arm,0.03256162500474602,0.15939241601154208,0.04871541599277407,0.011697333073243499,0.013375625014305115,0.026579542085528374,3.937492147088051e-05,0.013708207989111543,0.014359208988025784,0.0013994999462738633,0.056085833930410445,0.1299098749877885,0.0001705000177025795,0.28918529103975743,0.02690587507095188,0.3160911661107093,2.7833040803670883e-05,0.0001646250020712614,0.15681575005874038,0.3487697910750285,0.6428505419753492
2753,random_2750,random_cycle_chord,20260823,crossing_rich,4,200,5,10,14,5.444633189732379,True,True,,perf/incremental-yamada-frontier-order,1d8374f42cccbb16d78d44100a65ca603d7d1997,3.14.7,macOS-26.6.2-arm64-arm-64bit-Mach-O,arm,0.04536608303897083,0.15928299992810935,0.06203133298549801,0.011128999991342425,0.011877125012688339,0.023509792052209377,4.0624989196658134e-05,0.012147957924753428,0.012821333017200232,0.001385499956086278,0.04990520793944597,0.1349785840138793,8.716701995581388e-05,0.2004932080162689,0.026074041961692274,0.22656724997796118,2.6124995201826096e-05,0.00015687488485127687,0.16105262597557157,0.36570170894265175,0.5713872499763966
2754,random_2751,random_cycle_chord,20260823,baseline,0,200,3,11,13,5.225535216392656,True,True,,perf/incremental-yamada-frontier-order,1d8374f42cccbb16d78d44100a65ca603d7d1997,3.14.7,macOS-26.6.2-arm64-arm-64bit-Mach-O,arm,0.04071287496481091,0.15831387497019023,0.025484874960966408,0.007104999967850745,0.007137916050851345,0.013986208010464907,2.3333006538450718e-05,0.0072576249949634075,0.007426500087603927,0.0005779589992016554,0.029271625098772347,0.06902083393651992,7.220800034701824e-05,0.1791144999442622,0.009082291973754764,0.18819679191801697,1.5208031982183456e-05,7.854204159229994e-05,0.07810312591027468,0.2771298758452758,0.46129341691266745
2755,random_2752,random_cycle_chord,20260823,crossing_rich,5,200,5,8,12,4.206659462077308,True,True,,perf/incremental-yamada-frontier-order,1d8374f42cccbb16d78d44100a65ca603d7d1997,3.14.7,macOS-26.6.2-arm64-arm-64bit-Mach-O,arm,0.032661458011716604,0.15820083394646645,0.03920787503011525,0.011406583013013005,0.013058207929134369,0.026263749925419688,4.3082982301712036e-05,0.0136085000121966,0.014276832924224436,0.00146920804399997,0.05566137388814241,0.11937395797576755,0.00027720804791897535,0.2813873329432681,0.02905179199296981,0.31043912493623793,2.5959103368222713e-05,0.0001579170348122716,0.14842574996873736,0.3392880419269204,0.6254656659439206
2756,random_2753,random_cycle_chord,20260823,baseline,0,200,3,8,10,6.189315541353027,True,True,,perf/incremental-yamada-frontier-order,1d8374f42cccbb16d78d44100a65ca603d7d1997,3.14.7,macOS-26.6.2-arm64-arm-64bit-Mach-O,arm,0.034839041996747255,0.1543374159373343,0.03553895896766335,0.006869125063531101,0.006939958082512021,0.013768916949629784,2.2165942937135696e-05,0.007125957985408604,0.0072981249541044235,0.0005770829739049077,0.028792248805984855,0.07815962505992502,5.979195702821016e-05,0.13336450001224875,0.009279833058826625,0.14264433307107538,1.4499993994832039e-05,7.220800034701824e-05,0.08743945811875165,0.2766159160528332,0.41428283404093236
2757,random_2754,random_cycle_chord,20260823,baseline,0,200,3,8,10,6.1077590735820655,True,True,,perf/incremental-yamada-frontier-order,1d8374f42cccbb16d78d44100a65ca603d7d1997,3.14.7,macOS-26.6.2-arm64-arm-64bit-Mach-O,arm,0.03421687497757375,0.15506712498608977,0.032716582994908094,0.0067616659216582775,0.006928374990820885,0.013689666986465454,2.2417050786316395e-05,0.007088624988682568,0.007298166048713028,0.0005902079865336418,0.02868908306118101,0.07511620898731053,6.145797669887543e-05,0.1367655829526484,0.009490375057794154,0.14625595801044255,1.48330582305789e-05,7.612502668052912e-05,0.08460658404510468,0.2738905840087682,0.41497095802333206
2758,random_2755,random_cycle_chord,20260823,baseline,0,200,3,8,10,6.1647775397038025,True,True,,perf/incremental-yamada-frontier-order,1d8374f42cccbb16d78d44100a65ca603d7d1997,3.14.7,macOS-26.6.2-arm64-arm-64bit-Mach-O,arm,0.034996084054000676,0.15633945807348937,0.035624500014819205,0.006919292034581304,0.0069054580526426435,0.013588416972197592,2.2166059352457523e-05,0.00706820806954056,0.007261249935254455,0.0005850000306963921,0.028525041067041457,0.07799425011035055,6.3000014051795e-05,0.13814704201649874,0.00971650006249547,0.14786354207899421,1.4999997802078724e-05,7.504108361899853e-05,0.08771075017284602,0.27904629230033606,0.4215299169300124
2759,random_2756,random_cycle_chord,20260823,crossing_rich,4,200,5,11,15,4.990828530556677,True,True,,perf/incremental-yamada-frontier-order,1d8374f42cccbb16d78d44100a65ca603d7d1997,3.14.7,macOS-26.6.2-arm64-arm-64bit-Mach-O,arm,0.04469720891211182,0.1570910830050707,0.0517321249935776,0.010774291004054248,0.011982792057096958,0.02360979199875146,4.875008016824722e-05,0.01220250001642853,0.012896667001768947,0.0014123329892754555,0.05017004208639264,0.12470483407378197,9.550002869218588e-05,0.21392820903565735,0.02746679203119129,0.24139500106684864,2.6875059120357037e-05,0.00016354199033230543,0.15217162610497326,0.35395991802215576,0.5729309999151155
2760,random_2757,random_cycle_chord,20260823,baseline,0,200,4,10,13,4.663568909767389,True,True,,perf/incremental-yamada-frontier-order,1d8374f42cccbb16d78d44100a65ca603d7d1997,3.14.7,macOS-26.6.2-arm64-arm-64bit-Mach-O,arm,0.0405477921012789,0.19172283296938986,0.02692516695242375,0.008925083908252418,0.008572958060540259,0.016829582978971303,3.2917014323174953e-05,0.008788708015345037,0.009061541990377009,0.0007802080363035202,0.035492958035320044,0.07994612492620945,9.204202797263861e-05,0.1892037499928847,0.012071541044861078,0.20127529103774577,2.8499984182417393e-05,0.00011462497059255838,0.09201766597107053,0.3242882910417393,0.5185410829726607
2761,random_2758,random_cycle_chord,20260823,crossing_rich,6,200,6,11,16,5.224343426214428,True,True,,perf/incremental-yamada-frontier-order,1d8374f42cccbb16d78d44100a65ca603d7d1997,3.14.7,macOS-26.6.2-arm64-arm-64bit-Mach-O,arm,0.051098291063681245,0.1608032078947872,0.056117999949492514,0.012938625062815845,0.014210457913577557,0.028542500105686486,7.30000901967287e-05,0.014922583010047674,0.015295624965801835,0.0018184579676017165,0.06065216613933444,0.14397495798766613,0.00013220799155533314,0.2359338749665767,0.03611704194918275,0.27205091691575944,3.491691313683987e-05,0.000191875034943223,0.18009199993684888,0.3919934988953173,0.6336067089578137
2762,random_2759,random_cycle_chord,20260823,baseline,0,200,3,10,12,4.662629345389584,True,True,,perf/incremental-yamada-frontier-order,1d8374f42cccbb16d78d44100a65ca603d7d1997,3.14.7,macOS-26.6.2-arm64-arm-64bit-Mach-O,arm,0.03430733294226229,0.1609398340806365,0.02613329200539738,0.0073252919828519225,0.0070711669977754354,0.013922540936619043,2.395804040133953e-05,0.00721645902376622,0.007466916926205158,0.0006087500369176269,0.029238624963909388,0.06978900008834898,7.170799653977156e-05,0.15695091697853059,0.010011333972215652,0.16696225095074624,1.5832949429750443e-05,8.166709449142218e-05,0.07980033406056464,0.27504750108346343,0.4365010419860482
2763,random_2760,random_cycle_chord,20260823,baseline,0,200,3,13,15,4.561669749946591,True,True,,perf/incremental-yamada-frontier-order,1d8374f42cccbb16d78d44100a65ca603d7d1997,3.14.7,macOS-26.6.2-arm64-arm-64bit-Mach-O,arm,0.04141545796301216,0.15779933403246105,0.024748500087298453,0.007182333036325872,0.006907666102051735,0.013528165989555418,2.2458028979599476e-05,0.007017791969701648,0.007223290973342955,0.0005453329067677259,0.028337039868347347,0.06719566707033664,7.741700392216444e-05,0.20233999995980412,0.008833457948639989,0.2111734579084441,1.5083001926541328e-05,7.283291779458523e-05,0.07602912501897663,0.27524391701444983,0.48203091602772474
2764,random_2761,random_cycle_chord,20260823,crossing_rich,5,200,5,8,12,4.127371581022727,True,True,,perf/incremental-yamada-frontier-order,1d8374f42cccbb16d78d44100a65ca603d7d1997,3.14.7,macOS-26.6.2-arm64-arm-64bit-Mach-O,arm,0.031798332929611206,0.1531832079635933,0.040313250035978854,0.010972792049869895,0.012673291028477252,0.025040667038410902,3.79589619114995e-05,0.012954958947375417,0.01371116703376174,0.001348624937236309,0.05309337691869587,0.11708666698541492,0.0001621670089662075,0.16741020802874118,0.027903457987122238,0.19531366601586342,2.450007013976574e-05,0.00014637503772974014,0.14499012497253716,0.32997166586574167,0.5022555839968845
2765,random_2762,random_cycle_chord,20260823,baseline,0,200,3,11,13,4.033392579518152,True,True,,perf/incremental-yamada-frontier-order,1d8374f42cccbb16d78d44100a65ca603d7d1997,3.14.7,macOS-26.6.2-arm64-arm-64bit-Mach-O,arm,0.032347041997127235,0.1502426250372082,0.018825333914719522,0.0069764170330017805,0.0072062090039253235,0.014280250063166022,2.2332998923957348e-05,0.0073702080408111215,0.007561707985587418,0.0005594169488176703,0.02979391603730619,0.06282095902133733,6.600003689527512e-05,0.16929429199080914,0.008895374950952828,0.17818966694176197,1.3833981938660145e-05,6.833299994468689e-05,0.07171633397229016,0.2543060010066256,0.42779929109383374
2766,random_2763,random_cycle_chord,20260823,baseline,0,200,3,9,11,5.3624086586265785,True,True,,perf/incremental-yamada-frontier-order,1d8374f42cccbb16d78d44100a65ca603d7d1997,3.14.7,macOS-26.6.2-arm64-arm-64bit-Mach-O,arm,0.03218766604550183,0.14931683300528675,0.027051334036514163,0.006286084069870412,0.006300417007878423,0.012529707979410887,2.1959072910249233e-05,0.006545666954480112,0.00676891696639359,0.0005564590683206916,0.02642271004151553,0.06607941607944667,6.04590168222785e-05,0.1443926669890061,0.0090047080302611,0.1533973750192672,1.4040968380868435e-05,6.591598503291607e-05,0.07508412410970777,0.25658862316049635,0.40515949996188283
2767,random_2764,random_cycle_chord,20260823,crossing_rich,5,200,6,11,16,4.608656377187295,True,True,,perf/incremental-yamada-frontier-order,1d8374f42cccbb16d78d44100a65ca603d7d1997,3.14.7,macOS-26.6.2-arm64-arm-64bit-Mach-O,arm,0.04244412505067885,0.15608708304353058,0.04910204198677093,0.012077124905772507,0.013539833948016167,0.02760262507945299,8.795794565230608e-05,0.014128624927252531,0.015254875062964857,0.001734833000227809,0.058808916015550494,0.13357508298940957,0.00012258300557732582,0.24008112505543977,0.03346270800102502,0.2735438330564648,3.2625044696033e-05,0.0001948750577867031,0.1670377909904346,0.365568999084644,0.6109391660429537
2768,random_2765,random_cycle_chord,20260823,baseline,0,200,3,10,12,5.619102327929571,True,True,,perf/incremental-yamada-frontier-order,1d8374f42cccbb16d78d44100a65ca603d7d1997,3.14.7,macOS-26.6.2-arm64-arm-64bit-Mach-O,arm,0.040557125001214445,0.16449658304918557,0.031878249952569604,0.0071884579956531525,0.007073666900396347,0.013946874998509884,2.3416941985487938e-05,0.007211584015749395,0.007631000014953315,0.0005804159445688128,0.029393291915766895,0.0755549999885261,6.987503729760647e-05,0.26162474998272955,0.012050249963067472,0.273674999945797,2.4583074264228344e-05,0.00011845806147903204,0.08760524995159358,0.2926589580019936,0.5589588340371847
2769,random_2766,random_cycle_chord,20260823,baseline,0,200,3,11,13,5.228540797177242,True,True,,perf/incremental-yamada-frontier-order,1d8374f42cccbb16d78d44100a65ca603d7d1997,3.14.7,macOS-26.6.2-arm64-arm-64bit-Mach-O,arm,0.05191220797132701,0.2083391669439152,0.029254082939587533,0.008429250097833574,0.008080292027443647,0.015969457919709384,3.9790989831089973e-05,0.008395625045523047,0.008307958021759987,0.0006067079957574606,0.03331953997258097,0.07910808303859085,0.00010612490586936474,0.19455775001551956,0.00964100006967783,0.2041987500851974,1.679197885096073e-05,8.283299393951893e-05,0.08874908310826868,0.3490004580235109,0.5485634170472622
2770,random_2767,random_cycle_chord,20260823,baseline,0,200,3,9,11,5.38647235605567,True,True,,perf/incremental-yamada-frontier-order,1d8374f42cccbb16d78d44100a65ca603d7d1997,3.14.7,macOS-26.6.2-arm64-arm-64bit-Mach-O,arm,0.03864358295686543,0.177573167020455,0.03046041599009186,0.008154083974659443,0.00768966693431139,0.015172041021287441,3.1125033274292946e-05,0.007911707973107696,0.008058957988396287,0.000604833010584116,0.03177866502664983,0.07810858299490064,8.170900400727987e-05,0.1897241249680519,0.015133209060877562,0.20485733402892947,4.070904105901718e-05,0.00017129105981439352,0.0932417920557782,0.30945854203309864,0.5044630409684032
2771,random_2768,random_cycle_chord,20260823,baseline,0,200,4,11,14,4.0457121959173765,True,True,,perf/incremental-yamada-frontier-order,1d8374f42cccbb16d78d44100a65ca603d7d1997,3.14.7,macOS-26.6.2-arm64-arm-64bit-Mach-O,arm,0.050155666074715555,0.18695583299268037,0.028174874954856932,0.00935104105155915,0.009376458008773625,0.018327958998270333,5.220889579504728e-05,0.009395417058840394,0.009355457965284586,0.0008292499696835876,0.03796029288787395,0.08490849996451288,0.00010337505955249071,0.225785042042844,0.016649292083457112,0.2424343341263011,3.0249939300119877e-05,0.00012462504673749208,0.10155779204797,0.3386692911153659,0.5698890839703381
2772,random_2769,random_cycle_chord,20260823,crossing_rich,4,200,5,10,14,5.4373582214077985,True,True,,perf/incremental-yamada-frontier-order,1d8374f42cccbb16d78d44100a65ca603d7d1997,3.14.7,macOS-26.6.2-arm64-arm-64bit-Mach-O,arm,0.07167629199102521,0.19949245906900615,0.05992458399850875,0.011677792062982917,0.012548625003546476,0.025567458011209965,7.741688750684261e-05,0.013311333023011684,0.013777417014352977,0.0014957080129534006,0.05422933294903487,0.13841945899184793,0.00012445903848856688,0.21848791593220085,0.027673042030073702,0.24616095796227455,3.158301115036011e-05,0.00016941700596362352,0.16609250102192163,0.437261252081953,0.6613322920165956
2773,random_2770,random_cycle_chord,20260823,crossing_rich,2,200,4,8,11,6.598901273501192,True,True,,perf/incremental-yamada-frontier-order,1d8374f42cccbb16d78d44100a65ca603d7d1997,3.14.7,macOS-26.6.2-arm64-arm-64bit-Mach-O,arm,0.04551470803562552,0.17169674998149276,0.05923387501388788,0.009730500052683055,0.009780791006051004,0.01893262506928295,4.337495192885399e-05,0.00982829206623137,0.010527041973546147,0.001105374889448285,0.040436708950437605,0.11923308297991753,9.995803702622652e-05,0.1674183749128133,0.019658833974972367,0.18707720888778567,2.6333029381930828e-05,0.00013675005175173283,0.1388919169548899,0.35610337497200817,0.5285012919921428
2774,random_2771,random_cycle_chord,20260823,crossing_rich,2,200,4,9,12,5.636686802676782,True,True,,perf/incremental-yamada-frontier-order,1d8374f42cccbb16d78d44100a65ca603d7d1997,3.14.7,macOS-26.6.2-arm64-arm-64bit-Mach-O,arm,0.04175120801664889,0.1638456250075251,0.054179791011847556,0.011089790961705148,0.010025541996583343,0.021050291950814426,7.041601929813623e-05,0.010145750013180077,0.010736624943092465,0.001029832987114787,0.04303291591349989,0.11838962510228157,0.000100292032584548,0.1801665830425918,0.01924512500409037,0.19941170804668218,2.4542096070945263e-05,0.00012287497520446777,0.13763475010637194,0.3432315831305459,0.5284133339300752
2775,random_2772,random_cycle_chord,20260823,crossing_rich,5,200,5,8,12,4.1577346065429435,True,True,,perf/incremental-yamada-frontier-order,1d8374f42cccbb16d78d44100a65ca603d7d1997,3.14.7,macOS-26.6.2-arm64-arm-64bit-Mach-O,arm,0.034287875052541494,0.1622083339607343,0.042618124978616834,0.011966958991251886,0.013494875049218535,0.02666229207534343,6.229197606444359e-05,0.01361212506890297,0.014452290954068303,0.0014009159058332443,0.05618991598021239,0.12430770799983293,0.00018962507601827383,0.18306533398572356,0.03128487500362098,0.21435020898934454,3.100000321865082e-05,0.00020174996461719275,0.1555925830034539,0.3520887920167297,0.5407886249013245
2776,random_2773,random_cycle_chord,20260823,crossing_rich,5,200,5,10,14,4.272004018535649,True,True,,perf/incremental-yamada-frontier-order,1d8374f42cccbb16d78d44100a65ca603d7d1997,3.14.7,macOS-26.6.2-arm64-arm-64bit-Mach-O,arm,0.04006745899096131,0.16107812500558794,0.043450415949337184,0.011612707981839776,0.013060707948170602,0.025777249946258962,6.191700231283903e-05,0.013230917043983936,0.014377124956808984,0.0015369580360129476,0.05498416698537767,0.12315654195845127,0.00012958410661667585,0.32283550000283867,0.040713250054977834,0.3635487500578165,4.6166940592229366e-05,0.00017737504094839096,0.1638697920134291,0.36501537600997835,0.692232915898785
2777,random_2774,random_cycle_chord,20260823,crossing_rich,5,200,5,9,13,4.1900948870035695,True,True,,perf/incremental-yamada-frontier-order,1d8374f42cccbb16d78d44100a65ca603d7d1997,3.14.7,macOS-26.6.2-arm64-arm-64bit-Mach-O,arm,0.0389142909552902,0.17383695906028152,0.042873541940934956,0.011805625050328672,0.013510999968275428,0.026296708034351468,6.049999501556158e-05,0.013556792051531374,0.014404542045667768,0.00145800004247576,0.05577654216904193,0.12400616693776101,0.00012624997179955244,0.19550633302424103,0.029266332974657416,0.22477266599889845,2.9207905754446983e-05,0.00016437505837529898,0.15327249991241843,0.36602374992799014,0.5668187919072807
2778,random_2775,random_cycle_chord,20260823,crossing_rich,2,200,4,8,11,6.4663416912146126,True,True,,perf/incremental-yamada-frontier-order,1d8374f42cccbb16d78d44100a65ca603d7d1997,3.14.7,macOS-26.6.2-arm64-arm-64bit-Mach-O,arm,0.04455091699492186,0.16389429103583097,0.05611929204314947,0.00956712500192225,0.00969779200386256,0.0190120420884341,4.22910088673234e-05,0.009865458006970584,0.01027333305682987,0.000979167059995234,0.04017229122109711,0.11559529195073992,9.837490506470203e-05,0.2708860409911722,0.01794779091142118,0.2888338319025934,2.562499139457941e-05,0.0001236249227076769,0.1335430828621611,0.34198829089291394,0.6174127500271425
2779,random_2776,random_cycle_chord,20260823,crossing_rich,5,200,5,9,13,4.309228121486294,True,True,,perf/incremental-yamada-frontier-order,1d8374f42cccbb16d78d44100a65ca603d7d1997,3.14.7,macOS-26.6.2-arm64-arm-64bit-Mach-O,arm,0.0400920839747414,0.17900262493640184,0.046698416932486,0.012383542023599148,0.013787209056317806,0.027272999985143542,6.854196544736624e-05,0.014123499975539744,0.014805292012169957,0.0015363749116659164,0.057806708849966526,0.13072391599416733,0.00011137500405311584,0.25376408302690834,0.0371481659822166,0.29091224900912493,3.9209029637277126e-05,0.0002038750099018216,0.16787208197638392,0.38696679088752717,0.6465947079705074
2780,random_2777,random_cycle_chord,20260823,baseline,0,200,3,11,13,4.065975960728582,True,True,,perf/incremental-yamada-frontier-order,1d8374f42cccbb16d78d44100a65ca603d7d1997,3.14.7,macOS-26.6.2-arm64-arm-64bit-Mach-O,arm,0.033319916925393045,0.17862204206176102,0.023140958044677973,0.007432208047248423,0.007075833040289581,0.013885458931326866,2.3875036276876926e-05,0.0072466249112039804,0.007353082997724414,0.0005789999850094318,0.02908804186154157,0.06676395807880908,9.200000204145908e-05,0.17863654100801796,0.009459791937842965,0.18809633294586092,1.850002445280552e-05,8.170807268470526e-05,0.07622375001665205,0.2881657090038061,0.4713321670424193
2781,random_2778,random_cycle_chord,20260823,crossing_rich,4,200,5,10,14,5.391423438603187,True,True,,perf/incremental-yamada-frontier-order,1d8374f42cccbb16d78d44100a65ca603d7d1997,3.14.7,macOS-26.6.2-arm64-arm-64bit-Mach-O,arm,0.04402458295226097,0.16490633401554078,0.050004207994788885,0.010931624914519489,0.011774250073358417,0.023193208035081625,4.8749963752925396e-05,0.012050666031427681,0.012734082993119955,0.0013893330469727516,0.04941604007035494,0.12216225010342896,9.941705502569675e-05,0.2018032920313999,0.027000000001862645,0.22880329203326255,2.6415917091071606e-05,0.0001567919971421361,0.1491622501052916,0.35809316707309335,0.5648284999188036
2782,random_2779,random_cycle_chord,20260823,crossing_rich,5,200,5,8,12,4.103076426705897,True,True,,perf/incremental-yamada-frontier-order,1d8374f42cccbb16d78d44100a65ca603d7d1997,3.14.7,macOS-26.6.2-arm64-arm-64bit-Mach-O,arm,0.03245137492194772,0.15715633309446275,0.04386887501459569,0.011825333000160754,0.01349333394318819,0.02674749994184822,4.070799332112074e-05,0.013706541969440877,0.014486792031675577,0.0015094579430297017,0.056490999879315495,0.12571575003676116,0.00021312502212822437,0.17470450000837445,0.03027062490582466,0.2049751249141991,2.6416964828968048e-05,0.00016962492372840643,0.15598637494258583,0.3455940829589963,0.5252741660224274
2783,random_2780,random_cycle_chord,20260823,baseline,0,200,3,9,11,5.410993462277433,True,True,,perf/incremental-yamada-frontier-order,1d8374f42cccbb16d78d44100a65ca603d7d1997,3.14.7,macOS-26.6.2-arm64-arm-64bit-Mach-O,arm,0.034845249960199,0.15794462501071393,0.02729370805900544,0.007179999956861138,0.007155624916777015,0.014039500034414232,2.3042084649205208e-05,0.007571041933260858,0.008394041913561523,0.0006295419298112392,0.030657167895697057,0.07230829109903425,9.212503209710121e-05,0.16649770899675786,0.01144100003875792,0.17793870903551579,1.8415972590446472e-05,8.133298251777887e-05,0.08374929113779217,0.2765391661087051,0.4476004169555381
2784,random_2781,random_cycle_chord,20260823,baseline,0,200,3,10,12,5.621845538364812,True,True,,perf/incremental-yamada-frontier-order,1d8374f42cccbb16d78d44100a65ca603d7d1997,3.14.7,macOS-26.6.2-arm64-arm-64bit-Mach-O,arm,0.04477316699922085,0.2348032919690013,0.029989375034347177,0.008045959053561091,0.008137667085975409,0.015817583072930574,2.9249931685626507e-05,0.008214666973799467,0.008737041964195669,0.0006546659860759974,0.033453207928687334,0.07965087506454438,9.579199831932783e-05,0.19069383305031806,0.01065333397127688,0.20134716702159494,1.995800994336605e-05,8.849997539073229e-05,0.09030420903582126,0.3698806680040434,0.5654907500138506
2785,random_2782,random_cycle_chord,20260823,crossing_rich,2,200,4,8,11,6.601981617968433,True,True,,perf/incremental-yamada-frontier-order,1d8374f42cccbb16d78d44100a65ca603d7d1997,3.14.7,macOS-26.6.2-arm64-arm-64bit-Mach-O,arm,0.049949832959100604,0.19064062496181577,0.08778445899952203,0.016598833026364446,0.014541542041115463,0.03259895893279463,9.908305946737528e-05,0.014827167033217847,0.014345499919727445,0.0014066669391468167,0.06327737588435411,0.182295833947137,0.00020300003234297037,0.21140816702973098,0.022324791993014514,0.2337329590227455,2.829195000231266e-05,0.00015362503472715616,0.2046206259401515,0.4452110838610679,0.6628076250199229
2786,random_2783,random_cycle_chord,20260823,baseline,0,200,3,10,12,4.708707343947946,True,True,,perf/incremental-yamada-frontier-order,1d8374f42cccbb16d78d44100a65ca603d7d1997,3.14.7,macOS-26.6.2-arm64-arm-64bit-Mach-O,arm,0.03978370793629438,0.18338495795615017,0.024274374940432608,0.00797329202760011,0.007539249956607819,0.015491709113121033,5.9709069319069386e-05,0.008187292027287185,0.008346667047590017,0.0006209589773789048,0.03270633623469621,0.07251537498086691,9.549991227686405e-05,0.16936383303254843,0.009883917053230107,0.17924775008577853,1.8332968465983868e-05,0.00010549998842179775,0.08239929203409702,0.30556795792654157,0.4799908749992028
2787,random_2784,random_cycle_chord,20260823,baseline,0,200,3,9,11,5.390747406639879,True,True,,perf/incremental-yamada-frontier-order,1d8374f42cccbb16d78d44100a65ca603d7d1997,3.14.7,macOS-26.6.2-arm64-arm-64bit-Mach-O,arm,0.037383791990578175,0.17350191599689424,0.03149287507403642,0.007504832930862904,0.007592667010612786,0.01489916699938476,2.5499961338937283e-05,0.007742332993075252,0.007947957958094776,0.0006430000066757202,0.031257957918569446,0.07787145802285522,7.316702976822853e-05,0.16245212499052286,0.010423208004795015,0.17287533299531788,1.708301715552807e-05,8.925003930926323e-05,0.08829466602765024,0.29918037401512265,0.4664835419971496
2788,random_2785,random_cycle_chord,20260823,crossing_rich,2,200,4,8,11,6.586711597482869,True,True,,perf/incremental-yamada-frontier-order,1d8374f42cccbb16d78d44100a65ca603d7d1997,3.14.7,macOS-26.6.2-arm64-arm-64bit-Mach-O,arm,0.044319374952465296,0.16360325005371124,0.05640704196412116,0.00914466695394367,0.009355208021588624,0.018355749896727502,3.416708204895258e-05,0.009719375055283308,0.010004041017964482,0.001028417027555406,0.03914175007957965,0.11407720798160881,7.270800415426493e-05,0.15748979104682803,0.01814933307468891,0.17563912412151694,2.108304761350155e-05,0.00012370804324746132,0.13222654105629772,0.34014916606247425,0.5023559170076624
2789,random_2786,random_cycle_chord,20260823,baseline,0,200,3,8,10,6.137762326301547,True,True,,perf/incremental-yamada-frontier-order,1d8374f42cccbb16d78d44100a65ca603d7d1997,3.14.7,macOS-26.6.2-arm64-arm-64bit-Mach-O,arm,0.03579979098867625,0.15933125000447035,0.0348163329763338,0.007206041947938502,0.007084042066708207,0.014022958930581808,2.26249685510993e-05,0.00725158303976059,0.007488791947253048,0.0006069170776754618,0.029392875963822007,0.07851991697680205,5.974993109703064e-05,0.13962900009937584,0.010190707980655134,0.14981970808003098,1.6874982975423336e-05,8.520798292011023e-05,0.08871062495745718,0.2838416659506038,0.42797245807014406
2790,random_2787,random_cycle_chord,20260823,crossing_rich,5,200,5,8,12,4.097320121077225,True,True,,perf/incremental-yamada-frontier-order,1d8374f42cccbb16d78d44100a65ca603d7d1997,3.14.7,macOS-26.6.2-arm64-arm-64bit-Mach-O,arm,0.03296954196412116,0.1969837499782443,0.04241987504065037,0.012406042078509927,0.013927667052485049,0.026868834043852985,5.470798350870609e-05,0.014180041966028512,0.015033000032417476,0.0015800419496372342,0.05771662597544491,0.12651195796206594,0.00022795796394348145,0.17886691691819578,0.030389499966986477,0.20925641688518226,2.6957946829497814e-05,0.00017274997662752867,0.1569014579290524,0.3868547498714179,0.5720344589790329
2791,random_2788,random_cycle_chord,20260823,baseline,0,200,3,9,11,5.337348435300937,True,True,,perf/incremental-yamada-frontier-order,1d8374f42cccbb16d78d44100a65ca603d7d1997,3.14.7,macOS-26.6.2-arm64-arm-64bit-Mach-O,arm,0.034050832968205214,0.15860966697800905,0.027515624999068677,0.007086916943080723,0.006897208048030734,0.013531042030081153,2.3916014470160007e-05,0.007057290989905596,0.007221875013783574,0.0005722499918192625,0.028406374040059745,0.06992812501266599,6.379198748618364e-05,0.15437491599004716,0.009399374946951866,0.16377429093699902,1.7167069017887115e-05,8.008303120732307e-05,0.07932749995961785,0.2719879999058321,0.4308595840120688
2792,random_2789,random_cycle_chord,20260823,baseline,0,200,3,11,13,5.227740990388811,True,True,,perf/incremental-yamada-frontier-order,1d8374f42cccbb16d78d44100a65ca603d7d1997,3.14.7,macOS-26.6.2-arm64-arm-64bit-Mach-O,arm,0.04102129198145121,0.16084416711237282,0.026252791984006763,0.007103958050720394,0.006807542056776583,0.013640459044836462,2.2541964426636696e-05,0.007142291986383498,0.007326167076826096,0.0005749579286202788,0.02870641800109297,0.06889033294282854,7.149996235966682e-05,0.1772195000667125,0.008938417071476579,0.18615791713818908,1.579197123646736e-05,7.874995935708284e-05,0.07782875001430511,0.27969420910812914,0.4614418330602348
2793,random_2790,random_cycle_chord,20260823,crossing_rich,4,200,5,11,15,5.223479761711739,True,True,,perf/incremental-yamada-frontier-order,1d8374f42cccbb16d78d44100a65ca603d7d1997,3.14.7,macOS-26.6.2-arm64-arm-64bit-Mach-O,arm,0.04489329201169312,0.15489866700954735,0.0514652089914307,0.010389458970166743,0.01184937497600913,0.02340974996332079,3.804103471338749e-05,0.01213012496009469,0.012714416021481156,0.00126279192045331,0.049555123900063336,0.123293292010203,9.474996477365494e-05,0.20418304204940796,0.02477954200003296,0.22896258404944092,2.891593612730503e-05,0.00015354098286479712,0.14807283401023597,0.34786479303147644,0.556788791087456
2794,random_2791,random_cycle_chord,20260823,baseline,0,200,4,15,18,4.052684453710694,True,True,,perf/incremental-yamada-frontier-order,1d8374f42cccbb16d78d44100a65ca603d7d1997,3.14.7,macOS-26.6.2-arm64-arm-64bit-Mach-O,arm,0.04789074999280274,0.19935887504834682,0.023309333017095923,0.010360292042605579,0.012639207998290658,0.019183625001460314,6.220804061740637e-05,0.010185208986513317,0.010143875028006732,0.0009800419211387634,0.04055495897773653,0.08699029206763953,0.00013983401004225016,0.37766774999909103,0.033075999934226274,0.4107437499333173,4.112499300390482e-05,0.0001504579558968544,0.1200662920018658,0.36731591704301536,0.7507002089405432
2795,random_2792,random_cycle_chord,20260823,baseline,0,200,3,10,12,4.62648645837197,True,True,,perf/incremental-yamada-frontier-order,1d8374f42cccbb16d78d44100a65ca603d7d1997,3.14.7,macOS-26.6.2-arm64-arm-64bit-Mach-O,arm,0.049863083055242896,0.2333995410008356,0.03046587493736297,0.010012333048507571,0.009597375057637691,0.01770512491930276,7.304095197468996e-05,0.008471791981719434,0.009588708053342998,0.0007925829850137234,0.03663124889135361,0.08677337504923344,0.00010874995496124029,0.20694950001779944,0.012094332952983677,0.21904383297078311,2.5667017325758934e-05,0.00010658404789865017,0.09886770800221711,0.3821303320582956,0.595575041952543
2796,random_2793,random_cycle_chord,20260823,crossing_rich,2,200,4,9,12,6.08478587713304,True,True,,perf/incremental-yamada-frontier-order,1d8374f42cccbb16d78d44100a65ca603d7d1997,3.14.7,macOS-26.6.2-arm64-arm-64bit-Mach-O,arm,0.05068924999795854,0.2456089589977637,0.08817037509288639,0.011683374992571771,0.011440542060881853,0.022019917028956115,7.02079851180315e-05,0.011770917102694511,0.012334875063970685,0.0012463330058380961,0.04744225018657744,0.15880374994594604,0.0001371670514345169,0.20326220896095037,0.020987500087358057,0.22424970904830843,2.9792077839374542e-05,0.00015300000086426735,0.1797912500333041,0.47608945902902633,0.6882999170338735
2797,random_2794,random_cycle_chord,20260823,baseline,0,200,3,9,11,5.395796496420652,True,True,,perf/incremental-yamada-frontier-order,1d8374f42cccbb16d78d44100a65ca603d7d1997,3.14.7,macOS-26.6.2-arm64-arm-64bit-Mach-O,arm,0.04150387493427843,0.173751916969195,0.03179124998860061,0.007696500048041344,0.007414416992105544,0.014835707959719002,3.616698086261749e-05,0.00815662497188896,0.008236833033151925,0.0006232080049812794,0.03188854095060378,0.07881383306812495,9.337509982287884e-05,0.1701176669448614,0.009897041018120944,0.18001470796298236,1.7332960851490498e-05,8.212507236748934e-05,0.0887108740862459,0.30396666598971933,0.47892508399672806
2798,random_2795,random_cycle_chord,20260823,baseline,0,200,4,11,14,4.041614662942833,True,True,,perf/incremental-yamada-frontier-order,1d8374f42cccbb16d78d44100a65ca603d7d1997,3.14.7,macOS-26.6.2-arm64-arm-64bit-Mach-O,arm,0.03981204202864319,0.1659063339466229,0.02372662501875311,0.008807541918940842,0.009148708079010248,0.018002750002779067,3.2542040571570396e-05,0.009220167063176632,0.009325875085778534,0.0007989170262590051,0.03738025121856481,0.07909391599241644,0.0001080839429050684,0.19935312506277114,0.012337208958342671,0.2116903340211138,2.2833002731204033e-05,0.00010041601490229368,0.09143112495075911,0.2971495009260252,0.5014033339684829
2799,random_2796,random_cycle_chord,20260823,crossing_rich,3,200,4,8,11,4.1872973165696985,True,True,,perf/incremental-yamada-frontier-order,1d8374f42cccbb16d78d44100a65ca603d7d1997,3.14.7,macOS-26.6.2-arm64-arm-64bit-Mach-O,arm,0.030321332975290716,0.15945174999069422,0.03481574996840209,0.01000337500590831,0.010781375109218061,0.02120299998205155,3.124994691461325e-05,0.0110062500461936,0.011541458079591393,0.001069999998435378,0.044851958053186536,0.10048066603485495,7.61660048738122e-05,0.1550977500155568,0.019532375037670135,0.17463012505322695,2.145895268768072e-05,0.0001271660439670086,0.12001304107252508,0.30978612403851,0.46952212508767843
2800,random_2797,random_cycle_chord,20260823,baseline,0,200,3,9,11,5.3693193959298515,True,True,,perf/incremental-yamada-frontier-order,1d8374f42cccbb16d78d44100a65ca603d7d1997,3.14.7,macOS-26.6.2-arm64-arm-64bit-Mach-O,arm,0.0342640409944579,0.17256987502332777,0.027978999889455736,0.009593541966751218,0.007944833021610975,0.014682041946798563,3.424996975809336e-05,0.007681209011934698,0.00801008299458772,0.0006426669424399734,0.031050250865519047,0.0766031249659136,0.00010758405551314354,0.16601416689809412,0.009858250035904348,0.17587241693399847,2.0666047930717468e-05,8.53340607136488e-05,0.08646137500181794,0.2932952910196036,0.4642252499470487
2801,random_2798,random_cycle_chord,20260823,crossing_rich,6,200,6,13,18,4.563455230377858,True,True,,perf/incremental-yamada-frontier-order,1d8374f42cccbb16d78d44100a65ca603d7d1997,3.14.7,macOS-26.6.2-arm64-arm-64bit-Mach-O,arm,0.0533784159924835,0.1659368339460343,0.051245582988485694,0.014238332980312407,0.015818042098544538,0.030471541918814182,9.26250359043479e-05,0.015048458008095622,0.015721292002126575,0.0018506250344216824,0.06318454199936241,0.14458383293822408,0.00016262498684227467,0.26818979205563664,0.03642591706011444,0.3046157091157511,3.475008998066187e-05,0.00020058290101587772,0.18100974999833852,0.40032499993685633,0.6741845830110833
2802,random_2799,random_cycle_chord,20260823,baseline,0,200,3,10,12,5.617738477733417,True,True,,perf/incremental-yamada-frontier-order,1d8374f42cccbb16d78d44100a65ca603d7d1997,3.14.7,macOS-26.6.2-arm64-arm-64bit-Mach-O,arm,0.039780791965313256,0.16151387500576675,0.03299991600215435,0.00760262506082654,0.007535167038440704,0.015010500093922019,2.3625092580914497e-05,0.007701875059865415,0.007796208956278861,0.0006295420462265611,0.03116175124887377,0.07932062505278736,7.079099304974079e-05,0.162374124978669,0.009328457992523909,0.1717025829711929,1.6542035154998302e-05,8.691695984452963e-05,0.08864908304531127,0.2899437500163913,0.45685991703066975
2803,random_2800,random_cycle_chord,20260823,baseline,0,200,4,10,13,4.619275934105915,True,True,,perf/incremental-yamada-frontier-order,1d8374f42cccbb16d78d44100a65ca603d7d1997,3.14.7,macOS-26.6.2-arm64-arm-64bit-Mach-O,arm,0.036977624986320734,0.1614382080733776,0.025400207960046828,0.008208833984099329,0.008471040986478329,0.016370957950130105,3.250001464039087e-05,0.008794917026534677,0.009001625003293157,0.0008333330042660236,0.03503333299886435,0.07714366703294218,8.604198228567839e-05,0.1835803750436753,0.012014582986012101,0.1955949580296874,2.2000051103532314e-05,0.0001009589759632945,0.08915825001895428,0.2875740830786526,0.4758982500061393
2804,random_2801,random_cycle_chord,20260823,crossing_rich,4,200,5,8,12,6.583823681966615,True,True,,perf/incremental-yamada-frontier-order,1d8374f42cccbb16d78d44100a65ca603d7d1997,3.14.7,macOS-26.6.2-arm64-arm-64bit-Mach-O,arm,0.04743454197887331,0.16324162506498396,0.0672065420076251,0.011021624901331961,0.01138504093978554,0.022820291109383106,4.04169550165534e-05,0.012036124942824244,0.012610165984369814,0.0015466250479221344,0.04905362403951585,0.13870366697665304,0.00016779103316366673,0.17334762506652623,0.03349929198157042,0.20684691704809666,3.8541038520634174e-05,0.0002014999045059085,0.17220295895822346,0.38287912600208074,0.5618051249766722
2805,random_2802,random_cycle_chord,20260823,baseline,0,200,3,8,10,6.202009617021833,True,True,,perf/incremental-yamada-frontier-order,1d8374f42cccbb16d78d44100a65ca603d7d1997,3.14.7,macOS-26.6.2-arm64-arm-64bit-Mach-O,arm,0.04089629102963954,0.17120300000533462,0.03867808298673481,0.00773175002541393,0.007350750034675002,0.014549250015988946,5.295802839100361e-05,0.007943958044052124,0.007837083074264228,0.0006199580384418368,0.03100320720113814,0.0847870419966057,8.56249826028943e-05,0.15174937504343688,0.010541374911554158,0.16229074995499104,1.8832972273230553e-05,9.02919564396143e-05,0.09532841690815985,0.307427707943134,0.46389650006312877
2806,random_2803,random_cycle_chord,20260823,baseline,0,200,4,11,14,4.017591378379868,True,True,,perf/incremental-yamada-frontier-order,1d8374f42cccbb16d78d44100a65ca603d7d1997,3.14.7,macOS-26.6.2-arm64-arm-64bit-Mach-O,arm,0.03880983404815197,0.1663704999955371,0.024086292018182576,0.008934334036894143,0.009302999940700829,0.017918083001859486,4.991702735424042e-05,0.009395875036716461,0.00986220792401582,0.000851667020469904,0.03807775001041591,0.08044229098595679,0.00010349997319281101,0.19750591600313783,0.012249500025063753,0.20975541602820158,2.0458013750612736e-05,0.00010087492410093546,0.09269179101102054,0.2978721250547096,0.5003645829856396
2807,random_2804,random_cycle_chord,20260823,crossing_rich,5,200,5,8,12,4.260409606509568,True,True,,perf/incremental-yamada-frontier-order,1d8374f42cccbb16d78d44100a65ca603d7d1997,3.14.7,macOS-26.6.2-arm64-arm-64bit-Mach-O,arm,0.032865958055481315,0.20325220795348287,0.04729675000999123,0.012884124997071922,0.01430141692981124,0.02945091703440994,8.016603533178568e-05,0.014264583005569875,0.014970083022490144,0.001504958956502378,0.06027070805430412,0.13480779097881168,0.0002490000333636999,0.18338345899246633,0.03206679201684892,0.21545025100931525,4.191696643829346e-05,0.00017900008242577314,0.1668745829956606,0.4029927490046248,0.6018483330262825
2808,random_2805,random_cycle_chord,20260823,baseline,0,200,3,10,12,5.6273203786693236,True,True,,perf/incremental-yamada-frontier-order,1d8374f42cccbb16d78d44100a65ca603d7d1997,3.14.7,macOS-26.6.2-arm64-arm-64bit-Mach-O,arm,0.041565457941032946,0.1656754999421537,0.035299999988637865,0.008429208071902394,0.00791866600047797,0.015284750028513372,4.158308729529381e-05,0.007814125041477382,0.007936291978694499,0.0005767499096691608,0.03165350004564971,0.08333804097492248,8.595909457653761e-05,0.15932095900643617,0.0088525420287624,0.16817350103519857,1.8125050701200962e-05,8.079200051724911e-05,0.09219058300368488,0.2994315408868715,0.4636465000221506
2809,random_2806,random_cycle_chord,20260823,baseline,0,200,3,9,11,5.362970642947056,True,True,,perf/incremental-yamada-frontier-order,1d8374f42cccbb16d78d44100a65ca603d7d1997,3.14.7,macOS-26.6.2-arm64-arm-64bit-Mach-O,arm,0.03546229097992182,0.16056141699664295,0.027089750044979155,0.0071367500349879265,0.006831708014942706,0.013407583930529654,2.354104071855545e-05,0.006948500056751072,0.007126124924980104,0.0005525419255718589,0.028058291878551245,0.06913762504700571,6.345799192786217e-05,0.15089854097459465,0.008808208047412336,0.159706749022007,1.5750061720609665e-05,7.700000423938036e-05,0.07794583309441805,0.2739695410709828,0.42936474992893636
2810,random_2807,random_cycle_chord,20260823,baseline,0,200,4,11,14,4.071015109161649,True,True,,perf/incremental-yamada-frontier-order,1d8374f42cccbb16d78d44100a65ca603d7d1997,3.14.7,macOS-26.6.2-arm64-arm-64bit-Mach-O,arm,0.036752874962985516,0.15627745795063674,0.024851709022186697,0.007945499964989722,0.007982166949659586,0.015691334032453597,2.9708025977015495e-05,0.008175667026080191,0.008420499972999096,0.000768834026530385,0.033086043084040284,0.07389304204843938,7.750000804662704e-05,0.19540091697126627,0.012358624953776598,0.20775954192504287,2.0708073861896992e-05,0.0001027500256896019,0.08625166700221598,0.27928199991583824,0.4792560829082504
2811,random_2808,random_cycle_chord,20260823,baseline,0,200,3,12,14,4.879377646119826,True,True,,perf/incremental-yamada-frontier-order,1d8374f42cccbb16d78d44100a65ca603d7d1997,3.14.7,macOS-26.6.2-arm64-arm-64bit-Mach-O,arm,0.04035795805975795,0.15544758399482816,0.023396624950692058,0.0067931669764220715,0.006777334026992321,0.013386665959842503,2.2916006855666637e-05,0.006948249996639788,0.007100874907337129,0.0005487080197781324,0.02800741489045322,0.06499454204458743,9.37500735744834e-05,0.1868800000520423,0.008776959031820297,0.1956569590838626,1.4499993994832039e-05,7.158401422202587e-05,0.07377150107640773,0.26957704313099384,0.4607994999969378
2812,random_2809,random_cycle_chord,20260823,baseline,0,200,4,10,13,4.6274853468206425,True,True,,perf/incremental-yamada-frontier-order,1d8374f42cccbb16d78d44100a65ca603d7d1997,3.14.7,macOS-26.6.2-arm64-arm-64bit-Mach-O,arm,0.034949959022924304,0.1520087500102818,0.023520957911387086,0.007896792027167976,0.008570457925088704,0.0173484580591321,3.8792029954493046e-05,0.008999666082672775,0.009284833096899092,0.0007852920098230243,0.03645704127848148,0.07647237495984882,7.979199290275574e-05,0.1735405829967931,0.01155950000975281,0.1851000830065459,2.0957901142537594e-05,0.00010145804844796658,0.08803187496960163,0.27499058400280774,0.45304875005967915
2813,random_2810,random_cycle_chord,20260823,crossing_rich,3,200,5,11,15,4.439981336824088,True,True,,perf/incremental-yamada-frontier-order,1d8374f42cccbb16d78d44100a65ca603d7d1997,3.14.7,macOS-26.6.2-arm64-arm-64bit-Mach-O,arm,0.04095070797484368,0.16066237504128367,0.044016042025759816,0.010780917014926672,0.011633000103756785,0.022928541991859674,4.358298610895872e-05,0.011912500020116568,0.012461458914913237,0.0012700000079348683,0.048616083920933306,0.11509012500755489,0.0001090840669348836,0.2125050419708714,0.02272895909845829,0.23523400106932968,2.5999965146183968e-05,0.00014412496238946915,0.13781908410601318,0.3394321671221405,0.5567932919366285
2814,random_2811,random_cycle_chord,20260823,baseline,0,200,3,10,12,4.6417732993326135,True,True,,perf/incremental-yamada-frontier-order,1d8374f42cccbb16d78d44100a65ca603d7d1997,3.14.7,macOS-26.6.2-arm64-arm-64bit-Mach-O,arm,0.033339375047944486,0.15876204206142575,0.024142707930877805,0.007326959050260484,0.0072097909869626164,0.014189583016559482,2.3124972358345985e-05,0.007392625091597438,0.007559790974482894,0.0005877499934285879,0.029752874048426747,0.06845229200553149,7.183407433331013e-05,0.17262754100374877,0.010860124952159822,0.1834876659559086,1.962494570761919e-05,8.808402344584465e-05,0.07931241695769131,0.27141383406706154,0.4485792079940438
2815,random_2812,random_cycle_chord,20260823,crossing_rich,5,200,5,8,12,4.172487960623829,True,True,,perf/incremental-yamada-frontier-order,1d8374f42cccbb16d78d44100a65ca603d7d1997,3.14.7,macOS-26.6.2-arm64-arm-64bit-Mach-O,arm,0.0334112080745399,0.16091529093682766,0.043082416988909245,0.011707332916557789,0.013364375103265047,0.026389541919343174,3.9917067624628544e-05,0.01366587495431304,0.014452290954068303,0.0014752499992027879,0.05602287489455193,0.12421287503093481,0.00021254201419651508,0.17438045900780708,0.029810416977852583,0.20419087598565966,2.6124995201826096e-05,0.00016979197971522808,0.1540232920087874,0.34834979102015495,0.5276587080443278
2816,random_2813,random_cycle_chord,20260823,crossing_rich,4,200,5,11,15,5.224241878370684,True,True,,perf/incremental-yamada-frontier-order,1d8374f42cccbb16d78d44100a65ca603d7d1997,3.14.7,macOS-26.6.2-arm64-arm-64bit-Mach-O,arm,0.046708625042811036,0.16073462495114654,0.05063941597472876,0.010665417066775262,0.01157991704531014,0.023266333038918674,4.116701893508434e-05,0.012200333061628044,0.012765999999828637,0.0014240839518606663,0.049697917071171105,0.12262008304242045,0.00010245805606245995,0.2127358749276027,0.02558358304668218,0.2383194579742849,2.566596958786249e-05,0.00016854202840477228,0.14820366608910263,0.3556469160830602,0.5732222499791533
2817,random_2814,random_cycle_chord,20260823,crossing_rich,6,200,6,11,16,5.224127180895908,True,True,,perf/incremental-yamada-frontier-order,1d8374f42cccbb16d78d44100a65ca603d7d1997,3.14.7,macOS-26.6.2-arm64-arm-64bit-Mach-O,arm,0.049305166001431644,0.1592303749639541,0.06079616700299084,0.01400029193609953,0.014426958048716187,0.0286959579680115,4.7625042498111725e-05,0.014885207987390459,0.015775374951772392,0.0017374999588355422,0.061141665908508,0.1504081250168383,0.00010375003330409527,0.23000045807566494,0.035755707998760045,0.265756166074425,2.9333983547985554e-05,0.00018350000027567148,0.18616383301559836,0.3946993739809841,0.6295889590401202
2818,random_2815,random_cycle_chord,20260823,crossing_rich,6,200,6,10,15,5.624720939314028,True,True,,perf/incremental-yamada-frontier-order,1d8374f42cccbb16d78d44100a65ca603d7d1997,3.14.7,macOS-26.6.2-arm64-arm-64bit-Mach-O,arm,0.0484749999595806,0.15517424989957362,0.061698124976828694,0.011471834033727646,0.01321004203055054,0.02608620806131512,4.525005351752043e-05,0.01352475001476705,0.014469166984781623,0.0017632920062169433,0.05588866712059826,0.14231129200197756,0.00022037490271031857,0.2089011250063777,0.034042167011648417,0.2429432920180261,2.9542017728090286e-05,0.00018729199655354023,0.17635345901362598,0.3800027088727802,0.5939359590411186
2819,random_2816,random_cycle_chord,20260823,baseline,0,200,3,8,10,6.205125912375901,True,True,,perf/incremental-yamada-frontier-order,1d8374f42cccbb16d78d44100a65ca603d7d1997,3.14.7,macOS-26.6.2-arm64-arm-64bit-Mach-O,arm,0.034051959053613245,0.1526553330477327,0.03310716699343175,0.006728666950948536,0.006737207993865013,0.013501750072464347,2.2374908439815044e-05,0.00704816693905741,0.0072559170657768846,0.0005972920916974545,0.02842550107743591,0.07501812500413507,5.9999991208314896e-05,0.13261695799883455,0.009419291978701949,0.1420362499775365,1.4291959814727306e-05,7.354095578193665e-05,0.08443741698283702,0.271144709084183,0.4080647500231862
2820,random_2817,random_cycle_chord,20260823,crossing_rich,5,200,5,9,13,4.354535704722632,True,True,,perf/incremental-yamada-frontier-order,1d8374f42cccbb16d78d44100a65ca603d7d1997,3.14.7,macOS-26.6.2-arm64-arm-64bit-Mach-O,arm,0.04331466695293784,0.19474916707258672,0.050537167000584304,0.013631417066790164,0.01446579210460186,0.028398249996826053,7.954100146889687e-05,0.014483083039522171,0.015490207937546074,0.0016817089635878801,0.060132790938951075,0.13881837495137006,0.00011779193300753832,0.20737629104405642,0.03529049991630018,0.2426667909603566,3.250001464039087e-05,0.0001961250090971589,0.17410887486767024,0.4121727088931948,0.6252473751083016
2821,random_2818,random_cycle_chord,20260823,baseline,0,200,3,11,13,5.2266573637936755,True,True,,perf/incremental-yamada-frontier-order,1d8374f42cccbb16d78d44100a65ca603d7d1997,3.14.7,macOS-26.6.2-arm64-arm-64bit-Mach-O,arm,0.0431077090324834,0.16854104201775044,0.030290041933767498,0.007957209018059075,0.00802029191982001,0.015480624977499247,4.533305764198303e-05,0.008002708083949983,0.008015041006729007,0.0006124170031398535,0.03215612412896007,0.07845054194331169,0.00010666705202311277,0.20613454200793058,0.017988875042647123,0.2241234170505777,7.287506014108658e-05,0.0001883750082924962,0.09643941698595881,0.30808816803619266,0.5542709580622613
2822,random_2819,random_cycle_chord,20260823,crossing_rich,4,200,5,11,15,4.621256560408789,True,True,,perf/incremental-yamada-frontier-order,1d8374f42cccbb16d78d44100a65ca603d7d1997,3.14.7,macOS-26.6.2-arm64-arm-64bit-Mach-O,arm,0.05997366597875953,0.19841062498744577,0.057607416063547134,0.013850874966010451,0.014968749950639904,0.027717167045921087,8.170795626938343e-05,0.014361499925144017,0.01453062507789582,0.0015809580218046904,0.058271958027035,0.14483350003138185,0.00015587499365210533,0.2699702079407871,0.03533483296632767,0.30530504090711474,3.7792022339999676e-05,0.00020937505178153515,0.1801683329977095,0.4385526239639148,0.7143844170495868
2823,random_2820,random_cycle_chord,20260823,baseline,0,200,3,10,12,4.639507144295657,True,True,,perf/incremental-yamada-frontier-order,1d8374f42cccbb16d78d44100a65ca603d7d1997,3.14.7,macOS-26.6.2-arm64-arm-64bit-Mach-O,arm,0.04525245795957744,0.2007547919638455,0.028234499972313643,0.009222124936059117,0.009525208035483956,0.01893604197539389,6.983301136642694e-05,0.00962212507147342,0.00990304199513048,0.0008437080541625619,0.03937475010752678,0.08638437499757856,0.00012199999764561653,0.2706251669442281,0.01676283299457282,0.28738799993880093,2.8916052542626858e-05,0.00012054189573973417,0.10314720799215138,0.3491544579155743,0.6255589169450104
2824,random_2821,random_cycle_chord,20260823,baseline,0,200,4,13,16,4.57067462293896,True,True,,perf/incremental-yamada-frontier-order,1d8374f42cccbb16d78d44100a65ca603d7d1997,3.14.7,macOS-26.6.2-arm64-arm-64bit-Mach-O,arm,0.07400433300063014,0.2059963330393657,0.030361416982486844,0.01096491701900959,0.011095500085502863,0.02189620805438608,7.262500002980232e-05,0.011786167044192553,0.01275133399758488,0.00107999995816499,0.047586334054358304,0.10005091596394777,0.0001409579999744892,0.2595304580172524,0.0136643749428913,0.2731948329601437,2.237502485513687e-05,0.00011100003030151129,0.11371529090683907,0.3937159569468349,0.6588333750842139
2825,random_2822,random_cycle_chord,20260823,crossing_rich,3,200,5,12,16,4.4853277589165845,True,True,,perf/incremental-yamada-frontier-order,1d8374f42cccbb16d78d44100a65ca603d7d1997,3.14.7,macOS-26.6.2-arm64-arm-64bit-Mach-O,arm,0.04924191709142178,0.19496512494515628,0.05609287496190518,0.01298795803450048,0.013985417084768414,0.028127375058829784,9.254098404198885e-05,0.014268666971474886,0.014795082970522344,0.001490666065365076,0.05877433205023408,0.14189495902974159,0.0001337080029770732,0.2756565830204636,0.02808249997906387,0.30373908299952745,3.333296626806259e-05,0.00017900008242577314,0.16997745900880545,0.4141845010453835,0.6957035410450771
2826,random_2823,random_cycle_chord,20260823,crossing_rich,2,200,4,9,12,6.0784115446178975,True,True,,perf/incremental-yamada-frontier-order,1d8374f42cccbb16d78d44100a65ca603d7d1997,3.14.7,macOS-26.6.2-arm64-arm-64bit-Mach-O,arm,0.05145666701719165,0.21829879202414304,0.055925457971170545,0.009759958949871361,0.00996558298356831,0.01976541697513312,5.658401641994715e-05,0.01056954194791615,0.011362958000972867,0.0011475000064820051,0.04290200094692409,0.1185853750212118,0.00011391600128263235,0.19341279100626707,0.020169208059087396,0.21358199906535447,2.504198346287012e-05,0.00013475003652274609,0.1387545830802992,0.4085100421216339,0.6070091250585392
2827,random_2824,random_cycle_chord,20260823,crossing_rich,5,200,5,10,14,4.374496272642456,True,True,,perf/incremental-yamada-frontier-order,1d8374f42cccbb16d78d44100a65ca603d7d1997,3.14.7,macOS-26.6.2-arm64-arm-64bit-Mach-O,arm,0.04143795801792294,0.1676022500032559,0.0447169590042904,0.01177333400119096,0.012772707967087626,0.025267333025112748,4.083290696144104e-05,0.013061083038337529,0.014145583962090313,0.001521750004030764,0.054036582936532795,0.12333624996244907,9.566708467900753e-05,0.2846370409242809,0.03952191595453769,0.32415895687881857,2.6458059437572956e-05,0.00017150002531707287,0.16285816591698676,0.3718983739381656,0.6608764589764178
2828,random_2825,random_cycle_chord,20260823,crossing_rich,3,200,5,10,14,4.895814930174264,True,True,,perf/incremental-yamada-frontier-order,1d8374f42cccbb16d78d44100a65ca603d7d1997,3.14.7,macOS-26.6.2-arm64-arm-64bit-Mach-O,arm,0.041350374929606915,0.15636495896615088,0.04346254200208932,0.009849875001236796,0.010906999930739403,0.021620166022330523,3.74580267816782e-05,0.011158040957525373,0.011771959019824862,0.0012608750257641077,0.04584849905222654,0.11010225000791252,8.929101750254631e-05,0.19014412502292544,0.02278945897705853,0.21293358399998397,2.5417073629796505e-05,0.00014337501488626003,0.13289170898497105,0.33060704288072884,0.5253630420193076
2829,random_2826,random_cycle_chord,20260823,crossing_rich,5,200,6,12,17,4.039029547640961,True,True,,perf/incremental-yamada-frontier-order,1d8374f42cccbb16d78d44100a65ca603d7d1997,3.14.7,macOS-26.6.2-arm64-arm-64bit-Mach-O,arm,0.04238766699563712,0.1526224579429254,0.04271608300041407,0.011292540933936834,0.012706832960247993,0.024939624941907823,5.4833944886922836e-05,0.012930709053762257,0.013609000016003847,0.0015402500284835696,0.05307441798504442,0.11983766697812825,0.00010466703679412603,0.2278296670410782,0.03018729097675532,0.25801695801783353,2.8165988624095917e-05,0.00016320799477398396,0.15002495795488358,0.3450350828934461,0.5775546670192853
2830,random_2827,random_cycle_chord,20260823,crossing_rich,2,200,4,10,13,5.622550983559083,True,True,,perf/incremental-yamada-frontier-order,1d8374f42cccbb16d78d44100a65ca603d7d1997,3.14.7,macOS-26.6.2-arm64-arm-64bit-Mach-O,arm,0.03955591598059982,0.14935966697521508,0.05361599999014288,0.008744915947318077,0.009369416977278888,0.01806929102167487,4.558300133794546e-05,0.009262417093850672,0.009733750019222498,0.0008870830060914159,0.0379981241421774,0.10976320807822049,8.587504271417856e-05,0.17328041698783636,0.016224208986386657,0.18950462597422302,2.150004729628563e-05,0.00011070899199694395,0.12598741706460714,0.31490300002042204,0.4925303750205785
2831,random_2828,random_cycle_chord,20260823,crossing_rich,5,200,6,11,16,4.622400940937522,True,True,,perf/incremental-yamada-frontier-order,1d8374f42cccbb16d78d44100a65ca603d7d1997,3.14.7,macOS-26.6.2-arm64-arm-64bit-Mach-O,arm,0.04310566606000066,0.1494222499895841,0.043553374940529466,0.011078790994361043,0.012730291928164661,0.025329792057164013,4.554202314466238e-05,0.01315583405084908,0.014018083922564983,0.001628750003874302,0.05417800205759704,0.12158270797226578,0.00011195801198482513,0.21923825005069375,0.03033629199489951,0.24957454204559326,2.8542010113596916e-05,0.00017274997662752867,0.1519189999671653,0.34444691601675004,0.5684315840480849
2832,random_2829,random_cycle_chord,20260823,crossing_rich,5,200,5,8,12,4.2486295621236065,True,True,,perf/incremental-yamada-frontier-order,1d8374f42cccbb16d78d44100a65ca603d7d1997,3.14.7,macOS-26.6.2-arm64-arm-64bit-Mach-O,arm,0.031136541976593435,0.15207862493116409,0.04249337501823902,0.010859166970476508,0.012628166936337948,0.02515416592359543,3.841705620288849e-05,0.013200709014199674,0.013909291010349989,0.0013978329952806234,0.0537004159996286,0.11971504194661975,0.0002687079831957817,0.2808008750434965,0.027473583002574742,0.30827445804607123,2.8542010113596916e-05,0.0001627500168979168,0.1471886249491945,0.330403791856952,0.6156952499877661
2833,random_2830,random_cycle_chord,20260823,baseline,0,200,3,11,13,4.051117563503633,True,True,,perf/incremental-yamada-frontier-order,1d8374f42cccbb16d78d44100a65ca603d7d1997,3.14.7,macOS-26.6.2-arm64-arm-64bit-Mach-O,arm,0.0344421659829095,0.1608118750154972,0.01890879194252193,0.007338250055909157,0.007337791961617768,0.01479691592976451,2.4082954041659832e-05,0.007469707983545959,0.007877500029280782,0.0006248329300433397,0.03079303982667625,0.06439904100261629,7.695797830820084e-05,0.182808541925624,0.009900833014398813,0.19270937494002283,1.537497155368328e-05,7.950002327561378e-05,0.0742998740170151,0.2695539150154218,0.4568653750466183
2834,random_2831,random_cycle_chord,20260823,crossing_rich,5,200,6,11,16,4.6433854785847934,True,True,,perf/incremental-yamada-frontier-order,1d8374f42cccbb16d78d44100a65ca603d7d1997,3.14.7,macOS-26.6.2-arm64-arm-64bit-Mach-O,arm,0.04582958295941353,0.16093387501314282,0.04916291602421552,0.012426791014149785,0.014356125029735267,0.027914625010453165,6.474996916949749e-05,0.01451766595710069,0.015476499916985631,0.0017238749423995614,0.059697415796108544,0.13569737505167723,0.00010295899119228125,0.23532762506511062,0.032310707960277796,0.2676383330253884,3.3125048503279686e-05,0.0001888750120997429,0.16800808301195502,0.3747715409845114,0.6151504999725148
2835,random_2832,random_cycle_chord,20260823,baseline,0,200,3,11,13,5.22632961464726,True,True,,perf/incremental-yamada-frontier-order,1d8374f42cccbb16d78d44100a65ca603d7d1997,3.14.7,macOS-26.6.2-arm64-arm-64bit-Mach-O,arm,0.04052262497134507,0.16096195799764246,0.02621387504041195,0.007092583924531937,0.007014125003479421,0.013819999992847443,2.3209024220705032e-05,0.007383125019259751,0.007487250026315451,0.0005242089973762631,0.029237793060019612,0.06957825005520135,7.041695062071085e-05,0.18178912496659905,0.008370916009880602,0.19016004097647965,1.5584053471684456e-05,7.40840332582593e-05,0.07794916606508195,0.2794337490340695,0.46574074996169657
2836,random_2833,random_cycle_chord,20260823,crossing_rich,6,200,6,10,15,5.619861506774006,True,True,,perf/incremental-yamada-frontier-order,1d8374f42cccbb16d78d44100a65ca603d7d1997,3.14.7,macOS-26.6.2-arm64-arm-64bit-Mach-O,arm,0.050057083950378,0.16201937501318753,0.06756724999286234,0.012429333990439773,0.014395999955013394,0.028483000001870096,4.79590380564332e-05,0.0147752920165658,0.015568959061056376,0.0017079589888453484,0.06058316910639405,0.15501950006000698,0.0002209589583799243,0.31602012494113296,0.04380933300126344,0.3598294579423964,3.062502946704626e-05,0.00018216599710285664,0.19882883306127042,0.41090529202483594,0.7312358329072595
2837,random_2834,random_cycle_chord,20260823,crossing_rich,5,200,5,9,13,4.215351301297562,True,True,,perf/incremental-yamada-frontier-order,1d8374f42cccbb16d78d44100a65ca603d7d1997,3.14.7,macOS-26.6.2-arm64-arm-64bit-Mach-O,arm,0.035940625006332994,0.15914504195097834,0.047193750040605664,0.01152637496124953,0.012885874952189624,0.025838667061179876,4.2291940189898014e-05,0.013449792051687837,0.01419262494891882,0.0014784169616177678,0.0550017929635942,0.12664454092737287,8.454197086393833e-05,0.1852268340298906,0.030461582937277853,0.21568841696716845,2.8083915822207928e-05,0.00017324998043477535,0.15710612386465073,0.35219179082196206,0.542314708000049
2838,random_2835,random_cycle_chord,20260823,crossing_rich,2,200,4,8,11,6.3163857028537365,True,True,,perf/incremental-yamada-frontier-order,1d8374f42cccbb16d78d44100a65ca603d7d1997,3.14.7,macOS-26.6.2-arm64-arm-64bit-Mach-O,arm,0.04015362507198006,0.15681649988982826,0.05357316695153713,0.008714916999451816,0.009145208983682096,0.018030749983154237,3.200001083314419e-05,0.00940949993673712,0.009856916964054108,0.0010130000300705433,0.03834216692484915,0.10980295797344297,7.30419997125864e-05,0.15250008401926607,0.017445874982513487,0.16994595900177956,2.0292005501687527e-05,0.00011874991469085217,0.12724883295595646,0.3242189579177648,0.48119125002995133
2839,random_2836,random_cycle_chord,20260823,crossing_rich,4,200,5,10,14,5.6224309598552455,True,True,,perf/incremental-yamada-frontier-order,1d8374f42cccbb16d78d44100a65ca603d7d1997,3.14.7,macOS-26.6.2-arm64-arm-64bit-Mach-O,arm,0.04433862492442131,0.15349625004455447,0.05299712496344,0.009850792004726827,0.010978915961459279,0.021595416008494794,3.8207974284887314e-05,0.011189791955985129,0.011880500009283423,0.0013901670463383198,0.046094082994386554,0.11995416693389416,8.566700853407383e-05,0.17909270792733878,0.02713120903354138,0.20622391696088016,2.3875036276876926e-05,0.0001557499635964632,0.14708537596743554,0.3449202509364113,0.5289639169350266
2840,random_2837,random_cycle_chord,20260823,baseline,0,200,4,11,14,4.066381618521219,True,True,,perf/incremental-yamada-frontier-order,1d8374f42cccbb16d78d44100a65ca603d7d1997,3.14.7,macOS-26.6.2-arm64-arm-64bit-Mach-O,arm,0.03845812496729195,0.17559704196173698,0.02504804194904864,0.00871887500397861,0.008442416903562844,0.0165201670024544,3.112491685897112e-05,0.008319708053022623,0.00878683291375637,0.000811584061011672,0.03446941694710404,0.07670870807487518,9.291700553148985e-05,0.2078285829629749,0.012674333993345499,0.2205029169563204,2.2416003048419952e-05,0.00010662502609193325,0.08938304206822067,0.3034382089972496,0.5160565419355407
2841,random_2838,random_cycle_chord,20260823,baseline,0,200,3,8,10,6.196858620611748,True,True,,perf/incremental-yamada-frontier-order,1d8374f42cccbb16d78d44100a65ca603d7d1997,3.14.7,macOS-26.6.2-arm64-arm-64bit-Mach-O,arm,0.03680825000628829,0.16546483396086842,0.03663545800372958,0.0078026659321039915,0.007498749997466803,0.014662583009339869,2.462498378008604e-05,0.007646917016245425,0.007860542042180896,0.0006523750489577651,0.03084704210050404,0.08280616695992649,6.620807107537985e-05,0.14328437496442348,0.01033408404327929,0.15361845900770277,1.808302477002144e-05,9.437499102205038e-05,0.09314025100320578,0.2954133349703625,0.4434160419041291
2842,random_2839,random_cycle_chord,20260823,baseline,0,200,3,9,11,5.401495771779333,True,True,,perf/incremental-yamada-frontier-order,1d8374f42cccbb16d78d44100a65ca603d7d1997,3.14.7,macOS-26.6.2-arm64-arm-64bit-Mach-O,arm,0.035502291982993484,0.16012254101224244,0.028383833006955683,0.00761400000192225,0.00778295798227191,0.014967292081564665,3.245798870921135e-05,0.007961208000779152,0.007865249994210899,0.0005480840336531401,0.03137429209891707,0.07517662504687905,7.166597060859203e-05,0.1602215829771012,0.010921832988969982,0.1711434159660712,2.3541972041130066e-05,9.033398237079382e-05,0.08609845803584903,0.28172329103108495,0.44653354201000184
2843,random_2840,random_cycle_chord,20260823,crossing_rich,5,200,5,9,13,4.288946517438247,True,True,,perf/incremental-yamada-frontier-order,1d8374f42cccbb16d78d44100a65ca603d7d1997,3.14.7,macOS-26.6.2-arm64-arm-64bit-Mach-O,arm,0.03958170802798122,0.1831536670215428,0.05435483297333121,0.013930457993410528,0.014578000060282648,0.03128420899156481,0.00010025000665336847,0.016564958030357957,0.019093416049145162,0.0020935420179739594,0.06913637509569526,0.15207616693805903,0.00016012496780604124,0.2593824160285294,0.04103829199448228,0.3004207080230117,5.720800254493952e-05,0.0002940000267699361,0.1931144589325413,0.4158498339820653,0.6836863750359043
2844,random_2841,random_cycle_chord,20260823,crossing_rich,3,200,5,10,14,4.958055044508744,True,True,,perf/incremental-yamada-frontier-order,1d8374f42cccbb16d78d44100a65ca603d7d1997,3.14.7,macOS-26.6.2-arm64-arm-64bit-Mach-O,arm,0.0882092498941347,0.18821795808617026,0.04952004202641547,0.011997792054899037,0.012168082990683615,0.023958041914738715,4.3625012040138245e-05,0.01280941697768867,0.013979875016957521,0.0014262910699471831,0.05221724999137223,0.1259416249813512,0.00011654198169708252,0.34607249998953193,0.03600024990737438,0.3820727498969063,2.8499984182417393e-05,0.0001634169602766633,0.16194187488872558,0.43836908286903054,0.7891837499337271
2845,random_2842,random_cycle_chord,20260823,crossing_rich,3,200,4,8,11,4.162756469322498,True,True,,perf/incremental-yamada-frontier-order,1d8374f42cccbb16d78d44100a65ca603d7d1997,3.14.7,macOS-26.6.2-arm64-arm-64bit-Mach-O,arm,0.03244750003796071,0.17152062500827014,0.04657445801422,0.010812666965648532,0.011691832914948463,0.02306458295788616,4.1792052797973156e-05,0.01197699992917478,0.012491249945014715,0.0011405000695958734,0.0487151249544695,0.11782604199834168,9.03330510482192e-05,0.275711040943861,0.020889666047878563,0.29660070699173957,2.3957923986017704e-05,0.00013295805547386408,0.13871570804622024,0.3426838330924511,0.6231588330119848
2846,random_2843,random_cycle_chord,20260823,baseline,0,200,3,9,11,5.40544142144892,True,True,,perf/incremental-yamada-frontier-order,1d8374f42cccbb16d78d44100a65ca603d7d1997,3.14.7,macOS-26.6.2-arm64-arm-64bit-Mach-O,arm,0.035783874918706715,0.16371324995998293,0.02719049993902445,0.008127833949401975,0.007379750022664666,0.014537958079017699,3.6375015042722225e-05,0.007566791959106922,0.0077491250121966004,0.0005834170151501894,0.030473667080514133,0.07319316698703915,7.812492549419403e-05,0.1563682910054922,0.00949999992735684,0.16586829093284905,1.89170241355896e-05,8.625001646578312e-05,0.08269316691439599,0.28219029179308563,0.44326283305417746
2847,random_2844,random_cycle_chord,20260823,baseline,0,200,4,11,14,4.090723396799864,True,True,,perf/incremental-yamada-frontier-order,1d8374f42cccbb16d78d44100a65ca603d7d1997,3.14.7,macOS-26.6.2-arm64-arm-64bit-Mach-O,arm,0.03705141704995185,0.15930029202718288,0.022371958009898663,0.008394041913561523,0.008405667031183839,0.016737999976612628,3.933301195502281e-05,0.008909790893085301,0.008861833019182086,0.0007641249103471637,0.0353130818111822,0.07451399997808039,8.895795326679945e-05,0.19841354107484221,0.01217241701669991,0.21058595809154212,2.4000066332519054e-05,0.00010241696145385504,0.0866864169947803,0.28303812607191503,0.4861552909715101
2848,random_2845,random_cycle_chord,20260823,crossing_rich,2,200,4,8,11,6.315484238151137,True,True,,perf/incremental-yamada-frontier-order,1d8374f42cccbb16d78d44100a65ca603d7d1997,3.14.7,macOS-26.6.2-arm64-arm-64bit-Mach-O,arm,0.040040874970145524,0.15950141695793718,0.05646925000473857,0.009066625032573938,0.009150791098363698,0.017998667084611952,3.204098902642727e-05,0.009364000055938959,0.009825916960835457,0.0009783749701455235,0.03819900006055832,0.11291645898018032,7.629103492945433e-05,0.15721979190129787,0.018417874933220446,0.1756376668345183,2.26249685510993e-05,0.00011595897376537323,0.13133433391340077,0.3308766258414835,0.49272141698747873
2849,random_2846,random_cycle_chord,20260823,crossing_rich,5,200,6,11,16,4.617457171722005,True,True,,perf/incremental-yamada-frontier-order,1d8374f42cccbb16d78d44100a65ca603d7d1997,3.14.7,macOS-26.6.2-arm64-arm-64bit-Mach-O,arm,0.04436545795761049,0.15955466602463275,0.046449791989289224,0.012084207963198423,0.013323124963790178,0.02625116694252938,5.358306225389242e-05,0.013690249994397163,0.014485082938335836,0.0016431249678134918,0.056123207905329764,0.12802733399439603,0.00010774994734674692,0.2308606250444427,0.031853208085522056,0.26271383312996477,3.0082999728620052e-05,0.00017745804507285357,0.1598805420799181,0.3638006660621613,0.5996818749699742
2850,random_2847,random_cycle_chord,20260823,baseline,0,200,3,10,12,5.624378276675463,True,True,,perf/incremental-yamada-frontier-order,1d8374f42cccbb16d78d44100a65ca603d7d1997,3.14.7,macOS-26.6.2-arm64-arm-64bit-Mach-O,arm,0.03824120806530118,0.15468400006648153,0.029937957995571196,0.0067997080041095614,0.006826666998676956,0.013456250075250864,2.2165942937135696e-05,0.006975290947593749,0.007156542036682367,0.0005680420435965061,0.028178291046060622,0.07176249998155981,6.500002928078175e-05,0.1503593330271542,0.009451083024032414,0.15981041605118662,1.4291028492152691e-05,7.266702596098185e-05,0.08121358300559223,0.27413879113737494,0.4287992080207914
2851,random_2848,random_cycle_chord,20260823,crossing_rich,3,200,4,9,12,4.503518398207473,True,True,,perf/incremental-yamada-frontier-order,1d8374f42cccbb16d78d44100a65ca603d7d1997,3.14.7,macOS-26.6.2-arm64-arm-64bit-Mach-O,arm,0.032932667061686516,0.15370212495326996,0.03935324994381517,0.00920775008853525,0.01028416701592505,0.020314875058829784,3.129197284579277e-05,0.010537207941524684,0.010997084085829556,0.0010036249877884984,0.042884084046818316,0.10175695805810392,8.404196705669165e-05,0.1646461250493303,0.01861979195382446,0.18326591700315475,1.933402381837368e-05,0.00011816690675914288,0.12037675001192838,0.30701154202688485,0.476092291995883
2852,random_2849,random_cycle_chord,20260823,crossing_rich,5,200,5,8,12,4.128737688184549,True,True,,perf/incremental-yamada-frontier-order,1d8374f42cccbb16d78d44100a65ca603d7d1997,3.14.7,macOS-26.6.2-arm64-arm-64bit-Mach-O,arm,0.031665333081036806,0.1560421249596402,0.042045541922561824,0.011576249962672591,0.013373957946896553,0.026538416976109147,4.1375053115189075e-05,0.013673541019670665,0.014428999973461032,0.0014128329930827022,0.056095166015438735,0.12312737491447479,0.0001926659606397152,0.1722456670831889,0.02906945801805705,0.20131512510124594,2.5833025574684143e-05,0.00015733297914266586,0.15219683293253183,0.33990429097320884,0.5174509580247104
2853,random_2850,random_cycle_chord,20260823,crossing_rich,6,200,6,12,17,4.872793533051166,True,True,,perf/incremental-yamada-frontier-order,1d8374f42cccbb16d78d44100a65ca603d7d1997,3.14.7,macOS-26.6.2-arm64-arm-64bit-Mach-O,arm,0.05083204200491309,0.16630825004540384,0.05398566694930196,0.015608042012900114,0.015498458058573306,0.030523000052198768,0.00010312499944120646,0.015660083037801087,0.01652166701387614,0.0018252910813316703,0.06463316618464887,0.14979179098736495,0.0001509999856352806,0.3608655829448253,0.04954437492415309,0.4104099578689784,3.4917029552161694e-05,0.00020029197912663221,0.19933616591151804,0.41647645796183497,0.7819914589636028
2854,random_2851,random_cycle_chord,20260823,crossing_rich,5,200,5,8,12,4.177114749142394,True,True,,perf/incremental-yamada-frontier-order,1d8374f42cccbb16d78d44100a65ca603d7d1997,3.14.7,macOS-26.6.2-arm64-arm-64bit-Mach-O,arm,0.033512167050503194,0.16098604095168412,0.04457783396355808,0.012044749921187758,0.013671417022123933,0.026837000041268766,4.2041996493935585e-05,0.014321415917947888,0.01825504202861339,0.0019229999743402004,0.06137849995866418,0.13171012501697987,0.00022175000049173832,0.18112537497654557,0.02920745895244181,0.21033283392898738,2.7542002499103546e-05,0.0001721670851111412,0.16091758396942168,0.355415791971609,0.5418231659568846
2855,random_2852,random_cycle_chord,20260823,crossing_rich,4,200,5,10,14,5.620856478242091,True,True,,perf/incremental-yamada-frontier-order,1d8374f42cccbb16d78d44100a65ca603d7d1997,3.14.7,macOS-26.6.2-arm64-arm-64bit-Mach-O,arm,0.04761658294592053,0.16205891699064523,0.05758775002323091,0.01085020904429257,0.011929375003091991,0.023496541078202426,4.037492908537388e-05,0.012198625016026199,0.013263290980830789,0.0014262909535318613,0.05042512295767665,0.13082800002302974,8.9708948507905e-05,0.2042516659712419,0.027028791955672204,0.2312804579269141,2.6082969270646572e-05,0.00017125008162111044,0.15785679197870195,0.3675322919152677,0.5766904999036342
2856,random_2853,random_cycle_chord,20260823,crossing_rich,2,200,4,9,12,5.941937165644695,True,True,,perf/incremental-yamada-frontier-order,1d8374f42cccbb16d78d44100a65ca603d7d1997,3.14.7,macOS-26.6.2-arm64-arm-64bit-Mach-O,arm,0.04164425004273653,0.16218233294785023,0.055374416988343,0.009983541094698012,0.009858999983407557,0.019850707962177694,6.0542020946741104e-05,0.010424374951981008,0.010866166092455387,0.0011548330076038837,0.042356624035164714,0.11760874988976866,0.00010429194662719965,0.18217212508898228,0.018995999940671027,0.2011681250296533,2.2625084966421127e-05,0.00013545795809477568,0.1366047498304397,0.34043133282102644,0.5275341250235215
2857,random_2854,random_cycle_chord,20260823,baseline,0,200,4,11,14,4.0368034489491675,True,True,,perf/incremental-yamada-frontier-order,1d8374f42cccbb16d78d44100a65ca603d7d1997,3.14.7,macOS-26.6.2-arm64-arm-64bit-Mach-O,arm,0.0377679169178009,0.16987637500278652,0.02730045805219561,0.01070212502963841,0.009462125017307699,0.01853262505028397,7.43749551475048e-05,0.009677833993919194,0.011306958040222526,0.000928084016777575,0.04051987605635077,0.08805095800198615,0.00011670798994600773,0.3027377079706639,0.01867479202337563,0.32141249999403954,3.67090106010437e-05,0.00014612509403377771,0.10672575002536178,0.3143700419459492,0.6224732499103993
2858,random_2855,random_cycle_chord,20260823,baseline,0,200,3,8,10,6.168858557304535,True,True,,perf/incremental-yamada-frontier-order,1d8374f42cccbb16d78d44100a65ca603d7d1997,3.14.7,macOS-26.6.2-arm64-arm-64bit-Mach-O,arm,0.044923625071533024,0.18119991605635732,0.03554566600359976,0.00832183298189193,0.007700207992456853,0.01573750004172325,5.129189230501652e-05,0.00848250009585172,0.009022374986670911,0.0007420420879498124,0.03403570910450071,0.08562758297193795,9.116600267589092e-05,0.16193541698157787,0.011420624912716448,0.17335604189429432,1.9749975763261318e-05,9.32919792830944e-05,0.0970482078846544,0.32317174901254475,0.4900310829980299
2859,random_2856,random_cycle_chord,20260823,baseline,0,200,3,10,12,5.624681702544555,True,True,,perf/incremental-yamada-frontier-order,1d8374f42cccbb16d78d44100a65ca603d7d1997,3.14.7,macOS-26.6.2-arm64-arm-64bit-Mach-O,arm,0.042502874974161386,0.17099962499924004,0.03152695903554559,0.0074924579821527,0.007540249964222312,0.014364124974235892,2.445792779326439e-05,0.007421749993227422,0.0076173749985173345,0.0005959579721093178,0.03002366586588323,0.07661545800510794,7.745798211544752e-05,0.15723995899315923,0.009627999970689416,0.16686795896384865,1.745892222970724e-05,8.791603613644838e-05,0.08624345797579736,0.2997459579491988,0.46180008293595165
2860,random_2857,random_cycle_chord,20260823,crossing_rich,4,200,5,10,14,5.574428747344268,True,True,,perf/incremental-yamada-frontier-order,1d8374f42cccbb16d78d44100a65ca603d7d1997,3.14.7,macOS-26.6.2-arm64-arm-64bit-Mach-O,arm,0.051161874900572,0.2005127090960741,0.06627804203890264,0.01470499997958541,0.014058833010494709,0.026506291003897786,7.787509821355343e-05,0.013554750010371208,0.014577374910004437,0.001614707987755537,0.05633099901024252,0.1514458330348134,0.00012145901564508677,0.2183957500383258,0.030926708015613258,0.24932245805393904,3.38749960064888e-05,0.00018545903731137514,0.18237254105042666,0.43404712504707277,0.6594891669228673
2861,random_2858,random_cycle_chord,20260823,baseline,0,200,3,11,13,5.228671186031717,True,True,,perf/incremental-yamada-frontier-order,1d8374f42cccbb16d78d44100a65ca603d7d1997,3.14.7,macOS-26.6.2-arm64-arm-64bit-Mach-O,arm,0.04448045801836997,0.1699393750168383,0.07792220800183713,0.010313958046026528,0.00948883406817913,0.016967750038020313,5.4750009439885616e-05,0.008622166002169251,0.009063999983482063,0.0006753751076757908,0.0353840411407873,0.13315795792732388,0.00010308308992534876,0.20549379102885723,0.011853709002025425,0.21734750003088266,2.01669754460454e-05,9.137496817857027e-05,0.1450116669293493,0.3594314999645576,0.5698763340478763
2862,random_2859,random_cycle_chord,20260823,baseline,0,200,4,11,14,4.060348814460629,True,True,,perf/incremental-yamada-frontier-order,1d8374f42cccbb16d78d44100a65ca603d7d1997,3.14.7,macOS-26.6.2-arm64-arm-64bit-Mach-O,arm,0.04084345803130418,0.17760591697879136,0.027500667027197778,0.009669792023487389,0.010031749960035086,0.01980737503618002,7.937499321997166e-05,0.010879750014282763,0.011158707900904119,0.0008229580707848072,0.04274816601537168,0.0899852920556441,0.00010820792522281408,0.22882674995344132,0.014085000031627715,0.24291174998506904,2.5417073629796505e-05,0.00010391697287559509,0.10407029208727181,0.32251966709736735,0.556764709064737
2863,random_2860,random_cycle_chord,20260823,baseline,0,200,4,13,16,4.564500678918259,True,True,,perf/incremental-yamada-frontier-order,1d8374f42cccbb16d78d44100a65ca603d7d1997,3.14.7,macOS-26.6.2-arm64-arm-64bit-Mach-O,arm,0.05605020793154836,0.17904812493361533,0.02954299992416054,0.011185749899595976,0.010914167040027678,0.02122870902530849,7.362500764429569e-05,0.012212291010655463,0.011459333007223904,0.0009738340741023421,0.045947792124934494,0.09766541596036404,0.00012624997179955244,0.2745690840529278,0.055265125003643334,0.3298342090565711,5.083298310637474e-05,0.0001401250483468175,0.15293054096400738,0.38802887382917106,0.6682347499299794
2864,random_2861,random_cycle_chord,20260823,baseline,0,200,4,11,14,4.082325042241461,True,True,,perf/incremental-yamada-frontier-order,1d8374f42cccbb16d78d44100a65ca603d7d1997,3.14.7,macOS-26.6.2-arm64-arm-64bit-Mach-O,arm,0.05588604195509106,0.1953463329700753,0.031390834017656744,0.011601582984440029,0.01159070897847414,0.0234662500442937,7.295794785022736e-05,0.012730415910482407,0.012339957989752293,0.0010056250030174851,0.04961520689539611,0.10424825001973659,0.00014870904851704836,0.26381429203320295,0.01743400003761053,0.2812482920708135,3.1708041206002235e-05,0.00011691695544868708,0.12168225005734712,0.3729146249825135,0.6427238329779357
2865,random_2862,random_cycle_chord,20260823,crossing_rich,4,200,5,11,15,5.225869025934789,True,True,,perf/incremental-yamada-frontier-order,1d8374f42cccbb16d78d44100a65ca603d7d1997,3.14.7,macOS-26.6.2-arm64-arm-64bit-Mach-O,arm,0.0562695839907974,0.21611991699319333,0.06059608398936689,0.01569212495815009,0.014310999889858067,0.028080667019821703,9.391701314598322e-05,0.015209582983516157,0.01623716705944389,0.0017977909883484244,0.06141912506427616,0.15207300009205937,0.0001405840739607811,0.3501569170039147,0.03527624998241663,0.38543316698633134,3.950006794184446e-05,0.00019954191520810127,0.187349250074476,0.45973875105846673,0.8158291250001639
2866,random_2863,random_cycle_chord,20260823,crossing_rich,6,200,6,10,15,5.623654532657354,True,True,,perf/incremental-yamada-frontier-order,1d8374f42cccbb16d78d44100a65ca603d7d1997,3.14.7,macOS-26.6.2-arm64-arm-64bit-Mach-O,arm,0.05861387506593019,0.19382004195358604,0.0709384580841288,0.01425820798613131,0.01615116698667407,0.03306200006045401,9.600003249943256e-05,0.018233791925013065,0.018526708940044045,0.002392499940469861,0.07231100089848042,0.1737310829339549,0.00033549999352544546,0.28519783297087997,0.04929233295843005,0.33449016592931,5.6083896197378635e-05,0.0002633749973028898,0.22302341589238495,0.4754573329119012,0.7670722920447588
2867,random_2864,random_cycle_chord,20260823,crossing_rich,4,200,5,9,13,6.085027284065907,True,True,,perf/incremental-yamada-frontier-order,1d8374f42cccbb16d78d44100a65ca603d7d1997,3.14.7,macOS-26.6.2-arm64-arm-64bit-Mach-O,arm,0.05547091597691178,0.19053258397616446,0.1168487910181284,0.014915958978235722,0.01578579202760011,0.0385223749326542,0.0001669999910518527,0.016398416948504746,0.016562666976824403,0.001884249970316887,0.07353470881935209,0.22118008404504508,0.0001353750703856349,0.22430241701658815,0.03153395792469382,0.255836374941282,3.012490924447775e-05,0.00018624996300786734,0.2527140419697389,0.49871754192281514,0.7286947909742594
2868,random_2865,random_cycle_chord,20260823,crossing_rich,5,200,5,10,14,4.723452975583126,True,True,,perf/incremental-yamada-frontier-order,1d8374f42cccbb16d78d44100a65ca603d7d1997,3.14.7,macOS-26.6.2-arm64-arm-64bit-Mach-O,arm,0.04458283307030797,0.17802004097029567,0.052838040981441736,0.013530292082577944,0.015099666081368923,0.03095366689376533,9.170896373689175e-05,0.01562950003426522,0.016439500031992793,0.0017197499983012676,0.0648341259220615,0.1463605419266969,0.00013399997260421515,0.2220165419857949,0.03791025001555681,0.2599267920013517,3.183400258421898e-05,0.00019287504255771637,0.1842707919422537,0.40687366598285735,0.6342393750092015
2869,random_2866,random_cycle_chord,20260823,crossing_rich,4,200,5,9,13,6.080059158358987,True,True,,perf/incremental-yamada-frontier-order,1d8374f42cccbb16d78d44100a65ca603d7d1997,3.14.7,macOS-26.6.2-arm64-arm-64bit-Mach-O,arm,0.05265387496910989,0.18341683398466557,0.12060887494590133,0.015014083008281887,0.02119162492454052,0.0310114580206573,9.204202797263861e-05,0.015274915960617363,0.01614495797548443,0.0017920000245794654,0.0643153740093112,0.22122937499079853,0.00016566598787903786,0.24220470793079585,0.039953124942258,0.28215783287305385,7.262500002980232e-05,0.0002496250672265887,0.26118249993305653,0.497253208886832,0.7454657919006422
2870,random_2867,random_cycle_chord,20260823,crossing_rich,8,200,6,12,17,4.001483195782933,True,True,,perf/incremental-yamada-frontier-order,1d8374f42cccbb16d78d44100a65ca603d7d1997,3.14.7,macOS-26.6.2-arm64-arm-64bit-Mach-O,arm,0.06743908300995827,0.21425099996849895,0.05617858306504786,0.018331333994865417,0.019397292053326964,0.0378610419575125,8.925003930926323e-05,0.019965499988757074,0.02132670907303691,0.0022283339640125632,0.08147083502262831,0.1754397921031341,0.00015504192560911179,0.36140929197426885,0.04941441700793803,0.4108237089822069,5.012494511902332e-05,0.0002585420152172446,0.22485420911107212,0.5065442920895293,0.8744089589454234
2871,random_2868,random_cycle_chord,20260823,crossing_rich,5,200,5,9,13,4.333277815880766,True,True,,perf/incremental-yamada-frontier-order,1d8374f42cccbb16d78d44100a65ca603d7d1997,3.14.7,macOS-26.6.2-arm64-arm-64bit-Mach-O,arm,0.04430558404419571,0.18927524995524436,0.05424495798069984,0.014139042003080249,0.015142999938689172,0.030207208008505404,7.054104935377836e-05,0.01593125006183982,0.017601250088773668,0.0019348330097272992,0.06574508221819997,0.14933962491340935,0.00014220806770026684,0.23547141696326435,0.03357954090461135,0.2690509578678757,3.7209014408290386e-05,0.00018637499306350946,0.1829191658180207,0.4164999998174608,0.6576212500222027
2872,random_2869,random_cycle_chord,20260823,crossing_rich,5,200,5,9,13,4.2358901121193915,True,True,,perf/incremental-yamada-frontier-order,1d8374f42cccbb16d78d44100a65ca603d7d1997,3.14.7,macOS-26.6.2-arm64-arm-64bit-Mach-O,arm,0.04147875006310642,0.17635591595899314,0.058452708064578474,0.046724708983674645,0.025811417028307915,0.03507266694214195,9.412504732608795e-05,0.01728166698012501,0.017757125082425773,0.0018974170088768005,0.07210300106089562,0.20323983393609524,0.0001426249509677291,0.2518175409641117,0.03488341602496803,0.2867009569890797,3.837491385638714e-05,0.00022545794490724802,0.23812324996106327,0.4559579159831628,0.7134068330051377
2873,random_2870,random_cycle_chord,20260823,crossing_rich,5,200,5,10,14,4.727232929283337,True,True,,perf/incremental-yamada-frontier-order,1d8374f42cccbb16d78d44100a65ca603d7d1997,3.14.7,macOS-26.6.2-arm64-arm-64bit-Mach-O,arm,0.053871541982516646,0.2080782080302015,0.05871524999383837,0.01446945802308619,0.016033333027735353,0.03162341704592109,8.708401583135128e-05,0.01648975000716746,0.018071542028337717,0.0017821249784901738,0.06805391807574779,0.15735554101411253,0.00014000001829117537,0.4542732919799164,0.05278379109222442,0.5070570830721408,4.766695201396942e-05,0.00020537502132356167,0.21013933210633695,0.4720890821190551,0.9315309579251334
2874,random_2871,random_cycle_chord,20260823,baseline,0,200,3,8,10,6.210417824923604,True,True,,perf/incremental-yamada-frontier-order,1d8374f42cccbb16d78d44100a65ca603d7d1997,3.14.7,macOS-26.6.2-arm64-arm-64bit-Mach-O,arm,0.053469042060896754,0.20829045795835555,0.03722020797431469,0.008808000013232231,0.008635542006231844,0.018233375041745603,6.854103412479162e-05,0.00930683291517198,0.009564041974954307,0.000735208042897284,0.03790799900889397,0.09265899995807558,0.00010420894250273705,0.23925187496934086,0.011604749946855009,0.25085662491619587,2.2125081159174442e-05,9.495799895375967e-05,0.10426374990493059,0.3660232499241829,0.6103060829918832
2875,random_2872,random_cycle_chord,20260823,crossing_rich,2,200,4,8,11,6.355316188163861,True,True,,perf/incremental-yamada-frontier-order,1d8374f42cccbb16d78d44100a65ca603d7d1997,3.14.7,macOS-26.6.2-arm64-arm-64bit-Mach-O,arm,0.049811249948106706,0.1811285000294447,0.060878791962750256,0.009702874929644167,0.010021209018304944,0.019452375010587275,4.725006874650717e-05,0.009958457900211215,0.010446249973028898,0.0010906669776886702,0.040994999930262566,0.12163174990564585,0.00010295805986970663,0.16824183298740536,0.020429665921255946,0.1886714989086613,2.7458067052066326e-05,0.00014299992471933365,0.1420614158269018,0.3730011658044532,0.5463550420245156
2876,random_2873,random_cycle_chord,20260823,crossing_rich,2,200,4,11,14,5.054846541620904,True,True,,perf/incremental-yamada-frontier-order,1d8374f42cccbb16d78d44100a65ca603d7d1997,3.14.7,macOS-26.6.2-arm64-arm-64bit-Mach-O,arm,0.04771695798262954,0.17433183395769447,0.05154720903374255,0.010615707957185805,0.010592833044938743,0.020768707967363298,7.65420263633132e-05,0.011221249937079847,0.011230167001485825,0.0011142079019919038,0.044410874834284186,0.1172205419279635,0.00011316698510199785,0.22324841702356935,0.023391832946799695,0.24664024997036904,8.395803160965443e-05,0.00019991595763713121,0.1406123748747632,0.3626611668150872,0.5911845410009846
2877,random_2874,random_cycle_chord,20260823,crossing_rich,6,200,6,11,16,5.2210700253791495,True,True,,perf/incremental-yamada-frontier-order,1d8374f42cccbb16d78d44100a65ca603d7d1997,3.14.7,macOS-26.6.2-arm64-arm-64bit-Mach-O,arm,0.06725895800627768,0.22973045893013477,0.08383954199962318,0.01978637499269098,0.020840125042013824,0.041202166001312435,0.00014495907817035913,0.019753374974243343,0.020323375007137656,0.0028780000284314156,0.08430187508929521,0.20888149994425476,0.000153791974298656,0.3339475420070812,0.05283475003670901,0.3867822920437902,5.137501284480095e-05,0.00023929099552333355,0.26171624998096377,0.5587056669173762,0.9026024590712041
2878,random_2875,random_cycle_chord,20260823,crossing_rich,4,200,5,10,14,5.6163993299479404,True,True,,perf/incremental-yamada-frontier-order,1d8374f42cccbb16d78d44100a65ca603d7d1997,3.14.7,macOS-26.6.2-arm64-arm-64bit-Mach-O,arm,0.05900825001299381,0.18153900001198053,0.0647621670505032,0.01304754102602601,0.014044333016499877,0.02807208406738937,8.220796007663012e-05,0.014024125062860548,0.01410645805299282,0.0016033750725910068,0.057888250215910375,0.14982566703110933,0.00012633297592401505,0.3023615420097485,0.05036620900500566,0.3527277510147542,4.795799031853676e-05,0.0002519580302760005,0.200191876036115,0.44073912606108934,0.7495368330273777
2879,random_2876,random_cycle_chord,20260823,crossing_rich,4,200,5,11,15,5.222863135750408,True,True,,perf/incremental-yamada-frontier-order,1d8374f42cccbb16d78d44100a65ca603d7d1997,3.14.7,macOS-26.6.2-arm64-arm-64bit-Mach-O,arm,0.06551937502808869,0.20694574993103743,0.06842808297369629,0.014575542067177594,0.0158001669915393,0.030736041022464633,0.000101707992143929,0.016741500003263354,0.016645540948957205,0.0017632499802857637,0.06598803994711488,0.16485987498890609,0.00012862496078014374,0.3076168750412762,0.03917820903006941,0.3467950840713456,3.98330157622695e-05,0.0002150420332327485,0.2040380840189755,0.4765032089781016,0.7902766249608248
2880,random_2877,random_cycle_chord,20260823,baseline,0,200,3,9,11,5.394887612480963,True,True,,perf/incremental-yamada-frontier-order,1d8374f42cccbb16d78d44100a65ca603d7d1997,3.14.7,macOS-26.6.2-arm64-arm-64bit-Mach-O,arm,0.05888499994762242,0.3229085000930354,0.04621604201383889,0.012439458048902452,0.010935624944977462,0.021186041994951665,7.687497418373823e-05,0.011419084039516747,0.010979000013321638,0.0008688340894877911,0.04452983511146158,0.11421899998094887,0.0002491249470040202,0.3208426669007167,0.023313499987125397,0.3441561668878421,7.866695523262024e-05,0.00018512492533773184,0.13753249996807426,0.5193260000087321,0.8491944579873234
2881,random_2878,random_cycle_chord,20260823,crossing_rich,5,200,5,8,12,4.107423815845029,True,True,,perf/incremental-yamada-frontier-order,1d8374f42cccbb16d78d44100a65ca603d7d1997,3.14.7,macOS-26.6.2-arm64-arm-64bit-Mach-O,arm,0.07874299993272871,0.26567608304321766,0.0636323329526931,0.0508279160130769,0.04505137505475432,0.06860058300662786,0.00012341700494289398,0.02412195794750005,0.027095749974250793,0.002487999969162047,0.12242970790248364,0.28206145798321813,0.0003402919974178076,0.2752426660154015,0.04859729204326868,0.32383995805867016,4.091602750122547e-05,0.0002469159662723541,0.3306587500264868,0.6750778330024332,0.9586584999924526
2882,random_2879,random_cycle_chord,20260823,crossing_rich,2,200,4,10,13,5.472076791399139,True,True,,perf/incremental-yamada-frontier-order,1d8374f42cccbb16d78d44100a65ca603d7d1997,3.14.7,macOS-26.6.2-arm64-arm-64bit-Mach-O,arm,0.058931667008437216,0.2280471249250695,0.07141204201616347,0.013253624900244176,0.012851417064666748,0.024951708037406206,8.291599806398153e-05,0.01317895797546953,0.013802334084175527,0.0013807499781250954,0.05339666607324034,0.15099695802200586,0.00014004099648445845,0.43998562498018146,0.03345479199197143,0.4734404169721529,4.866707604378462e-05,0.00016875006258487701,0.1844517500139773,0.471430541947484,0.916879374999553
2883,random_2880,random_cycle_chord,20260823,crossing_rich,4,200,5,9,13,6.0774006553520685,True,True,,perf/incremental-yamada-frontier-order,1d8374f42cccbb16d78d44100a65ca603d7d1997,3.14.7,macOS-26.6.2-arm64-arm-64bit-Mach-O,arm,0.060596125083975494,0.20542483404278755,0.08307804202195257,0.01490425004158169,0.015099667012691498,0.02853720902930945,8.19170381873846e-05,0.015676209004595876,0.015288292081095278,0.0017408750718459487,0.06132450222503394,0.1744778749998659,0.00011679192539304495,0.23887762508820742,0.03671837504953146,0.2755960001377389,3.508396912366152e-05,0.00020825001411139965,0.21119625004939735,0.4772172091761604,0.7224218749906868
2884,random_2881,random_cycle_chord,20260823,crossing_rich,4,200,5,8,12,6.602049219493526,True,True,,perf/incremental-yamada-frontier-order,1d8374f42cccbb16d78d44100a65ca603d7d1997,3.14.7,macOS-26.6.2-arm64-arm-64bit-Mach-O,arm,0.06132908398285508,0.2521992080146447,0.0921369579154998,0.013145999982953072,0.013637291034683585,0.025621042004786432,5.679193418473005e-05,0.013446917058899999,0.014167333953082561,0.0017260420136153698,0.05501812696456909,0.1739827919518575,0.00022095791064202785,0.19893704098649323,0.033561249962076545,0.23249829094856977,4.5208027586340904e-05,0.00019866705406457186,0.20754404191393405,0.5210723339114338,0.7270267920102924
2885,random_2882,random_cycle_chord,20260823,crossing_rich,6,200,6,13,18,4.563627074747936,True,True,,perf/incremental-yamada-frontier-order,1d8374f42cccbb16d78d44100a65ca603d7d1997,3.14.7,macOS-26.6.2-arm64-arm-64bit-Mach-O,arm,0.05527904198970646,0.1724786669947207,0.060195500031113625,0.01864300004672259,0.017115958966314793,0.03366491699125618,0.00012895790860056877,0.017218584078364074,0.017809459008276463,0.0019436669535934925,0.07076558494009078,0.16680562496185303,0.00013958301860839128,0.41957045800518245,0.04434679204132408,0.4639172500465065,5.704199429601431e-05,0.0002281250199303031,0.2111524170031771,0.43891012598760426,0.8643014580011368
2886,random_2883,random_cycle_chord,20260823,baseline,0,200,3,11,13,4.069601497948701,True,True,,perf/incremental-yamada-frontier-order,1d8374f42cccbb16d78d44100a65ca603d7d1997,3.14.7,macOS-26.6.2-arm64-arm-64bit-Mach-O,arm,0.04131924989633262,0.1825225839857012,0.023045458015985787,0.008669708971865475,0.008147916989400983,0.01696300006005913,7.079204078763723e-05,0.008437625016085804,0.008626208058558404,0.0006382080027833581,0.034735833178274333,0.07465500000398606,0.00010929105337709188,0.27722337492741644,0.01211799995508045,0.2893413748824969,2.4957931600511074e-05,9.862496517598629e-05,0.08677299995906651,0.31061483384110034,0.5929513749433681
2887,random_2884,random_cycle_chord,20260823,crossing_rich,7,200,7,13,19,4.105259473077736,True,True,,perf/incremental-yamada-frontier-order,1d8374f42cccbb16d78d44100a65ca603d7d1997,3.14.7,macOS-26.6.2-arm64-arm-64bit-Mach-O,arm,0.07834675000049174,0.206627708976157,0.061710083042271435,0.022529916954226792,0.02241049997974187,0.041365916025824845,0.00015104201156646013,0.02187774993944913,0.02273179206531495,0.0026056249625980854,0.08873212500475347,0.1955079579493031,0.00030845904257148504,0.3554943329654634,0.05786008306313306,0.41335441602859646,5.987496115267277e-05,0.000295042060315609,0.25336804101243615,0.5383424999890849,0.9018371250713244
2888,random_2885,random_cycle_chord,20260823,baseline,0,200,4,14,17,4.291055281390785,True,True,,perf/incremental-yamada-frontier-order,1d8374f42cccbb16d78d44100a65ca603d7d1997,3.14.7,macOS-26.6.2-arm64-arm-64bit-Mach-O,arm,0.058959541958756745,0.20982041698880494,0.03204974997788668,0.011376583017408848,0.010616959072649479,0.020201124949380755,9.699992369860411e-05,0.0129593750461936,0.011597458040341735,0.0011351670837029815,0.045990125043317676,0.10007279203273356,0.00014474999625235796,0.30418275005649775,0.01611995790153742,0.32030270795803517,2.6541994884610176e-05,0.00012824998702853918,0.11619274993427098,0.38497270888183266,0.6948632500134408
2889,random_2886,random_cycle_chord,20260823,baseline,0,200,3,8,10,6.192514481620708,True,True,,perf/incremental-yamada-frontier-order,1d8374f42cccbb16d78d44100a65ca603d7d1997,3.14.7,macOS-26.6.2-arm64-arm-64bit-Mach-O,arm,0.041180333006195724,0.18434362497646362,0.042169208987616,0.008805332938209176,0.008667999994941056,0.016039791982620955,3.3624935895204544e-05,0.008159083081409335,0.008650708012282848,0.0007263330044224858,0.03360954101663083,0.0932899999897927,9.541702456772327e-05,0.157612208975479,0.01139737491030246,0.16900958388578147,2.0416919142007828e-05,0.00010220904368907213,0.10468737490009516,0.3302113328827545,0.49304083304014057
2890,random_2887,random_cycle_chord,20260823,baseline,0,200,3,8,10,6.140507891562336,True,True,,perf/incremental-yamada-frontier-order,1d8374f42cccbb16d78d44100a65ca603d7d1997,3.14.7,macOS-26.6.2-arm64-arm-64bit-Mach-O,arm,0.039413707912899554,0.17260845797136426,0.03846533305477351,0.008055250043980777,0.007619375013746321,0.015340458019636571,6.429094355553389e-05,0.008077832986600697,0.008112250012345612,0.0006575409788638353,0.03225237294100225,0.08641629200428724,8.962501306086779e-05,0.1522528340574354,0.010904832975938916,0.1631576670333743,2.008303999900818e-05,9.68750100582838e-05,0.09732112498022616,0.30934329086449,0.46635037497617304
2891,random_2888,random_cycle_chord,20260823,baseline,0,200,3,10,12,4.664434540408024,True,True,,perf/incremental-yamada-frontier-order,1d8374f42cccbb16d78d44100a65ca603d7d1997,3.14.7,macOS-26.6.2-arm64-arm-64bit-Mach-O,arm,0.03533083398360759,0.16601020796224475,0.024983333074487746,0.0077390840742737055,0.00759291707072407,0.014829874970018864,4.1583902202546597e-05,0.007614708971232176,0.007770499913021922,0.0005987919867038727,0.03085545974317938,0.07120437500998378,7.870898116379976e-05,0.1732055409811437,0.010183417005464435,0.18338895798660815,1.77919864654541e-05,8.512497879564762e-05,0.08138779201544821,0.28272883396130055,0.460499917040579
2892,random_2889,random_cycle_chord,20260823,crossing_rich,3,200,4,10,13,4.117642428937602,True,True,,perf/incremental-yamada-frontier-order,1d8374f42cccbb16d78d44100a65ca603d7d1997,3.14.7,macOS-26.6.2-arm64-arm-64bit-Mach-O,arm,0.0355845830636099,0.15963033307343721,0.036839041975326836,0.009711500024423003,0.01051799999549985,0.020639374968595803,3.5665929317474365e-05,0.01066137501038611,0.01111866591963917,0.0010466249659657478,0.043501706793904305,0.10061049996875226,8.591695223003626e-05,0.17514520895201713,0.02043837495148182,0.19558358390349895,2.3208907805383205e-05,0.00013004092033952475,0.12104887492023408,0.3162637910572812,0.4967980409273878
2893,random_2890,random_cycle_chord,20260823,crossing_rich,5,200,5,9,13,4.168389814312308,True,True,,perf/incremental-yamada-frontier-order,1d8374f42cccbb16d78d44100a65ca603d7d1997,3.14.7,macOS-26.6.2-arm64-arm-64bit-Mach-O,arm,0.03661212499719113,0.15797762502916157,0.04385616700164974,0.012222958030179143,0.013000666978769004,0.025630292017012835,4.0082959458231926e-05,0.01329970802180469,0.014126166934147477,0.0014759170589968562,0.05457216699142009,0.12368862493894994,8.766702376306057e-05,0.19345925003290176,0.030433875042945147,0.2238931250758469,2.9709073714911938e-05,0.00016941700596362352,0.1541224999818951,0.3487122500082478,0.5469866249477491
2894,random_2891,random_cycle_chord,20260823,crossing_rich,9,200,7,12,18,4.878351528671841,True,True,,perf/incremental-yamada-frontier-order,1d8374f42cccbb16d78d44100a65ca603d7d1997,3.14.7,macOS-26.6.2-arm64-arm-64bit-Mach-O,arm,0.053451041923835874,0.15764129196759313,0.05397208407521248,0.015188083052635193,0.016765833948738873,0.032915957970544696,5.704199429601431e-05,0.017118416028097272,0.018249499960802495,0.002228165976703167,0.07056908193044364,0.15654716605786234,0.00044487498234957457,0.25952129205688834,0.05138187506236136,0.3109031671192497,3.774999640882015e-05,0.00024216703604906797,0.2079290411202237,0.4190213750116527,0.6846844999818131
2895,random_2892,random_cycle_chord,20260823,crossing_rich,5,200,5,8,12,4.177916993291744,True,True,,perf/incremental-yamada-frontier-order,1d8374f42cccbb16d78d44100a65ca603d7d1997,3.14.7,macOS-26.6.2-arm64-arm-64bit-Mach-O,arm,0.031417459016665816,0.1527309169759974,0.040555084007792175,0.01126137503888458,0.012900499976240098,0.025511583080515265,3.8375030271708965e-05,0.013287250068970025,0.013925709063187242,0.001414791913703084,0.054177709156647325,0.1189294159412384,0.00017637491691857576,0.27207162498962134,0.03807425010018051,0.31014587508980185,5.5750017054378986e-05,0.00020520901307463646,0.1570036660414189,0.3411520420340821,0.6173143750056624
2896,random_2893,random_cycle_chord,20260823,crossing_rich,5,200,5,8,12,4.100907549174978,True,True,,perf/incremental-yamada-frontier-order,1d8374f42cccbb16d78d44100a65ca603d7d1997,3.14.7,macOS-26.6.2-arm64-arm-64bit-Mach-O,arm,0.03556454204954207,0.1677032089792192,0.039056291920132935,0.012266917037777603,0.014128083013929427,0.027994415955618024,8.141703438013792e-05,0.014725666958838701,0.015584749984554946,0.0016120000509545207,0.05999824998434633,0.12549799995031208,0.0002239170717075467,0.19533745804801583,0.03882429201621562,0.23416175006423146,3.433309029787779e-05,0.00018604204524308443,0.1643222919665277,0.36759004299528897,0.5682007919531316
2897,random_2894,random_cycle_chord,20260823,baseline,0,200,4,11,14,4.091089711872583,True,True,,perf/incremental-yamada-frontier-order,1d8374f42cccbb16d78d44100a65ca603d7d1997,3.14.7,macOS-26.6.2-arm64-arm-64bit-Mach-O,arm,0.04723725002259016,0.202237916062586,0.030071624903939664,0.01112250005826354,0.010914874961599708,0.021253000013530254,5.8999983593821526e-05,0.010699333040975034,0.011002167011611164,0.0008685000939294696,0.04388200014363974,0.09602795797400177,0.00010737497359514236,0.21834208408836275,0.013489999924786389,0.23183208401314914,2.6000081561505795e-05,0.00010599999222904444,0.10951795789878815,0.3589931239839643,0.5829469159943983
2898,random_2895,random_cycle_chord,20260823,crossing_rich,5,200,5,8,12,4.208975772191654,True,True,,perf/incremental-yamada-frontier-order,1d8374f42cccbb16d78d44100a65ca603d7d1997,3.14.7,macOS-26.6.2-arm64-arm-64bit-Mach-O,arm,0.03696537506766617,0.1735465000383556,0.04999254201538861,0.01280549995135516,0.014616374974139035,0.02907354198396206,8.324999362230301e-05,0.015098167001269758,0.01578945794608444,0.0018790409667417407,0.0619234578916803,0.13939529191702604,0.000343875028192997,0.32275095803197473,0.04715191700961441,0.36990287504158914,4.287506453692913e-05,0.00019824993796646595,0.18654720892664045,0.3970590840326622,0.7244924590922892
2899,random_2896,random_cycle_chord,20260823,crossing_rich,5,200,5,8,12,4.223369118144413,True,True,,perf/incremental-yamada-frontier-order,1d8374f42cccbb16d78d44100a65ca603d7d1997,3.14.7,macOS-26.6.2-arm64-arm-64bit-Mach-O,arm,0.03651541692670435,0.17920008301734924,0.05347174999769777,0.013117625028826296,0.014437249978072941,0.027935084071941674,5.387491546571255e-05,0.014564959099516273,0.015091541921719909,0.001480082981288433,0.059125542989932,0.14020550006534904,0.00032470806036144495,0.3249945000279695,0.04812220798339695,0.3731167080113664,5.76250022277236e-05,0.0002085000742226839,0.188327708048746,0.4040432079927996,0.7337588749360293
2900,random_2897,random_cycle_chord,20260823,baseline,0,200,4,10,13,4.631834883412831,True,True,,perf/incremental-yamada-frontier-order,1d8374f42cccbb16d78d44100a65ca603d7d1997,3.14.7,macOS-26.6.2-arm64-arm-64bit-Mach-O,arm,0.03697783395182341,0.18466179096139967,0.025074249948374927,0.00886075000744313,0.008845500065945089,0.017371665919199586,4.383304622024298e-05,0.009063249919563532,0.00938895798753947,0.0008649170631542802,0.03673262393567711,0.07954225002322346,9.358394891023636e-05,0.18598316702991724,0.014175832970067859,0.2001589999999851,3.258395008742809e-05,0.00013095804024487734,0.09371808299329132,0.3153577079065144,0.5061996659496799
2901,random_2898,random_cycle_chord,20260823,crossing_rich,5,200,6,12,17,4.0648003971136655,True,True,,perf/incremental-yamada-frontier-order,1d8374f42cccbb16d78d44100a65ca603d7d1997,3.14.7,macOS-26.6.2-arm64-arm-64bit-Mach-O,arm,0.04799679107964039,0.15952237509191036,0.05048329196870327,0.0128855420043692,0.014271041960455477,0.02803495805710554,5.212496034801006e-05,0.014593457919545472,0.015383207937702537,0.0016952910227701068,0.059759039897471666,0.13744658406358212,0.00010987499263137579,0.24977170897182077,0.03301845898386091,0.2827901679556817,4.1874940507113934e-05,0.00020095903892070055,0.17046504304744303,0.3779842092189938,0.6327186250127852
2902,random_2899,random_cycle_chord,20260823,crossing_rich,5,200,6,11,16,4.6403555075617,True,True,,perf/incremental-yamada-frontier-order,1d8374f42cccbb16d78d44100a65ca603d7d1997,3.14.7,macOS-26.6.2-arm64-arm-64bit-Mach-O,arm,0.04702391603495926,0.16131324996240437,0.0521122079808265,0.012426250032149255,0.01340862491633743,0.02694604208227247,4.9749971367418766e-05,0.014019374968484044,0.014736833982169628,0.001671208068728447,0.05742320907302201,0.13541520899161696,0.0001092500751838088,0.23667133296839893,0.03301287500653416,0.2696842079749331,3.270793240517378e-05,0.0001817919546738267,0.16842808399815112,0.37676524999551475,0.6184146659215912
2903,random_2900,random_cycle_chord,20260823,crossing_rich,3,200,5,11,15,4.343773457520209,True,True,,perf/incremental-yamada-frontier-order,1d8374f42cccbb16d78d44100a65ca603d7d1997,3.14.7,macOS-26.6.2-arm64-arm-64bit-Mach-O,arm,0.04283916705753654,0.16107983305118978,0.04352504201233387,0.01113687502220273,0.011939749936573207,0.022725375019945204,4.112499300390482e-05,0.012140040984377265,0.012824082979932427,0.0012779160169884562,0.04900853999424726,0.11564774997532368,0.00010379205923527479,0.22097370901610702,0.02481179207097739,0.2457855010870844,2.6999972760677338e-05,0.0001526250271126628,0.14045954204630107,0.3443785421550274,0.5702092080609873
2904,random_2901,random_cycle_chord,20260823,crossing_rich,2,200,4,8,11,6.589336638677977,True,True,,perf/incremental-yamada-frontier-order,1d8374f42cccbb16d78d44100a65ca603d7d1997,3.14.7,macOS-26.6.2-arm64-arm-64bit-Mach-O,arm,0.04538299993146211,0.17343316599726677,0.06969783292151988,0.009784541907720268,0.010020083980634809,0.0200506669934839,6.366695743054152e-05,0.010246249963529408,0.010784792015329003,0.0011891670292243361,0.04233454295899719,0.13188158301636577,0.00011866702698171139,0.1678205420030281,0.02040433301590383,0.18822487501893193,2.395804040133953e-05,0.0001345409546047449,0.1522859160322696,0.3711020819609985,0.5441409170161933
2905,random_2902,random_cycle_chord,20260823,crossing_rich,2,200,4,9,12,5.981390120785526,True,True,,perf/incremental-yamada-frontier-order,1d8374f42cccbb16d78d44100a65ca603d7d1997,3.14.7,macOS-26.6.2-arm64-arm-64bit-Mach-O,arm,0.04751170799136162,0.17450162500608712,0.05643070803489536,0.010350374970585108,0.010761292069219053,0.020889417035505176,5.3208088502287865e-05,0.010440499987453222,0.010889208992011845,0.0011438749497756362,0.04341620905324817,0.12100570905022323,0.0001081250375136733,0.1778695840621367,0.018852500012144446,0.19672208407428116,2.362497616559267e-05,0.00014587503392249346,0.13985820906236768,0.3618715420598164,0.5449880410451442
2906,random_2903,random_cycle_chord,20260823,baseline,0,200,3,8,10,6.173098385676993,True,True,,perf/incremental-yamada-frontier-order,1d8374f42cccbb16d78d44100a65ca603d7d1997,3.14.7,macOS-26.6.2-arm64-arm-64bit-Mach-O,arm,0.03671995899640024,0.16307166602928191,0.034416165901347995,0.007510083960369229,0.0074747910257428885,0.014511709101498127,2.3958971723914146e-05,0.007417417014949024,0.00791454198770225,0.0006723749684169888,0.030540002044290304,0.07996274996548891,7.595797069370747e-05,0.14902570797130466,0.011487458017654717,0.16051316598895937,2.033403143286705e-05,8.995796088129282e-05,0.09145020798314363,0.2912418330088258,0.4447439999785274
2907,random_2904,random_cycle_chord,20260823,crossing_rich,5,200,5,8,12,4.199637166807071,True,True,,perf/incremental-yamada-frontier-order,1d8374f42cccbb16d78d44100a65ca603d7d1997,3.14.7,macOS-26.6.2-arm64-arm-64bit-Mach-O,arm,0.03519370802678168,0.16643433400895447,0.04822908295318484,0.01277783396653831,0.014326290925964713,0.02756954205688089,7.758301217108965e-05,0.014312749961391091,0.015104625024832785,0.0015384580474346876,0.058602958102710545,0.13406466704327613,0.00021237495820969343,0.3048092919634655,0.030490249977447093,0.3352995419409126,2.883397974073887e-05,0.00017520796973258257,0.16455491702072322,0.36618295905645937,0.6757343329954892
2908,random_2905,random_cycle_chord,20260823,baseline,0,200,3,10,12,4.724379311158927,True,True,,perf/incremental-yamada-frontier-order,1d8374f42cccbb16d78d44100a65ca603d7d1997,3.14.7,macOS-26.6.2-arm64-arm-64bit-Mach-O,arm,0.035233624977990985,0.1623731249710545,0.02487425005529076,0.0077201660024002194,0.007580791017971933,0.01464099995791912,2.8749927878379822e-05,0.007651917054317892,0.007855874951928854,0.0006018329877406359,0.030779374879784882,0.07100020803045481,9.491702076047659e-05,0.17770095798186958,0.011668625054880977,0.18936958303675056,2.2416934370994568e-05,8.725002408027649e-05,0.08266883308533579,0.28027558303438127,0.46259112504776567
2909,random_2906,random_cycle_chord,20260823,crossing_rich,4,200,5,8,12,6.583791505988231,True,True,,perf/incremental-yamada-frontier-order,1d8374f42cccbb16d78d44100a65ca603d7d1997,3.14.7,macOS-26.6.2-arm64-arm-64bit-Mach-O,arm,0.0545774579513818,0.17376933398190886,0.06975579098798335,0.011518666055053473,0.011978834052570164,0.024455333943478763,7.995893247425556e-05,0.01285483397077769,0.013744165888056159,0.0016958749620243907,0.05283016769681126,0.1461253750603646,0.00021945894695818424,0.18298074998892844,0.030094541027210653,0.2130752910161391,3.0249939300119877e-05,0.00018199998885393143,0.17621991608757526,0.4045667080208659,0.5928642910439521
2910,random_2907,random_cycle_chord,20260823,crossing_rich,2,200,4,8,11,6.557461009896119,True,True,,perf/incremental-yamada-frontier-order,1d8374f42cccbb16d78d44100a65ca603d7d1997,3.14.7,macOS-26.6.2-arm64-arm-64bit-Mach-O,arm,0.04485791607294232,0.16549437504727393,0.061449166969396174,0.009507999988272786,0.0095652089221403,0.01884308399166912,3.450002986937761e-05,0.009791707969270647,0.01036491699051112,0.001165082911029458,0.04019929189234972,0.12075470795389265,8.954200893640518e-05,0.16205875005107373,0.020928208949044347,0.18298695900011808,3.3082906156778336e-05,0.00014237500727176666,0.141682916902937,0.35203520802315325,0.5188257080735639
2911,random_2908,random_cycle_chord,20260823,baseline,0,200,3,9,11,5.384105732566756,True,True,,perf/incremental-yamada-frontier-order,1d8374f42cccbb16d78d44100a65ca603d7d1997,3.14.7,macOS-26.6.2-arm64-arm-64bit-Mach-O,arm,0.037602540920488536,0.25096104107797146,0.03174504195339978,0.007975250016897917,0.008110249997116625,0.01582120801322162,3.741704858839512e-05,0.008130499976687133,0.008299041888676584,0.0006287919823080301,0.032916958909481764,0.08078208297956735,8.891697507351637e-05,0.16898904100526124,0.010909667005762458,0.1798987080110237,1.8708989955484867e-05,9.187497198581696e-05,0.0916917499853298,0.3802553319837898,0.5541535000083968
2912,random_2909,random_cycle_chord,20260823,crossing_rich,2,200,4,9,12,5.849944256288854,True,True,,perf/incremental-yamada-frontier-order,1d8374f42cccbb16d78d44100a65ca603d7d1997,3.14.7,macOS-26.6.2-arm64-arm-64bit-Mach-O,arm,0.04516570793930441,0.17328729096334428,0.07442062499467283,0.010421167011372745,0.010384750086814165,0.019702250021509826,5.337502807378769e-05,0.010160833946429193,0.010870540980249643,0.00113362492993474,0.04192062490619719,0.13720804103650153,0.00010550010483711958,0.18148466607090086,0.021213458036072552,0.2026981241069734,3.300001844763756e-05,0.00015087495557963848,0.15842149907257408,0.37687449797522277,0.5924549590563402
2913,random_2910,random_cycle_chord,20260823,baseline,0,200,3,9,11,5.347751994313533,True,True,,perf/incremental-yamada-frontier-order,1d8374f42cccbb16d78d44100a65ca603d7d1997,3.14.7,macOS-26.6.2-arm64-arm-64bit-Mach-O,arm,0.03859595791436732,0.17128883302211761,0.0279115840094164,0.007353915949352086,0.0070708750281482935,0.013880791026167572,2.4499953724443913e-05,0.007224083063192666,0.007509541930630803,0.0006186250830069184,0.029257541056722403,0.07161591702606529,7.316702976822853e-05,0.15784516697749496,0.010050249984487891,0.16789541696198285,1.7290934920310974e-05,8.525000885128975e-05,0.08166616701055318,0.2915509579470381,0.4539226669585332
2914,random_2911,random_cycle_chord,20260823,crossing_rich,5,200,5,9,13,4.257145351648072,True,True,,perf/incremental-yamada-frontier-order,1d8374f42cccbb16d78d44100a65ca603d7d1997,3.14.7,macOS-26.6.2-arm64-arm-64bit-Mach-O,arm,0.038309958996251225,0.167702249949798,0.0460554170422256,0.01276308298110962,0.013862250023521483,0.026926291990093887,6.350001785904169e-05,0.013890082947909832,0.014695457997731864,0.001582792028784752,0.05715812498237938,0.12990737496875226,0.00010720803402364254,0.19951824995223433,0.03152166691143066,0.23103991686366498,3.02919652312994e-05,0.00018741702660918236,0.16142904188018292,0.36744125082623214,0.5720159590709955
2915,random_2912,random_cycle_chord,20260823,baseline,0,200,4,11,14,4.06602273640124,True,True,,perf/incremental-yamada-frontier-order,1d8374f42cccbb16d78d44100a65ca603d7d1997,3.14.7,macOS-26.6.2-arm64-arm-64bit-Mach-O,arm,0.03849674994125962,0.16651200002525002,0.025281707989051938,0.009514875011518598,0.009413291001692414,0.018134625046513975,4.804099444299936e-05,0.009388874983415008,0.00954374996945262,0.0008067500311881304,0.03792204102501273,0.0821851670043543,9.874999523162842e-05,0.19948337506502867,0.012269291910342872,0.21175266697537154,2.0707957446575165e-05,0.00010225002188235521,0.09445445891469717,0.2994632088812068,0.5038078329525888
2916,random_2913,random_cycle_chord,20260823,crossing_rich,5,200,5,8,12,4.12052760344238,True,True,,perf/incremental-yamada-frontier-order,1d8374f42cccbb16d78d44100a65ca603d7d1997,3.14.7,macOS-26.6.2-arm64-arm-64bit-Mach-O,arm,0.033154417062178254,0.17369787499774247,0.04716291697695851,0.013218875043094158,0.014616083004511893,0.028051499975845218,8.933292701840401e-05,0.015022958046756685,0.015230749966576695,0.0017989170737564564,0.06019345798995346,0.1352549580624327,0.0002649580128490925,0.18558412499260157,0.03028033406008035,0.21586445905268192,2.6582973077893257e-05,0.0001669999910518527,0.16553529212251306,0.3723875841824338,0.5633712080307305
2917,random_2914,random_cycle_chord,20260823,crossing_rich,2,200,4,9,12,5.851972960048977,True,True,,perf/incremental-yamada-frontier-order,1d8374f42cccbb16d78d44100a65ca603d7d1997,3.14.7,macOS-26.6.2-arm64-arm-64bit-Mach-O,arm,0.04228925006464124,0.168581458972767,0.05372266692575067,0.009677540976554155,0.010052292025648057,0.019719749921932817,3.712496254593134e-05,0.010225750040262938,0.010681958985514939,0.001049624988809228,0.04171420889906585,0.11520754196681082,8.545804303139448e-05,0.17317883297801018,0.018343457952141762,0.19152229093015194,2.1834042854607105e-05,0.00012791703920811415,0.13355099991895258,0.3444217089563608,0.5222639159765095
2918,random_2915,random_cycle_chord,20260823,crossing_rich,5,200,6,11,16,4.6051947968365505,True,True,,perf/incremental-yamada-frontier-order,1d8374f42cccbb16d78d44100a65ca603d7d1997,3.14.7,macOS-26.6.2-arm64-arm-64bit-Mach-O,arm,0.04533704090863466,0.15891300002112985,0.0465219171019271,0.012127458001486957,0.01393679203465581,0.02748783293645829,4.7208042815327644e-05,0.014261666918173432,0.014939125045202672,0.0016239579999819398,0.05835979094263166,0.1309887079987675,0.00010991701856255531,0.22898187499959022,0.03130562498699874,0.26028749998658895,3.254192415624857e-05,0.00018266693223267794,0.16229433298576623,0.36654437391553074,0.6003977920627221
2919,random_2916,random_cycle_chord,20260823,baseline,0,200,3,9,11,5.361925785006025,True,True,,perf/incremental-yamada-frontier-order,1d8374f42cccbb16d78d44100a65ca603d7d1997,3.14.7,macOS-26.6.2-arm64-arm-64bit-Mach-O,arm,0.03387933399062604,0.15416541695594788,0.02700337499845773,0.006964582949876785,0.007302957936190069,0.014341791975311935,2.1792016923427582e-05,0.007426250027492642,0.0076047920156270266,0.0005256669828668237,0.029920293018221855,0.07121058297343552,6.387499161064625e-05,0.148613249999471,0.008627541013993323,0.15724079101346433,1.4499993994832039e-05,6.616604514420033e-05,0.07983812398742884,0.26788287493400276,0.4206604170612991
2920,random_2917,random_cycle_chord,20260823,baseline,0,200,3,13,15,4.569914990643509,True,True,,perf/incremental-yamada-frontier-order,1d8374f42cccbb16d78d44100a65ca603d7d1997,3.14.7,macOS-26.6.2-arm64-arm-64bit-Mach-O,arm,0.038459209026768804,0.15749900008086115,0.021344208042137325,0.006910416996106505,0.007158541004173458,0.014091458986513317,2.1958956494927406e-05,0.0072761670453473926,0.007389666046947241,0.0005136670079082251,0.029292918043211102,0.06472895911429077,7.945799734443426e-05,0.1939354999922216,0.008281292044557631,0.20221679203677922,1.7083948478102684e-05,7.304106839001179e-05,0.0730102511588484,0.26896846026647836,0.4670342080062255
2921,random_2918,random_cycle_chord,20260823,crossing_rich,5,200,5,9,13,4.359907991662704,True,True,,perf/incremental-yamada-frontier-order,1d8374f42cccbb16d78d44100a65ca603d7d1997,3.14.7,macOS-26.6.2-arm64-arm-64bit-Mach-O,arm,0.03376595804002136,0.14883733296301216,0.04317349998746067,0.010697040939703584,0.012200500001199543,0.024014666094444692,4.183396231383085e-05,0.012398499995470047,0.01309000002220273,0.0013421669136732817,0.05088716698810458,0.11699212493840605,8.300004992634058e-05,0.17771583306603134,0.028311375062912703,0.20602720812894404,2.379098441451788e-05,0.00015187496319413185,0.14530350000131875,0.32790679100435227,0.5102075419854373
2922,random_2919,random_cycle_chord,20260823,baseline,0,200,3,9,11,5.392278227305945,True,True,,perf/incremental-yamada-frontier-order,1d8374f42cccbb16d78d44100a65ca603d7d1997,3.14.7,macOS-26.6.2-arm64-arm-64bit-Mach-O,arm,0.031812625005841255,0.1479791250312701,0.026597999967634678,0.0067367920419201255,0.0069983749417588115,0.013722167001105845,2.1332991309463978e-05,0.007177666993811727,0.0073735000332817435,0.0005096250679343939,0.028804292087443173,0.0691565420711413,6.404099985957146e-05,0.14666129101533443,0.008459917036816478,0.1551212080521509,1.491699367761612e-05,7.091695442795753e-05,0.07761645910795778,0.2574082091450691,0.40816091699525714
2923,random_2920,random_cycle_chord,20260823,baseline,0,200,3,8,10,6.109179653183707,True,True,,perf/incremental-yamada-frontier-order,1d8374f42cccbb16d78d44100a65ca603d7d1997,3.14.7,macOS-26.6.2-arm64-arm-64bit-Mach-O,arm,0.03450412501115352,0.15961295797023922,0.03478666697628796,0.0073090000078082085,0.007250208989717066,0.01443187496624887,2.2834050469100475e-05,0.007383291958831251,0.00782429100945592,0.0006628329865634441,0.030325124971568584,0.07969212508760393,7.037504110485315e-05,0.14047991705592722,0.010277084074914455,0.15075700113084167,1.8290942534804344e-05,9.891705121845007e-05,0.08996920916251838,0.2840862921439111,0.42897295800503343
2924,random_2921,random_cycle_chord,20260823,baseline,0,200,3,9,11,5.389955733337209,True,True,,perf/incremental-yamada-frontier-order,1d8374f42cccbb16d78d44100a65ca603d7d1997,3.14.7,macOS-26.6.2-arm64-arm-64bit-Mach-O,arm,0.03570799995213747,0.16171841707546264,0.026810707990080118,0.007167499978095293,0.007251625065691769,0.014444082975387573,2.3333937861025333e-05,0.0075081250397488475,0.007670750026591122,0.0005921669071540236,0.030238458886742592,0.0714893329422921,8.908298332244158e-05,0.15586195793002844,0.009237874997779727,0.16509983292780817,1.829105895012617e-05,8.249992970377207e-05,0.08072720794007182,0.27815362496767193,0.4386894579511136
2925,random_2922,random_cycle_chord,20260823,crossing_rich,2,200,4,9,12,5.935193676735502,True,True,,perf/incremental-yamada-frontier-order,1d8374f42cccbb16d78d44100a65ca603d7d1997,3.14.7,macOS-26.6.2-arm64-arm-64bit-Mach-O,arm,0.04259491595439613,0.16640187497250736,0.05711841594893485,0.0095089579699561,0.009784416994079947,0.019238749984651804,3.324996214359999e-05,0.009974374901503325,0.010336291044950485,0.000986000057309866,0.04056866595055908,0.11701095895841718,8.691695984452963e-05,0.17523058399092406,0.017642542021349072,0.19287312601227313,2.1541956812143326e-05,0.00011912500485777855,0.13465350097976625,0.34365029190666974,0.5235846670111641
2926,random_2923,random_cycle_chord,20260823,crossing_rich,3,200,4,8,11,4.280020825396781,True,True,,perf/incremental-yamada-frontier-order,1d8374f42cccbb16d78d44100a65ca603d7d1997,3.14.7,macOS-26.6.2-arm64-arm-64bit-Mach-O,arm,0.030972667038440704,0.16213349997997284,0.042788792052306235,0.010114207980223,0.011073083034716547,0.02168395894113928,3.170908894389868e-05,0.011052291956730187,0.01178758405148983,0.0010708339978009462,0.04562637803610414,0.10963362501934171,8.041702676564455e-05,0.15892641700338572,0.020945791038684547,0.17987220804207027,2.2709020413458347e-05,0.00013116700574755669,0.13057941605802625,0.3236855830764398,0.4875248749740422
2927,random_2924,random_cycle_chord,20260823,crossing_rich,4,200,5,11,15,5.222927031769514,True,True,,perf/incremental-yamada-frontier-order,1d8374f42cccbb16d78d44100a65ca603d7d1997,3.14.7,macOS-26.6.2-arm64-arm-64bit-Mach-O,arm,0.04786266607698053,0.16339891706593335,0.04922079190146178,0.011112790904007852,0.011747999931685627,0.02317145897541195,4.04169550165534e-05,0.012397084035910666,0.01273600000422448,0.0013929579872637987,0.04973791795782745,0.12185683299321681,9.083305485546589e-05,0.21431945799849927,0.02580704097636044,0.24012649897485971,2.666609361767769e-05,0.00016258296091109514,0.14766387396957725,0.35892545711249113,0.5779835829744115
2928,random_2925,random_cycle_chord,20260823,baseline,0,200,3,8,10,6.132886440965359,True,True,,perf/incremental-yamada-frontier-order,1d8374f42cccbb16d78d44100a65ca603d7d1997,3.14.7,macOS-26.6.2-arm64-arm-64bit-Mach-O,arm,0.035363375092856586,0.15981466695666313,0.036137624992989004,0.007097707944922149,0.007104958989657462,0.013948249979875982,2.3625092580914497e-05,0.00724933308083564,0.007425416959449649,0.0005832079332321882,0.029229833045974374,0.07959079195279628,6.17919722571969e-05,0.13870308303739876,0.009665291989222169,0.14836837502662092,1.6749952919781208e-05,8.466606959700584e-05,0.08925608394201845,0.28443412599153817,0.42751716694328934
2929,random_2926,random_cycle_chord,20260823,crossing_rich,4,200,5,11,15,4.786366973436453,True,True,,perf/incremental-yamada-frontier-order,1d8374f42cccbb16d78d44100a65ca603d7d1997,3.14.7,macOS-26.6.2-arm64-arm-64bit-Mach-O,arm,0.042988749919459224,0.15985400008503348,0.0439890829147771,0.010629999917000532,0.011491082957945764,0.02299229206983,6.987492088228464e-05,0.012155166012234986,0.01267629093490541,0.0013715409440919757,0.049265164881944656,0.1154211669927463,9.741599205881357e-05,0.2106259170686826,0.025883124908432364,0.23650904197711498,2.575002145022154e-05,0.00015812506899237633,0.14130429190117866,0.34414704190567136,0.55943787493743
2930,random_2927,random_cycle_chord,20260823,crossing_rich,2,200,4,9,12,6.076218856885499,True,True,,perf/incremental-yamada-frontier-order,1d8374f42cccbb16d78d44100a65ca603d7d1997,3.14.7,macOS-26.6.2-arm64-arm-64bit-Mach-O,arm,0.04194095800630748,0.15475800004787743,0.04949308396317065,0.008335958002135158,0.008782000048086047,0.017233124934136868,2.879102248698473e-05,0.008978292113170028,0.009394083986990154,0.0009255419718101621,0.036559834028594196,0.10319745796732605,6.88750296831131e-05,0.1640487079275772,0.017099082935601473,0.18114779086317867,2.0166044123470783e-05,0.00011145800817757845,0.12029654090292752,0.31699549895711243,0.485385166015476
2931,random_2928,random_cycle_chord,20260823,baseline,0,200,3,8,10,6.131582253289197,True,True,,perf/incremental-yamada-frontier-order,1d8374f42cccbb16d78d44100a65ca603d7d1997,3.14.7,macOS-26.6.2-arm64-arm-64bit-Mach-O,arm,0.03387549996841699,0.15303970803506672,0.0329964169068262,0.006873917067423463,0.006811374914832413,0.013405999983660877,2.329191192984581e-05,0.0069587500765919685,0.007264000014401972,0.0006154999136924744,0.028267541900277138,0.07496920798439533,6.087496876716614e-05,0.1329880419652909,0.009873458999209106,0.1428615009645,1.5208031982183456e-05,7.554097101092339e-05,0.08484266698360443,0.27175787498708814,0.40884487493894994
2932,random_2929,random_cycle_chord,20260823,crossing_rich,5,200,5,8,12,4.170225185927238,True,True,,perf/incremental-yamada-frontier-order,1d8374f42cccbb16d78d44100a65ca603d7d1997,3.14.7,macOS-26.6.2-arm64-arm-64bit-Mach-O,arm,0.03040470799896866,0.15044500003568828,0.03642358398064971,0.010776208015158772,0.012605291092768312,0.024946041055954993,3.783300053328276e-05,0.012932082987390459,0.014013167005032301,0.0013876670273020864,0.05331679107621312,0.11315516696777195,0.0001731659285724163,0.16705758299212903,0.02716862503439188,0.1942262080265209,2.4208100512623787e-05,0.00015062501188367605,0.14032379200216383,0.32117350003682077,0.49292829202022403
2933,random_2930,random_cycle_chord,20260823,baseline,0,200,5,15,19,4.046271267361977,True,True,,perf/incremental-yamada-frontier-order,1d8374f42cccbb16d78d44100a65ca603d7d1997,3.14.7,macOS-26.6.2-arm64-arm-64bit-Mach-O,arm,0.04739566694479436,0.149833417031914,0.025281333015300333,0.00903737498447299,0.00972245808225125,0.01909874996636063,3.7207966670393944e-05,0.009975249995477498,0.01035954209510237,0.0010253750951960683,0.04049612511880696,0.0845711249858141,9.504100307822227e-05,0.252965041087009,0.01603770803194493,0.26900274911895394,2.8333975933492184e-05,0.00011416594497859478,0.10060883301775903,0.2978379169944674,0.5552781249862164
2934,random_2931,random_cycle_chord,20260823,baseline,0,200,3,10,12,5.626959448222335,True,True,,perf/incremental-yamada-frontier-order,1d8374f42cccbb16d78d44100a65ca603d7d1997,3.14.7,macOS-26.6.2-arm64-arm-64bit-Mach-O,arm,0.03718083293642849,0.15199349995236844,0.031793750007636845,0.006695458083413541,0.006683041923679411,0.013220333028584719,2.208305522799492e-05,0.006883624941110611,0.007041083998046815,0.0005656249122694135,0.027732749935239553,0.07292354200035334,6.241700612008572e-05,0.15588500001467764,0.009667416918091476,0.16555241693276912,1.4167046174407005e-05,7.124990224838257e-05,0.08259095891844481,0.27176529180724174,0.43173350009601563
2935,random_2932,random_cycle_chord,20260823,crossing_rich,4,200,5,11,15,4.784904749644007,True,True,,perf/incremental-yamada-frontier-order,1d8374f42cccbb16d78d44100a65ca603d7d1997,3.14.7,macOS-26.6.2-arm64-arm-64bit-Mach-O,arm,0.041975416941568255,0.15312366595026106,0.0451862090267241,0.010353125049732625,0.01150908402632922,0.022783332969993353,3.825000021606684e-05,0.011792832985520363,0.01278654090128839,0.00135704199783504,0.04875799885485321,0.11584287497680634,8.995796088129282e-05,0.21409008302725852,0.026661374955438077,0.2407514579826966,2.6208930648863316e-05,0.00015441689174622297,0.14250424993224442,0.33760333282407373,0.5563028330216184
2936,random_2933,random_cycle_chord,20260823,crossing_rich,5,200,5,10,14,4.837659702286825,True,True,,perf/incremental-yamada-frontier-order,1d8374f42cccbb16d78d44100a65ca603d7d1997,3.14.7,macOS-26.6.2-arm64-arm-64bit-Mach-O,arm,0.04052433301694691,0.1598149579949677,0.04673920792993158,0.011757625034078956,0.013288625050336123,0.02616570796817541,3.987504169344902e-05,0.013784916955046356,0.01452404202427715,0.0014729999238625169,0.055987541913054883,0.12780858296900988,8.92499228939414e-05,0.18906433403026313,0.029916999978013337,0.21898133400827646,2.7542002499103546e-05,0.00016745796892791986,0.1577255829470232,0.3580648739589378,0.5517647080123425
2937,random_2934,random_cycle_chord,20260823,baseline,0,200,3,10,12,5.6218071917589665,True,True,,perf/incremental-yamada-frontier-order,1d8374f42cccbb16d78d44100a65ca603d7d1997,3.14.7,macOS-26.6.2-arm64-arm-64bit-Mach-O,arm,0.03989791602361947,0.16137333307415247,0.02986050001345575,0.007524082902818918,0.007691374979913235,0.0148599169915542,2.3082946427166462e-05,0.007758290972560644,0.007969832979142666,0.0005601249868050218,0.0311712488764897,0.07626875001005828,6.904092151671648e-05,0.1571819999953732,0.009034833987243474,0.16621683398261666,1.570803578943014e-05,8.187501225620508e-05,0.08530358399730176,0.2865748330950737,0.4481729590333998
2938,random_2935,random_cycle_chord,20260823,crossing_rich,2,200,4,9,12,6.073504073262788,True,True,,perf/incremental-yamada-frontier-order,1d8374f42cccbb16d78d44100a65ca603d7d1997,3.14.7,macOS-26.6.2-arm64-arm-64bit-Mach-O,arm,0.04282400000374764,0.16242887498810887,0.05471258400939405,0.009050958906300366,0.00912354199681431,0.017660540994256735,3.2708048820495605e-05,0.009206750080920756,0.009602125035598874,0.0010211250046268106,0.03752324916422367,0.11043933301698416,8.199992589652538e-05,0.1698980419896543,0.01695454097352922,0.18685258296318352,2.0916922949254513e-05,0.00011858297511935234,0.12739387399051338,0.3326467489823699,0.5071102080401033
2939,random_2936,random_cycle_chord,20260823,baseline,0,200,3,11,13,5.220828466356086,True,True,,perf/incremental-yamada-frontier-order,1d8374f42cccbb16d78d44100a65ca603d7d1997,3.14.7,macOS-26.6.2-arm64-arm-64bit-Mach-O,arm,0.04037712491117418,0.15851695893798023,0.03040745807811618,0.00747212499845773,0.0073676659958437085,0.014555917005054653,2.308306284248829e-05,0.007557666045613587,0.0077498339815065265,0.0005807919660583138,0.030467292061075568,0.0757343330187723,7.508299313485622e-05,0.1791792920557782,0.009077415918000042,0.18825670797377825,1.570803578943014e-05,7.954204920679331e-05,0.08481174893677235,0.28370583278592676,0.4672834170050919
2940,random_2937,random_cycle_chord,20260823,crossing_rich,5,200,6,11,16,4.620952584756446,True,True,,perf/incremental-yamada-frontier-order,1d8374f42cccbb16d78d44100a65ca603d7d1997,3.14.7,macOS-26.6.2-arm64-arm-64bit-Mach-O,arm,0.042299084016121924,0.16434108291286975,0.04593545803800225,0.01159050001297146,0.012845374993048608,0.025304874987341464,4.9332971684634686e-05,0.013188667013309896,0.013926167041063309,0.0016053749714046717,0.054074416984803975,0.12449270905926824,9.929202497005463e-05,0.21371879195794463,0.030234083998948336,0.24395287595689297,3.2540992833673954e-05,0.00017679191660135984,0.15472679305821657,0.36136695998720825,0.5796847499441355
2941,random_2938,random_cycle_chord,20260823,baseline,0,200,3,11,13,4.096302974621033,True,True,,perf/incremental-yamada-frontier-order,1d8374f42cccbb16d78d44100a65ca603d7d1997,3.14.7,macOS-26.6.2-arm64-arm-64bit-Mach-O,arm,0.03186895803082734,0.15247249999083579,0.019256292027421296,0.006700291996821761,0.006747707957401872,0.013270082999952137,2.162496093660593e-05,0.00686670804861933,0.007027583080343902,0.0005029590101912618,0.027688958100043237,0.06041325000114739,7.208308670669794e-05,0.16546241706237197,0.007906583021394908,0.17336900008376688,1.3708951883018017e-05,6.512505933642387e-05,0.0683198330225423,0.2526612910442054,0.42215912498068064
2942,random_2939,random_cycle_chord,20260823,crossing_rich,5,200,5,8,12,4.123581910510799,True,True,,perf/incremental-yamada-frontier-order,1d8374f42cccbb16d78d44100a65ca603d7d1997,3.14.7,macOS-26.6.2-arm64-arm-64bit-Mach-O,arm,0.03005220799241215,0.14839645894244313,0.0394242909969762,0.010773707996122539,0.012549832928925753,0.02484120801091194,3.8624973967671394e-05,0.012903416994959116,0.013602708000689745,0.0013837500009685755,0.05276970798149705,0.11555095901712775,0.00017274997662752867,0.1620800419477746,0.029034959035925567,0.19111500098370016,2.475001383572817e-05,0.00015454203821718693,0.14458591805305332,0.3230345849879086,0.4898545000469312
2943,random_2940,random_cycle_chord,20260823,crossing_rich,5,200,5,8,12,4.200184140770835,True,True,,perf/incremental-yamada-frontier-order,1d8374f42cccbb16d78d44100a65ca603d7d1997,3.14.7,macOS-26.6.2-arm64-arm-64bit-Mach-O,arm,0.03046458400785923,0.14936670800670981,0.042734916089102626,0.010736915981397033,0.012405082932673395,0.02448512497358024,3.829202614724636e-05,0.012674542027525604,0.013317874982021749,0.001329457969404757,0.0518452919786796,0.11775608302559704,0.00025991606526076794,0.2651474589947611,0.038037791964598,0.3031852509593591,2.3000058718025684e-05,0.00014462496619671583,0.15579387499019504,0.3356251670047641,0.6047022079583257
2944,random_2941,random_cycle_chord,20260823,crossing_rich,2,200,4,9,12,6.07307930421463,True,True,,perf/incremental-yamada-frontier-order,1d8374f42cccbb16d78d44100a65ca603d7d1997,3.14.7,macOS-26.6.2-arm64-arm-64bit-Mach-O,arm,0.03898520802613348,0.15079624997451901,0.053668207954615355,0.008631415897980332,0.00921758299227804,0.018145332927815616,2.9792077839374542e-05,0.009434916079044342,0.009838708909228444,0.0009029170032590628,0.03835166699718684,0.10989537497516721,7.129204459488392e-05,0.16353416710626334,0.016829209052957594,0.18036337615922093,1.9791070371866226e-05,0.0001128750154748559,0.1267245840281248,0.3165060420287773,0.4842994590289891
2945,random_2942,random_cycle_chord,20260823,crossing_rich,2,200,4,9,12,6.077548694329818,True,True,,perf/incremental-yamada-frontier-order,1d8374f42cccbb16d78d44100a65ca603d7d1997,3.14.7,macOS-26.6.2-arm64-arm-64bit-Mach-O,arm,0.04128079197835177,0.16016495798248798,0.052717584068886936,0.00895404105540365,0.009390958934091032,0.01883716695010662,3.562506753951311e-05,0.009679249953478575,0.01031033310573548,0.0010273749940097332,0.03988975007086992,0.1109811250353232,8.362508378922939e-05,0.1728943750495091,0.01856916700489819,0.1914635420544073,2.2249994799494743e-05,0.00012416706886142492,0.1295502920402214,0.33099604200106114,0.5083957499591634
2946,random_2943,random_cycle_chord,20260823,baseline,0,200,3,14,16,4.2934480587584485,True,True,,perf/incremental-yamada-frontier-order,1d8374f42cccbb16d78d44100a65ca603d7d1997,3.14.7,macOS-26.6.2-arm64-arm-64bit-Mach-O,arm,0.044088165974244475,0.16283087502233684,0.02234991593286395,0.007434625062160194,0.00748758390545845,0.014475708012469113,2.345792017877102e-05,0.007528959074988961,0.0078154579969123,0.0006047500064596534,0.0304483330110088,0.06774245796259493,8.437503129243851e-05,0.21179179102182388,0.009956459049135447,0.22174825007095933,1.5542027540504932e-05,7.874995935708284e-05,0.07769891701173037,0.2846179580083117,0.5009199170162901
2947,random_2944,random_cycle_chord,20260823,baseline,0,200,4,11,14,4.0695376230670375,True,True,,perf/incremental-yamada-frontier-order,1d8374f42cccbb16d78d44100a65ca603d7d1997,3.14.7,macOS-26.6.2-arm64-arm-64bit-Mach-O,arm,0.03771533304825425,0.16105049999896437,0.02430004091002047,0.00900279195047915,0.008508291910402477,0.01672695903107524,3.216695040464401e-05,0.008695041993632913,0.009006084059365094,0.0008445830317214131,0.0353048350661993,0.07714529195800424,8.429097943007946e-05,0.19730954198166728,0.012754333904013038,0.21006387588568032,2.1915999241173267e-05,0.00010437495075166225,0.08989962586201727,0.2886654589092359,0.4905611249851063
2948,random_2945,random_cycle_chord,20260823,crossing_rich,5,200,5,8,12,4.219380402164484,True,True,,perf/incremental-yamada-frontier-order,1d8374f42cccbb16d78d44100a65ca603d7d1997,3.14.7,macOS-26.6.2-arm64-arm-64bit-Mach-O,arm,0.03391258302144706,0.16315891698468477,0.04191450006328523,0.012188583030365407,0.013859333004802465,0.0276108750840649,7.641699630767107e-05,0.014765833038836718,0.01543400005903095,0.0014759579207748175,0.05936308309901506,0.12736400007270277,0.00031054194550961256,0.28916020796168596,0.028867791988886893,0.31802799995057285,2.7832924388349056e-05,0.0001634580548852682,0.15623179206158966,0.3533032920677215,0.647500708932057
2949,random_2946,random_cycle_chord,20260823,crossing_rich,5,200,6,11,16,4.584124285684212,True,True,,perf/incremental-yamada-frontier-order,1d8374f42cccbb16d78d44100a65ca603d7d1997,3.14.7,macOS-26.6.2-arm64-arm-64bit-Mach-O,arm,0.04525012499652803,0.1608579580206424,0.05023879196960479,0.01250791596248746,0.01390408305451274,0.027941625099629164,0.00011491600889712572,0.015452458057552576,0.016682084067724645,0.0018157080048695207,0.06200679123867303,0.13870962499640882,0.00016179191879928112,0.2528138329507783,0.03416133392602205,0.28697516687680036,4.8165908083319664e-05,0.00020649994257837534,0.17287095892243087,0.3789790419396013,0.6369309169240296
2950,random_2947,random_cycle_chord,20260823,baseline,0,200,3,9,11,5.379443856142299,True,True,,perf/incremental-yamada-frontier-order,1d8374f42cccbb16d78d44100a65ca603d7d1997,3.14.7,macOS-26.6.2-arm64-arm-64bit-Mach-O,arm,0.03848300001118332,0.1700950829545036,0.026188291958533227,0.008325999951921403,0.0075743329944089055,0.01561508304439485,5.3625088185071945e-05,0.00814841699320823,0.0081872089067474,0.0006096250144764781,0.03261395904701203,0.0747271659784019,9.104202035814524e-05,0.16185741603840142,0.010209792060777545,0.17206720809917897,2.4875043891370296e-05,0.00010125001426786184,0.08493695803917944,0.29351504100486636,0.46010220900643617
2951,random_2948,random_cycle_chord,20260823,baseline,0,200,3,10,12,4.635962344238537,True,True,,perf/incremental-yamada-frontier-order,1d8374f42cccbb16d78d44100a65ca603d7d1997,3.14.7,macOS-26.6.2-arm64-arm-64bit-Mach-O,arm,0.03640950005501509,0.16238225006964058,0.022950167069211602,0.007054375018924475,0.006974790943786502,0.014161375002004206,4.575005732476711e-05,0.007237749989144504,0.007337540970183909,0.0006155000301077962,0.029397916048765182,0.06640337500721216,8.450006134808064e-05,0.2468596660764888,0.011093207984231412,0.2579528740607202,1.8958933651447296e-05,9.704206604510546e-05,0.07749658299144357,0.27628833311609924,0.5277003749506548
2952,random_2949,random_cycle_chord,20260823,baseline,0,200,3,11,13,4.057789378880445,True,True,,perf/incremental-yamada-frontier-order,1d8374f42cccbb16d78d44100a65ca603d7d1997,3.14.7,macOS-26.6.2-arm64-arm-64bit-Mach-O,arm,0.0388329999987036,0.17652379209175706,0.019910624949261546,0.0076165839564055204,0.007410291000269353,0.014616292086429894,3.487488720566034e-05,0.007641333038918674,0.007776166079565883,0.0006149169057607651,0.030683582997880876,0.06564366701059043,8.170795626938343e-05,0.1803923329571262,0.00937237509060651,0.1897647080477327,1.579197123646736e-05,8.433300536125898e-05,0.07501604210119694,0.2903728341916576,0.47530570800881833
2953,random_2950,random_cycle_chord,20260823,crossing_rich,6,200,6,10,15,5.6181227708598005,True,True,,perf/incremental-yamada-frontier-order,1d8374f42cccbb16d78d44100a65ca603d7d1997,3.14.7,macOS-26.6.2-arm64-arm-64bit-Mach-O,arm,0.04908966599032283,0.15931524999905378,0.06142445793375373,0.012515082955360413,0.014186957967467606,0.02830529201310128,5.1332986913621426e-05,0.014955125050619245,0.01588387507945299,0.0018559589516371489,0.061051584081724286,0.1492242079693824,0.00022379204165190458,0.3289939999813214,0.038530999911017716,0.3675249998923391,3.3041927963495255e-05,0.00019937509205192327,0.18775520788040012,0.3961601238697767,0.7299422910436988
2954,random_2951,random_cycle_chord,20260823,baseline,0,200,3,9,11,5.354802083796452,True,True,,perf/incremental-yamada-frontier-order,1d8374f42cccbb16d78d44100a65ca603d7d1997,3.14.7,macOS-26.6.2-arm64-arm-64bit-Mach-O,arm,0.03397062502335757,0.15858599997591227,0.028735124971717596,0.00711733300704509,0.006860750028863549,0.013462457922287285,2.2916006855666637e-05,0.006980624981224537,0.007202457985840738,0.0005554999224841595,0.028223956818692386,0.07095754100009799,6.61659287288785e-05,0.1498835829552263,0.008916917024180293,0.1588004999794066,1.5332945622503757e-05,7.583305705338717e-05,0.07987445802427828,0.2724310830235481,0.4266033750027418
2955,random_2952,random_cycle_chord,20260823,baseline,0,200,3,10,12,4.62785477369103,True,True,,perf/incremental-yamada-frontier-order,1d8374f42cccbb16d78d44100a65ca603d7d1997,3.14.7,macOS-26.6.2-arm64-arm-64bit-Mach-O,arm,0.03333387500606477,0.15766158304177225,0.023442208068445325,0.007634875015355647,0.0076217500027269125,0.0150453329551965,2.3333006538450718e-05,0.007791750016622245,0.008021833025850356,0.0005927910096943378,0.03147504001390189,0.07019404193852097,7.320800796151161e-05,0.15394683298654854,0.008838040987029672,0.16278487397357821,1.5666941180825233e-05,7.89170153439045e-05,0.07903208292555064,0.27002754097338766,0.4284171250183135
2956,random_2953,random_cycle_chord,20260823,baseline,0,200,3,14,16,4.293729133730036,True,True,,perf/incremental-yamada-frontier-order,1d8374f42cccbb16d78d44100a65ca603d7d1997,3.14.7,macOS-26.6.2-arm64-arm-64bit-Mach-O,arm,0.04270941601134837,0.1583865829743445,0.02263075008522719,0.007754750084131956,0.007760042091831565,0.015173583989962935,2.5667017325758934e-05,0.007904167054221034,0.008103916072286665,0.0006309580057859421,0.031838292139582336,0.07000737497583032,8.945807348936796e-05,0.2288459159899503,0.009626540937460959,0.23847245692741126,1.6457983292639256e-05,8.499994874000549e-05,0.07963391591329128,0.28072991489898413,0.5141545420046896
2957,random_2954,random_cycle_chord,20260823,baseline,0,200,3,10,12,4.619686855107887,True,True,,perf/incremental-yamada-frontier-order,1d8374f42cccbb16d78d44100a65ca603d7d1997,3.14.7,macOS-26.6.2-arm64-arm-64bit-Mach-O,arm,0.03455191699322313,0.1616289159283042,0.025030207936652005,0.007359124952927232,0.007568749948404729,0.014988625072874129,2.370891161262989e-05,0.007724791998043656,0.007913290988653898,0.0005786250112578273,0.03122904198244214,0.07120837504044175,7.05420970916748e-05,0.15425495896488428,0.008884915965609252,0.16313987493049353,1.7249956727027893e-05,7.554201874881983e-05,0.080093291006051,0.27627412392757833,0.43492479203268886
2958,random_2955,random_cycle_chord,20260823,crossing_rich,5,200,6,11,16,4.629587739357805,True,True,,perf/incremental-yamada-frontier-order,1d8374f42cccbb16d78d44100a65ca603d7d1997,3.14.7,macOS-26.6.2-arm64-arm-64bit-Mach-O,arm,0.04534716601483524,0.15967775008175522,0.048923083930276334,0.012141167069785297,0.013202417059801519,0.025888375006616116,6.004201713949442e-05,0.013483416987583041,0.014211124973371625,0.0016441249754279852,0.05528708396013826,0.1296038330765441,0.00010466703679412603,0.22605437505990267,0.030416333000175655,0.2564707080600783,2.8792070224881172e-05,0.0001787920482456684,0.16002016607671976,0.3650450821733102,0.5958811669843271
2959,random_2956,random_cycle_chord,20260823,baseline,0,200,4,11,14,4.099121169829568,True,True,,perf/incremental-yamada-frontier-order,1d8374f42cccbb16d78d44100a65ca603d7d1997,3.14.7,macOS-26.6.2-arm64-arm-64bit-Mach-O,arm,0.03691700007766485,0.15724462503567338,0.01880183396860957,0.008126917062327266,0.008239166927523911,0.01615945901721716,4.920794162899256e-05,0.008488791063427925,0.008772458066232502,0.000838708016090095,0.034308624104596674,0.06952308304607868,0.00011170795187354088,0.20768912497442216,0.013279707985930145,0.2209688329603523,2.26249685510993e-05,0.00010016607120633125,0.08280279103200883,0.27696441614534706,0.48921704199165106
2960,random_2957,random_cycle_chord,20260823,baseline,0,200,4,14,17,4.293194077028019,True,True,,perf/incremental-yamada-frontier-order,1d8374f42cccbb16d78d44100a65ca603d7d1997,3.14.7,macOS-26.6.2-arm64-arm-64bit-Mach-O,arm,0.044956833007745445,0.16700166603550315,0.02355383289977908,0.008378957980312407,0.008672791998833418,0.01700466696638614,3.0082999728620052e-05,0.00885929202195257,0.009091375046409667,0.0007812079275026917,0.03576662496197969,0.07639950001612306,9.1959023848176e-05,0.2276282919337973,0.012108166003599763,0.23973645793739706,2.504198346287012e-05,9.562494233250618e-05,0.08850766601972282,0.3004661650629714,0.5325565829407424
2961,random_2958,random_cycle_chord,20260823,baseline,0,200,3,10,12,4.653768653263103,True,True,,perf/incremental-yamada-frontier-order,1d8374f42cccbb16d78d44100a65ca603d7d1997,3.14.7,macOS-26.6.2-arm64-arm-64bit-Mach-O,arm,0.034090416971594095,0.15654512494802475,0.02524391596671194,0.006877125008031726,0.006858416018076241,0.013451374950818717,2.3000058718025684e-05,0.006966957938857377,0.007137499982491136,0.0005665830103680491,0.028145415941253304,0.06714529206510633,6.9082947447896e-05,0.15851345902774483,0.009322541998699307,0.16783600102644414,1.5042023733258247e-05,6.945792119950056e-05,0.07646783406380564,0.2671033759834245,0.4299329590285197
2962,random_2959,random_cycle_chord,20260823,crossing_rich,5,200,5,8,12,4.210662738606688,True,True,,perf/incremental-yamada-frontier-order,1d8374f42cccbb16d78d44100a65ca603d7d1997,3.14.7,macOS-26.6.2-arm64-arm-64bit-Mach-O,arm,0.03170875005889684,0.15503604093100876,0.046177208074368536,0.01115054206456989,0.012947874958626926,0.025680250022560358,4.158297087997198e-05,0.01328545797150582,0.014032125007361174,0.0014301249757409096,0.054469540948048234,0.12477900006342679,0.0002055830555036664,0.1678567910566926,0.028972457977943122,0.19682924903463572,2.804095856845379e-05,0.0001634580548852682,0.15375145804136992,0.3404962490312755,0.5130849160486832
2963,random_2960,random_cycle_chord,20260823,crossing_rich,3,200,4,8,11,4.2323689608533455,True,True,,perf/incremental-yamada-frontier-order,1d8374f42cccbb16d78d44100a65ca603d7d1997,3.14.7,macOS-26.6.2-arm64-arm-64bit-Mach-O,arm,0.02975574997253716,0.1556280410150066,0.038103707949630916,0.0096917919581756,0.010826167068444192,0.02129054197575897,3.1832954846322536e-05,0.010974250035360456,0.011161791975609958,0.0010115830227732658,0.04446999996434897,0.10311950009781867,7.075001485645771e-05,0.15623787499498576,0.01972383400425315,0.1759617089992389,2.066593151539564e-05,0.00012091710232198238,0.12284333410207182,0.3082271250896156,0.46906912501435727
2964,random_2961,random_cycle_chord,20260823,baseline,0,200,4,12,15,4.871848055922241,True,True,,perf/incremental-yamada-frontier-order,1d8374f42cccbb16d78d44100a65ca603d7d1997,3.14.7,macOS-26.6.2-arm64-arm-64bit-Mach-O,arm,0.04258058301638812,0.15611808304674923,0.02655183302704245,0.00828354200348258,0.00878316699527204,0.01745883305557072,3.095809370279312e-05,0.00927066698204726,0.009478459018282592,0.0007734170649200678,0.037012334214523435,0.08065804198849946,7.904099766165018e-05,0.20461587503086776,0.011113416985608637,0.2157292920164764,1.9583036191761494e-05,9.30840615183115e-05,0.0917714589741081,0.29047012503724545,0.4994653749745339
2965,random_2962,random_cycle_chord,20260823,baseline,0,200,3,10,12,5.626976608726045,True,True,,perf/incremental-yamada-frontier-order,1d8374f42cccbb16d78d44100a65ca603d7d1997,3.14.7,macOS-26.6.2-arm64-arm-64bit-Mach-O,arm,0.038355167023837566,0.1581654999172315,0.03358170797582716,0.006936999969184399,0.006994915893301368,0.013747333898209035,2.395804040133953e-05,0.0071218329248949885,0.00730204104911536,0.0005542910657823086,0.028749456978403032,0.07628412498161197,6.849993951618671e-05,0.15289804199710488,0.00904991605784744,0.16194795805495232,1.5833997167646885e-05,7.316598203033209e-05,0.08533404103945941,0.2818547079805285,0.43905512499623
2966,random_2963,random_cycle_chord,20260823,crossing_rich,5,200,5,8,12,4.10516825364176,True,True,,perf/incremental-yamada-frontier-order,1d8374f42cccbb16d78d44100a65ca603d7d1997,3.14.7,macOS-26.6.2-arm64-arm-64bit-Mach-O,arm,0.03235095797572285,0.15937608305830508,0.04791079193819314,0.011660791002213955,0.013351124944165349,0.026303624967113137,4.454201553016901e-05,0.01364383299369365,0.014354499988257885,0.0014544170117005706,0.05580091697629541,0.12876191607210785,0.0001870839623734355,0.17530716594774276,0.032064916915260255,0.20737208286300302,2.74579506367445e-05,0.00017129199113696814,0.1608268329873681,0.35255387402139604,0.5331330830231309
2967,random_2964,random_cycle_chord,20260823,baseline,0,200,3,10,12,4.622357688945804,True,True,,perf/incremental-yamada-frontier-order,1d8374f42cccbb16d78d44100a65ca603d7d1997,3.14.7,macOS-26.6.2-arm64-arm-64bit-Mach-O,arm,0.03373441693838686,0.15921666601207107,0.024205791065469384,0.007140000001527369,0.006993625080212951,0.013852457981556654,2.3165950551629066e-05,0.007156374980695546,0.007380208000540733,0.0005890419706702232,0.029001248884014785,0.06736041593831033,6.912497337907553e-05,0.15790250001009554,0.009234042023308575,0.1671365420334041,1.9542057998478413e-05,7.629103492945433e-05,0.0765944579616189,0.26954554091207683,0.43176962493453175
2968,random_2965,random_cycle_chord,20260823,crossing_rich,2,200,4,8,11,6.427296097209843,True,True,,perf/incremental-yamada-frontier-order,1d8374f42cccbb16d78d44100a65ca603d7d1997,3.14.7,macOS-26.6.2-arm64-arm-64bit-Mach-O,arm,0.0405607910361141,0.15867462509777397,0.05527987505774945,0.009075374924577773,0.009468042058870196,0.018696665996685624,3.245798870921135e-05,0.009701958042569458,0.010104332934133708,0.0009640000062063336,0.039499414968304336,0.11335112492088228,7.295794785022736e-05,0.15538283297792077,0.01652220799587667,0.17190504097379744,2.13750172406435e-05,0.00010770803783088923,0.12987333291675895,0.329108749050647,0.4889084999449551
2969,random_2966,random_cycle_chord,20260823,baseline,0,200,3,8,10,6.157130663653166,True,True,,perf/incremental-yamada-frontier-order,1d8374f42cccbb16d78d44100a65ca603d7d1997,3.14.7,macOS-26.6.2-arm64-arm-64bit-Mach-O,arm,0.03511304093990475,0.15899287490174174,0.03322287509217858,0.007030125008895993,0.006993583985604346,0.013787499978207052,2.1834042854607105e-05,0.007131458958610892,0.0074230419704690576,0.0006050840020179749,0.028968918952159584,0.07623533310834318,5.904200952500105e-05,0.1347044580616057,0.009420040994882584,0.14412449905648828,1.4417106285691261e-05,7.324991747736931e-05,0.08565537410322577,0.27976128994487226,0.4187632080866024
2970,random_2967,random_cycle_chord,20260823,crossing_rich,5,200,5,9,13,4.294387737354949,True,True,,perf/incremental-yamada-frontier-order,1d8374f42cccbb16d78d44100a65ca603d7d1997,3.14.7,macOS-26.6.2-arm64-arm-64bit-Mach-O,arm,0.03464095795061439,0.1532180829672143,0.04281112493481487,0.010737917036749423,0.012259415932931006,0.024195333942770958,3.7792022339999676e-05,0.012353750062175095,0.013205625000409782,0.0013811250682920218,0.051173626095987856,0.11701545806135982,8.020899258553982e-05,0.1790875419974327,0.02695379196666181,0.20604133396409452,2.3709028027951717e-05,0.00015195796731859446,0.14396925002802163,0.3318282909458503,0.5158389999996871
2971,random_2968,random_cycle_chord,20260823,crossing_rich,6,200,6,14,19,4.293391864768989,True,True,,perf/incremental-yamada-frontier-order,1d8374f42cccbb16d78d44100a65ca603d7d1997,3.14.7,macOS-26.6.2-arm64-arm-64bit-Mach-O,arm,0.04852929199114442,0.15137362503446639,0.04493091604672372,0.014551040949299932,0.014494583010673523,0.02870812499895692,4.62500611320138e-05,0.01484670804347843,0.015781749971210957,0.0017078330274671316,0.06109066610224545,0.13510879105888307,0.00010395899880677462,0.3952945409109816,0.04710704192984849,0.4424015828408301,3.15000070258975e-05,0.00018545903731137514,0.18221583298873156,0.38211875001434237,0.7813422079198062
2972,random_2969,random_cycle_chord,20260823,crossing_rich,4,200,5,8,12,6.584431549049392,True,True,,perf/incremental-yamada-frontier-order,1d8374f42cccbb16d78d44100a65ca603d7d1997,3.14.7,macOS-26.6.2-arm64-arm-64bit-Mach-O,arm,0.044832332991063595,0.1545035419985652,0.06351108301896602,0.009772040997631848,0.010816750000230968,0.021747666061855853,5.7582976296544075e-05,0.011606332962401211,0.012356832972727716,0.0014780829660594463,0.04724649793934077,0.13137899991124868,0.0001813329290598631,0.1702517499215901,0.02837016701232642,0.1986219169339165,2.5292043574154377e-05,0.0001603750279173255,0.1597491669235751,0.3590850419132039,0.5340208329726011
2973,random_2970,random_cycle_chord,20260823,baseline,0,200,4,11,14,4.052082071885554,True,True,,perf/incremental-yamada-frontier-order,1d8374f42cccbb16d78d44100a65ca603d7d1997,3.14.7,macOS-26.6.2-arm64-arm-64bit-Mach-O,arm,0.03545454202685505,0.15348908305168152,0.02156058303080499,0.008039167034439743,0.00859887502156198,0.016988374991342425,2.9833056032657623e-05,0.008770208107307553,0.009014959097839892,0.0007237920071929693,0.0355271672597155,0.07375316694378853,7.66250304877758e-05,0.19049954193178564,0.011241625063121319,0.20174116699490696,1.962494570761919e-05,8.224998600780964e-05,0.08499479200690985,0.2739384170854464,0.4687466659815982
2974,random_2971,random_cycle_chord,20260823,baseline,0,200,4,11,14,4.086409143193569,True,True,,perf/incremental-yamada-frontier-order,1d8374f42cccbb16d78d44100a65ca603d7d1997,3.14.7,macOS-26.6.2-arm64-arm-64bit-Mach-O,arm,0.036409290973097086,0.15960995899513364,0.021767082973383367,0.008545499993488193,0.00836041709408164,0.01643912505824119,3.250001464039087e-05,0.008526624995283782,0.008807000005617738,0.0007832919945940375,0.03458854206837714,0.07329008297529072,8.337502367794514e-05,0.19585499993991107,0.011826499947346747,0.20768149988725781,2.1915999241173267e-05,9.783299174159765e-05,0.08511658292263746,0.2811358328908682,0.4815479170065373
2975,random_2972,random_cycle_chord,20260823,crossing_rich,5,200,5,10,14,4.019557666772935,True,True,,perf/incremental-yamada-frontier-order,1d8374f42cccbb16d78d44100a65ca603d7d1997,3.14.7,macOS-26.6.2-arm64-arm-64bit-Mach-O,arm,0.03760279202833772,0.15918825007975101,0.04279541701544076,0.011305332998745143,0.012775292037986219,0.02524362492840737,4.1207997128367424e-05,0.012981624924577773,0.013841709005646408,0.001511499984189868,0.05361966683994979,0.12053074990399182,9.27499495446682e-05,0.19922758301254362,0.030319791054353118,0.22954737406689674,2.6499968953430653e-05,0.00016483303625136614,0.15085054095834494,0.34764158306643367,0.5515715830260888
2976,random_2973,random_cycle_chord,20260823,crossing_rich,5,200,5,8,12,4.188279068176609,True,True,,perf/incremental-yamada-frontier-order,1d8374f42cccbb16d78d44100a65ca603d7d1997,3.14.7,macOS-26.6.2-arm64-arm-64bit-Mach-O,arm,0.03272545803338289,0.16073949995916337,0.041209041024558246,0.011546000023372471,0.013371750013902783,0.026184917078353465,4.037492908537388e-05,0.014235334005206823,0.014922874979674816,0.0014824160607531667,0.056865917053073645,0.12302920804359019,0.00021591701079159975,0.3820737909991294,0.03015483298804611,0.4122286239871755,2.8249924071133137e-05,0.00016862503252923489,0.1531840410316363,0.34664899902418256,0.7334702499210835
2977,random_2974,random_cycle_chord,20260823,crossing_rich,2,200,4,8,11,6.397880653141032,True,True,,perf/incremental-yamada-frontier-order,1d8374f42cccbb16d78d44100a65ca603d7d1997,3.14.7,macOS-26.6.2-arm64-arm-64bit-Mach-O,arm,0.042742874938994646,0.16269324999302626,0.05850991595070809,0.00934220792260021,0.009672499960288405,0.01894333295058459,3.416696563363075e-05,0.00984470802359283,0.01019945798907429,0.0009730419842526317,0.03999470791313797,0.1175512500340119,8.99159349501133e-05,0.15657587500754744,0.016104166978038847,0.17268004198558629,2.091703936457634e-05,0.00011487503070384264,0.13365541701205075,0.33909154194407165,0.5001797090517357
2978,random_2975,random_cycle_chord,20260823,crossing_rich,4,200,5,8,12,6.586781769976202,True,True,,perf/incremental-yamada-frontier-order,1d8374f42cccbb16d78d44100a65ca603d7d1997,3.14.7,macOS-26.6.2-arm64-arm-64bit-Mach-O,arm,0.04665699996985495,0.15670454199425876,0.06880112492945045,0.009856416960246861,0.010876249987632036,0.021462750039063394,3.854196984320879e-05,0.01110229198820889,0.011850083013996482,0.0014087080489844084,0.04586237506009638,0.13542887498624623,0.00015916710253804922,0.16162729205098003,0.02578687504865229,0.18741416709963232,2.437504008412361e-05,0.00015604100190103054,0.16121575003489852,0.36457729199901223,0.5308045840356499
2979,random_2976,random_cycle_chord,20260823,crossing_rich,4,200,5,8,12,6.586849081286971,True,True,,perf/incremental-yamada-frontier-order,1d8374f42cccbb16d78d44100a65ca603d7d1997,3.14.7,macOS-26.6.2-arm64-arm-64bit-Mach-O,arm,0.04551112500485033,0.15095674991607666,0.0682109579211101,0.00961554201785475,0.010642583947628736,0.021039208048023283,3.774999640882015e-05,0.010870083002373576,0.011717958026565611,0.001417833031155169,0.04508283210452646,0.13358591694850475,0.00015550001990050077,0.1599265419645235,0.026359332958236337,0.18628587492275983,2.3209024220705032e-05,0.00015170895494520664,0.15994524990674108,0.35641312482766807,0.5208589170360938
2980,random_2977,random_cycle_chord,20260823,crossing_rich,2,200,4,8,11,6.603529203976577,True,True,,perf/incremental-yamada-frontier-order,1d8374f42cccbb16d78d44100a65ca603d7d1997,3.14.7,macOS-26.6.2-arm64-arm-64bit-Mach-O,arm,0.03941104200202972,0.15918320789933205,0.05444800003897399,0.0084585000295192,0.008615083061158657,0.01693920895922929,3.158405888825655e-05,0.00884295895230025,0.009261958068236709,0.0010049589909613132,0.03608066902961582,0.10763216600753367,7.041590288281441e-05,0.1442483749706298,0.017909541027620435,0.16215791599825025,2.0625069737434387e-05,0.00011799996718764305,0.1255417070351541,0.32413595693651587,0.4726326660020277
2981,random_2978,random_cycle_chord,20260823,crossing_rich,3,200,5,10,14,5.620455057174578,True,True,,perf/incremental-yamada-frontier-order,1d8374f42cccbb16d78d44100a65ca603d7d1997,3.14.7,macOS-26.6.2-arm64-arm-64bit-Mach-O,arm,0.04291204200126231,0.14841487491503358,0.049616791075095534,0.00978766696061939,0.010951542062684894,0.02148200001101941,3.912497777491808e-05,0.0111437919549644,0.011676541063934565,0.001180750085040927,0.04552220809273422,0.11591425002552569,8.25000461190939e-05,0.2636933750472963,0.02022874995600432,0.2839221250033006,2.4333014152944088e-05,0.00012649991549551487,0.13614299998153,0.3274699168978259,0.5952341660158709
2982,random_2979,random_cycle_chord,20260823,baseline,0,200,3,10,12,5.622922179846384,True,True,,perf/incremental-yamada-frontier-order,1d8374f42cccbb16d78d44100a65ca603d7d1997,3.14.7,macOS-26.6.2-arm64-arm-64bit-Mach-O,arm,0.03596270899288356,0.14829074998851866,0.028245165944099426,0.006609375006519258,0.006610959069803357,0.01304308301769197,2.1249987185001373e-05,0.006742249941453338,0.006911208038218319,0.0005080419359728694,0.027225832920521498,0.06871045799925923,6.224995013326406e-05,0.15420175006147474,0.00801829097326845,0.1622200410347432,1.3792072422802448e-05,6.433296948671341e-05,0.07672874897252768,0.2609822079539299,0.41919566597789526
2983,random_2980,random_cycle_chord,20260823,baseline,0,200,3,8,10,6.207385094984468,True,True,,perf/incremental-yamada-frontier-order,1d8374f42cccbb16d78d44100a65ca603d7d1997,3.14.7,macOS-26.6.2-arm64-arm-64bit-Mach-O,arm,0.03274895797949284,0.14867100003175437,0.03273829200770706,0.00675041601061821,0.006686459062620997,0.013201292022131383,2.2292020730674267e-05,0.006815333035774529,0.00706537498626858,0.0005945829907432199,0.027698875055648386,0.07389349990990013,5.8542005717754364e-05,0.12935183406807482,0.009605250088497996,0.13895708415657282,1.4708028174936771e-05,7.758301217108965e-05,0.08349874999839813,0.26491870800964534,0.3983154169982299
2984,random_2981,random_cycle_chord,20260823,baseline,0,200,3,10,12,4.621746471326186,True,True,,perf/incremental-yamada-frontier-order,1d8374f42cccbb16d78d44100a65ca603d7d1997,3.14.7,macOS-26.6.2-arm64-arm-64bit-Mach-O,arm,0.03175191697664559,0.1484450000571087,0.02309208398219198,0.006453917012549937,0.006508458056487143,0.012854957953095436,2.13750172406435e-05,0.006653624936006963,0.006878167041577399,0.0005605419864878058,0.026968666934408247,0.06304170796647668,6.141699850559235e-05,0.1513733749743551,0.008686791989021003,0.1600601669633761,1.400010660290718e-05,7.075001485645771e-05,0.07172849995549768,0.25192541698925197,0.40731320797931403
2985,random_2982,random_cycle_chord,20260823,crossing_rich,5,200,5,8,12,4.22804767835001,True,True,,perf/incremental-yamada-frontier-order,1d8374f42cccbb16d78d44100a65ca603d7d1997,3.14.7,macOS-26.6.2-arm64-arm-64bit-Mach-O,arm,0.03150812501553446,0.14920404099393636,0.03951033391058445,0.010866791009902954,0.012609375058673322,0.024896749993786216,3.716698847711086e-05,0.012876875000074506,0.013530957978218794,0.0014003750402480364,0.05274212500080466,0.11576212500222027,0.00017091596964746714,0.16226462495978922,0.028956333990208805,0.19122095894999802,2.479099202901125e-05,0.00015766697470098734,0.14471845899242908,0.3254306250018999,0.4923896250547841
2986,random_2983,random_cycle_chord,20260823,crossing_rich,5,200,5,8,12,4.184640034066599,True,True,,perf/incremental-yamada-frontier-order,1d8374f42cccbb16d78d44100a65ca603d7d1997,3.14.7,macOS-26.6.2-arm64-arm-64bit-Mach-O,arm,0.030760916066356003,0.148388916044496,0.04008987499400973,0.010787458042614162,0.012519333977252245,0.02469095797277987,3.712496254593134e-05,0.012734750052914023,0.013393666013143957,0.0013103330275043845,0.052166832028888166,0.11559866601601243,0.0001929589780047536,0.16179212497081608,0.026617541909217834,0.1884096668800339,2.291705459356308e-05,0.00014158408157527447,0.14221620792523026,0.32136604003608227,0.4875921659404412
2987,random_2984,random_cycle_chord,20260823,crossing_rich,4,200,5,12,16,4.878326094915643,True,True,,perf/incremental-yamada-frontier-order,1d8374f42cccbb16d78d44100a65ca603d7d1997,3.14.7,macOS-26.6.2-arm64-arm-64bit-Mach-O,arm,0.04384937498252839,0.14865233295131475,0.04215895803645253,0.010064917034469545,0.011270332965068519,0.022221207967959344,4.595797508955002e-05,0.011430374928750098,0.012045625015161932,0.0013190839672461152,0.04706224985420704,0.11059512500651181,8.891592733561993e-05,0.21258758299518377,0.026040875003673136,0.2386284579988569,2.395804040133953e-05,0.00015033292584121227,0.13663600001018494,0.3291377079440281,0.5463156250771135
2988,random_2985,random_cycle_chord,20260823,crossing_rich,2,200,4,9,12,5.665684379113564,True,True,,perf/incremental-yamada-frontier-order,1d8374f42cccbb16d78d44100a65ca603d7d1997,3.14.7,macOS-26.6.2-arm64-arm-64bit-Mach-O,arm,0.03638770803809166,0.14807191700674593,0.0481154159642756,0.008452667039819062,0.00908954197075218,0.017913499963469803,2.8957962058484554e-05,0.00932637497317046,0.009629582986235619,0.0008800829527899623,0.03777849883772433,0.10346220794599503,7.199996616691351e-05,0.15796433307696134,0.016380749992094934,0.17434508306905627,1.908303238451481e-05,0.0001062500523403287,0.11984295793808997,0.30430258298292756,0.4664205829612911
2989,random_2986,random_cycle_chord,20260823,baseline,0,200,3,8,10,6.149864742322492,True,True,,perf/incremental-yamada-frontier-order,1d8374f42cccbb16d78d44100a65ca603d7d1997,3.14.7,macOS-26.6.2-arm64-arm-64bit-Mach-O,arm,0.032586959074251354,0.14833462506067008,0.03450249996967614,0.006640000035986304,0.006722582969814539,0.013175000087358057,2.1416926756501198e-05,0.0068478749599307775,0.007004957995377481,0.0005523749860003591,0.027601624955423176,0.07548616698477417,5.6416960433125496e-05,0.12833512504585087,0.008712082984857261,0.13704720803070813,1.3916054740548134e-05,7.12500186637044e-05,0.08419824996963143,0.26511983410455287,0.39750545797869563
2990,random_2987,random_cycle_chord,20260823,crossing_rich,4,200,5,10,14,5.622698267085041,True,True,,perf/incremental-yamada-frontier-order,1d8374f42cccbb16d78d44100a65ca603d7d1997,3.14.7,macOS-26.6.2-arm64-arm-64bit-Mach-O,arm,0.04256945906672627,0.14927749999333173,0.05093725002370775,0.009703708929009736,0.010654999990947545,0.020991125027649105,3.812497016042471e-05,0.010924207977950573,0.011752124992199242,0.0013241668930277228,0.04502974986098707,0.11636008298955858,0.00010699999984353781,0.1858659579884261,0.024971417034976184,0.21083737502340227,2.320797648280859e-05,0.00014391692820936441,0.14133150002453476,0.33317845908459276,0.5234741660533473
2991,random_2988,random_cycle_chord,20260823,baseline,0,200,3,10,12,5.619952239986402,True,True,,perf/incremental-yamada-frontier-order,1d8374f42cccbb16d78d44100a65ca603d7d1997,3.14.7,macOS-26.6.2-arm64-arm-64bit-Mach-O,arm,0.03558249992784113,0.14820062497165054,0.028139416011981666,0.006500291987322271,0.006631124997511506,0.01295133400708437,2.1209008991718292e-05,0.006773040979169309,0.006892208009958267,0.000525499926880002,0.027163291932083666,0.06845291692297906,6.350001785904169e-05,0.15356254193466157,0.008275458007119596,0.16183799994178116,1.4165998436510563e-05,6.612495053559542e-05,0.07672837493009865,0.2605114998295903,0.4181003749836236
2992,random_2989,random_cycle_chord,20260823,baseline,0,200,4,10,13,4.656317578901384,True,True,,perf/incremental-yamada-frontier-order,1d8374f42cccbb16d78d44100a65ca603d7d1997,3.14.7,macOS-26.6.2-arm64-arm-64bit-Mach-O,arm,0.034209375036880374,0.14850108395330608,0.025830875034444034,0.007444416987709701,0.007639624993316829,0.015441792085766792,5.0458009354770184e-05,0.007956958026625216,0.008146499982103705,0.0007481669308617711,0.032343875034712255,0.07328520796727389,8.304091170430183e-05,0.15645262505859137,0.011428624973632395,0.16788125003222376,1.9125058315694332e-05,8.462497498840094e-05,0.08471383294090629,0.26742429193109274,0.4280572080751881
2993,random_2990,random_cycle_chord,20260823,baseline,0,200,3,9,11,5.438353269283296,True,True,,perf/incremental-yamada-frontier-order,1d8374f42cccbb16d78d44100a65ca603d7d1997,3.14.7,macOS-26.6.2-arm64-arm-64bit-Mach-O,arm,0.032254665973596275,0.14815675001591444,0.02477566699963063,0.006395875010639429,0.0063610830111429095,0.012510291067883372,2.174999099224806e-05,0.00650220806710422,0.006683083018288016,0.0005435839993879199,0.026260916143655777,0.06381316704209894,5.8750039897859097e-05,0.1408147499896586,0.008668457972817123,0.14948320796247572,1.4125020243227482e-05,7.17920484021306e-05,0.07248162501491606,0.2528930410044268,0.39775741705670953
2994,random_2991,random_cycle_chord,20260823,crossing_rich,5,200,5,8,12,4.202322035527201,True,True,,perf/incremental-yamada-frontier-order,1d8374f42cccbb16d78d44100a65ca603d7d1997,3.14.7,macOS-26.6.2-arm64-arm-64bit-Mach-O,arm,0.031220291974022985,0.1500607499619946,0.04606633400544524,0.011611583060584962,0.013094416935928166,0.025763083016499877,3.970798570662737e-05,0.01334212499205023,0.014002000098116696,0.0014282910851761699,0.0545752071775496,0.1253842089790851,0.0001691670622676611,0.2759181670844555,0.039319083909504116,0.3152372509939596,2.6875059120357037e-05,0.00016449997201561928,0.1647032928885892,0.3459843348246068,0.6258212079992518
2995,random_2992,random_cycle_chord,20260823,crossing_rich,5,200,5,8,12,4.211690223176029,True,True,,perf/incremental-yamada-frontier-order,1d8374f42cccbb16d78d44100a65ca603d7d1997,3.14.7,macOS-26.6.2-arm64-arm-64bit-Mach-O,arm,0.032967249979265034,0.1593591250712052,0.03712379198987037,0.011531416908837855,0.013354750000871718,0.026359249954111874,3.999995533376932e-05,0.013605208019725978,0.014240500051528215,0.0013835839927196503,0.05562854197341949,0.1176742910174653,0.00017200002912431955,0.27921512501779944,0.02622970810625702,0.30544483312405646,2.645899076014757e-05,0.00015241699293255806,0.14390399912372231,0.33623037417419255,0.619913624948822
2996,random_2993,random_cycle_chord,20260823,crossing_rich,3,200,4,8,11,4.255477227760657,True,True,,perf/incremental-yamada-frontier-order,1d8374f42cccbb16d78d44100a65ca603d7d1997,3.14.7,macOS-26.6.2-arm64-arm-64bit-Mach-O,arm,0.031058334046974778,0.16053362505044788,0.04287891590502113,0.00978670793119818,0.01092100003734231,0.021481708041392267,3.124994691461325e-05,0.011049082968384027,0.011911707930266857,0.0010962079977616668,0.04556995688471943,0.10918529203627259,8.25000461190939e-05,0.1578557079192251,0.01962699997238815,0.17748270789161325,2.0583043806254864e-05,0.00012375006917864084,0.12881229200866073,0.3204042511060834,0.482736959005706
2997,random_2994,random_cycle_chord,20260823,baseline,0,200,3,9,11,5.359831844589347,True,True,,perf/incremental-yamada-frontier-order,1d8374f42cccbb16d78d44100a65ca603d7d1997,3.14.7,macOS-26.6.2-arm64-arm-64bit-Mach-O,arm,0.03470341698266566,0.15958341700024903,0.026216708007268608,0.0072425000835210085,0.007090125000104308,0.013992750085890293,2.2792024537920952e-05,0.007269749999977648,0.007389500038698316,0.0005840419325977564,0.029258834081701934,0.06982841598801315,6.716698408126831e-05,0.15094874997157604,0.009326666942797601,0.16027541691437364,1.5040975995361805e-05,7.78749817982316e-05,0.07915508293081075,0.27344191691372544,0.4287547500571236
2998,random_2995,random_cycle_chord,20260823,crossing_rich,4,200,5,10,14,5.466776393863093,True,True,,perf/incremental-yamada-frontier-order,1d8374f42cccbb16d78d44100a65ca603d7d1997,3.14.7,macOS-26.6.2-arm64-arm-64bit-Mach-O,arm,0.044523625052534044,0.16035616700537503,0.060359374969266355,0.011048499960452318,0.01243616605643183,0.024496208992786705,5.1166978664696217e-05,0.01230512501206249,0.012903374969027936,0.0012982500484213233,0.05105412600096315,0.13495233294088393,0.00010370905511081219,0.2951424579368904,0.02352516690734774,0.31866762484423816,2.662499900907278e-05,0.00015075004193931818,0.15847749984823167,0.36335729190614074,0.6630773330107331
2999,random_2996,random_cycle_chord,20260823,crossing_rich,4,200,5,9,13,6.072448103050568,True,True,,perf/incremental-yamada-frontier-order,1d8374f42cccbb16d78d44100a65ca603d7d1997,3.14.7,macOS-26.6.2-arm64-arm-64bit-Mach-O,arm,0.045007542008534074,0.15776133292820305,0.05849662492983043,0.010235249996185303,0.011607832973822951,0.023020624998025596,3.808306064456701e-05,0.011750124976970255,0.012274416978470981,0.0012898329878225923,0.04837308300193399,0.12874645902775228,7.941608782857656e-05,0.17627141706179827,0.024031959008425474,0.20030337607022375,2.3499946109950542e-05,0.00013991701416671276,0.15277841803617775,0.3555472929729149,0.5363375829765573
3000,random_2997,random_cycle_chord,20260823,baseline,0,200,3,9,11,5.413650834702487,True,True,,perf/incremental-yamada-frontier-order,1d8374f42cccbb16d78d44100a65ca603d7d1997,3.14.7,macOS-26.6.2-arm64-arm-64bit-Mach-O,arm,0.03263174998573959,0.16116412507835776,0.027482499950565398,0.006727042025886476,0.006674207979813218,0.013097124989144504,2.4000066332519054e-05,0.0067978339502587914,0.006913874996826053,0.0005108329933136702,0.027343666995875537,0.06825045798905194,6.0582999140024185e-05,0.1417378750629723,0.008916542050428689,0.150654417113401,1.8584076315164566e-05,7.349997758865356e-05,0.07716700003948063,0.27096287510357797,0.4168507090071216
3001,random_2998,random_cycle_chord,20260823,crossing_rich,4,200,5,8,12,6.586876871127957,True,True,,perf/incremental-yamada-frontier-order,1d8374f42cccbb16d78d44100a65ca603d7d1997,3.14.7,macOS-26.6.2-arm64-arm-64bit-Mach-O,arm,0.043597750016488135,0.14928766596131027,0.06207283399999142,0.009779167012311518,0.01071591698564589,0.02102629200089723,3.6917044781148434e-05,0.010925124981440604,0.011678790906444192,0.0014104580041021109,0.045077582937665284,0.12768304208293557,0.00016229203902184963,0.16091408301144838,0.026912583969533443,0.18782666698098183,2.3540924303233624e-05,0.00015662505757063627,0.15459562605246902,0.3474810420302674,0.5129008330404758
3002,random_2999,random_cycle_chord,20260823,crossing_rich,5,200,5,8,12,4.212940600429925,True,True,,perf/incremental-yamada-frontier-order,1d8374f42cccbb16d78d44100a65ca603d7d1997,3.14.7,macOS-26.6.2-arm64-arm-64bit-Mach-O,arm,0.031545499921776354,0.1488510409835726,0.03939225000794977,0.01087816699873656,0.01268787495791912,0.0249499169876799,3.825000021606684e-05,0.012897832901217043,0.013605999993160367,0.001372167025692761,0.05286416690796614,0.11585858406033367,0.00016125000547617674,0.16502195806242526,0.028496375074610114,0.19351833313703537,2.4250010028481483e-05,0.00015074992552399635,0.14435495913494378,0.32475150004029274,0.49448116694111377
3003,random_3000,random_cycle_chord,20260823,crossing_rich,5,200,5,8,12,4.173601027078904,True,True,,perf/incremental-yamada-frontier-order,1d8374f42cccbb16d78d44100a65ca603d7d1997,3.14.7,macOS-26.6.2-arm64-arm-64bit-Mach-O,arm,0.030887417029589415,0.1488687089877203,0.04264808399602771,0.010744458995759487,0.012385666952468455,0.02428466605488211,3.783300053328276e-05,0.01258579094428569,0.013296709046699107,0.0013463749783113599,0.05155137402471155,0.1173636659514159,0.00015720794908702374,0.2703574999468401,0.027868458069860935,0.29822595801670104,2.662499900907278e-05,0.00015208404511213303,0.14523212402127683,0.32498825003858656,0.5996506669325754
3004,random_3001,random_cycle_chord,20260823,crossing_rich,5,200,5,8,12,4.188840262904793,True,True,,perf/incremental-yamada-frontier-order,1d8374f42cccbb16d78d44100a65ca603d7d1997,3.14.7,macOS-26.6.2-arm64-arm-64bit-Mach-O,arm,0.030693541979417205,0.1501989170210436,0.042094375006854534,0.010827834019437432,0.01242979196831584,0.024933167034760118,5.425000563263893e-05,0.012782666948623955,0.01376683299895376,0.0013412500265985727,0.052878167014569044,0.1182647499954328,0.0001770000671967864,0.19280166702810675,0.02698212501127273,0.21978379203937948,2.8665992431342602e-05,0.00015012500807642937,0.14524687500670552,0.3261393340071663,0.5237493340391666
3005,random_3002,random_cycle_chord,20260823,baseline,0,200,3,11,13,4.03240692303237,True,True,,perf/incremental-yamada-frontier-order,1d8374f42cccbb16d78d44100a65ca603d7d1997,3.14.7,macOS-26.6.2-arm64-arm-64bit-Mach-O,arm,0.03225062496494502,0.18291658302769065,0.019210041966289282,0.007924749981611967,0.007598416064865887,0.015516457962803543,2.6124995201826096e-05,0.008052082965150476,0.008193750050850213,0.0005972499493509531,0.03238566592335701,0.06714091601315886,8.475000504404306e-05,0.1920729170087725,0.009964416036382318,0.2020373330451548,2.1290965378284454e-05,9.225006215274334e-05,0.07710533204954118,0.29227254004217684,0.4888034169562161
3006,random_3003,random_cycle_chord,20260823,crossing_rich,5,200,5,8,12,4.1966492626713015,True,True,,perf/incremental-yamada-frontier-order,1d8374f42cccbb16d78d44100a65ca603d7d1997,3.14.7,macOS-26.6.2-arm64-arm-64bit-Mach-O,arm,0.040160875068977475,0.1753858330193907,0.041281041922047734,0.012279041926376522,0.013417583075352013,0.02667887508869171,4.341709427535534e-05,0.013941291952505708,0.014504791935905814,0.0015087500214576721,0.05667712609283626,0.12369362497702241,0.00018304202239960432,0.2941416250541806,0.04285099997650832,0.33699262503068894,3.5125063732266426e-05,0.00021429196931421757,0.16654462495353073,0.3820913330418989,0.6806104170391336
3007,random_3004,random_cycle_chord,20260823,baseline,0,200,4,10,13,4.680615238851273,True,True,,perf/incremental-yamada-frontier-order,1d8374f42cccbb16d78d44100a65ca603d7d1997,3.14.7,macOS-26.6.2-arm64-arm-64bit-Mach-O,arm,0.0379862500121817,0.16135325003415346,0.024142249953001738,0.008331165998242795,0.008570374920964241,0.016828791005536914,3.829097840934992e-05,0.008517832960933447,0.008729125023819506,0.0007957080379128456,0.03490974800661206,0.07598379207774997,8.166697807610035e-05,0.17202883306890726,0.01243333297315985,0.1844621660420671,1.9833911210298538e-05,9.395903907716274e-05,0.08841712505090982,0.287756625097245,0.46431612491142005
3008,random_3005,random_cycle_chord,20260823,crossing_rich,4,200,5,9,13,6.069374093825926,True,True,,perf/incremental-yamada-frontier-order,1d8374f42cccbb16d78d44100a65ca603d7d1997,3.14.7,macOS-26.6.2-arm64-arm-64bit-Mach-O,arm,0.04552420799154788,0.16093066695611924,0.06113066605757922,0.01074354094453156,0.01200079103000462,0.0241108339978382,5.0791073590517044e-05,0.012829374987632036,0.01333633391186595,0.0014472909970209002,0.0517746249679476,0.13568587508052588,0.00010012497659772635,0.19642520800698549,0.02818591706454754,0.22461112507153302,2.6209047064185143e-05,0.00015745905693620443,0.1638717921450734,0.37032666709274054,0.5716717500472441
3009,random_3006,random_cycle_chord,20260823,baseline,0,200,3,8,10,6.208910766455316,True,True,,perf/incremental-yamada-frontier-order,1d8374f42cccbb16d78d44100a65ca603d7d1997,3.14.7,macOS-26.6.2-arm64-arm-64bit-Mach-O,arm,0.03653608390595764,0.15989929204806685,0.0351367499679327,0.0073455419624224305,0.007181291002780199,0.014110957970842719,2.320797648280859e-05,0.007341583026573062,0.007513625081628561,0.00059908302500844,0.02958845708053559,0.07927266601473093,6.158300675451756e-05,0.13710995798464864,0.009445665986277163,0.1465556239709258,1.5083001926541328e-05,7.995800115168095e-05,0.0887183320010081,0.2851537079550326,0.42659954098053277
3010,random_3007,random_cycle_chord,20260823,crossing_rich,4,200,5,9,13,6.073769822513709,True,True,,perf/incremental-yamada-frontier-order,1d8374f42cccbb16d78d44100a65ca603d7d1997,3.14.7,macOS-26.6.2-arm64-arm-64bit-Mach-O,arm,0.045868208981119096,0.1596681249793619,0.05945029098074883,0.010499582975171506,0.01154674997087568,0.022852541995234787,4.025001544505358e-05,0.012182957958430052,0.012846375000663102,0.0014279999304562807,0.049350124900229275,0.13088079204317182,8.525000885128975e-05,0.18494870804715902,0.026907583000138402,0.21185629104729742,2.5999965146183968e-05,0.00015525007620453835,0.15778837504331023,0.3633247090037912,0.5529862089315429
3011,random_3008,random_cycle_chord,20260823,crossing_rich,2,200,4,8,11,6.58870621178917,True,True,,perf/incremental-yamada-frontier-order,1d8374f42cccbb16d78d44100a65ca603d7d1997,3.14.7,macOS-26.6.2-arm64-arm-64bit-Mach-O,arm,0.04236399999354035,0.15717483300250024,0.06902116700075567,0.008520167088136077,0.008946749963797629,0.01791329204570502,3.0375085771083832e-05,0.009165750001557171,0.009588458109647036,0.0009998749010264874,0.0376977501437068,0.12421408307272941,6.937491707503796e-05,0.1498072079848498,0.017419332987628877,0.1672265409724787,1.950003206729889e-05,0.00011516700033098459,0.14163341606035829,0.34117224905639887,0.49532562505919486
3012,random_3009,random_cycle_chord,20260823,crossing_rich,4,200,5,9,13,6.078404481635256,True,True,,perf/incremental-yamada-frontier-order,1d8374f42cccbb16d78d44100a65ca603d7d1997,3.14.7,macOS-26.6.2-arm64-arm-64bit-Mach-O,arm,0.043880708049982786,0.15270041697658598,0.06534645799547434,0.009938291041180491,0.010440499987453222,0.020679582958109677,3.833300434052944e-05,0.010755458031781018,0.011361583019606769,0.0013305828906595707,0.044165539904497564,0.12992350000422448,8.158304262906313e-05,0.17704300000332296,0.0262010000878945,0.20324400009121746,2.4125096388161182e-05,0.00014383404050022364,0.15612450009211898,0.35270562511868775,0.534202832961455
3013,random_3010,random_cycle_chord,20260823,baseline,0,200,4,12,15,4.871768314562053,True,True,,perf/incremental-yamada-frontier-order,1d8374f42cccbb16d78d44100a65ca603d7d1997,3.14.7,macOS-26.6.2-arm64-arm-64bit-Mach-O,arm,0.04098491696640849,0.15020408295094967,0.02582674997393042,0.00804408302064985,0.008754834067076445,0.01713283301796764,3.095902502536774e-05,0.009078499977476895,0.009115374996326864,0.0007371249375864863,0.036094791954383254,0.07875195902306587,8.320808410644531e-05,0.18106991599779576,0.010631625074893236,0.191701541072689,1.7666956409811974e-05,8.516700472682714e-05,0.0893835840979591,0.28057258401531726,0.4658328329678625
3014,random_3011,random_cycle_chord,20260823,baseline,0,200,3,10,12,5.625570911081362,True,True,,perf/incremental-yamada-frontier-order,1d8374f42cccbb16d78d44100a65ca603d7d1997,3.14.7,macOS-26.6.2-arm64-arm-64bit-Mach-O,arm,0.03641970898024738,0.1502705840393901,0.031854707980528474,0.00650908297393471,0.0066813339944928885,0.01317225000821054,2.150004729628563e-05,0.006803833064623177,0.006949207978323102,0.0005182079039514065,0.02746499900240451,0.07252929091919214,6.754102651029825e-05,0.14595845807343721,0.008410583948716521,0.15436904202215374,1.3959011994302273e-05,6.220804061740637e-05,0.08093987486790866,0.2676301678875461,0.41766575002111495
3015,random_3012,random_cycle_chord,20260823,baseline,0,200,3,10,12,4.664804404620462,True,True,,perf/incremental-yamada-frontier-order,1d8374f42cccbb16d78d44100a65ca603d7d1997,3.14.7,macOS-26.6.2-arm64-arm-64bit-Mach-O,arm,0.03171087498776615,0.150883459020406,0.024695665924809873,0.0066076250514015555,0.006648415932431817,0.01304099999833852,2.195802517235279e-05,0.006777833099476993,0.006939292070455849,0.0005297919269651175,0.027309875120408833,0.06528141698800027,7.841596379876137e-05,0.15699962491635233,0.008767375024035573,0.1657669999403879,1.4040968380868435e-05,6.683298852294683e-05,0.07404879201203585,0.256643126020208,0.41773704206570983
3016,random_3013,random_cycle_chord,20260823,crossing_rich,5,200,6,13,18,4.130576113822125,True,True,,perf/incremental-yamada-frontier-order,1d8374f42cccbb16d78d44100a65ca603d7d1997,3.14.7,macOS-26.6.2-arm64-arm-64bit-Mach-O,arm,0.046446042018942535,0.15329500008374453,0.04748349997680634,0.011906165978871286,0.013741458998993039,0.02710070798639208,6.162503268569708e-05,0.014019042020663619,0.014729749993421137,0.0016459999606013298,0.057557124993763864,0.1307363329688087,0.00010029098484665155,0.25098558294121176,0.031832833075895905,0.28281841601710767,3.1832954846322536e-05,0.0001793339615687728,0.16256916604470462,0.3623102081473917,0.618031790945679
3017,random_3014,random_cycle_chord,20260823,baseline,0,200,3,9,11,5.362722993653481,True,True,,perf/incremental-yamada-frontier-order,1d8374f42cccbb16d78d44100a65ca603d7d1997,3.14.7,macOS-26.6.2-arm64-arm-64bit-Mach-O,arm,0.034383082995191216,0.1579605001024902,0.025544000091031194,0.007255790987983346,0.007274333038367331,0.014285165932960808,2.2124964743852615e-05,0.007387832971289754,0.007664583041332662,0.0006124170031398535,0.02997212391346693,0.07006591698154807,6.65419502183795e-05,0.15224500000476837,0.009833417017944157,0.16207841702271253,1.579197123646736e-05,8.466700091958046e-05,0.07989933399949223,0.27224291709717363,0.42881725006736815
3018,random_3015,random_cycle_chord,20260823,baseline,0,200,3,9,11,5.4058201852410654,True,True,,perf/incremental-yamada-frontier-order,1d8374f42cccbb16d78d44100a65ca603d7d1997,3.14.7,macOS-26.6.2-arm64-arm-64bit-Mach-O,arm,0.03508750000037253,0.16102616710122675,0.03217162506189197,0.007267917040735483,0.007179209031164646,0.014369499986059964,2.4249893613159657e-05,0.007477042032405734,0.007471624994650483,0.0005724160000681877,0.02991483290679753,0.07655479107052088,6.566708907485008e-05,0.1540362499654293,0.009162541944533587,0.1631987919099629,1.541711390018463e-05,8.054100908339024e-05,0.08571733301505446,0.28183100011665374,0.4402788339648396
3019,random_3016,random_cycle_chord,20260823,baseline,0,200,3,10,12,4.691003992234636,True,True,,perf/incremental-yamada-frontier-order,1d8374f42cccbb16d78d44100a65ca603d7d1997,3.14.7,macOS-26.6.2-arm64-arm-64bit-Mach-O,arm,0.03417383402120322,0.16046087502036244,0.02242629195097834,0.007065500016324222,0.0070320829981938004,0.013802125002257526,2.4124979972839355e-05,0.0071493329014629126,0.0073061250150203705,0.0005546669708564878,0.028836374869570136,0.06538141705095768,6.604206282645464e-05,0.16402858402580023,0.0088856250513345,0.17291420907713473,1.550000160932541e-05,7.429206743836403e-05,0.07426704210229218,0.26890175114385784,0.4372646249830723
3020,random_3017,random_cycle_chord,20260823,crossing_rich,5,200,5,9,13,4.203333149759303,True,True,,perf/incremental-yamada-frontier-order,1d8374f42cccbb16d78d44100a65ca603d7d1997,3.14.7,macOS-26.6.2-arm64-arm-64bit-Mach-O,arm,0.03334458393510431,0.15866358298808336,0.040256458101794124,0.010885707917623222,0.012177750002592802,0.02392495796084404,3.899994771927595e-05,0.012362209032289684,0.013248083996586502,0.0016108750132843852,0.051185125950723886,0.11454287497326732,9.391701314598322e-05,0.18114487500861287,0.028288375004194677,0.20943325001280755,2.6499968953430653e-05,0.00016137503553181887,0.142831249977462,0.33483941690064967,0.5205127090448514
3021,random_3018,random_cycle_chord,20260823,baseline,0,200,3,11,13,4.109931250037156,True,True,,perf/incremental-yamada-frontier-order,1d8374f42cccbb16d78d44100a65ca603d7d1997,3.14.7,macOS-26.6.2-arm64-arm-64bit-Mach-O,arm,0.03331800003070384,0.15067574998829514,0.020213583018630743,0.006751749897375703,0.0068667500745505095,0.013559374958276749,2.1499930880963802e-05,0.0071858749724924564,0.007311249966733158,0.0005162500310689211,0.028594249859452248,0.06244624999817461,6.720807868987322e-05,0.17460220807697624,0.008282250026240945,0.18288445810321718,1.395796425640583e-05,6.375007797032595e-05,0.07072850002441555,0.25472225004341453,0.4334746249951422
3022,random_3019,random_cycle_chord,20260823,crossing_rich,5,200,5,8,12,4.259829366415132,True,True,,perf/incremental-yamada-frontier-order,1d8374f42cccbb16d78d44100a65ca603d7d1997,3.14.7,macOS-26.6.2-arm64-arm-64bit-Mach-O,arm,0.03202720906119794,0.15577412501443177,0.04794900002889335,0.011150250094942749,0.013163417112082243,0.026072083041071892,3.9291917346417904e-05,0.013474583975039423,0.014221790945157409,0.0014714580029249191,0.05527920788154006,0.12757720798254013,0.00017100002150982618,0.284817292005755,0.029809625004418194,0.3146269170101732,2.7665984816849232e-05,0.0001639999682083726,0.15738683298695832,0.34518816706258804,0.6345316249644384
3023,random_3020,random_cycle_chord,20260823,crossing_rich,4,200,5,9,13,6.077172662635082,True,True,,perf/incremental-yamada-frontier-order,1d8374f42cccbb16d78d44100a65ca603d7d1997,3.14.7,macOS-26.6.2-arm64-arm-64bit-Mach-O,arm,0.046288083074614406,0.16163658304139972,0.06289399997331202,0.010791834094561636,0.011512500001117587,0.022725249989889562,4.099996294826269e-05,0.011821083026006818,0.01251175010111183,0.0014244170160964131,0.048523500096052885,0.13375762500800192,8.67500202730298e-05,0.18985100009012967,0.027561625000089407,0.21741262509021908,2.558401320129633e-05,0.0001514999894425273,0.16131925000809133,0.36924391612410545,0.5638010409893468
3024,random_3021,random_cycle_chord,20260823,crossing_rich,5,200,5,9,13,4.27783694615632,True,True,,perf/incremental-yamada-frontier-order,1d8374f42cccbb16d78d44100a65ca603d7d1997,3.14.7,macOS-26.6.2-arm64-arm-64bit-Mach-O,arm,0.03642987506464124,0.16187595902010798,0.046036917017772794,0.011528332950547338,0.012784290942363441,0.02566554199438542,4.025001544505358e-05,0.01314008398912847,0.013977000024169683,0.0015284160617738962,0.054351292084902525,0.12473695899825543,9.062502067536116e-05,0.18935558397788554,0.030272500007413328,0.21962808398529887,2.8000096790492535e-05,0.00016558298375457525,0.15500945900566876,0.353315293090418,0.5474204579368234
3025,random_3022,random_cycle_chord,20260823,crossing_rich,2,200,4,8,11,6.563860289776885,True,True,,perf/incremental-yamada-frontier-order,1d8374f42cccbb16d78d44100a65ca603d7d1997,3.14.7,macOS-26.6.2-arm64-arm-64bit-Mach-O,arm,0.04267204098869115,0.15960758295841515,0.06355404201894999,0.009064708021469414,0.009132917039096355,0.01806112506892532,3.170792479068041e-05,0.009332790970802307,0.009857249911874533,0.0010168330045416951,0.038299706880934536,0.12007945799268782,7.404200732707977e-05,0.15344233403448015,0.018210250069387257,0.1716525841038674,2.0708073861896992e-05,0.00012070895172655582,0.13828970806207508,0.3405693320091814,0.49848829198163
3026,random_3023,random_cycle_chord,20260823,crossing_rich,4,200,5,10,14,5.6011146801038185,True,True,,perf/incremental-yamada-frontier-order,1d8374f42cccbb16d78d44100a65ca603d7d1997,3.14.7,macOS-26.6.2-arm64-arm-64bit-Mach-O,arm,0.045013666967861354,0.16089087503496557,0.05914558400399983,0.010566457989625633,0.01132616598624736,0.022239292040467262,4.0624989196658134e-05,0.011526874965056777,0.012247167062014341,0.001370416022837162,0.0474243750795722,0.12849795795045793,8.512509521096945e-05,0.18578945798799396,0.02677566697821021,0.21256512496620417,2.562499139457941e-05,0.0001534579787403345,0.15527362492866814,0.36117816693149507,0.5518997919280082
3027,random_3024,random_cycle_chord,20260823,crossing_rich,4,200,5,10,14,5.373750258894647,True,True,,perf/incremental-yamada-frontier-order,1d8374f42cccbb16d78d44100a65ca603d7d1997,3.14.7,macOS-26.6.2-arm64-arm-64bit-Mach-O,arm,0.04444566695019603,0.15766541694756597,0.05032899999059737,0.010725250001996756,0.011589500005356967,0.022884084028191864,5.195906851440668e-05,0.01219470810610801,0.013033833005465567,0.0014811248984187841,0.04964570910669863,0.12232629198115319,0.00010329100769013166,0.19899649999570101,0.02955500001553446,0.22855150001123548,3.6833924241364e-05,0.00019183300901204348,0.15188129199668765,0.35399237589444965,0.5578363749664277
3028,random_3025,random_cycle_chord,20260823,crossing_rich,5,200,5,9,13,4.375274514629693,True,True,,perf/incremental-yamada-frontier-order,1d8374f42cccbb16d78d44100a65ca603d7d1997,3.14.7,macOS-26.6.2-arm64-arm-64bit-Mach-O,arm,0.03948062495328486,0.1672825829591602,0.048811999964527786,0.011881250073201954,0.01321595802437514,0.026012416929006577,4.2917090468108654e-05,0.013558207894675434,0.014138874947093427,0.0014941670233383775,0.055246583884581923,0.1291945839766413,0.00010250008199363947,0.19024912500754,0.030655583017505705,0.2209047080250457,2.604199107736349e-05,0.00016416702419519424,0.159850166994147,0.36661337490659207,0.5618927079485729
3029,random_3026,random_cycle_chord,20260823,baseline,0,200,3,11,13,4.050214773427807,True,True,,perf/incremental-yamada-frontier-order,1d8374f42cccbb16d78d44100a65ca603d7d1997,3.14.7,macOS-26.6.2-arm64-arm-64bit-Mach-O,arm,0.033364999922923744,0.15610345802269876,0.01794579206034541,0.0071330830687657,0.0073639999609440565,0.014540125033818185,2.2875028662383556e-05,0.007488291012123227,0.0076707499101758,0.0005518749821931124,0.03027391596697271,0.06273737491574138,6.916699931025505e-05,0.17342295893467963,0.00881004089023918,0.1822329998249188,1.4415942132472992e-05,6.799993570894003e-05,0.07154741580598056,0.26101587375160307,0.43862949998583645
3030,random_3027,random_cycle_chord,20260823,baseline,0,200,3,8,10,6.168564153134724,True,True,,perf/incremental-yamada-frontier-order,1d8374f42cccbb16d78d44100a65ca603d7d1997,3.14.7,macOS-26.6.2-arm64-arm-64bit-Mach-O,arm,0.03405825002118945,0.15389066701754928,0.03232687502168119,0.006769208004698157,0.006979375029914081,0.013813458033837378,2.37500062212348e-05,0.007137458072975278,0.007367208017967641,0.0006202920340001583,0.02896216616500169,0.07505750004202127,6.487499922513962e-05,0.13515212491620332,0.009971624938771129,0.14512374985497445,1.5042023733258247e-05,7.804203778505325e-05,0.0850291249807924,0.27297804201953113,0.41233250009827316
3031,random_3028,random_cycle_chord,20260823,crossing_rich,3,200,5,10,14,5.065985823034181,True,True,,perf/incremental-yamada-frontier-order,1d8374f42cccbb16d78d44100a65ca603d7d1997,3.14.7,macOS-26.6.2-arm64-arm-64bit-Mach-O,arm,0.04105616605374962,0.15294379100669175,0.04906583297997713,0.009719957946799695,0.010661209002137184,0.020946458098478615,3.750005271285772e-05,0.010858917026780546,0.01144766598008573,0.0011970000341534615,0.04448754119221121,0.11396833404432982,8.77920538187027e-05,0.1886329170083627,0.021804832969792187,0.2104377499781549,2.3709028027951717e-05,0.00013345805928111076,0.135773167014122,0.3297731240745634,0.5228746250504628
3032,random_3029,random_cycle_chord,20260823,crossing_rich,4,200,5,8,12,6.587338858744558,True,True,,perf/incremental-yamada-frontier-order,1d8374f42cccbb16d78d44100a65ca603d7d1997,3.14.7,macOS-26.6.2-arm64-arm-64bit-Mach-O,arm,0.044573500053957105,0.15337841701693833,0.06321320799179375,0.010010583908297122,0.010975917102769017,0.021523165982216597,4.2791012674570084e-05,0.01121895806863904,0.012109624920412898,0.0014287920203059912,0.046323332004249096,0.1305615419987589,0.0001674999948590994,0.16639154101721942,0.02634070802014321,0.19273224903736264,2.462498378008604e-05,0.00016104092355817556,0.15690225001890212,0.35485416708979756,0.5258056250168011
3033,random_3030,random_cycle_chord,20260823,baseline,0,200,4,10,13,4.6633476346375105,True,True,,perf/incremental-yamada-frontier-order,1d8374f42cccbb16d78d44100a65ca603d7d1997,3.14.7,macOS-26.6.2-arm64-arm-64bit-Mach-O,arm,0.035216249991208315,0.15312779194209725,0.023507584002800286,0.008043166948482394,0.008491000044159591,0.01680012501310557,3.412493970245123e-05,0.008693458046764135,0.009068542043678463,0.000837292056530714,0.035433542099781334,0.07550224999431521,7.837498560547829e-05,0.1732010409468785,0.01253591594286263,0.18573695688974112,1.9165920093655586e-05,9.308301378041506e-05,0.08803816593717784,0.2763822078704834,0.45390654203947634
3034,random_3031,random_cycle_chord,20260823,crossing_rich,5,200,5,8,12,4.189002110773342,True,True,,perf/incremental-yamada-frontier-order,1d8374f42cccbb16d78d44100a65ca603d7d1997,3.14.7,macOS-26.6.2-arm64-arm-64bit-Mach-O,arm,0.032586082932539284,0.15685883397236466,0.037754165939986706,0.011568208108656108,0.013326707994565368,0.026389041915535927,4.0500075556337833e-05,0.013578540994785726,0.014371042023412883,0.0015040000434964895,0.055883125052787364,0.11856758303474635,0.00017320900224149227,0.2803847920149565,0.028265750035643578,0.30865054205060005,3.129197284579277e-05,0.00016579206567257643,0.14683333307038993,0.3362782499752939,0.6210992500418797
3035,random_3032,random_cycle_chord,20260823,baseline,0,200,3,11,13,5.226877487622929,True,True,,perf/incremental-yamada-frontier-order,1d8374f42cccbb16d78d44100a65ca603d7d1997,3.14.7,macOS-26.6.2-arm64-arm-64bit-Mach-O,arm,0.04042429104447365,0.16084808309096843,0.029289665981195867,0.007349041989073157,0.0073742090025916696,0.014571749954484403,2.466596197336912e-05,0.007586083025671542,0.007902208948507905,0.0006211670115590096,0.03070587490219623,0.07473879202734679,7.716694381088018e-05,0.18034545797854662,0.009951457963325083,0.1902969159418717,1.6583944670856e-05,8.012494072318077e-05,0.08469024999067187,0.28596262412611395,0.47074137500021607
3036,random_3033,random_cycle_chord,20260823,crossing_rich,5,200,5,8,12,4.205269020998167,True,True,,perf/incremental-yamada-frontier-order,1d8374f42cccbb16d78d44100a65ca603d7d1997,3.14.7,macOS-26.6.2-arm64-arm-64bit-Mach-O,arm,0.03339829097967595,0.16130212508141994,0.042195499991066754,0.011642208904959261,0.013387792045250535,0.0264802920864895,3.895896952599287e-05,0.013827124959789217,0.014767542015761137,0.0014639999717473984,0.05657791800331324,0.12383904098533094,0.0001978330546990037,0.1747292090440169,0.03080549999140203,0.20553470903541893,2.6415917091071606e-05,0.00016024999786168337,0.15464454097673297,0.34934495703782886,0.5289169590687379
3037,random_3034,random_cycle_chord,20260823,crossing_rich,4,200,5,8,12,6.588533893229575,True,True,,perf/incremental-yamada-frontier-order,1d8374f42cccbb16d78d44100a65ca603d7d1997,3.14.7,macOS-26.6.2-arm64-arm-64bit-Mach-O,arm,0.04706933302804828,0.16214658308308572,0.06824275001417845,0.01050149998627603,0.011380666983313859,0.023167334031313658,4.741700831800699e-05,0.012091749929822981,0.013092290959320962,0.0016363339964300394,0.05003512592520565,0.1402004580013454,0.00025166699197143316,0.17696008400525898,0.030576416989788413,0.2075365009950474,2.7250032871961594e-05,0.00017970800399780273,0.1707768749911338,0.3799927911022678,0.5619340420234948
3038,random_3035,random_cycle_chord,20260823,baseline,0,200,3,10,12,4.704905172616879,True,True,,perf/incremental-yamada-frontier-order,1d8374f42cccbb16d78d44100a65ca603d7d1997,3.14.7,macOS-26.6.2-arm64-arm-64bit-Mach-O,arm,0.034661500016227365,0.15927649999503046,0.025817791000008583,0.007242582971230149,0.007019334007054567,0.013745291042141616,2.3250002413988113e-05,0.007135832915082574,0.007350458996370435,0.0005863331025466323,0.028841166058555245,0.06894116697367281,9.56669682636857e-05,0.16452824999578297,0.00959124998189509,0.17411949997767806,1.4708028174936771e-05,7.654097862541676e-05,0.0785324169555679,0.2724704169668257,0.4414065839955583
3039,random_3036,random_cycle_chord,20260823,crossing_rich,2,200,4,8,11,6.60362195786767,True,True,,perf/incremental-yamada-frontier-order,1d8374f42cccbb16d78d44100a65ca603d7d1997,3.14.7,macOS-26.6.2-arm64-arm-64bit-Mach-O,arm,0.04259674996137619,0.15922320901881903,0.0638598749646917,0.008779624942690134,0.008959500002674758,0.01760304206982255,2.995808608829975e-05,0.009124874952249229,0.00963958294596523,0.001051125000230968,0.03744858305435628,0.1190752920228988,7.199996616691351e-05,0.1542084999382496,0.019371500005945563,0.17357999994419515,1.9540893845260143e-05,0.00012158299796283245,0.13844679202884436,0.3402667510090396,0.4989241670118645
3040,random_3037,random_cycle_chord,20260823,crossing_rich,5,200,6,10,15,5.381960422580724,True,True,,perf/incremental-yamada-frontier-order,1d8374f42cccbb16d78d44100a65ca603d7d1997,3.14.7,macOS-26.6.2-arm64-arm-64bit-Mach-O,arm,0.04466554208192974,0.15884349995758384,0.05354149988852441,0.01110674999654293,0.012117207981646061,0.023924542008899152,4.604109562933445e-05,0.012374292011372745,0.013279500068165362,0.0016292911022901535,0.05125366628635675,0.12806112493854016,0.00020295800641179085,0.2957725829910487,0.043412583065219223,0.3391851660562679,3.1708041206002235e-05,0.00017879100050777197,0.17147370800375938,0.37498275004327297,0.6747612910112366
3041,random_3038,random_cycle_chord,20260823,crossing_rich,3,200,4,8,11,4.215368579281804,True,True,,perf/incremental-yamada-frontier-order,1d8374f42cccbb16d78d44100a65ca603d7d1997,3.14.7,macOS-26.6.2-arm64-arm-64bit-Mach-O,arm,0.028686500038020313,0.152763209072873,0.03280058305244893,0.009252333897165954,0.010288916993886232,0.02056495798751712,3.0957977287471294e-05,0.01063579204492271,0.011067166924476624,0.0009914580732584,0.04329033300746232,0.09566120791714638,7.30419997125864e-05,0.2457703750114888,0.019340457976795733,0.26511083298828453,2.0832987502217293e-05,0.00011254195123910904,0.11500166589394212,0.2964513750048354,0.5463691670447588
3042,random_3039,random_cycle_chord,20260823,crossing_rich,4,200,5,9,13,6.079663216589273,True,True,,perf/incremental-yamada-frontier-order,1d8374f42cccbb16d78d44100a65ca603d7d1997,3.14.7,macOS-26.6.2-arm64-arm-64bit-Mach-O,arm,0.04485262499656528,0.15792116604279727,0.06294658302795142,0.0106153329834342,0.011958832968957722,0.023586582974530756,4.02920413762331e-05,0.012219499913044274,0.012859333073720336,0.0013237089151516557,0.050029416917823255,0.135586415999569,8.758297190070152e-05,0.18629491701722145,0.025262625073082745,0.2115575420903042,2.4792039766907692e-05,0.00014416698832064867,0.16084904107265174,0.3636228321120143,0.5546102499356493
3043,random_3040,random_cycle_chord,20260823,baseline,0,200,3,11,13,4.044074327336525,True,True,,perf/incremental-yamada-frontier-order,1d8374f42cccbb16d78d44100a65ca603d7d1997,3.14.7,macOS-26.6.2-arm64-arm-64bit-Mach-O,arm,0.03431904094759375,0.162333708954975,0.021958167082630098,0.007377874921076,0.007264125044457614,0.014315791078843176,2.3124972358345985e-05,0.0072622919688001275,0.007461500004865229,0.0005858329823240638,0.029648541007190943,0.06626941601280123,7.958302740007639e-05,0.18158262502402067,0.009375166962854564,0.19095779198687524,1.5125027857720852e-05,7.870804984122515e-05,0.0756445829756558,0.27229733287822455,0.458233708050102
3044,random_3041,random_cycle_chord,20260823,baseline,0,200,3,9,11,5.348703379944548,True,True,,perf/incremental-yamada-frontier-order,1d8374f42cccbb16d78d44100a65ca603d7d1997,3.14.7,macOS-26.6.2-arm64-arm-64bit-Mach-O,arm,0.035708790994249284,0.16085708292666823,0.029259041068144143,0.0069539169780910015,0.006773291970603168,0.013330874964594841,2.3625092580914497e-05,0.006939375074580312,0.007088208920322359,0.0005664170021191239,0.02794850105419755,0.0709553329506889,6.629200652241707e-05,0.15254920802544802,0.009209792013280094,0.16175900003872812,1.5832949429750443e-05,7.637508679181337e-05,0.08016512496396899,0.2767309988848865,0.43364658392965794
3045,random_3042,random_cycle_chord,20260823,baseline,0,200,3,10,12,4.7003795543519855,True,True,,perf/incremental-yamada-frontier-order,1d8374f42cccbb16d78d44100a65ca603d7d1997,3.14.7,macOS-26.6.2-arm64-arm-64bit-Mach-O,arm,0.033642000053077936,0.16012166708242148,0.024289833032526076,0.007354708039201796,0.006995290983468294,0.01381991698872298,2.320797648280859e-05,0.00718987500295043,0.007377124973572791,0.000560290995053947,0.028970415936782956,0.06763041601516306,6.858399137854576e-05,0.1660357079235837,0.009031542111188173,0.17506725003477186,1.7707934603095055e-05,7.766601629555225e-05,0.07666195812635124,0.27042562526185066,0.4408460831036791
3046,random_3043,random_cycle_chord,20260823,baseline,0,200,3,8,10,6.15879357747677,True,True,,perf/incremental-yamada-frontier-order,1d8374f42cccbb16d78d44100a65ca603d7d1997,3.14.7,macOS-26.6.2-arm64-arm-64bit-Mach-O,arm,0.03577258298173547,0.1587157080648467,0.033303249976597726,0.007023832993581891,0.006967041990719736,0.013704792014323175,2.287491224706173e-05,0.007246082997880876,0.00744870794005692,0.0006127080414444208,0.029035165905952454,0.0763488330412656,6.0542020946741104e-05,0.13998879108112305,0.010254875058308244,0.1502436661394313,1.6584061086177826e-05,9.658304043114185e-05,0.08660370809957385,0.281091999146156,0.42541687504854053
3047,random_3044,random_cycle_chord,20260823,crossing_rich,5,200,5,10,14,4.348602618012767,True,True,,perf/incremental-yamada-frontier-order,1d8374f42cccbb16d78d44100a65ca603d7d1997,3.14.7,macOS-26.6.2-arm64-arm-64bit-Mach-O,arm,0.03883583308197558,0.15817108296323568,0.04413249995559454,0.01108916592784226,0.012693749973550439,0.025286874966695905,4.704098682850599e-05,0.012939375010319054,0.013696458074264228,0.0014550420455634594,0.05342479108367115,0.12138324999250472,0.00010149995796382427,0.3135205829748884,0.02679966704454273,0.3403202500194311,2.587493509054184e-05,0.0001603750279173255,0.14818291703704745,0.3451898330822587,0.6629579579457641
3048,random_3045,random_cycle_chord,20260823,baseline,0,200,3,9,11,5.3629811156992515,True,True,,perf/incremental-yamada-frontier-order,1d8374f42cccbb16d78d44100a65ca603d7d1997,3.14.7,macOS-26.6.2-arm64-arm-64bit-Mach-O,arm,0.03345341596286744,0.1534644579514861,0.02504649991169572,0.006544959032908082,0.006487749982625246,0.01295112504158169,2.174999099224806e-05,0.0067761249374598265,0.006985499989241362,0.0005801250226795673,0.027314624981954694,0.06541229109279811,7.420801557600498e-05,0.146665666019544,0.009282415965572,0.155948081985116,1.4458084478974342e-05,7.108401041477919e-05,0.07469470705837011,0.26161258097272366,0.4125136670190841
3049,random_3046,random_cycle_chord,20260823,crossing_rich,5,200,6,11,16,4.715611927729827,True,True,,perf/incremental-yamada-frontier-order,1d8374f42cccbb16d78d44100a65ca603d7d1997,3.14.7,macOS-26.6.2-arm64-arm-64bit-Mach-O,arm,0.04462683398742229,0.1519563749898225,0.050142291001975536,0.011203708010725677,0.012719165999442339,0.025095707969740033,4.64579788967967e-05,0.013012749957852066,0.01379954197909683,0.0016335829859599471,0.05358804087154567,0.12769662495702505,0.00010649999603629112,0.21892899996601045,0.03088112489785999,0.24981012486387044,2.854189369827509e-05,0.00017266697250306606,0.15857774985488504,0.35516095883212984,0.5786991249769926
3050,random_3047,random_cycle_chord,20260823,baseline,0,200,3,8,10,6.125972024354122,True,True,,perf/incremental-yamada-frontier-order,1d8374f42cccbb16d78d44100a65ca603d7d1997,3.14.7,macOS-26.6.2-arm64-arm-64bit-Mach-O,arm,0.0334625409450382,0.15138308401219547,0.034265415975824,0.006721417070366442,0.006822291994467378,0.013441874994896352,2.1915999241173267e-05,0.006973250070586801,0.007202374981716275,0.0006107499357312918,0.028250165982171893,0.07607908302452415,6.329198367893696e-05,0.1325772909913212,0.010079166968353093,0.1426564579596743,1.4292076230049133e-05,7.38329254090786e-05,0.08615824999287724,0.2710038749501109,0.4076663749292493
3051,random_3048,random_cycle_chord,20260823,baseline,0,200,3,11,13,4.057165269077347,True,True,,perf/incremental-yamada-frontier-order,1d8374f42cccbb16d78d44100a65ca603d7d1997,3.14.7,macOS-26.6.2-arm64-arm-64bit-Mach-O,arm,0.032880667014978826,0.1508396250428632,0.022187374997884035,0.006616375059820712,0.006843124981969595,0.013715167064219713,2.2417050786316395e-05,0.007175708073191345,0.007364874938502908,0.0005901659606024623,0.028868333087302744,0.0645350000122562,7.616693619638681e-05,0.17381483293138444,0.00902608409523964,0.18284091702662408,1.4499993994832039e-05,6.854208186268806e-05,0.07356108410749584,0.25728137616533786,0.43519487499725074
3052,random_3049,random_cycle_chord,20260823,baseline,0,200,4,10,13,4.622223898432641,True,True,,perf/incremental-yamada-frontier-order,1d8374f42cccbb16d78d44100a65ca603d7d1997,3.14.7,macOS-26.6.2-arm64-arm-64bit-Mach-O,arm,0.034792916965670884,0.1536822080379352,0.025368790957145393,0.008208040962927043,0.008674749988131225,0.01714116707444191,2.987496554851532e-05,0.008892458048649132,0.00913087499793619,0.0007550000445917249,0.03594937513116747,0.07822779205162078,8.000002708286047e-05,0.16640979191288352,0.011025000014342368,0.1774347919272259,1.895800232887268e-05,8.412497118115425e-05,0.08925279206596315,0.27772791706956923,0.4484727919334546
3053,random_3050,random_cycle_chord,20260823,baseline,0,200,3,9,11,5.380408426670801,True,True,,perf/incremental-yamada-frontier-order,1d8374f42cccbb16d78d44100a65ca603d7d1997,3.14.7,macOS-26.6.2-arm64-arm-64bit-Mach-O,arm,0.03402079199440777,0.15537670894991606,0.030673041008412838,0.007273166906088591,0.007546790991909802,0.014873625012114644,2.2582942619919777e-05,0.007691917009651661,0.007936208974570036,0.0005711250705644488,0.03109545900952071,0.07660854200366884,7.608404848724604e-05,0.15272412495687604,0.009202374960295856,0.1619264999171719,1.5042023733258247e-05,7.174990605562925e-05,0.0858109169639647,0.27520841790828854,0.4322216250002384
3054,random_3051,random_cycle_chord,20260823,baseline,0,200,3,9,11,5.404896319021772,True,True,,perf/incremental-yamada-frontier-order,1d8374f42cccbb16d78d44100a65ca603d7d1997,3.14.7,macOS-26.6.2-arm64-arm-64bit-Mach-O,arm,0.03430362499784678,0.1596121669281274,0.029091791016981006,0.006923707900568843,0.006865333067253232,0.013455917011015117,2.308306284248829e-05,0.007024249993264675,0.007184457965195179,0.0005601670127362013,0.02824787504505366,0.07114925002679229,6.620900239795446e-05,0.15215275005903095,0.008836583001539111,0.16098933306057006,1.5291967429220676e-05,7.525004912167788e-05,0.0799858330283314,0.2739016249543056,0.43040012498386204
3055,random_3052,random_cycle_chord,20260823,baseline,0,200,3,8,10,6.222315473474491,True,True,,perf/incremental-yamada-frontier-order,1d8374f42cccbb16d78d44100a65ca603d7d1997,3.14.7,macOS-26.6.2-arm64-arm-64bit-Mach-O,arm,0.036429125000722706,0.1606622909894213,0.032883375068195164,0.007278040982782841,0.007154750055633485,0.01411883404944092,2.2792024537920952e-05,0.007340707932598889,0.007509666029363871,0.0005922919372096658,0.029584291973151267,0.07692112494260073,5.9999991208314896e-05,0.13718137505929917,0.009621541947126389,0.14680291700642556,1.48330582305789e-05,8.029199671000242e-05,0.08654266688972712,0.28363408287987113,0.4251782080391422
3056,random_3053,random_cycle_chord,20260823,baseline,0,200,3,11,13,4.044228281590795,True,True,,perf/incremental-yamada-frontier-order,1d8374f42cccbb16d78d44100a65ca603d7d1997,3.14.7,macOS-26.6.2-arm64-arm-64bit-Mach-O,arm,0.03428395895753056,0.15898841596208513,0.021150958025828004,0.007065959041938186,0.007077499991282821,0.01470575004350394,3.087497316300869e-05,0.007378375041298568,0.007690791040658951,0.0006044169422239065,0.030410208040848374,0.0657252500532195,8.62079905346036e-05,0.18635687499772757,0.009462209069170058,0.19581908406689763,1.4999997802078724e-05,7.891596760600805e-05,0.07518745912238955,0.26845983404200524,0.45923679205588996
3057,random_3054,random_cycle_chord,20260823,baseline,0,200,3,11,13,5.223457383979205,True,True,,perf/incremental-yamada-frontier-order,1d8374f42cccbb16d78d44100a65ca603d7d1997,3.14.7,macOS-26.6.2-arm64-arm-64bit-Mach-O,arm,0.04042320896405727,0.1608844589209184,0.02817766589578241,0.007454207981936634,0.007457999978214502,0.014838665956631303,2.291705459356308e-05,0.00782387494109571,0.0077563750091940165,0.0005476669175550342,0.030989499879069626,0.07409954094327986,6.983301136642694e-05,0.18111708294600248,0.009012166992761195,0.19012924993876368,1.6457983292639256e-05,7.545901462435722e-05,0.08311170793604106,0.28441937582101673,0.4699266660027206
3058,random_3055,random_cycle_chord,20260823,crossing_rich,5,200,5,8,12,4.233281331264407,True,True,,perf/incremental-yamada-frontier-order,1d8374f42cccbb16d78d44100a65ca603d7d1997,3.14.7,macOS-26.6.2-arm64-arm-64bit-Mach-O,arm,0.03360433399211615,0.1613265419146046,0.04412791703362018,0.012135999975726008,0.013676041038706899,0.027704124921001494,5.766702815890312e-05,0.013943583937361836,0.015272542019374669,0.0016032500425353646,0.05858116794843227,0.12856020801700652,0.00022179191000759602,0.19093591708224267,0.03232483298052102,0.2232607500627637,3.0292081646621227e-05,0.00018354190979152918,0.16088504099752754,0.3558159169042483,0.5517397919902578
3059,random_3056,random_cycle_chord,20260823,baseline,0,200,4,10,13,4.693179434734217,True,True,,perf/incremental-yamada-frontier-order,1d8374f42cccbb16d78d44100a65ca603d7d1997,3.14.7,macOS-26.6.2-arm64-arm-64bit-Mach-O,arm,0.038910624920390546,0.16654320899397135,0.025836042012088,0.0081943329423666,0.008447083993814886,0.01618804200552404,3.216695040464401e-05,0.008602916961535811,0.008646249887533486,0.0007968749850988388,0.03426625079009682,0.0767737909918651,7.654097862541676e-05,0.1811168750282377,0.012008166988380253,0.19312504201661795,1.9875005818903446e-05,9.67090018093586e-05,0.08878195798024535,0.29423579189460725,0.4798577500041574
3060,random_3057,random_cycle_chord,20260823,baseline,0,200,3,8,10,6.140224185607432,True,True,,perf/incremental-yamada-frontier-order,1d8374f42cccbb16d78d44100a65ca603d7d1997,3.14.7,macOS-26.6.2-arm64-arm-64bit-Mach-O,arm,0.03276829095557332,0.15814850002061576,0.030594959040172398,0.006796207977458835,0.006738249910995364,0.013205000082962215,2.1832995116710663e-05,0.006875708000734448,0.00706908293068409,0.0005610410589724779,0.02773266506846994,0.07188137504272163,6.679096259176731e-05,0.12894933309871703,0.009311083005741239,0.13826041610445827,1.720793079584837e-05,7.604190614074469e-05,0.08119245804846287,0.27210924902465194,0.4052062500268221
3061,random_3058,random_cycle_chord,20260823,crossing_rich,3,200,5,12,16,4.513890445432491,True,True,,perf/incremental-yamada-frontier-order,1d8374f42cccbb16d78d44100a65ca603d7d1997,3.14.7,macOS-26.6.2-arm64-arm-64bit-Mach-O,arm,0.04181845800485462,0.14848900004290044,0.045119292102754116,0.010050792014226317,0.010980584076605737,0.021596290986053646,4.587508738040924e-05,0.011151624959893525,0.011663957964628935,0.001181999919936061,0.045639748917892575,0.11183004197664559,8.645793423056602e-05,0.33858179196249694,0.030437542009167373,0.3690193339716643,2.274999860674143e-05,0.00012566708028316498,0.14226758398581296,0.332575042033568,0.6748945410363376
3062,random_3059,random_cycle_chord,20260823,crossing_rich,3,200,4,8,11,4.181890964699123,True,True,,perf/incremental-yamada-frontier-order,1d8374f42cccbb16d78d44100a65ca603d7d1997,3.14.7,macOS-26.6.2-arm64-arm-64bit-Mach-O,arm,0.027590541052632034,0.14849154197145253,0.03724616707768291,0.00907662499230355,0.010105541092343628,0.01995708397589624,2.9416987672448158e-05,0.01027816697023809,0.010789583902806044,0.0010067500406876206,0.04206100187730044,0.09851654199883342,6.508396472781897e-05,0.14745133300311863,0.019081749953329563,0.1665330829564482,1.9959057681262493e-05,0.00011187500786036253,0.11759829195216298,0.29368037497624755,0.44529270799830556
3063,random_3060,random_cycle_chord,20260823,crossing_rich,8,200,7,13,19,4.563745516235975,True,True,,perf/incremental-yamada-frontier-order,1d8374f42cccbb16d78d44100a65ca603d7d1997,3.14.7,macOS-26.6.2-arm64-arm-64bit-Mach-O,arm,0.04938862507697195,0.14919616596307606,0.0489400839433074,0.014786166022531688,0.016428667004220188,0.03245383303146809,6.808305624872446e-05,0.016686416929587722,0.017689667060039937,0.0019865420181304216,0.0688845420954749,0.14909558300860226,0.000106374965980649,0.26180729106999934,0.0459089579526335,0.30771624902263284,3.370898775756359e-05,0.00020245800260454416,0.19500454096123576,0.39358933200128376,0.6603133750613779
3064,random_3061,random_cycle_chord,20260823,baseline,0,200,4,10,13,4.627490078118391,True,True,,perf/incremental-yamada-frontier-order,1d8374f42cccbb16d78d44100a65ca603d7d1997,3.14.7,macOS-26.6.2-arm64-arm-64bit-Mach-O,arm,0.033688124967738986,0.1485146249178797,0.023278624983504415,0.007715541985817254,0.008210124913603067,0.01632399996742606,3.483402542769909e-05,0.00847812497522682,0.008729042019695044,0.000748499995097518,0.03431450098287314,0.07355087506584823,7.3583098128438e-05,0.16723429202102125,0.011484832968562841,0.1787191249895841,1.833401620388031e-05,8.533394429832697e-05,0.08503570803441107,0.26723845792002976,0.4386435420019552
3065,random_3062,random_cycle_chord,20260823,crossing_rich,3,200,5,11,15,5.024673252280548,True,True,,perf/incremental-yamada-frontier-order,1d8374f42cccbb16d78d44100a65ca603d7d1997,3.14.7,macOS-26.6.2-arm64-arm-64bit-Mach-O,arm,0.0416691250866279,0.14842804102227092,0.044487457955256104,0.010315791005268693,0.010689500020816922,0.021033582976087928,3.716698847711086e-05,0.010892999940551817,0.011549332994036376,0.0012053329264745116,0.044718415825627744,0.11024520802311599,8.54589743539691e-05,0.19911787507589906,0.022241792059503496,0.22135966713540256,2.2832886315882206e-05,0.00012904091272503138,0.1324870000826195,0.3225841661915183,0.5261240829713643
3066,random_3063,random_cycle_chord,20260823,crossing_rich,5,200,6,11,16,4.592558625417253,True,True,,perf/incremental-yamada-frontier-order,1d8374f42cccbb16d78d44100a65ca603d7d1997,3.14.7,macOS-26.6.2-arm64-arm-64bit-Mach-O,arm,0.04168370796833187,0.1482011249754578,0.04800266691017896,0.01106599997729063,0.012506832950748503,0.02465754095464945,4.299997817724943e-05,0.012895624968223274,0.01379325008019805,0.0015579169848933816,0.0529473329661414,0.1245624580187723,9.191606659442186e-05,0.21206799999345094,0.02972795895766467,0.2417959589511156,2.8416980057954788e-05,0.00016204093117266893,0.15429041697643697,0.34417524992022663,0.560693540959619
3067,random_3064,random_cycle_chord,20260823,baseline,0,200,3,10,12,5.623232113884255,True,True,,perf/incremental-yamada-frontier-order,1d8374f42cccbb16d78d44100a65ca603d7d1997,3.14.7,macOS-26.6.2-arm64-arm-64bit-Mach-O,arm,0.03575316700153053,0.14823624992277473,0.025922958040609956,0.006749749998562038,0.007152624893933535,0.014124959008768201,2.1999934688210487e-05,0.007301167002879083,0.007480291998945177,0.0005190829979255795,0.02944750094320625,0.06929120793938637,6.383296567946672e-05,0.15472233307082206,0.008672749972902238,0.1633950830437243,1.4416989870369434e-05,6.83339312672615e-05,0.0779639579122886,0.26195337483659387,0.4207562080118805
3068,random_3065,random_cycle_chord,20260823,crossing_rich,3,200,5,10,14,5.619588475818526,True,True,,perf/incremental-yamada-frontier-order,1d8374f42cccbb16d78d44100a65ca603d7d1997,3.14.7,macOS-26.6.2-arm64-arm-64bit-Mach-O,arm,0.043115291045978665,0.15077175002079457,0.04997241706587374,0.009480959037318826,0.010312833008356392,0.020566500024870038,3.8207974284887314e-05,0.010859375004656613,0.011539749917574227,0.0013286250177770853,0.04433245793916285,0.11413224996067584,8.712499402463436e-05,0.1946068749530241,0.02376725000794977,0.21837412496097386,2.4458044208586216e-05,0.00014483300037682056,0.1378994999686256,0.33178654103539884,0.5308307920349762
3069,random_3066,random_cycle_chord,20260823,crossing_rich,5,200,5,9,13,4.250135176608811,True,True,,perf/incremental-yamada-frontier-order,1d8374f42cccbb16d78d44100a65ca603d7d1997,3.14.7,macOS-26.6.2-arm64-arm-64bit-Mach-O,arm,0.03520537505391985,0.15951954096090049,0.04292179201729596,0.012032708036713302,0.013594625052064657,0.02641154103912413,6.600003689527512e-05,0.013618457945995033,0.013929500011727214,0.0015573329292237759,0.05558283196296543,0.12419162492733449,0.00011841603554785252,0.1973183749942109,0.030103290919214487,0.22742166591342539,2.9249931685626507e-05,0.000177707988768816,0.15429491584654897,0.3490198318613693,0.5511176660656929
3070,random_3067,random_cycle_chord,20260823,baseline,0,200,4,11,14,4.070500525334973,True,True,,perf/incremental-yamada-frontier-order,1d8374f42cccbb16d78d44100a65ca603d7d1997,3.14.7,macOS-26.6.2-arm64-arm-64bit-Mach-O,arm,0.037407708005048335,0.16307187511119992,0.023184708086773753,0.008538292022421956,0.008665041998028755,0.01702654198743403,4.204094875603914e-05,0.00893841590732336,0.009239666978828609,0.0008867080323398113,0.03613337385468185,0.07656429195776582,0.00011954200454056263,0.2012466670712456,0.012720541912131011,0.21396720898337662,2.0332983694970608e-05,0.00010116701014339924,0.08928483386989683,0.2897644169861451,0.495736249955371
3071,random_3068,random_cycle_chord,20260823,baseline,0,200,3,11,13,4.04453920650171,True,True,,perf/incremental-yamada-frontier-order,1d8374f42cccbb16d78d44100a65ca603d7d1997,3.14.7,macOS-26.6.2-arm64-arm-64bit-Mach-O,arm,0.034841167042031884,0.16887054103426635,0.024055292014963925,0.008735499926842749,0.00909850001335144,0.0162076250417158,5.224999040365219e-05,0.008562250062823296,0.008582832990214229,0.0006560410838574171,0.034060999169014394,0.07601058308500797,0.00011499994434416294,0.19890604203101248,0.009836083045229316,0.2087421250762418,1.7542042769491673e-05,8.49580392241478e-05,0.08584666613023728,0.2895583742065355,0.4934004159877077
3072,random_3069,random_cycle_chord,20260823,baseline,0,200,3,8,10,6.143507140493206,True,True,,perf/incremental-yamada-frontier-order,1d8374f42cccbb16d78d44100a65ca603d7d1997,3.14.7,macOS-26.6.2-arm64-arm-64bit-Mach-O,arm,0.03819012502208352,0.17137441702652723,0.037334416061639786,0.007839874946512282,0.007792707998305559,0.01556370803155005,5.708297248929739e-05,0.008255125023424625,0.008312540943734348,0.0006648749113082886,0.03285333188250661,0.08584612503182143,8.77920538187027e-05,0.15372570790350437,0.010243833065032959,0.16396954096853733,2.2417050786316395e-05,9.31670656427741e-05,0.09608995809685439,0.30565450014546514,0.4642321669962257
3073,random_3070,random_cycle_chord,20260823,crossing_rich,8,200,7,12,18,4.879217154193406,True,True,,perf/incremental-yamada-frontier-order,1d8374f42cccbb16d78d44100a65ca603d7d1997,3.14.7,macOS-26.6.2-arm64-arm-64bit-Mach-O,arm,0.10610716708470136,0.18932450003921986,0.06613570894114673,0.017847875016741455,0.018539584008976817,0.03681054199114442,0.0001307909842580557,0.019371958100236952,0.020697750034742057,0.0023752079578116536,0.07938624906819314,0.18204045796301216,0.00032258289866149426,0.3140418330440298,0.05140983290039003,0.3654516659444198,5.0625065341591835e-05,0.00027845799922943115,0.2334502908634022,0.5288819579873234,0.8494419580092654
3074,random_3071,random_cycle_chord,20260823,baseline,0,200,3,11,13,4.10569891880527,True,True,,perf/incremental-yamada-frontier-order,1d8374f42cccbb16d78d44100a65ca603d7d1997,3.14.7,macOS-26.6.2-arm64-arm-64bit-Mach-O,arm,0.03742412501014769,0.1711424159584567,0.021523167029954493,0.008180915960110724,0.007902082987129688,0.015777749940752983,3.4542055800557137e-05,0.008119500009343028,0.008227917016483843,0.0005661670584231615,0.03272587608080357,0.07035441603511572,7.883401121944189e-05,0.1866690000751987,0.009417291032150388,0.1960862911073491,1.89170241355896e-05,7.937499321997166e-05,0.0797717070672661,0.2883382480358705,0.4795308749889955
3075,random_3072,random_cycle_chord,20260823,crossing_rich,5,200,5,8,12,4.119977682759293,True,True,,perf/incremental-yamada-frontier-order,1d8374f42cccbb16d78d44100a65ca603d7d1997,3.14.7,macOS-26.6.2-arm64-arm-64bit-Mach-O,arm,0.03343583398964256,0.16131670901086181,0.040041959029622376,0.0128916249377653,0.014738666010089219,0.028969166101887822,7.033406291157007e-05,0.015007833018898964,0.015833124984055758,0.0016322089359164238,0.06151266710367054,0.12923570803832263,0.00025716691743582487,0.18737537506967783,0.032971750013530254,0.22034712508320808,4.495796747505665e-05,0.00018579198513180017,0.16220745805185288,0.35696000105235726,0.5494123749667779
3076,random_3073,random_cycle_chord,20260823,crossing_rich,2,200,4,11,14,4.24892226350041,True,True,,perf/incremental-yamada-frontier-order,1d8374f42cccbb16d78d44100a65ca603d7d1997,3.14.7,macOS-26.6.2-arm64-arm-64bit-Mach-O,arm,0.041423666989430785,0.16332687507383525,0.03758841601666063,0.009552083094604313,0.009718667017295957,0.019797082990407944,3.9917067624628544e-05,0.01078904198948294,0.011391957988962531,0.0010740000288933516,0.043092000065371394,0.0999898340087384,0.00012083293404430151,0.21623287501279265,0.021265167044475675,0.23749804205726832,2.8209062293171883e-05,0.0001332079991698265,0.12125500105321407,0.3260055431164801,0.5469812080264091
3077,random_3074,random_cycle_chord,20260823,baseline,0,200,3,9,11,5.364328931865923,True,True,,perf/incremental-yamada-frontier-order,1d8374f42cccbb16d78d44100a65ca603d7d1997,3.14.7,macOS-26.6.2-arm64-arm-64bit-Mach-O,arm,0.03911879193037748,0.2403235420351848,0.03597766696475446,0.009716792032122612,0.008904374903067946,0.01849258306901902,9.195890743285418e-05,0.00908541597891599,0.009238790953531861,0.000747040961869061,0.037655789870768785,0.09228295797947794,0.00010424992069602013,0.19367420894559473,0.011425375007092953,0.20509958395268768,2.0249979570508003e-05,9.162502828985453e-05,0.1037083329865709,0.3831506669521332,0.5825477920006961
3078,random_3075,random_cycle_chord,20260823,crossing_rich,5,200,5,9,13,4.3010481257766955,True,True,,perf/incremental-yamada-frontier-order,1d8374f42cccbb16d78d44100a65ca603d7d1997,3.14.7,macOS-26.6.2-arm64-arm-64bit-Mach-O,arm,0.041380833950825036,0.17110883304849267,0.046781832934357226,0.011992417043074965,0.013564083026722074,0.026729249977506697,4.158308729529381e-05,0.01386899990029633,0.01435745891649276,0.0015579999890178442,0.056555291870608926,0.12893050001002848,8.9708948507905e-05,0.1883727089734748,0.030252625001594424,0.21862533397506922,2.6999972760677338e-05,0.00017950008623301983,0.1591831250116229,0.3716727920109406,0.5649980420712382
3079,random_3076,random_cycle_chord,20260823,crossing_rich,4,200,5,10,14,5.468773293630827,True,True,,perf/incremental-yamada-frontier-order,1d8374f42cccbb16d78d44100a65ca603d7d1997,3.14.7,macOS-26.6.2-arm64-arm-64bit-Mach-O,arm,0.04570970800705254,0.15762187505606562,0.053312000003643334,0.010447792010381818,0.011554582975804806,0.022781915962696075,3.958295565098524e-05,0.011842582956887782,0.012456582975573838,0.0013405000790953636,0.048461164929904044,0.12381066696252674,8.625001646578312e-05,0.2752622910775244,0.033683208050206304,0.3089454991277307,2.437504008412361e-05,0.0001402080524712801,0.15749387501273304,0.3608254580758512,0.6399993750965223
3080,random_3077,random_cycle_chord,20260823,baseline,0,200,3,8,10,6.17483575611681,True,True,,perf/incremental-yamada-frontier-order,1d8374f42cccbb16d78d44100a65ca603d7d1997,3.14.7,macOS-26.6.2-arm64-arm-64bit-Mach-O,arm,0.033119707950390875,0.15907716692890972,0.033247999963350594,0.0068370000226423144,0.006662458064965904,0.013232333003543317,3.416696563363075e-05,0.006984040956012905,0.006963458028621972,0.0005378329660743475,0.027751831919886172,0.07451883400790393,6.479199510067701e-05,0.13044854102190584,0.009002417093142867,0.1394509581150487,1.579092349857092e-05,7.395807188004255e-05,0.0835212511010468,0.2757181259803474,0.41029195894952863
3081,random_3078,random_cycle_chord,20260823,crossing_rich,4,200,5,9,13,6.07261540204272,True,True,,perf/incremental-yamada-frontier-order,1d8374f42cccbb16d78d44100a65ca603d7d1997,3.14.7,macOS-26.6.2-arm64-arm-64bit-Mach-O,arm,0.043587250052951276,0.15154854208230972,0.055946792010217905,0.010345958988182247,0.011580166989006102,0.022881458047777414,4.0041981264948845e-05,0.011823624954558909,0.012538917013444006,0.0013476249296218157,0.048631666926667094,0.12654029100667685,8.408294524997473e-05,0.18528099998366088,0.027262749965302646,0.21254374994896352,2.6916968636214733e-05,0.0001611249754205346,0.1538030409719795,0.3489388331072405,0.5388454999774694
3082,random_3079,random_cycle_chord,20260823,baseline,0,200,3,11,13,4.033568483838332,True,True,,perf/incremental-yamada-frontier-order,1d8374f42cccbb16d78d44100a65ca603d7d1997,3.14.7,macOS-26.6.2-arm64-arm-64bit-Mach-O,arm,0.034756625071167946,0.1617735830368474,0.023209166945889592,0.007399874972179532,0.0072044580010697246,0.014119042083621025,2.374988980591297e-05,0.007165916031226516,0.007254416937939823,0.0005935829831287265,0.029156707925722003,0.06699137506075203,8.237501606345177e-05,0.18841774994507432,0.010082749999128282,0.1985004999442026,1.7000013031065464e-05,8.729193359613419e-05,0.07707412505988032,0.2736043331678957,0.46648220904171467
3083,random_3080,random_cycle_chord,20260823,crossing_rich,6,200,6,12,17,4.877104446944856,True,True,,perf/incremental-yamada-frontier-order,1d8374f42cccbb16d78d44100a65ca603d7d1997,3.14.7,macOS-26.6.2-arm64-arm-64bit-Mach-O,arm,0.05387433303985745,0.1711774169234559,0.05201358301565051,0.015159290982410312,0.01564120897091925,0.030567249981686473,4.970806185156107e-05,0.015943917096592486,0.016871541971340775,0.0018997919978573918,0.06533220910932869,0.14819033409003168,0.00010762503370642662,0.37759899999946356,0.0547102919081226,0.43230929190758616,4.541606176644564e-05,0.00021591607946902514,0.20290062599815428,0.4279523759614676,0.8098332079825923
3084,random_3081,random_cycle_chord,20260823,baseline,0,200,3,8,10,6.157985759292608,True,True,,perf/incremental-yamada-frontier-order,1d8374f42cccbb16d78d44100a65ca603d7d1997,3.14.7,macOS-26.6.2-arm64-arm-64bit-Mach-O,arm,0.03781975002493709,0.16730958397965878,0.03845049999654293,0.007452875026501715,0.007432791986502707,0.01447270903736353,2.3583066649734974e-05,0.007279832963831723,0.007683791918680072,0.0006182920187711716,0.03007820900529623,0.08343545801471919,6.35830219835043e-05,0.14275641704443842,0.009901416953653097,0.15265783399809152,1.7208978533744812e-05,9.333400521427393e-05,0.09333687496837229,0.29846620897296816,0.44572650000918657
3085,random_3082,random_cycle_chord,20260823,baseline,0,200,3,9,11,5.413066153761277,True,True,,perf/incremental-yamada-frontier-order,1d8374f42cccbb16d78d44100a65ca603d7d1997,3.14.7,macOS-26.6.2-arm64-arm-64bit-Mach-O,arm,0.03569524991326034,0.16171820799354464,0.025784541969187558,0.007388083031401038,0.006962709012441337,0.014110082993283868,3.15000070258975e-05,0.007079166942276061,0.007185499998740852,0.0005572499940171838,0.02896349993534386,0.06912091595586389,7.070798892527819e-05,0.15123420802410692,0.048279750044457614,0.19951395806856453,1.9916915334761143e-05,9.13750845938921e-05,0.11740066600032151,0.3148141239071265,0.47153425007127225
3086,random_3083,random_cycle_chord,20260823,baseline,0,200,3,10,12,4.714111733644527,True,True,,perf/incremental-yamada-frontier-order,1d8374f42cccbb16d78d44100a65ca603d7d1997,3.14.7,macOS-26.6.2-arm64-arm-64bit-Mach-O,arm,0.04467737500090152,0.1639710000017658,0.023502249969169497,0.007127166027203202,0.007096749963238835,0.014041250105947256,5.145894829183817e-05,0.007471667020581663,0.007587792002595961,0.0005807500565424562,0.029732918133959174,0.06748141697607934,8.387491106987e-05,0.1648765419377014,0.009350165957584977,0.17422670789528638,1.6000005416572094e-05,7.829093374311924e-05,0.07683158293366432,0.28547995793633163,0.45475683407858014
3087,random_3084,random_cycle_chord,20260823,baseline,0,200,3,10,12,4.705348281197974,True,True,,perf/incremental-yamada-frontier-order,1d8374f42cccbb16d78d44100a65ca603d7d1997,3.14.7,macOS-26.6.2-arm64-arm-64bit-Mach-O,arm,0.033217124990187585,0.15677983302157372,0.02485712501220405,0.006951291928999126,0.0070147920632734895,0.01371625007595867,2.204196061939001e-05,0.007161458022892475,0.0073127500945702195,0.0005601670127362013,0.028772667166776955,0.0676161659648642,7.379206363111734e-05,0.15079524996690452,0.008816709043458104,0.15961195901036263,1.4249933883547783e-05,7.708300836384296e-05,0.0764328750083223,0.2664298330200836,0.4214543340494856
3088,random_3085,random_cycle_chord,20260823,baseline,0,200,4,10,13,4.691511886159647,True,True,,perf/incremental-yamada-frontier-order,1d8374f42cccbb16d78d44100a65ca603d7d1997,3.14.7,macOS-26.6.2-arm64-arm-64bit-Mach-O,arm,0.034389583976008,0.15062729199416935,0.02420629095286131,0.007520291954278946,0.007741917041130364,0.01521974999923259,2.9749935492873192e-05,0.00791062496136874,0.008173499954864383,0.0007507919799536467,0.03208441683091223,0.07157995901070535,8.883292321115732e-05,0.17024320794735104,0.0112660420127213,0.18150924996007234,1.8208054825663567e-05,8.512497879564762e-05,0.08284600102342665,0.267862876993604,0.44232454209122807
3089,random_3086,random_cycle_chord,20260823,baseline,0,200,3,10,12,5.625041440711685,True,True,,perf/incremental-yamada-frontier-order,1d8374f42cccbb16d78d44100a65ca603d7d1997,3.14.7,macOS-26.6.2-arm64-arm-64bit-Mach-O,arm,0.03578420798294246,0.14833254099357873,0.02953324990812689,0.00676124996971339,0.006932124961167574,0.014068250078707933,2.6833033189177513e-05,0.007458832929842174,0.007495666039176285,0.000555708073079586,0.029605290153995156,0.07285104203037918,7.291696965694427e-05,0.16447841690387577,0.008997209020890296,0.17347562592476606,1.645891461521387e-05,7.270800415426493e-05,0.08184825105126947,0.26596500002779067,0.43452016706578434
3090,random_3087,random_cycle_chord,20260823,crossing_rich,3,200,4,8,11,4.256909543414056,True,True,,perf/incremental-yamada-frontier-order,1d8374f42cccbb16d78d44100a65ca603d7d1997,3.14.7,macOS-26.6.2-arm64-arm-64bit-Mach-O,arm,0.02952312503475696,0.15161616599652916,0.04220454196911305,0.009287290973588824,0.010339666972868145,0.020358624984510243,3.0542025342583656e-05,0.010542541975155473,0.010991542018018663,0.0010042090434581041,0.042927460046485066,0.10478712501935661,6.858294364064932e-05,0.23622958303894848,0.018071500002406538,0.254301083041355,2.062495332211256e-05,0.00011162494774907827,0.12285862502176315,0.30399791605304927,0.5442576250061393
3091,random_3088,random_cycle_chord,20260823,crossing_rich,4,200,5,8,12,6.603309690764717,True,True,,perf/incremental-yamada-frontier-order,1d8374f42cccbb16d78d44100a65ca603d7d1997,3.14.7,macOS-26.6.2-arm64-arm-64bit-Mach-O,arm,0.04329229099676013,0.15036370803136379,0.06438695802353323,0.009610790992155671,0.010601375019177794,0.020932041108608246,3.720889799296856e-05,0.010822333046235144,0.011608375003561378,0.001387166092172265,0.04478712414857,0.12941850000061095,0.00015658303163945675,0.1606309589697048,0.026945582940243185,0.187576541909948,2.3709028027951717e-05,0.0001512920716777444,0.15636408294085413,0.35002008196897805,0.515138000017032
3092,random_3089,random_cycle_chord,20260823,crossing_rich,4,200,5,8,12,6.599381659761462,True,True,,perf/incremental-yamada-frontier-order,1d8374f42cccbb16d78d44100a65ca603d7d1997,3.14.7,macOS-26.6.2-arm64-arm-64bit-Mach-O,arm,0.04313237499445677,0.14926587499212474,0.06738766597118229,0.009771040990017354,0.010620292043313384,0.020926124998368323,4.191696643829346e-05,0.010859458008781075,0.011605166015215218,0.0013764580944553018,0.04480912408325821,0.13262208295054734,0.00015108298975974321,0.16045920795295388,0.025621333043091,0.18608054099604487,2.362497616559267e-05,0.00015016598626971245,0.15824341599363834,0.35064166598021984,0.5155440829694271
3093,random_3090,random_cycle_chord,20260823,baseline,0,200,3,8,10,6.216819131962876,True,True,,perf/incremental-yamada-frontier-order,1d8374f42cccbb16d78d44100a65ca603d7d1997,3.14.7,macOS-26.6.2-arm64-arm-64bit-Mach-O,arm,0.03306170797441155,0.1490793339908123,0.031407958013005555,0.006597790983505547,0.006695792078971863,0.013196334009990096,2.1000043489038944e-05,0.006836416898295283,0.007014125003479421,0.0005494999932125211,0.02761737594846636,0.07233791693579406,5.637493450194597e-05,0.1295305840903893,0.009093708940781653,0.13862429303117096,1.4040968380868435e-05,6.925000343471766e-05,0.08143162587657571,0.26357266784179956,0.3971311670029536
3094,random_3091,random_cycle_chord,20260823,crossing_rich,5,200,6,10,15,5.380401092072004,True,True,,perf/incremental-yamada-frontier-order,1d8374f42cccbb16d78d44100a65ca603d7d1997,3.14.7,macOS-26.6.2-arm64-arm-64bit-Mach-O,arm,0.04498674999922514,0.1498350000474602,0.053875874960795045,0.011093084001913667,0.012380957952700555,0.02439645805861801,4.975008778274059e-05,0.012691499898210168,0.013524167006835341,0.0016431669937446713,0.05230504204519093,0.1296990419505164,0.0002482080599293113,0.30246579204685986,0.03504216705914587,0.33750795910600573,3.141607157886028e-05,0.00018112501129508018,0.16474120900966227,0.3595629590563476,0.6664301250129938
3095,random_3092,random_cycle_chord,20260823,baseline,0,200,3,11,13,4.113815129060705,True,True,,perf/incremental-yamada-frontier-order,1d8374f42cccbb16d78d44100a65ca603d7d1997,3.14.7,macOS-26.6.2-arm64-arm-64bit-Mach-O,arm,0.03456525004003197,0.15454041596967727,0.017895958968438208,0.007123083923943341,0.007292625028640032,0.014715750003233552,2.3000058718025684e-05,0.007664208998903632,0.007830542046576738,0.0005583339370787144,0.030791835044510663,0.06312291696667671,6.962497718632221e-05,0.17801804200280458,0.009223708999343216,0.1872417510021478,1.5083001926541328e-05,7.066596299409866e-05,0.07234662596601993,0.26145229197572917,0.4436701670056209
3096,random_3093,random_cycle_chord,20260823,crossing_rich,5,200,5,10,14,4.096378073153674,True,True,,perf/incremental-yamada-frontier-order,1d8374f42cccbb16d78d44100a65ca603d7d1997,3.14.7,macOS-26.6.2-arm64-arm-64bit-Mach-O,arm,0.03732883301563561,0.1582910829456523,0.04457729193381965,0.011122541967779398,0.012749124900437891,0.025145291001535952,3.91670037060976e-05,0.013028083951212466,0.013727833982557058,0.0014650829834863544,0.05340545892249793,0.12188937503378838,8.724990766495466e-05,0.19996479095425457,0.030015166965313256,0.22997995791956782,2.5499961338937283e-05,0.0001638750545680523,0.15190454199910164,0.34752445796038955,0.5521868339274079
3097,random_3094,random_cycle_chord,20260823,baseline,0,200,4,13,16,4.563837344854256,True,True,,perf/incremental-yamada-frontier-order,1d8374f42cccbb16d78d44100a65ca603d7d1997,3.14.7,macOS-26.6.2-arm64-arm-64bit-Mach-O,arm,0.04427733295597136,0.2346340409712866,0.08991487498860806,0.04055745794903487,0.020855374983511865,0.027772292029112577,9.158393368124962e-05,0.015032542054541409,0.012390209012664855,0.0012278750073164701,0.05651450203731656,0.20792199997231364,0.0002300000051036477,0.3238272500457242,0.01515037496574223,0.33897762501146644,4.0958053432404995e-05,0.0001454170560464263,0.22307237493805587,0.5019837488653138,0.8338297909358516
3098,random_3095,random_cycle_chord,20260823,crossing_rich,4,200,5,11,15,5.223322375309225,True,True,,perf/incremental-yamada-frontier-order,1d8374f42cccbb16d78d44100a65ca603d7d1997,3.14.7,macOS-26.6.2-arm64-arm-64bit-Mach-O,arm,0.05492975004017353,0.20748400001320988,0.06379329203628004,0.013636250048875809,0.014117792015895247,0.026826375047676265,8.004100527614355e-05,0.013833082979544997,0.014303207979537547,0.0014927500160411,0.05653545702807605,0.14815416606143117,0.00012295797932893038,0.23476958298124373,0.030618750024586916,0.26538833300583065,3.300001844763756e-05,0.00017216592095792294,0.17877291608601809,0.4411866661394015,0.681444332934916
3099,random_3096,random_cycle_chord,20260823,baseline,0,200,3,8,10,6.165785689882033,True,True,,perf/incremental-yamada-frontier-order,1d8374f42cccbb16d78d44100a65ca603d7d1997,3.14.7,macOS-26.6.2-arm64-arm-64bit-Mach-O,arm,0.039186791982501745,0.17292808298952878,0.039720790926367044,0.008065541973337531,0.007661666953936219,0.015358208096586168,4.175002686679363e-05,0.008088083006441593,0.008139166980981827,0.0006702080136165023,0.032297416124492884,0.08777362504042685,8.391693700104952e-05,0.15348249999806285,0.01066825003363192,0.16415075003169477,1.8083956092596054e-05,9.225006215274334e-05,0.09844187507405877,0.3105567500460893,0.46884591702837497
3100,random_3097,random_cycle_chord,20260823,crossing_rich,5,200,5,8,12,4.150157831214543,True,True,,perf/incremental-yamada-frontier-order,1d8374f42cccbb16d78d44100a65ca603d7d1997,3.14.7,macOS-26.6.2-arm64-arm-64bit-Mach-O,arm,0.03671983303502202,0.23623758309986442,0.059003832982853055,0.01632387493737042,0.018254916998557746,0.05229529191274196,0.0001372080296278,0.07486849999986589,0.03907820803578943,0.002682833932340145,0.16906204191036522,0.26274804200511426,0.00038995896466076374,0.2719682500464842,0.040831916965544224,0.3128001670120284,3.483402542769909e-05,0.0002127910265699029,0.3035799589706585,0.5765373751055449,0.8556586250197142
3101,random_3098,random_cycle_chord,20260823,baseline,0,200,4,14,17,4.291623492878324,True,True,,perf/incremental-yamada-frontier-order,1d8374f42cccbb16d78d44100a65ca603d7d1997,3.14.7,macOS-26.6.2-arm64-arm-64bit-Mach-O,arm,0.05988029204308987,0.19914112496189773,0.047041250043548644,0.015300708939321339,0.01333595800679177,0.024542082916013896,8.479203097522259e-05,0.012404499924741685,0.011629709042608738,0.0009970830287784338,0.049658166943117976,0.1254086249973625,0.00013629207387566566,0.28784383297897875,0.016821375000290573,0.3046652079792693,2.7084024623036385e-05,0.00011841603554785252,0.14222999999765307,0.40125141700264066,0.6945898330304772
3102,random_3099,random_cycle_chord,20260823,crossing_rich,5,200,5,9,13,4.139701830839942,True,True,,perf/incremental-yamada-frontier-order,1d8374f42cccbb16d78d44100a65ca603d7d1997,3.14.7,macOS-26.6.2-arm64-arm-64bit-Mach-O,arm,0.04544608306605369,0.1845264999428764,0.04654754197690636,0.012557290960103273,0.01437004201579839,0.027905624941922724,4.654098302125931e-05,0.01445745793171227,0.015276334015652537,0.0015963750192895532,0.059282332891598344,0.13280787493567914,9.333295747637749e-05,0.20363412494771183,0.03457416594028473,0.23820829088799655,3.3374992199242115e-05,0.00018904206808656454,0.16738204087596387,0.39735462388489395,0.6062344160163775
3103,random_3100,random_cycle_chord,20260823,baseline,0,200,3,9,11,5.32879761039551,True,True,,perf/incremental-yamada-frontier-order,1d8374f42cccbb16d78d44100a65ca603d7d1997,3.14.7,macOS-26.6.2-arm64-arm-64bit-Mach-O,arm,0.03755395894404501,0.1686576249776408,0.028554084012284875,0.008250582963228226,0.008024749928154051,0.01622645801398903,5.495804361999035e-05,0.008375458070077002,0.008478041971102357,0.0006512920372188091,0.03378620813600719,0.07864133396651596,8.241704199463129e-05,0.19431291706860065,0.010729749919846654,0.2050426669884473,1.9125058315694332e-05,9.63329803198576e-05,0.08937108388636261,0.2955826678080484,0.4946521249366924
3104,random_3101,random_cycle_chord,20260823,crossing_rich,3,200,5,10,14,5.057016561638776,True,True,,perf/incremental-yamada-frontier-order,1d8374f42cccbb16d78d44100a65ca603d7d1997,3.14.7,macOS-26.6.2-arm64-arm-64bit-Mach-O,arm,0.0462278340710327,0.16742358403280377,0.05125995900016278,0.010748583008535206,0.011249082977883518,0.02401333290617913,8.937506936490536e-05,0.012947541894391179,0.013686958001926541,0.001533124945126474,0.05227033281698823,0.12556737498380244,0.0001313330139964819,0.37274625001009554,0.027154791983775795,0.39990104199387133,3.0249939300119877e-05,0.00016179191879928112,0.15272216696757823,0.3663735850714147,0.7437479590298608
3105,random_3102,random_cycle_chord,20260823,baseline,0,200,3,8,10,6.16602268764109,True,True,,perf/incremental-yamada-frontier-order,1d8374f42cccbb16d78d44100a65ca603d7d1997,3.14.7,macOS-26.6.2-arm64-arm-64bit-Mach-O,arm,0.03876883303746581,0.16505658300593495,0.037013249937444925,0.007279500016011298,0.007172291981987655,0.016804166953079402,7.575005292892456e-05,0.010392625001259148,0.008218207978643477,0.0006754170171916485,0.0361661670031026,0.08765304193366319,9.50830290094018e-05,0.17910104198381305,0.010692000039853156,0.1897930420236662,1.7415964975953102e-05,8.958298712968826e-05,0.09834504197351635,0.3021704580169171,0.48576887499075383
3106,random_3103,random_cycle_chord,20260823,crossing_rich,5,200,5,8,12,4.124464067363975,True,True,,perf/incremental-yamada-frontier-order,1d8374f42cccbb16d78d44100a65ca603d7d1997,3.14.7,macOS-26.6.2-arm64-arm-64bit-Mach-O,arm,0.03612870804499835,0.1679767919704318,0.04699891700875014,0.011653459048829973,0.013445832999423146,0.026436791056767106,3.879191353917122e-05,0.013721624971367419,0.014354041893966496,0.0014285830548033118,0.055979832890443504,0.12811395805329084,0.0002201671013608575,0.18517954205162823,0.0354052500333637,0.22058479208499193,3.716698847711086e-05,0.00018104200717061758,0.16351920808665454,0.3676247081020847,0.5578573750099167
3107,random_3104,random_cycle_chord,20260823,baseline,0,200,4,11,14,4.064835745190059,True,True,,perf/incremental-yamada-frontier-order,1d8374f42cccbb16d78d44100a65ca603d7d1997,3.14.7,macOS-26.6.2-arm64-arm-64bit-Mach-O,arm,0.06661304202862084,0.2152909580618143,0.04770220897626132,0.015896416967734694,0.012948791030794382,0.03347766597289592,9.900005534291267e-05,0.016559375100769103,0.013017332996241748,0.001169458031654358,0.06432283215690404,0.14095299993641675,0.00017554196529090405,0.23626349994447082,0.01309295801911503,0.24935645796358585,2.3000058718025684e-05,0.0001082499511539936,0.15404595795553178,0.4359499580459669,0.6841728339204565
3108,random_3105,random_cycle_chord,20260823,crossing_rich,2,200,4,9,12,6.07716433874991,True,True,,perf/incremental-yamada-frontier-order,1d8374f42cccbb16d78d44100a65ca603d7d1997,3.14.7,macOS-26.6.2-arm64-arm-64bit-Mach-O,arm,0.04581320798024535,0.18280654202681035,0.058615957968868315,0.009910166030749679,0.010829709004610777,0.02010124991647899,6.187497638165951e-05,0.011248915921896696,0.01094954099971801,0.0011137500405311584,0.043475331855006516,0.12289908400271088,0.00010616600047796965,0.1995708750328049,0.021360166021622717,0.22093104105442762,3.2833078876137733e-05,0.00013579102233052254,0.1442592500243336,0.3728790000313893,0.5776652089552954
3109,random_3106,random_cycle_chord,20260823,baseline,0,200,3,11,13,4.107430417374933,True,True,,perf/incremental-yamada-frontier-order,1d8374f42cccbb16d78d44100a65ca603d7d1997,3.14.7,macOS-26.6.2-arm64-arm-64bit-Mach-O,arm,0.03866329195443541,0.16802037495654076,0.02137708303052932,0.007820458034984767,0.0075138750253245234,0.015648582950234413,5.3750001825392246e-05,0.008368083043023944,0.008352375007234514,0.0006903749890625477,0.03311316599138081,0.06984675000421703,0.00012750003952533007,0.2855839589610696,0.012358999927528203,0.2979429588885978,2.1582935005426407e-05,0.00010325002949684858,0.08220574993174523,0.2888894168427214,0.579226375091821
3110,random_3107,random_cycle_chord,20260823,baseline,0,200,3,10,12,5.622123551558298,True,True,,perf/incremental-yamada-frontier-order,1d8374f42cccbb16d78d44100a65ca603d7d1997,3.14.7,macOS-26.6.2-arm64-arm-64bit-Mach-O,arm,0.05712558305822313,0.2113736669998616,0.03581700008362532,0.009685999946668744,0.009801041916944087,0.01926583400927484,5.495804361999035e-05,0.009672667016275227,0.010084457928314805,0.0007591249886900187,0.03983704198617488,0.09519520797766745,0.00010904204100370407,0.2225119579816237,0.01031329098623246,0.23282524896785617,2.13750172406435e-05,8.90420051291585e-05,0.10550849896389991,0.37400774902198464,0.6020047080237418
3111,random_3108,random_cycle_chord,20260823,baseline,0,200,3,11,13,4.0514511101315085,True,True,,perf/incremental-yamada-frontier-order,1d8374f42cccbb16d78d44100a65ca603d7d1997,3.14.7,macOS-26.6.2-arm64-arm-64bit-Mach-O,arm,0.037972958059981465,0.18821341602597386,0.02700887492392212,0.009203874971717596,0.010217500035651028,0.016838875017128885,5.9875077567994595e-05,0.008524041972123086,0.008572791004553437,0.0006051249802112579,0.03460070805158466,0.0810847079847008,9.354203939437866e-05,0.19349445798434317,0.009704834083095193,0.20319929206743836,1.5541911125183105e-05,7.829105015844107e-05,0.09078954206779599,0.3169759161537513,0.5154217079980299
3112,random_3109,random_cycle_chord,20260823,crossing_rich,5,200,6,11,16,4.599896752795959,True,True,,perf/incremental-yamada-frontier-order,1d8374f42cccbb16d78d44100a65ca603d7d1997,3.14.7,macOS-26.6.2-arm64-arm-64bit-Mach-O,arm,0.048078250023536384,0.17523620801512152,0.05534650001209229,0.014670083997771144,0.015858458005823195,0.030693499953486025,0.00012066611088812351,0.015518125030212104,0.016267583006992936,0.0018654169980436563,0.06446529109962285,0.15043154102750123,0.00013366597704589367,0.3999048749683425,0.03825583402067423,0.4381607089890167,3.825000021606684e-05,0.00024329195730388165,0.18868737504817545,0.41200183308683336,0.8184767080238089
3113,random_3110,random_cycle_chord,20260823,baseline,0,200,3,11,13,4.118803717705817,True,True,,perf/incremental-yamada-frontier-order,1d8374f42cccbb16d78d44100a65ca603d7d1997,3.14.7,macOS-26.6.2-arm64-arm-64bit-Mach-O,arm,0.039983624941669405,0.19944749993737787,0.12112104194238782,0.01626341592054814,0.014152665971778333,0.02258412493392825,9.079196024686098e-05,0.04905591707210988,0.01948116603307426,0.0018622500356286764,0.09307425003498793,0.2447358330246061,0.0002578330459073186,0.29019204108044505,0.016100791981443763,0.3062928330618888,3.6792014725506306e-05,0.00012866698671132326,0.26083662500604987,0.5002677498850971,0.8476525829173625
3114,random_3111,random_cycle_chord,20260823,baseline,0,200,3,10,12,5.624177637235271,True,True,,perf/incremental-yamada-frontier-order,1d8374f42cccbb16d78d44100a65ca603d7d1997,3.14.7,macOS-26.6.2-arm64-arm-64bit-Mach-O,arm,0.06370533304288983,0.24820062494836748,0.059419458033517,0.011273124953731894,0.011783291934989393,0.021723250043578446,6.741704419255257e-05,0.010606665979139507,0.010844417032785714,0.0010630000615492463,0.044304750161245465,0.12684375001117587,0.00013666704762727022,0.21812316600698978,0.009812874952331185,0.22793604095932096,1.783308107405901e-05,8.887494914233685e-05,0.13665662496350706,0.44856258295476437,0.6762259159004316
3115,random_3112,random_cycle_chord,20260823,crossing_rich,4,200,5,11,15,5.224132020907912,True,True,,perf/incremental-yamada-frontier-order,1d8374f42cccbb16d78d44100a65ca603d7d1997,3.14.7,macOS-26.6.2-arm64-arm-64bit-Mach-O,arm,0.052304833894595504,0.17223808402195573,0.054789834073744714,0.013528999988920987,0.013318000012077391,0.0254945830674842,6.162491627037525e-05,0.013439374975860119,0.013759666937403381,0.0015094999689608812,0.054264749865978956,0.1359675000421703,0.0001324580516666174,0.23465387499891222,0.029785374994389713,0.26443924999330193,3.1917006708681583e-05,0.0001705830218270421,0.16575287503656,0.39029579295311123,0.6300842920318246
3116,random_3113,random_cycle_chord,20260823,crossing_rich,8,200,7,13,19,4.259398224230336,True,True,,perf/incremental-yamada-frontier-order,1d8374f42cccbb16d78d44100a65ca603d7d1997,3.14.7,macOS-26.6.2-arm64-arm-64bit-Mach-O,arm,0.05634983396157622,0.17294212500564754,0.056038166978396475,0.026648333063349128,0.020369791076518595,0.05474724993109703,0.00014629203360527754,0.020666624885052443,0.021569082979112864,0.002557917032390833,0.09968716686125845,0.20286424993537366,0.00016870792023837566,0.3153404169715941,0.09644495905376971,0.4117853760253638,7.404095958918333e-05,0.00028504093643277884,0.29930920898914337,0.5286011679563671,0.8511246669804677
3117,random_3114,random_cycle_chord,20260823,crossing_rich,6,200,6,10,15,5.626980734518122,True,True,,perf/incremental-yamada-frontier-order,1d8374f42cccbb16d78d44100a65ca603d7d1997,3.14.7,macOS-26.6.2-arm64-arm-64bit-Mach-O,arm,0.06695533299352974,0.19429929205216467,0.0877798330038786,0.018326458986848593,0.018475749995559454,0.03862100001424551,0.000169833074323833,0.04169250000268221,0.027330041048116982,0.0027042910223826766,0.11051766516175121,0.23519966599997133,0.0003733329940587282,0.29225824994500726,0.0426138750044629,0.33487212494947016,4.375004209578037e-05,0.00022554199676960707,0.27781354100443423,0.5390681660501286,0.8388806249713525
3118,random_3115,random_cycle_chord,20260823,baseline,0,200,4,14,17,4.295410689989962,True,True,,perf/incremental-yamada-frontier-order,1d8374f42cccbb16d78d44100a65ca603d7d1997,3.14.7,macOS-26.6.2-arm64-arm-64bit-Mach-O,arm,0.05288462503813207,0.17497904202900827,0.024402417009696364,0.013892041984945536,0.010083000059239566,0.019839457934722304,4.420790355652571e-05,0.010763042024336755,0.011918208911083639,0.0010092080337926745,0.0435741248074919,0.09198549995198846,0.00024937500711530447,0.2681383329909295,0.01289620902389288,0.28103454201482236,2.566596958786249e-05,0.00010233395732939243,0.10488170897588134,0.3327453760430217,0.6061248750193045
3119,random_3116,random_cycle_chord,20260823,baseline,0,200,3,13,15,4.570415651602909,True,True,,perf/incremental-yamada-frontier-order,1d8374f42cccbb16d78d44100a65ca603d7d1997,3.14.7,macOS-26.6.2-arm64-arm-64bit-Mach-O,arm,0.049378041992895305,0.2305602909764275,0.03135050006676465,0.013586082961410284,0.013755875057540834,0.024691249942407012,0.0001730829244479537,0.01573766698129475,0.011166166979819536,0.0009187909308820963,0.05268695775885135,0.11145095899701118,0.00013858301099389791,0.2819933749269694,0.012466291896998882,0.2944596668239683,2.0875013433396816e-05,0.00010287505574524403,0.12391725089401007,0.40385558386333287,0.6915802919538692
3120,random_3117,random_cycle_chord,20260823,baseline,0,200,3,11,13,4.045328088538543,True,True,,perf/incremental-yamada-frontier-order,1d8374f42cccbb16d78d44100a65ca603d7d1997,3.14.7,macOS-26.6.2-arm64-arm-64bit-Mach-O,arm,0.0406698330771178,0.21531387499999255,0.02813833300024271,0.008749207947403193,0.008286333060823381,0.017372499918565154,7.437507156282663e-05,0.009140457957983017,0.009733209037221968,0.0008193750400096178,0.037139917025342584,0.08234049996826798,0.00018170801922678947,0.22715462499763817,0.014330666046589613,0.24148529104422778,3.6624958738684654e-05,0.00012274994514882565,0.09667116601485759,0.35265487409196794,0.5855199579382315
3121,random_3118,random_cycle_chord,20260823,crossing_rich,6,200,6,13,18,4.387887765290668,True,True,,perf/incremental-yamada-frontier-order,1d8374f42cccbb16d78d44100a65ca603d7d1997,3.14.7,macOS-26.6.2-arm64-arm-64bit-Mach-O,arm,0.05967662495095283,0.1753438749583438,0.0512855420820415,0.016374874976463616,0.020207500085234642,0.032353042042814195,0.00010591698810458183,0.017892500036396086,0.01876612496562302,0.0021911669755354524,0.07130875100847334,0.15927970898337662,0.00017262494657188654,0.35405883309431374,0.06014733295887709,0.4142061660531908,6.695790216326714e-05,0.00028537504840642214,0.2194270419422537,0.45444754185155034,0.8146433749934658
3122,random_3119,random_cycle_chord,20260823,crossing_rich,2,200,4,8,11,6.603216135258001,True,True,,perf/incremental-yamada-frontier-order,1d8374f42cccbb16d78d44100a65ca603d7d1997,3.14.7,macOS-26.6.2-arm64-arm-64bit-Mach-O,arm,0.060759417014196515,0.20194937498308718,0.07041087502148002,0.011182916932739317,0.011066333972848952,0.022759500076062977,7.991690654307604e-05,0.012073458055965602,0.012413540971465409,0.0012807080056518316,0.048607124015688896,0.14131224993616343,0.00014508306048810482,0.17540958302561194,0.020660749985836446,0.19607033301144838,2.4499953724443913e-05,0.00015162501949816942,0.16197299992199987,0.42468179191928357,0.6052926660049707
3123,random_3120,random_cycle_chord,20260823,baseline,0,200,3,9,11,5.396230227455467,True,True,,perf/incremental-yamada-frontier-order,1d8374f42cccbb16d78d44100a65ca603d7d1997,3.14.7,macOS-26.6.2-arm64-arm-64bit-Mach-O,arm,0.03722762502729893,0.17028900003060699,0.03348508395720273,0.007754874997772276,0.007718667038716376,0.015260915970429778,2.4292035959661007e-05,0.007899833028204739,0.008111875038594007,0.0006091250106692314,0.03190604108385742,0.08088604197837412,8.212507236748934e-05,0.1572683749254793,0.009720666916109622,0.16698904184158891,1.6749952919781208e-05,8.470797911286354e-05,0.09060670889448375,0.29812333395238966,0.4601420840481296
3124,random_3121,random_cycle_chord,20260823,baseline,0,200,3,10,12,5.626373514638218,True,True,,perf/incremental-yamada-frontier-order,1d8374f42cccbb16d78d44100a65ca603d7d1997,3.14.7,macOS-26.6.2-arm64-arm-64bit-Mach-O,arm,0.03931066603399813,0.15983016602694988,0.03029612498357892,0.00746445800177753,0.007586708990857005,0.014942958019673824,2.3667002096772194e-05,0.0077383340103551745,0.00783908402081579,0.000513250008225441,0.031057293061167,0.07642558391671628,7.095898035913706e-05,0.16934737493284047,0.009023167076520622,0.1783705420093611,1.7291982658207417e-05,7.629103492945433e-05,0.0854487509932369,0.2845895830541849,0.458333499962464
3125,random_3122,random_cycle_chord,20260823,crossing_rich,9,200,7,15,21,4.04399612567796,True,True,,perf/incremental-yamada-frontier-order,1d8374f42cccbb16d78d44100a65ca603d7d1997,3.14.7,macOS-26.6.2-arm64-arm-64bit-Mach-O,arm,0.05912345903925598,0.16521550004836172,0.04987629200331867,0.018168916925787926,0.06945599999744445,0.041674249921925366,0.000136749935336411,0.05723454093094915,0.04974912491161376,0.003586541977711022,0.1523812076775357,0.289989750017412,0.00020362506620585918,0.44525724998675287,0.06166637490969151,0.5069236248964444,9.68750100582838e-05,0.0003065420314669609,0.3516561249271035,0.5759950840147212,1.027396791963838
3126,random_3123,random_cycle_chord,20260823,crossing_rich,5,200,5,10,14,4.709845615767014,True,True,,perf/incremental-yamada-frontier-order,1d8374f42cccbb16d78d44100a65ca603d7d1997,3.14.7,macOS-26.6.2-arm64-arm-64bit-Mach-O,arm,0.04502483399119228,0.1765079169999808,0.04967333294916898,0.012921542045660317,0.013737416942603886,0.027942750020883977,8.404103573411703e-05,0.01405220793094486,0.015476290951482952,0.0015917919808998704,0.059147081919945776,0.13552187499590218,0.00012254202738404274,0.3381827500415966,0.039746833965182304,0.3779295840067789,4.5291963033378124e-05,0.00018283305689692497,0.17526870896108449,0.3968014599522576,0.7394553750054911
3127,random_3124,random_cycle_chord,20260823,baseline,0,200,3,8,10,6.143136537199388,True,True,,perf/incremental-yamada-frontier-order,1d8374f42cccbb16d78d44100a65ca603d7d1997,3.14.7,macOS-26.6.2-arm64-arm-64bit-Mach-O,arm,0.03816050000023097,0.16187729209195822,0.036746750003658235,0.008648458984680474,0.007858208031393588,0.014829167048446834,4.0332903154194355e-05,0.007469209027476609,0.007885625003837049,0.0006545829819515347,0.03087891696486622,0.08416633296292275,8.570810314267874e-05,0.14253533305600286,0.010383957996964455,0.1529192910529673,1.6666017472743988e-05,8.9791021309793e-05,0.0945502909598872,0.2945880830520764,0.4418232499156147
3128,random_3125,random_cycle_chord,20260823,baseline,0,200,3,10,12,5.627015428924933,True,True,,perf/incremental-yamada-frontier-order,1d8374f42cccbb16d78d44100a65ca603d7d1997,3.14.7,macOS-26.6.2-arm64-arm-64bit-Mach-O,arm,0.03997533302754164,0.15999629197176546,0.032911541988141835,0.007400749949738383,0.007622792036272585,0.015048666042275727,2.2875028662383556e-05,0.007776875048875809,0.007939499919302762,0.0005354590248316526,0.03132337506394833,0.07927870796993375,6.7290966399014e-05,0.16752508305944502,0.011271416093222797,0.17879649915266782,2.333405427634716e-05,8.737493772059679e-05,0.09055012406315655,0.29052174906246364,0.4624806250212714
3129,random_3126,random_cycle_chord,20260823,crossing_rich,3,200,4,9,12,4.494863980300823,True,True,,perf/incremental-yamada-frontier-order,1d8374f42cccbb16d78d44100a65ca603d7d1997,3.14.7,macOS-26.6.2-arm64-arm-64bit-Mach-O,arm,0.0418491669697687,0.1954660420306027,0.047258750069886446,0.010910582961514592,0.01110808306839317,0.02193349995650351,3.4958007745444775e-05,0.01144170796032995,0.012578750029206276,0.001241625053808093,0.047230541007593274,0.1165404999628663,0.00011845794506371021,0.19223641697317362,0.023631250020116568,0.21586766699329019,2.604094333946705e-05,0.00014687504153698683,0.14017174998298287,0.37748695898335427,0.5760199159849435
3130,random_3127,random_cycle_chord,20260823,crossing_rich,4,200,5,8,12,6.6024120800724075,True,True,,perf/incremental-yamada-frontier-order,1d8374f42cccbb16d78d44100a65ca603d7d1997,3.14.7,macOS-26.6.2-arm64-arm-64bit-Mach-O,arm,0.08772408298682421,0.2722007919801399,0.08450412505771965,0.01254854106809944,0.012958291918039322,0.025581207941286266,6.287498399615288e-05,0.01331558299716562,0.014347749995067716,0.0017342499922960997,0.055041665909811854,0.16510408301837742,0.00022562500089406967,0.3884340840158984,0.04176408390048891,0.4301981679163873,4.7457986511290073e-05,0.000219999928958714,0.20686816691886634,0.5667930418858305,0.9618754590628669
3131,random_3128,random_cycle_chord,20260823,crossing_rich,2,200,4,8,11,6.583720670611515,True,True,,perf/incremental-yamada-frontier-order,1d8374f42cccbb16d78d44100a65ca603d7d1997,3.14.7,macOS-26.6.2-arm64-arm-64bit-Mach-O,arm,0.05882816691882908,0.22407274995930493,0.08267433301080018,0.012166833970695734,0.011924582999199629,0.0231205829186365,5.8750039897859097e-05,0.011754582985304296,0.012145707965828478,0.0013782919850200415,0.048457915894687176,0.15528216608799994,0.00011662498582154512,0.1835025829495862,0.02231000002939254,0.20581258297897875,2.5125104002654552e-05,0.00014812510926276445,0.17759216611739248,0.4604930829955265,0.649986790958792
3132,random_3129,random_cycle_chord,20260823,baseline,0,200,3,11,13,5.2224164002493065,True,True,,perf/incremental-yamada-frontier-order,1d8374f42cccbb16d78d44100a65ca603d7d1997,3.14.7,macOS-26.6.2-arm64-arm-64bit-Mach-O,arm,0.08041070902254432,0.21907629200723022,0.039351082989014685,0.011372583918273449,0.011188667034730315,0.022135374951176345,7.945799734443426e-05,0.015617583994753659,0.021916417055763304,0.0008811249863356352,0.06062995898537338,0.1225859159603715,0.00014054204802960157,0.24052458396181464,0.011596041964367032,0.2521206259261817,2.2333930246531963e-05,9.175005834549665e-05,0.13418195792473853,0.4336689589545131,0.6803456249181181
3133,random_3130,random_cycle_chord,20260823,crossing_rich,4,200,5,10,14,5.455503955286262,True,True,,perf/incremental-yamada-frontier-order,1d8374f42cccbb16d78d44100a65ca603d7d1997,3.14.7,macOS-26.6.2-arm64-arm-64bit-Mach-O,arm,0.052510458044707775,0.19187366706319153,0.07644033408723772,0.015470958082005382,0.015082582947798073,0.037515125004574656,0.00011958403047174215,0.018589166924357414,0.017864916939288378,0.001996833016164601,0.07608562591485679,0.1831542089348659,0.0001622500130906701,0.45379491697531193,0.03903604100923985,0.4928309579845518,7.225002627819777e-05,0.00025412498507648706,0.22219024994410574,0.46657437505200505,0.9263753340346739
3134,random_3131,random_cycle_chord,20260823,baseline,0,200,4,11,14,4.038864351559965,True,True,,perf/incremental-yamada-frontier-order,1d8374f42cccbb16d78d44100a65ca603d7d1997,3.14.7,macOS-26.6.2-arm64-arm-64bit-Mach-O,arm,0.08247416699305177,0.26618604199029505,0.03458262502681464,0.01372995798010379,0.012477832962758839,0.023766416939906776,8.525000885128975e-05,0.012555249966681004,0.012306000106036663,0.0010002499911934137,0.049713167012669146,0.11055941600352526,0.00014233298134058714,0.23705687501933426,0.012715916032902896,0.24977279105223715,2.733408473432064e-05,0.0001194999786093831,0.12327533203642815,0.471935541019775,0.7150508329505101
3135,random_3132,random_cycle_chord,20260823,baseline,0,200,3,8,10,6.133097320403588,True,True,,perf/incremental-yamada-frontier-order,1d8374f42cccbb16d78d44100a65ca603d7d1997,3.14.7,macOS-26.6.2-arm64-arm-64bit-Mach-O,arm,0.04067541693802923,0.18950300000142306,0.036884750006720424,0.007907332968898118,0.007819916936568916,0.015394499991089106,2.5707995519042015e-05,0.007944457931444049,0.00815433298703283,0.0006447079358622432,0.03216370684094727,0.08479808398988098,6.845803000032902e-05,0.15117195807397366,0.010551125044003129,0.16172308311797678,1.7875107005238533e-05,9.19171143323183e-05,0.09534920903388411,0.3255276259733364,0.48157900001388043
3136,random_3133,random_cycle_chord,20260823,crossing_rich,3,200,5,12,16,4.542015328144989,True,True,,perf/incremental-yamada-frontier-order,1d8374f42cccbb16d78d44100a65ca603d7d1997,3.14.7,macOS-26.6.2-arm64-arm-64bit-Mach-O,arm,0.0491040829801932,0.17357133305631578,0.04924333293456584,0.011744083021767437,0.012452333001419902,0.02419904200360179,5.212507676333189e-05,0.01271141692996025,0.013585624983534217,0.0014237079303711653,0.051971916924230754,0.12547145900316536,0.00012666708789765835,0.38881304196547717,0.025316250044852495,0.41412929201032966,2.9542017728090286e-05,0.00015779095701873302,0.15078770904801786,0.37346312508452684,0.7671002499992028
3137,random_3134,random_cycle_chord,20260823,crossing_rich,2,200,4,10,13,5.111883773184786,True,True,,perf/incremental-yamada-frontier-order,1d8374f42cccbb16d78d44100a65ca603d7d1997,3.14.7,macOS-26.6.2-arm64-arm-64bit-Mach-O,arm,0.041896749986335635,0.17273687501437962,0.04578608402516693,0.010287333047017455,0.010440750047564507,0.020288542029447854,3.254192415624857e-05,0.010215167072601616,0.010804958990775049,0.0010912499856203794,0.04243246000260115,0.10897950001526624,8.316594175994396e-05,0.2199262089561671,0.023296708008274436,0.24322291696444154,4.0041981264948845e-05,0.00015345902647823095,0.13227620802354068,0.34690983302425593,0.5718702910235152
3138,random_3135,random_cycle_chord,20260823,crossing_rich,5,200,5,8,12,4.2544693692113835,True,True,,perf/incremental-yamada-frontier-order,1d8374f42cccbb16d78d44100a65ca603d7d1997,3.14.7,macOS-26.6.2-arm64-arm-64bit-Mach-O,arm,0.04690208309330046,0.19572541606612504,0.04661687498446554,0.013245124951936305,0.0149077910464257,0.03003795794211328,9.624997619539499e-05,0.01610945805441588,0.019010874908417463,0.0019959158962592483,0.06725045677740127,0.14211308397352695,0.0005353749729692936,0.3347522499971092,0.035406291019171476,0.37015854101628065,5.170796066522598e-05,0.00020949996542185545,0.17751937499269843,0.42014687415212393,0.7606201659655198
3139,random_3136,random_cycle_chord,20260823,baseline,0,200,3,10,12,4.726890373303691,True,True,,perf/incremental-yamada-frontier-order,1d8374f42cccbb16d78d44100a65ca603d7d1997,3.14.7,macOS-26.6.2-arm64-arm-64bit-Mach-O,arm,0.046953334007412195,0.21767883305437863,0.027931040967814624,0.008741584024392068,0.008471125038340688,0.01617604203056544,3.1041912734508514e-05,0.008071499993093312,0.008284374955110252,0.0006366249872371554,0.03319958387874067,0.07838345796335489,9.308289736509323e-05,0.22073283302597702,0.014100291999056935,0.23483312502503395,2.5124987587332726e-05,0.00010345899499952793,0.09248374996241182,0.35711591702420264,0.583424250013195
3140,random_3137,random_cycle_chord,20260823,crossing_rich,3,200,4,8,11,4.167899632870043,True,True,,perf/incremental-yamada-frontier-order,1d8374f42cccbb16d78d44100a65ca603d7d1997,3.14.7,macOS-26.6.2-arm64-arm-64bit-Mach-O,arm,0.0290099160047248,0.159972416004166,0.03640966699458659,0.009416042012162507,0.010255625005811453,0.02010733401402831,3.2334006391465664e-05,0.010450583999045193,0.010832958039827645,0.0009680000366643071,0.04239121009595692,0.09849937504623085,8.079200051724911e-05,0.14886579103767872,0.018823500024154782,0.1676892910618335,2.0541949197649956e-05,0.00011416606139391661,0.11732287507038563,0.30630520707927644,0.4594794169533998
3141,random_3138,random_cycle_chord,20260823,baseline,0,200,3,9,11,5.370391838935946,True,True,,perf/incremental-yamada-frontier-order,1d8374f42cccbb16d78d44100a65ca603d7d1997,3.14.7,macOS-26.6.2-arm64-arm-64bit-Mach-O,arm,0.033233208931051195,0.20131404197309166,0.03658079192973673,0.007917208014987409,0.008255040971562266,0.021383290993981063,0.00012570794206112623,0.014651000034064054,0.00825341697782278,0.000743208103813231,0.045156624051742256,0.09796687494963408,0.0001116669736802578,0.17247204098384827,0.010104166925884783,0.18257620790973306,1.6583013348281384e-05,8.604209870100021e-05,0.10807104187551886,0.3426182927796617,0.5199740409152582
3142,random_3139,random_cycle_chord,20260823,crossing_rich,5,200,5,9,13,4.327737366774197,True,True,,perf/incremental-yamada-frontier-order,1d8374f42cccbb16d78d44100a65ca603d7d1997,3.14.7,macOS-26.6.2-arm64-arm-64bit-Mach-O,arm,0.039581208024173975,0.16478337498847395,0.04807258292566985,0.012936249957419932,0.015543041983619332,0.028781834058463573,8.03329749032855e-05,0.014542334014549851,0.015219083055853844,0.0016021669143810868,0.06022575101815164,0.13685462495777756,0.0001165829598903656,0.2053623750107363,0.03180316695943475,0.23716554197017103,3.0208961106836796e-05,0.00017716700676828623,0.1686577919172123,0.37302237492986023,0.5835095000220463
3143,random_3140,random_cycle_chord,20260823,baseline,0,200,4,15,18,4.04802479348999,True,True,,perf/incremental-yamada-frontier-order,1d8374f42cccbb16d78d44100a65ca603d7d1997,3.14.7,macOS-26.6.2-arm64-arm-64bit-Mach-O,arm,0.04770420794375241,0.16032408305909485,0.02123629197012633,0.008600707980804145,0.00904937507584691,0.017804167000576854,3.0499999411404133e-05,0.009253208059817553,0.009420624934136868,0.0007392499828711152,0.03724774997681379,0.07616199995391071,0.00010133301839232445,0.264968250063248,0.01218904193956405,0.27715729200281203,2.0582927390933037e-05,9.862508159130812e-05,0.08835104189347476,0.296379332896322,0.5658945420291275
3144,random_3141,random_cycle_chord,20260823,baseline,0,200,3,8,10,6.135775476437142,True,True,,perf/incremental-yamada-frontier-order,1d8374f42cccbb16d78d44100a65ca603d7d1997,3.14.7,macOS-26.6.2-arm64-arm-64bit-Mach-O,arm,0.035862082964740694,0.16257962491363287,0.03515825001522899,0.007273792056366801,0.007182458066381514,0.014206707943230867,2.3667002096772194e-05,0.007373417029157281,0.007798624923452735,0.0006242920644581318,0.030026708962395787,0.07966187503188848,6.624998059123755e-05,0.14046850008890033,0.009614499984309077,0.1500830000732094,1.6042031347751617e-05,8.112506475299597e-05,0.08927637501619756,0.2877180828945711,0.43276108300779015
3145,random_3142,random_cycle_chord,20260823,baseline,0,200,3,8,10,6.124354875311706,True,True,,perf/incremental-yamada-frontier-order,1d8374f42cccbb16d78d44100a65ca603d7d1997,3.14.7,macOS-26.6.2-arm64-arm-64bit-Mach-O,arm,0.0353375420672819,0.1643266660394147,0.03308312501758337,0.007342375000007451,0.007146125077269971,0.01403487497009337,2.4416949599981308e-05,0.007279832963831723,0.007515292032621801,0.0005868340376764536,0.029441250953823328,0.07703345804475248,5.8999983593821526e-05,0.137685792054981,0.009496957994997501,0.1471827500499785,1.5375087969005108e-05,8.112506475299597e-05,0.08653041603974998,0.2861946241464466,0.42824012495111674
3146,random_3143,random_cycle_chord,20260823,baseline,0,200,3,11,13,4.043848481161514,True,True,,perf/incremental-yamada-frontier-order,1d8374f42cccbb16d78d44100a65ca603d7d1997,3.14.7,macOS-26.6.2-arm64-arm-64bit-Mach-O,arm,0.033929083961993456,0.1718932919902727,0.020883290912024677,0.007851124973967671,0.007496084086596966,0.014649874996393919,5.200004670768976e-05,0.00741808395832777,0.00754162494558841,0.0006147499661892653,0.030276333913207054,0.0665302500128746,9.14999982342124e-05,0.19647279102355242,0.010064917034469545,0.20653770805802196,2.0041014067828655e-05,9.070790838450193e-05,0.07659516704734415,0.2824175429996103,0.4836566250305623
3147,random_3144,random_cycle_chord,20260823,crossing_rich,4,200,5,11,15,5.2270591591260525,True,True,,perf/incremental-yamada-frontier-order,1d8374f42cccbb16d78d44100a65ca603d7d1997,3.14.7,macOS-26.6.2-arm64-arm-64bit-Mach-O,arm,0.07236216694582254,0.17163104098290205,0.05552762502338737,0.011738625005818903,0.012819583993405104,0.025389582966454327,5.804200191050768e-05,0.013164291973225772,0.01369987498037517,0.0014050420140847564,0.053716833936050534,0.13384575000964105,9.495904669165611e-05,0.21943958301562816,0.02661699999589473,0.2460565830115229,2.65840208157897e-05,0.00016312499064952135,0.16046275000553578,0.40445595793426037,0.6288258749991655
3148,random_3145,random_cycle_chord,20260823,baseline,0,200,4,11,14,4.0481738902018325,True,True,,perf/incremental-yamada-frontier-order,1d8374f42cccbb16d78d44100a65ca603d7d1997,3.14.7,macOS-26.6.2-arm64-arm-64bit-Mach-O,arm,0.04052804200910032,0.1623755000764504,0.02458299999125302,0.008575208019465208,0.009059333009645343,0.018055250053294003,4.0416023693978786e-05,0.00931350002065301,0.00954541692044586,0.0007490830030292273,0.03770366602111608,0.07995008397847414,8.466700091958046e-05,0.1945017910329625,0.011545500019565225,0.20604729105252773,1.9625062122941017e-05,9.083305485546589e-05,0.09149558399803936,0.2943991260835901,0.49339420802425593
3149,random_3146,random_cycle_chord,20260823,baseline,0,200,3,11,13,4.082227137530228,True,True,,perf/incremental-yamada-frontier-order,1d8374f42cccbb16d78d44100a65ca603d7d1997,3.14.7,macOS-26.6.2-arm64-arm-64bit-Mach-O,arm,0.034333957941271365,0.16330654209014028,0.02029274997767061,0.007489084033295512,0.007433624938130379,0.014899458969011903,4.6332948841154575e-05,0.007597999996505678,0.007582249934785068,0.0006295420462265611,0.030755583895370364,0.06599262508098036,8.62909946590662e-05,0.1799266249872744,0.010251458967104554,0.19017808395437896,1.5542027540504932e-05,8.462497498840094e-05,0.07624408404808491,0.27388458407949656,0.45825600007083267
3150,random_3147,random_cycle_chord,20260823,crossing_rich,5,200,5,9,13,4.359555843104181,True,True,,perf/incremental-yamada-frontier-order,1d8374f42cccbb16d78d44100a65ca603d7d1997,3.14.7,macOS-26.6.2-arm64-arm-64bit-Mach-O,arm,0.036051583010703325,0.15952624997589737,0.04313900007400662,0.011399792041629553,0.01275804196484387,0.02513041696511209,4.02920413762331e-05,0.01302458404097706,0.016215750016272068,0.002130999928340316,0.05654204299207777,0.12387499993201345,0.000134957954287529,0.19701341702602804,0.031175042036920786,0.22818845906294882,3.275007475167513e-05,0.00017816596664488316,0.15505004196893424,0.35062787495553493,0.552740249899216
3151,random_3148,random_cycle_chord,20260823,baseline,0,200,3,15,17,4.048871940209808,True,True,,perf/incremental-yamada-frontier-order,1d8374f42cccbb16d78d44100a65ca603d7d1997,3.14.7,macOS-26.6.2-arm64-arm-64bit-Mach-O,arm,0.04467379208654165,0.15806345792952925,0.01903270895127207,0.007503791945055127,0.007274250034242868,0.014276791014708579,2.308306284248829e-05,0.007543957908637822,0.007682709023356438,0.0005823340034112334,0.03010887501295656,0.06393962493166327,8.150003850460052e-05,0.23276762501336634,0.009488999960012734,0.24225662497337908,1.5542027540504932e-05,7.683399599045515e-05,0.07342862489167601,0.2761658749077469,0.5131498330738395
3152,random_3149,random_cycle_chord,20260823,crossing_rich,4,200,5,9,13,6.078424472229296,True,True,,perf/incremental-yamada-frontier-order,1d8374f42cccbb16d78d44100a65ca603d7d1997,3.14.7,macOS-26.6.2-arm64-arm-64bit-Mach-O,arm,0.04498537501785904,0.16177333402447402,0.05981554102618247,0.010759917087852955,0.011757874977774918,0.023238666937686503,3.89590859413147e-05,0.01203949993941933,0.012810499989427626,0.0014237500727176666,0.04955137602519244,0.1319202920421958,8.270889520645142e-05,0.1952207499416545,0.02909149997867644,0.22431224992033094,3.2125040888786316e-05,0.0001771249808371067,0.16101179202087224,0.3677705010632053,0.5682336669415236
3153,random_3150,random_cycle_chord,20260823,baseline,0,200,3,9,11,5.360780422466924,True,True,,perf/incremental-yamada-frontier-order,1d8374f42cccbb16d78d44100a65ca603d7d1997,3.14.7,macOS-26.6.2-arm64-arm-64bit-Mach-O,arm,0.03519020904786885,0.16224745800718665,0.026249249931424856,0.00766750006005168,0.0073691250290721655,0.014519999967887998,2.3834058083593845e-05,0.007556291995570064,0.007733458071015775,0.000606624991632998,0.030440209084190428,0.07174725004006177,6.762496195733547e-05,0.15498925000429153,0.009667292004451156,0.1646565420087427,1.6000005416572094e-05,8.591706864535809e-05,0.08141454204451293,0.2788522090995684,0.43836629192810506
3154,random_3151,random_cycle_chord,20260823,baseline,0,200,3,11,13,4.046136541322285,True,True,,perf/incremental-yamada-frontier-order,1d8374f42cccbb16d78d44100a65ca603d7d1997,3.14.7,macOS-26.6.2-arm64-arm-64bit-Mach-O,arm,0.03412383398972452,0.1590365000301972,0.01929275004658848,0.0073932089144364,0.0071972080040723085,0.014186958083882928,2.350006252527237e-05,0.0073371249018236995,0.007517083082348108,0.0006659170612692833,0.02973058319184929,0.06363495800178498,8.083297871053219e-05,0.1902056250255555,0.010201208991929889,0.20040683401748538,1.837499439716339e-05,8.783303201198578e-05,0.07383616699371487,0.2669965010136366,0.46161887503694743
3155,random_3152,random_cycle_chord,20260823,baseline,0,200,3,11,13,5.221676247839028,True,True,,perf/incremental-yamada-frontier-order,1d8374f42cccbb16d78d44100a65ca603d7d1997,3.14.7,macOS-26.6.2-arm64-arm-64bit-Mach-O,arm,0.042322958004660904,0.16508883296046406,0.03040529100690037,0.007654665969312191,0.007696957909502089,0.015370958019047976,2.9582995921373367e-05,0.007850375026464462,0.007843583007343113,0.0005548330955207348,0.03164933214429766,0.0774279999313876,8.108408655971289e-05,0.21183554106391966,0.010551917017437518,0.22238745808135718,2.1166051737964153e-05,9.100011084228754e-05,0.08797991694882512,0.2953917079139501,0.5117553749587387
3156,random_3153,random_cycle_chord,20260823,crossing_rich,2,200,4,8,11,6.435621077661941,True,True,,perf/incremental-yamada-frontier-order,1d8374f42cccbb16d78d44100a65ca603d7d1997,3.14.7,macOS-26.6.2-arm64-arm-64bit-Mach-O,arm,0.05437870800960809,0.1913764999480918,0.060224791057407856,0.00991008395794779,0.010374124976806343,0.019777041976340115,6.737490184605122e-05,0.010239958064630628,0.010646583046764135,0.0010746660409495234,0.04180562403053045,0.12238691688980907,9.591702837496996e-05,0.17013475007843226,0.020127959083765745,0.190262709162198,3.466603811830282e-05,0.00013937498442828655,0.14251487597357482,0.3882700839312747,0.5633658330189064
3157,random_3154,random_cycle_chord,20260823,baseline,0,200,3,9,11,5.37487595505683,True,True,,perf/incremental-yamada-frontier-order,1d8374f42cccbb16d78d44100a65ca603d7d1997,3.14.7,macOS-26.6.2-arm64-arm-64bit-Mach-O,arm,0.03752583300229162,0.16595049994066358,0.030275624943897128,0.007544124964624643,0.007307333056814969,0.014202250051312149,3.316602669656277e-05,0.007403124938718975,0.0075987090822309256,0.0006019161082804203,0.029839166207239032,0.0750007500173524,8.14169179648161e-05,0.15771354199387133,0.0090487499255687,0.16676229191944003,1.650000922381878e-05,7.808301597833633e-05,0.0840494999429211,0.2875258328858763,0.44976779189892113
3158,random_3155,random_cycle_chord,20260823,baseline,0,200,3,9,11,5.355327234712685,True,True,,perf/incremental-yamada-frontier-order,1d8374f42cccbb16d78d44100a65ca603d7d1997,3.14.7,macOS-26.6.2-arm64-arm-64bit-Mach-O,arm,0.03507341700606048,0.16160483297426254,0.02952983300201595,0.007627458078786731,0.007446125033311546,0.014621542068198323,2.8333044610917568e-05,0.007649082923308015,0.00782841700129211,0.0006227910052984953,0.03075016604270786,0.07537545904051512,7.850001566112041e-05,0.1552857500500977,0.010012875078245997,0.1652986251283437,1.6167061403393745e-05,8.479098323732615e-05,0.08538833411876112,0.28206658409908414,0.44193541596177965
3159,random_3156,random_cycle_chord,20260823,crossing_rich,4,200,5,10,14,5.6225787836680095,True,True,,perf/incremental-yamada-frontier-order,1d8374f42cccbb16d78d44100a65ca603d7d1997,3.14.7,macOS-26.6.2-arm64-arm-64bit-Mach-O,arm,0.046905708964914083,0.16218250000383705,0.05735820799600333,0.010705541004426777,0.011601833044551313,0.02319837501272559,5.833292379975319e-05,0.012180917081423104,0.012596167041920125,0.0014330840203911066,0.04946687608025968,0.12917091604322195,0.00012445892207324505,0.20494754100218415,0.027033125050365925,0.23198066605255008,2.5541987270116806e-05,0.00016670802142471075,0.15620404109358788,0.365292250062339,0.5752202500589192
3160,random_3157,random_cycle_chord,20260823,crossing_rich,2,200,4,8,11,6.359444751669799,True,True,,perf/incremental-yamada-frontier-order,1d8374f42cccbb16d78d44100a65ca603d7d1997,3.14.7,macOS-26.6.2-arm64-arm-64bit-Mach-O,arm,0.07628491602372378,0.41421554202679545,0.12629195803310722,0.03663770796265453,0.024367749923840165,0.03786608297377825,0.00018049997743219137,0.018585165962576866,0.017884874949231744,0.002218874986283481,0.07673549884930253,0.2641474170377478,0.00020845793187618256,0.3709992499789223,0.03320924995932728,0.4042084999382496,5.5999960750341415e-05,0.00024083303287625313,0.2973566669970751,0.7878571250475943,1.1683972079772502
3161,random_3158,random_cycle_chord,20260823,crossing_rich,5,200,5,8,12,4.110682472328753,True,True,,perf/incremental-yamada-frontier-order,1d8374f42cccbb16d78d44100a65ca603d7d1997,3.14.7,macOS-26.6.2-arm64-arm-64bit-Mach-O,arm,0.059653458069078624,0.26158420904539526,0.07653166598174721,0.0361160000320524,0.03392225003335625,0.06441516696941108,0.0001889580162242055,0.03434733394533396,0.03301762498449534,0.002767208032310009,0.1347362919477746,0.28142983303405344,0.00044216704554855824,0.3194921250687912,0.05609845800790936,0.37559058307670057,6.145797669887543e-05,0.00026587501633912325,0.3375282910419628,0.6587659581564367,0.9872038339963183
3162,random_3159,random_cycle_chord,20260823,crossing_rich,4,200,5,8,12,6.5873950722654255,True,True,,perf/incremental-yamada-frontier-order,1d8374f42cccbb16d78d44100a65ca603d7d1997,3.14.7,macOS-26.6.2-arm64-arm-64bit-Mach-O,arm,0.0780911659821868,0.2511429999722168,0.10126791696529835,0.017462417017668486,0.01889508299063891,0.04075633396860212,0.0002759159542620182,0.02014162507839501,0.018678082968108356,0.002325582900084555,0.08217754086945206,0.2198927910067141,0.0002916250377893448,0.2521540829911828,0.0426998749608174,0.2948539579520002,4.204106517136097e-05,0.0002423750702291727,0.2625926659675315,0.5918268319219351,0.8512024580268189
3163,random_3160,random_cycle_chord,20260823,crossing_rich,3,200,4,9,12,4.523615852888523,True,True,,perf/incremental-yamada-frontier-order,1d8374f42cccbb16d78d44100a65ca603d7d1997,3.14.7,macOS-26.6.2-arm64-arm-64bit-Mach-O,arm,0.046990916947834194,0.20750533300451934,0.04903350002132356,0.012995332945138216,0.012488708016462624,0.025514709064736962,6.287498399615288e-05,0.013120459043420851,0.013321000034920871,0.001298207906074822,0.05331725103314966,0.1278760409913957,0.00011199992150068283,0.19834620889741927,0.022825249936431646,0.22117145883385092,2.3417058400809765e-05,0.00014625000767409801,0.15070129092782736,0.4051975408801809,0.6092892090091482
3164,random_3161,random_cycle_chord,20260823,baseline,0,200,3,8,10,6.200566102722832,True,True,,perf/incremental-yamada-frontier-order,1d8374f42cccbb16d78d44100a65ca603d7d1997,3.14.7,macOS-26.6.2-arm64-arm-64bit-Mach-O,arm,0.03976962494198233,0.18855612503830343,0.04171675001271069,0.008317124913446605,0.00806108396500349,0.01580850000027567,2.6875059120357037e-05,0.008214415982365608,0.008721166057512164,0.0007371660321950912,0.03350812313146889,0.09162866696715355,8.991698268800974e-05,0.15445812500547618,0.01050004200078547,0.16495816700626165,1.8125050701200962e-05,8.9791021309793e-05,0.10212870896793902,0.3304544589482248,0.4904735420132056
3165,random_3162,random_cycle_chord,20260823,crossing_rich,4,200,5,10,14,5.5813347683696115,True,True,,perf/incremental-yamada-frontier-order,1d8374f42cccbb16d78d44100a65ca603d7d1997,3.14.7,macOS-26.6.2-arm64-arm-64bit-Mach-O,arm,0.04895829106681049,0.17161075002513826,0.06093912501819432,0.012347292038612068,0.012226999970152974,0.02533099998254329,8.570903446525335e-05,0.014081457979045808,0.014675958082079887,0.001789917005226016,0.055964042083360255,0.1415181669872254,0.00022562500089406967,0.21219645894598216,0.027171374997124076,0.23936783394310623,2.6582973077893257e-05,0.0001593329943716526,0.1686895419843495,0.38925858307629824,0.6066762079717591
3166,random_3163,random_cycle_chord,20260823,crossing_rich,4,200,5,9,13,6.071443804685497,True,True,,perf/incremental-yamada-frontier-order,1d8374f42cccbb16d78d44100a65ca603d7d1997,3.14.7,macOS-26.6.2-arm64-arm-64bit-Mach-O,arm,0.04659783293027431,0.16832179098855704,0.06547912501264364,0.011668959050439298,0.012346042087301612,0.024368915939703584,4.9666035920381546e-05,0.012460832949727774,0.013099666917696595,0.0014317500172182918,0.051410831860266626,0.14098158304113895,0.00010079098865389824,0.1997297500493005,0.02866341604385525,0.22839316609315574,3.441690932959318e-05,0.00017224997282028198,0.1696449990849942,0.38456462300382555,0.5896738329902291
3167,random_3164,random_cycle_chord,20260823,baseline,0,200,3,8,10,6.197025582956595,True,True,,perf/incremental-yamada-frontier-order,1d8374f42cccbb16d78d44100a65ca603d7d1997,3.14.7,macOS-26.6.2-arm64-arm-64bit-Mach-O,arm,0.03695637499913573,0.16422525001689792,0.037596457987092435,0.007409792044200003,0.007370083010755479,0.014195207972079515,2.816703636199236e-05,0.00733995798509568,0.007595375063829124,0.000649083056487143,0.029807791113853455,0.08220570802222937,8.837494533509016e-05,0.1389059170614928,0.009458582964725792,0.1483645000262186,1.7417012713849545e-05,8.208293002098799e-05,0.09166429098695517,0.2928459160029888,0.4363182500237599
3168,random_3165,random_cycle_chord,20260823,baseline,0,200,3,12,14,4.875053234638783,True,True,,perf/incremental-yamada-frontier-order,1d8374f42cccbb16d78d44100a65ca603d7d1997,3.14.7,macOS-26.6.2-arm64-arm-64bit-Mach-O,arm,0.0407622919883579,0.1571829590247944,0.026151916943490505,0.007839916041120887,0.007557875011116266,0.014742166036739945,2.3333006538450718e-05,0.007672791020013392,0.00782166700810194,0.0005815830081701279,0.030841540079563856,0.0724122499814257,7.54169886931777e-05,0.19417920801788568,0.009736416977830231,0.20391562499571592,1.4750054106116295e-05,7.758301217108965e-05,0.08214866695925593,0.28009391797240824,0.478593916981481
3169,random_3166,random_cycle_chord,20260823,crossing_rich,4,200,5,9,13,6.084523997229608,True,True,,perf/incremental-yamada-frontier-order,1d8374f42cccbb16d78d44100a65ca603d7d1997,3.14.7,macOS-26.6.2-arm64-arm-64bit-Mach-O,arm,0.044483000063337386,0.1556900410214439,0.05795970791950822,0.016363709000870585,0.012091708020307124,0.024494459037669003,6.466696504503489e-05,0.01287883403711021,0.013075666967779398,0.0013368750223889947,0.05185050202999264,0.1383301249006763,9.737501386553049e-05,0.1999777089804411,0.029116000048816204,0.2290937090292573,2.9416987672448158e-05,0.00016645807772874832,0.16744612494949251,0.3676191660342738,0.5723108749371022
3170,random_3167,random_cycle_chord,20260823,crossing_rich,3,200,5,10,14,4.936289621933739,True,True,,perf/incremental-yamada-frontier-order,1d8374f42cccbb16d78d44100a65ca603d7d1997,3.14.7,macOS-26.6.2-arm64-arm-64bit-Mach-O,arm,0.04428008303511888,0.16736454202327877,0.051016957964748144,0.011955333990044892,0.012539374991320074,0.02495345799252391,7.545901462435722e-05,0.012891125050373375,0.012952582910656929,0.0013440840411931276,0.0522167090093717,0.1277835420332849,0.0001157920341938734,0.21222212491557002,0.026111457962542772,0.2383335828781128,3.350002225488424e-05,0.0001655840314924717,0.15389499999582767,0.3655396250542253,0.5829673330299556
3171,random_3168,random_cycle_chord,20260823,crossing_rich,3,200,5,10,14,5.101170960005702,True,True,,perf/incremental-yamada-frontier-order,1d8374f42cccbb16d78d44100a65ca603d7d1997,3.14.7,macOS-26.6.2-arm64-arm-64bit-Mach-O,arm,0.06236350000835955,0.17165075009688735,0.05532620789017528,0.01141150004696101,0.02401083300355822,0.04998212505597621,0.0001224579755216837,0.019188917009159923,0.01598649995867163,0.001746458001434803,0.08702645800076425,0.1779274590080604,0.000138375093229115,0.3964107079664245,0.05458362493664026,0.4509943329030648,0.00010950001887977123,0.00023229094222187996,0.23251108394470066,0.46652533404994756,0.8681532500777394
3172,random_3169,random_cycle_chord,20260823,crossing_rich,4,200,5,8,12,6.59571434227705,True,True,,perf/incremental-yamada-frontier-order,1d8374f42cccbb16d78d44100a65ca603d7d1997,3.14.7,macOS-26.6.2-arm64-arm-64bit-Mach-O,arm,0.07815716706681997,0.2546236669877544,0.0975765420589596,0.013540416955947876,0.014439041027799249,0.028180249966681004,7.42500415071845e-05,0.014551082975231111,0.014831457985565066,0.0018242920050397515,0.05946133297402412,0.18510137498378754,0.0002691249828785658,0.21312391699757427,0.040051375050097704,0.253175292047672,4.8042042180895805e-05,0.0002132089575752616,0.22515275003388524,0.5579335840884596,0.7806939999572933
3173,random_3170,random_cycle_chord,20260823,baseline,0,200,3,9,11,5.392226680781995,True,True,,perf/incremental-yamada-frontier-order,1d8374f42cccbb16d78d44100a65ca603d7d1997,3.14.7,macOS-26.6.2-arm64-arm-64bit-Mach-O,arm,0.04471575003117323,0.20180929207708687,0.03528974996879697,0.010725666070356965,0.00982995901722461,0.018109875032678246,5.4292031563818455e-05,0.009212875040248036,0.009578500059433281,0.0006964579224586487,0.03765200008638203,0.09354795899707824,9.691703598946333e-05,0.19073554209899157,0.011864000000059605,0.20259954209905118,1.9915984012186527e-05,9.362492710351944e-05,0.10541195899713784,0.35193700110539794,0.5476673750672489
3174,random_3171,random_cycle_chord,20260823,baseline,0,200,3,12,14,4.875990233585781,True,True,,perf/incremental-yamada-frontier-order,1d8374f42cccbb16d78d44100a65ca603d7d1997,3.14.7,macOS-26.6.2-arm64-arm-64bit-Mach-O,arm,0.04798745806328952,0.174341999925673,0.026208208058960736,0.008268042001873255,0.007976584020070732,0.015678124967962503,3.0250055715441704e-05,0.00818462495226413,0.008203041972592473,0.000650875037536025,0.03274691698607057,0.07522233307827264,0.00010020798072218895,0.20739395800046623,0.01025916705839336,0.2176531250588596,1.7749960534274578e-05,8.908403106033802e-05,0.085481500136666,0.30781095812562853,0.5199313750490546
3175,random_3172,random_cycle_chord,20260823,baseline,0,200,3,11,13,4.090713088795612,True,True,,perf/incremental-yamada-frontier-order,1d8374f42cccbb16d78d44100a65ca603d7d1997,3.14.7,macOS-26.6.2-arm64-arm-64bit-Mach-O,arm,0.03803120891097933,0.1690398339414969,0.020679541979916394,0.007708500022999942,0.007484707981348038,0.01466420793440193,2.3333006538450718e-05,0.007861332967877388,0.007788707967847586,0.0006247919518500566,0.03096237382851541,0.06685791700147092,8.862500544637442e-05,0.1901707089273259,0.009219666011631489,0.1993903749389574,1.5415949746966362e-05,8.045800495892763e-05,0.07607758301310241,0.28314862586557865,0.4778259170707315
3176,random_3173,random_cycle_chord,20260823,baseline,0,200,3,9,11,5.397370710686207,True,True,,perf/incremental-yamada-frontier-order,1d8374f42cccbb16d78d44100a65ca603d7d1997,3.14.7,macOS-26.6.2-arm64-arm-64bit-Mach-O,arm,0.035973874968476593,0.16119341691955924,0.02919512498192489,0.0073876670794561505,0.007535875076428056,0.014898749999701977,2.4125096388161182e-05,0.007692249957472086,0.008001624955795705,0.0006056670099496841,0.031222417019307613,0.07536208303645253,7.983297109603882e-05,0.15514583291951567,0.009586666012182832,0.1647324989316985,1.6208970919251442e-05,8.387491106987e-05,0.08494874904863536,0.2821160409366712,0.44164729199837893
3177,random_3174,random_cycle_chord,20260823,crossing_rich,5,200,5,9,13,4.351028398015677,True,True,,perf/incremental-yamada-frontier-order,1d8374f42cccbb16d78d44100a65ca603d7d1997,3.14.7,macOS-26.6.2-arm64-arm-64bit-Mach-O,arm,0.036170125007629395,0.1562132079852745,0.04313987505156547,0.010930459015071392,0.012390958028845489,0.024394833017140627,3.8792029954493046e-05,0.01268787495791912,0.013416542089544237,0.0014505829894915223,0.05198862508405,0.11848958302289248,9.237497579306364e-05,0.18067750008776784,0.028434708947315812,0.20911220903508365,3.0459021218121052e-05,0.0001604169374331832,0.1469242919702083,0.3393076249631122,0.5245362500427291
3178,random_3175,random_cycle_chord,20260823,crossing_rich,5,200,5,8,12,4.094339567850003,True,True,,perf/incremental-yamada-frontier-order,1d8374f42cccbb16d78d44100a65ca603d7d1997,3.14.7,macOS-26.6.2-arm64-arm-64bit-Mach-O,arm,0.031525209080427885,0.1519442079588771,0.036129250074736774,0.010968249989673495,0.012753417016938329,0.025129750021733344,3.6624958738684654e-05,0.013074500020593405,0.013741665985435247,0.001405874965712428,0.05338841595221311,0.11327270907349885,0.00017600005958229303,0.17132595798466355,0.030526417074725032,0.20185237505938858,2.5084009394049644e-05,0.00015974999405443668,0.14379912614822388,0.32726854318752885,0.5030929580098018
3179,random_3176,random_cycle_chord,20260823,crossing_rich,4,200,5,9,13,6.070780601447085,True,True,,perf/incremental-yamada-frontier-order,1d8374f42cccbb16d78d44100a65ca603d7d1997,3.14.7,macOS-26.6.2-arm64-arm-64bit-Mach-O,arm,0.04391904198564589,0.1521782500203699,0.06262604100629687,0.010021207970567048,0.011122582945972681,0.021950499969534576,3.745791036635637e-05,0.011483500013127923,0.012045291950926185,0.0013055420713499188,0.04682229191530496,0.1306257079122588,8.179096039384604e-05,0.17505579197313637,0.024446291965432465,0.19950208393856883,2.3707980290055275e-05,0.00014150002971291542,0.15507199987769127,0.35116929188370705,0.5306693750899285
3180,random_3177,random_cycle_chord,20260823,baseline,0,200,3,8,10,6.21469135968805,True,True,,perf/incremental-yamada-frontier-order,1d8374f42cccbb16d78d44100a65ca603d7d1997,3.14.7,macOS-26.6.2-arm64-arm-64bit-Mach-O,arm,0.0379803329706192,0.1768346669850871,0.035209708963520825,0.00743433297611773,0.007574582938104868,0.014646874973550439,2.754188608378172e-05,0.007659000111743808,0.00784391607157886,0.0028673330089077353,0.033044666051864624,0.08330075000412762,0.00018441607244312763,0.20864433306269348,0.011417874949984252,0.22006220801267773,2.320797648280859e-05,0.00010291591752320528,0.09471862495411187,0.3095336249098182,0.5229415830690414
3181,random_3178,random_cycle_chord,20260823,crossing_rich,6,200,6,11,16,5.226687742438854,True,True,,perf/incremental-yamada-frontier-order,1d8374f42cccbb16d78d44100a65ca603d7d1997,3.14.7,macOS-26.6.2-arm64-arm-64bit-Mach-O,arm,0.055313624907284975,0.18861595797352493,0.06434041704051197,0.016353375045582652,0.02032970800064504,0.036290124990046024,0.00011629192158579826,0.018627958022989333,0.019505374948494136,0.0021817920496687293,0.07672154193278402,0.17784133297391236,0.00014995806850492954,0.3499688330339268,0.05963508295826614,0.4096039159921929,0.00011970801278948784,0.000327541958540678,0.2374764159321785,0.4814059988129884,0.8391388750169426
3182,random_3179,random_cycle_chord,20260823,baseline,0,200,3,9,11,5.361947715714877,True,True,,perf/incremental-yamada-frontier-order,1d8374f42cccbb16d78d44100a65ca603d7d1997,3.14.7,macOS-26.6.2-arm64-arm-64bit-Mach-O,arm,0.050027791992761195,0.19222733296919614,0.03817470802459866,0.009403958916664124,0.008676750003360212,0.01672762504313141,5.420797970145941e-05,0.008577125030569732,0.008672417025081813,0.0006600000197067857,0.0346913750981912,0.09100200003013015,9.929202497005463e-05,0.21753920800983906,0.014175290940329432,0.2317144989501685,2.5707995519042015e-05,0.0001075410982593894,0.10517729097045958,0.3474324159324169,0.5710896669188514
3183,random_3180,random_cycle_chord,20260823,crossing_rich,6,200,6,12,17,4.875665179582875,True,True,,perf/incremental-yamada-frontier-order,1d8374f42cccbb16d78d44100a65ca603d7d1997,3.14.7,macOS-26.6.2-arm64-arm-64bit-Mach-O,arm,0.07099008397199214,0.19061591604258865,0.058821249986067414,0.017101792036555707,0.017083083046600223,0.03371570794843137,0.0001142079709097743,0.018949125078506768,0.019548666081391275,0.002093791961669922,0.07442149904090911,0.1675101249711588,0.0001464158995077014,0.4248683339683339,0.0378232499351725,0.4626915839035064,3.616604954004288e-05,0.00020166696049273014,0.2053333749063313,0.4669393749209121,0.89697299990803
3184,random_3181,random_cycle_chord,20260823,baseline,0,200,3,8,10,6.1667555300927495,True,True,,perf/incremental-yamada-frontier-order,1d8374f42cccbb16d78d44100a65ca603d7d1997,3.14.7,macOS-26.6.2-arm64-arm-64bit-Mach-O,arm,0.03875487495679408,0.17097591701894999,0.03927437495440245,0.007869292050600052,0.007654709042981267,0.014869833015836775,3.887503407895565e-05,0.008007250027731061,0.008254292071796954,0.0006782499840483069,0.03184850013349205,0.08666887506842613,9.90839907899499e-05,0.16758675000164658,0.012649583048187196,0.18023633304983377,2.7416972443461418e-05,9.783299174159765e-05,0.09931845811661333,0.3090492500923574,0.48147912498097867
3185,random_3182,random_cycle_chord,20260823,crossing_rich,3,200,4,8,11,4.150567987166834,True,True,,perf/incremental-yamada-frontier-order,1d8374f42cccbb16d78d44100a65ca603d7d1997,3.14.7,macOS-26.6.2-arm64-arm-64bit-Mach-O,arm,0.035688042058609426,0.17229045799467713,0.04170916695147753,0.010860000038519502,0.011762165930122137,0.0232654579449445,5.76250022277236e-05,0.012039458961226046,0.012412749929353595,0.001073958002962172,0.04884924984071404,0.11321425007190555,9.079102892428637e-05,0.18286595901008695,0.021678499993868172,0.20454445900395513,2.6332912966609e-05,0.00012987502850592136,0.13489275006577373,0.3428712501190603,0.5311140419216827
3186,random_3183,random_cycle_chord,20260823,baseline,0,200,3,11,13,4.033381506041854,True,True,,perf/incremental-yamada-frontier-order,1d8374f42cccbb16d78d44100a65ca603d7d1997,3.14.7,macOS-26.6.2-arm64-arm-64bit-Mach-O,arm,0.036499917041510344,0.17045887501444668,0.046650499920360744,0.013464583898894489,0.05325662496034056,0.023725999984890223,9.44170169532299e-05,0.009917292045429349,0.010107583017088473,0.0008224999764934182,0.04466779204085469,0.1581695000641048,0.000136125017888844,0.21948541700839996,0.011535750003531575,0.23102116701193154,2.2792024537920952e-05,0.00010999990627169609,0.16970525006763637,0.3766640421235934,0.6075814579380676
3187,random_3184,random_cycle_chord,20260823,crossing_rich,6,200,6,13,18,4.565148838429653,True,True,,perf/incremental-yamada-frontier-order,1d8374f42cccbb16d78d44100a65ca603d7d1997,3.14.7,macOS-26.6.2-arm64-arm-64bit-Mach-O,arm,0.05551233293954283,0.18005283293314278,0.055348958005197346,0.015723916003480554,0.01587804197333753,0.031240417039953172,0.00010083301458507776,0.016084083006717265,0.01687191694509238,0.001788416993804276,0.06608566700015217,0.15309341705869883,0.00013195897918194532,0.2618537920061499,0.03551037493161857,0.29736416693776846,3.187498077750206e-05,0.00018745800480246544,0.1886037919903174,0.424168957863003,0.6913691660156474
3188,random_3185,random_cycle_chord,20260823,crossing_rich,5,200,6,12,17,4.491890348230466,True,True,,perf/incremental-yamada-frontier-order,1d8374f42cccbb16d78d44100a65ca603d7d1997,3.14.7,macOS-26.6.2-arm64-arm-64bit-Mach-O,arm,0.0472641671076417,0.19128583394922316,0.06371054099872708,0.015325000043958426,0.015763457980938256,0.030439083115197718,6.699992809444666e-05,0.015759040950797498,0.01647408294957131,0.0017581249121576548,0.06449733185581863,0.15935583307873458,0.0001438329927623272,0.3783752500312403,0.029878417029976845,0.40825366706121713,3.2542040571570396e-05,0.00017358292825520039,0.18923425010871142,0.4277842511655763,0.8115710839629173
3189,random_3186,random_cycle_chord,20260823,crossing_rich,5,200,5,8,12,4.219354223531262,True,True,,perf/incremental-yamada-frontier-order,1d8374f42cccbb16d78d44100a65ca603d7d1997,3.14.7,macOS-26.6.2-arm64-arm-64bit-Mach-O,arm,0.03413733304478228,0.16067854210268706,0.04343954205978662,0.011806708993390203,0.013344875071197748,0.026294499984942377,4.0624989196658134e-05,0.013818165985867381,0.014498709002509713,0.001502542058005929,0.05615454202052206,0.12478070810902864,0.00028266594745218754,0.30450808291789144,0.03140320803504437,0.3359112909529358,2.8959009796380997e-05,0.0001776249846443534,0.156183916144073,0.35099979129154235,0.6601818749913946
3190,random_3187,random_cycle_chord,20260823,baseline,0,200,4,10,13,4.678880939972173,True,True,,perf/incremental-yamada-frontier-order,1d8374f42cccbb16d78d44100a65ca603d7d1997,3.14.7,macOS-26.6.2-arm64-arm-64bit-Mach-O,arm,0.03806179098319262,0.16481116600334644,0.025836791028268635,0.008456334006041288,0.008887958014383912,0.018360249930992723,7.079099304974079e-05,0.009536499972455204,0.009553874959237874,0.0008643340552225709,0.03838574991095811,0.08161666698288172,0.0001040829811245203,0.18252116604708135,0.013431165949441493,0.19595233199652284,2.316699828952551e-05,0.00010154105257242918,0.09504783293232322,0.2979207899188623,0.4850597499171272
3191,random_3188,random_cycle_chord,20260823,crossing_rich,4,200,5,8,12,6.587254222879635,True,True,,perf/incremental-yamada-frontier-order,1d8374f42cccbb16d78d44100a65ca603d7d1997,3.14.7,macOS-26.6.2-arm64-arm-64bit-Mach-O,arm,0.04837220790795982,0.15963650005869567,0.07109437498729676,0.010460958001203835,0.011150875012390316,0.021931624971330166,4.2166910134255886e-05,0.011439042049460113,0.012186707928776741,0.0014653330435976386,0.047064874903298914,0.13980899995658547,0.0001702920999377966,0.18295679101720452,0.03593262494541705,0.21888941596262157,4.612503107637167e-05,0.00019120797514915466,0.1757416249020025,0.383750332868658,0.5716997500276193
3192,random_3189,random_cycle_chord,20260823,baseline,0,200,4,11,14,4.105485844130164,True,True,,perf/incremental-yamada-frontier-order,1d8374f42cccbb16d78d44100a65ca603d7d1997,3.14.7,macOS-26.6.2-arm64-arm-64bit-Mach-O,arm,0.05073991697281599,0.16680741705931723,0.022167875082232058,0.009307750035077333,0.009810083080083132,0.018329082988202572,6.999995093792677e-05,0.009523750049993396,0.009834584081545472,0.0008991248905658722,0.03865654196124524,0.07999787502922118,0.00010462501086294651,0.2016522919293493,0.01339279196690768,0.21504508389625698,2.1249987185001373e-05,0.00010562501847743988,0.09339066699612886,0.3109380010282621,0.5171813330380246
3193,random_3190,random_cycle_chord,20260823,crossing_rich,5,200,5,8,12,4.241491111401689,True,True,,perf/incremental-yamada-frontier-order,1d8374f42cccbb16d78d44100a65ca603d7d1997,3.14.7,macOS-26.6.2-arm64-arm-64bit-Mach-O,arm,0.033516041934490204,0.15747845894657075,0.042830207967199385,0.01151874999050051,0.01303637505043298,0.026242833002470434,4.533398896455765e-05,0.013772542006336153,0.014572749962098897,0.0015059170546010137,0.056139376014471054,0.1235597919439897,0.0003153340658172965,0.2989367920672521,0.027974167023785412,0.3269109590910375,2.8165988624095917e-05,0.0001641659764572978,0.1515339589677751,0.34252845984883606,0.6460627079941332
3194,random_3191,random_cycle_chord,20260823,baseline,0,200,3,9,11,5.33456732337558,True,True,,perf/incremental-yamada-frontier-order,1d8374f42cccbb16d78d44100a65ca603d7d1997,3.14.7,macOS-26.6.2-arm64-arm-64bit-Mach-O,arm,0.035215541953220963,0.16711566597223282,0.032018458005040884,0.007473082980141044,0.007453166996128857,0.014683958026580513,3.0665891245007515e-05,0.007770541007630527,0.00804570794571191,0.0005949999904260039,0.03112587286159396,0.07810833398252726,7.983308751136065e-05,0.15856849995907396,0.009555957978591323,0.16812445793766528,1.825008075684309e-05,8.387502748519182e-05,0.08766429196111858,0.28999549988657236,0.45300054200924933
3195,random_3192,random_cycle_chord,20260823,baseline,0,200,3,9,11,5.355140753666717,True,True,,perf/incremental-yamada-frontier-order,1d8374f42cccbb16d78d44100a65ca603d7d1997,3.14.7,macOS-26.6.2-arm64-arm-64bit-Mach-O,arm,0.03509579203091562,0.1574986670166254,0.027917874976992607,0.006680749938823283,0.006649040966294706,0.013067124993540347,2.2374908439815044e-05,0.006814917083829641,0.006936957943253219,0.0005436670035123825,0.027385041932575405,0.06865274999290705,6.708304863423109e-05,0.15315933397505432,0.00908483297098428,0.1622441669460386,1.554097980260849e-05,7.820804603397846e-05,0.07773758296389133,0.27033204201143235,0.42780020798090845
3196,random_3193,random_cycle_chord,20260823,crossing_rich,4,200,5,9,13,6.073528176262673,True,True,,perf/incremental-yamada-frontier-order,1d8374f42cccbb16d78d44100a65ca603d7d1997,3.14.7,macOS-26.6.2-arm64-arm-64bit-Mach-O,arm,0.04509816691279411,0.1651227920083329,0.06666579202283174,0.010721500031650066,0.011347166961058974,0.022120832931250334,4.3915933929383755e-05,0.011475875042378902,0.012239874922670424,0.0014287499943748116,0.047309248824603856,0.13609004206955433,0.0001235000090673566,0.18546874995809048,0.026204458088614047,0.21167320804670453,2.7290894649922848e-05,0.00016412499826401472,0.16229450015816838,0.3725154590792954,0.5629123749677092
3197,random_3194,random_cycle_chord,20260823,crossing_rich,4,200,5,11,15,5.225080394952712,True,True,,perf/incremental-yamada-frontier-order,1d8374f42cccbb16d78d44100a65ca603d7d1997,3.14.7,macOS-26.6.2-arm64-arm-64bit-Mach-O,arm,0.04571866593323648,0.15878695796709508,0.050150749972090125,0.011100374977104366,0.012456625001505017,0.024338708026334643,3.99579294025898e-05,0.012761207995936275,0.013361291028559208,0.0013781660236418247,0.05187933100387454,0.12562429206445813,0.00010079191997647285,0.22399658302310854,0.028387708007358015,0.25238429103046656,2.62079993262887e-05,0.0001618328969925642,0.15401200007181615,0.3585176239721477,0.5874514590250328
3198,random_3195,random_cycle_chord,20260823,baseline,0,200,3,11,13,4.05889885155191,True,True,,perf/incremental-yamada-frontier-order,1d8374f42cccbb16d78d44100a65ca603d7d1997,3.14.7,macOS-26.6.2-arm64-arm-64bit-Mach-O,arm,0.03458895906805992,0.1568242080975324,0.020616833004169166,0.007402291987091303,0.007601917022839189,0.015016915975138545,2.37500062212348e-05,0.007703416980803013,0.00792220898438245,0.0005818750942125916,0.031248167040757835,0.06688995892181993,7.941701915115118e-05,0.19777591701131314,0.01110529201105237,0.2088812090223655,2.0792009308934212e-05,8.920789696276188e-05,0.0779952509328723,0.2694084180984646,0.47150529199279845
3199,random_3196,random_cycle_chord,20260823,crossing_rich,4,200,5,10,14,5.58950306307945,True,True,,perf/incremental-yamada-frontier-order,1d8374f42cccbb16d78d44100a65ca603d7d1997,3.14.7,macOS-26.6.2-arm64-arm-64bit-Mach-O,arm,0.051086083985865116,0.17623574996832758,0.07099691603798419,0.012281708070077002,0.012937207939103246,0.024372374988161027,7.241696584969759e-05,0.012634332990273833,0.013264667009934783,0.0014659579610452056,0.05180974991526455,0.14808112499304116,0.0001130829332396388,0.19961779203731567,0.02770145796239376,0.22731924999970943,2.7082976885139942e-05,0.0001621670089662075,0.17578258295543492,0.4031044169096276,0.6080444999970496
3200,random_3197,random_cycle_chord,20260823,crossing_rich,5,200,6,12,17,4.577391730249935,True,True,,perf/incremental-yamada-frontier-order,1d8374f42cccbb16d78d44100a65ca603d7d1997,3.14.7,macOS-26.6.2-arm64-arm-64bit-Mach-O,arm,0.05004825000651181,0.18330849998164922,0.04916399996727705,0.012901708018034697,0.01389504096005112,0.026790083036758006,7.25410645827651e-05,0.013662541983649135,0.014376124949194491,0.0016641250113025308,0.05656541604548693,0.1325946249999106,0.00011895899660885334,0.25506900006439537,0.0421564580174163,0.29722545808181167,5.958403926342726e-05,0.0002192499814555049,0.1747510830173269,0.4081078330054879,0.6684909999603406
3201,random_3198,random_cycle_chord,20260823,baseline,0,200,3,8,10,6.130250197908687,True,True,,perf/incremental-yamada-frontier-order,1d8374f42cccbb16d78d44100a65ca603d7d1997,3.14.7,macOS-26.6.2-arm64-arm-64bit-Mach-O,arm,0.039527000044472516,0.1714526250725612,0.037401708075776696,0.007837583078071475,0.007467792020179331,0.014599708025343716,2.450007013976574e-05,0.00759004196152091,0.00759458402171731,0.0006113330600783229,0.030420167138800025,0.08315012499224395,8.812500163912773e-05,0.14225345791783184,0.009666792000643909,0.15192024991847575,1.5916884876787663e-05,8.170900400727987e-05,0.09281691699288785,0.3037965421099216,0.4508282089373097
3202,random_3199,random_cycle_chord,20260823,crossing_rich,5,200,5,8,12,4.284160895823072,True,True,,perf/incremental-yamada-frontier-order,1d8374f42cccbb16d78d44100a65ca603d7d1997,3.14.7,macOS-26.6.2-arm64-arm-64bit-Mach-O,arm,0.03383991599548608,0.15884016698691994,0.04370416607707739,0.01238104107324034,0.013700999901629984,0.02678612503223121,5.1083043217658997e-05,0.01384104194585234,0.014607124961912632,0.0015201250789687037,0.056805500062182546,0.1266295409295708,0.00021658395417034626,0.17651529202703387,0.0315867499448359,0.20810204197186977,2.8082984499633312e-05,0.0001810840331017971,0.1582162908744067,0.3508963738568127,0.5326469580177218
3203,random_3200,random_cycle_chord,20260823,baseline,0,200,3,10,12,4.667880759796526,True,True,,perf/incremental-yamada-frontier-order,1d8374f42cccbb16d78d44100a65ca603d7d1997,3.14.7,macOS-26.6.2-arm64-arm-64bit-Mach-O,arm,0.03546854201704264,0.17229220794979483,0.026970792096108198,0.008884542039595544,0.008283833973109722,0.015622499980963767,5.208398215472698e-05,0.008265375043265522,0.00793025002349168,0.0006323750130832195,0.032502584042958915,0.07669575000181794,0.00011187500786036253,0.17636883293744177,0.009685666998848319,0.18605449993629009,1.7625046893954277e-05,8.458294905722141e-05,0.08638141700066626,0.2941421669675037,0.4753041670192033
3204,random_3201,random_cycle_chord,20260823,baseline,0,200,4,10,13,4.6603769436621105,True,True,,perf/incremental-yamada-frontier-order,1d8374f42cccbb16d78d44100a65ca603d7d1997,3.14.7,macOS-26.6.2-arm64-arm-64bit-Mach-O,arm,0.037859249976463616,0.15793758304789662,0.025685208034701645,0.008149957982823253,0.007997250068001449,0.015693957917392254,2.9582995921373367e-05,0.008184417034499347,0.00844204192981124,0.0007771250093355775,0.03312712488695979,0.07498683407902718,7.449998520314693e-05,0.2720533750252798,0.01580537506379187,0.2878587500890717,4.729104693979025e-05,0.00019141705706715584,0.09079220914281905,0.2865890421671793,0.5637933750404045
3205,random_3202,random_cycle_chord,20260823,crossing_rich,4,200,5,8,12,6.599497218605709,True,True,,perf/incremental-yamada-frontier-order,1d8374f42cccbb16d78d44100a65ca603d7d1997,3.14.7,macOS-26.6.2-arm64-arm-64bit-Mach-O,arm,0.06270374997984618,0.2805949170142412,0.07637120806612074,0.013362708035856485,0.01326508296187967,0.02592799998819828,8.962501306086779e-05,0.013674041954800487,0.014347542077302933,0.001992124947719276,0.05603133398108184,0.15911549993325025,0.00031887495424598455,0.2036556670209393,0.03337391710374504,0.23702958412468433,3.26669542118907e-05,0.00019608298316597939,0.1924894170369953,0.5357880840310827,0.745332834077999
3206,random_3203,random_cycle_chord,20260823,baseline,0,200,5,15,19,4.047902198426948,True,True,,perf/incremental-yamada-frontier-order,1d8374f42cccbb16d78d44100a65ca603d7d1997,3.14.7,macOS-26.6.2-arm64-arm-64bit-Mach-O,arm,0.0538771249121055,0.1652391670504585,0.02472483296878636,0.00969104201067239,0.009789165924303234,0.019721791963092983,4.558300133794546e-05,0.010123457992449403,0.010639915941283107,0.00099108403082937,0.04152183292899281,0.08576237503439188,0.00010270799975842237,0.2644445829791948,0.015488124918192625,0.27993270789738744,2.462498378008604e-05,0.00011808297131210566,0.1012504999525845,0.3203667919151485,0.5896216249093413
3207,random_3204,random_cycle_chord,20260823,baseline,0,200,3,10,12,5.626714691254415,True,True,,perf/incremental-yamada-frontier-order,1d8374f42cccbb16d78d44100a65ca603d7d1997,3.14.7,macOS-26.6.2-arm64-arm-64bit-Mach-O,arm,0.039554874994792044,0.15794479195028543,0.03385529201477766,0.007665041950531304,0.007558082928881049,0.01515700004529208,2.8000096790492535e-05,0.007713999948464334,0.007853792048990726,0.0005745840026065707,0.0313273761421442,0.08043899992480874,7.741607259958982e-05,0.16236854204908013,0.009372083004564047,0.17174062505364418,2.0541949197649956e-05,8.224998600780964e-05,0.08981108292937279,0.28731074987445027,0.45415020803920925
3208,random_3205,random_cycle_chord,20260823,crossing_rich,4,200,5,9,13,6.082458505924814,True,True,,perf/incremental-yamada-frontier-order,1d8374f42cccbb16d78d44100a65ca603d7d1997,3.14.7,macOS-26.6.2-arm64-arm-64bit-Mach-O,arm,0.04787641705479473,0.1575579160125926,0.060295915929600596,0.010546500096097589,0.011878749937750399,0.023447499959729612,7.254094816744328e-05,0.01253012497909367,0.013203458045609295,0.0014313330175355077,0.05068495695013553,0.1334409579867497,9.466696064919233e-05,0.18538675003219396,0.02555383404251188,0.21094058407470584,2.4667009711265564e-05,0.0001496670302003622,0.1589947920292616,0.36442912509664893,0.5544233339605853
3209,random_3206,random_cycle_chord,20260823,baseline,0,200,3,9,11,5.354158223214432,True,True,,perf/incremental-yamada-frontier-order,1d8374f42cccbb16d78d44100a65ca603d7d1997,3.14.7,macOS-26.6.2-arm64-arm-64bit-Mach-O,arm,0.033007957972586155,0.1559903749730438,0.027316165971569717,0.006842165952548385,0.006675792043097317,0.013100292067974806,2.2707972675561905e-05,0.006841499940492213,0.006987583008594811,0.000566125032491982,0.027518208022229373,0.06837204203475267,6.208301056176424e-05,0.1475812499411404,0.008945709094405174,0.1565269590355456,1.4208024367690086e-05,7.100007496774197e-05,0.07731775112915784,0.2663160840747878,0.4180819579632953
3210,random_3207,random_cycle_chord,20260823,baseline,0,200,3,9,11,5.375847413494611,True,True,,perf/incremental-yamada-frontier-order,1d8374f42cccbb16d78d44100a65ca603d7d1997,3.14.7,macOS-26.6.2-arm64-arm-64bit-Mach-O,arm,0.03312466701027006,0.15209883404895663,0.025338000035844743,0.00645529106259346,0.006442415993660688,0.012726624961942434,2.1832995116710663e-05,0.006611166056245565,0.006817208020947874,0.0005509159527719021,0.026727747987024486,0.06498212506994605,5.7750032283365726e-05,0.14550654194317758,0.008999499958008528,0.1545060419011861,1.4750054106116295e-05,7.099995855242014e-05,0.07398162502795458,0.25920512608718127,0.4087821659632027
3211,random_3208,random_cycle_chord,20260823,baseline,0,200,3,13,15,4.561795326628856,True,True,,perf/incremental-yamada-frontier-order,1d8374f42cccbb16d78d44100a65ca603d7d1997,3.14.7,macOS-26.6.2-arm64-arm-64bit-Mach-O,arm,0.0395848749903962,0.15286754199769348,0.024153291014954448,0.006896917009726167,0.00707137503195554,0.013859541970305145,2.2833002731204033e-05,0.007059499970637262,0.007260291022248566,0.0005575419636443257,0.028759707929566503,0.06690095900557935,7.504201494157314e-05,0.20175612496677786,0.009098000009544194,0.21085412497632205,1.4666002243757248e-05,7.391697727143764e-05,0.07599895901512355,0.2684513760032132,0.47444237500894815
3212,random_3209,random_cycle_chord,20260823,baseline,0,200,4,11,14,4.033294233379763,True,True,,perf/incremental-yamada-frontier-order,1d8374f42cccbb16d78d44100a65ca603d7d1997,3.14.7,macOS-26.6.2-arm64-arm-64bit-Mach-O,arm,0.03523491707164794,0.15145949996076524,0.024251834023743868,0.008048499934375286,0.008303042035549879,0.016430624993517995,2.9708025977015495e-05,0.008527708007022738,0.008778000017628074,0.000784041010774672,0.034550082054920495,0.0751804580213502,7.945799734443426e-05,0.18725166702643037,0.011790084070526063,0.19904175109695643,1.8249964341521263e-05,8.770800195634365e-05,0.08697054209187627,0.27366495912428945,0.46523833309765905
3213,random_3210,random_cycle_chord,20260823,baseline,0,200,3,8,10,6.1586691961155875,True,True,,perf/incremental-yamada-frontier-order,1d8374f42cccbb16d78d44100a65ca603d7d1997,3.14.7,macOS-26.6.2-arm64-arm-64bit-Mach-O,arm,0.03413008397910744,0.15374045900534838,0.03244295797776431,0.006786874961107969,0.007004666957072914,0.013746249955147505,2.2709020413458347e-05,0.007116000051610172,0.007541207945905626,0.0006155830342322588,0.02904175000730902,0.07529583398718387,8.67919297888875e-05,0.136788250063546,0.009607625077478588,0.1463958751410246,1.4750054106116295e-05,7.158401422202587e-05,0.08490345906466246,0.2727740020491183,0.4137467910768464
3214,random_3211,random_cycle_chord,20260823,crossing_rich,4,200,5,10,14,5.4761621533434734,True,True,,perf/incremental-yamada-frontier-order,1d8374f42cccbb16d78d44100a65ca603d7d1997,3.14.7,macOS-26.6.2-arm64-arm-64bit-Mach-O,arm,0.044178541051223874,0.1609412080142647,0.054668833035975695,0.011179000022821128,0.012680583982728422,0.024821292026899755,4.683295264840126e-05,0.012525125057436526,0.013416207977570593,0.0013538330094888806,0.052163291024044156,0.13073508301749825,0.00010183302219957113,0.2928197920555249,0.03498500003479421,0.3278047920903191,2.545793540775776e-05,0.0001545000122860074,0.16572008305229247,0.37083983211778104,0.6678105000173673
3215,random_3212,random_cycle_chord,20260823,baseline,0,200,3,10,12,4.6900905596996685,True,True,,perf/incremental-yamada-frontier-order,1d8374f42cccbb16d78d44100a65ca603d7d1997,3.14.7,macOS-26.6.2-arm64-arm-64bit-Mach-O,arm,0.03383483306970447,0.16015929100103676,0.026024708058685064,0.007170667056925595,0.007205582922324538,0.014114958001300693,2.3250002413988113e-05,0.007633166969753802,0.00795570807531476,0.0005824168911203742,0.030309499939903617,0.07073070795740932,8.625001646578312e-05,0.18351670796982944,0.010199832962825894,0.19371654093265533,1.9666040316224098e-05,8.662499021738768e-05,0.08093054092023522,0.27492466499097645,0.4628833750030026
3216,random_3213,random_cycle_chord,20260823,crossing_rich,3,200,5,10,14,5.620326658200379,True,True,,perf/incremental-yamada-frontier-order,1d8374f42cccbb16d78d44100a65ca603d7d1997,3.14.7,macOS-26.6.2-arm64-arm-64bit-Mach-O,arm,0.11252045806031674,0.1787354580592364,0.06048604194074869,0.01112095802091062,0.011718416935764253,0.023134457995183766,4.833401180803776e-05,0.012037999927997589,0.012363624991849065,0.0013275420060381293,0.04891195893287659,0.132277166005224,0.00010516599286347628,0.2087871670955792,0.02287445799447596,0.23166162509005517,2.6166904717683792e-05,0.00015004200395196676,0.15515162399969995,0.4464075401192531,0.6603368329815567
3217,random_3214,random_cycle_chord,20260823,crossing_rich,2,200,4,8,11,6.599308768178494,True,True,,perf/incremental-yamada-frontier-order,1d8374f42cccbb16d78d44100a65ca603d7d1997,3.14.7,macOS-26.6.2-arm64-arm-64bit-Mach-O,arm,0.044785042060539126,0.1618413330288604,0.06006079202052206,0.009041249984875321,0.00919866596814245,0.018106041941791773,3.074994310736656e-05,0.009367916965857148,0.009837749996222556,0.0010168340522795916,0.038359292899258435,0.11668829107657075,7.204199209809303e-05,0.15586366702336818,0.01883554202504456,0.17469920904841274,2.1041021682322025e-05,0.00011979101691395044,0.1355238331016153,0.3421502081910148,0.5025140000507236
3218,random_3215,random_cycle_chord,20260823,crossing_rich,4,200,5,11,15,4.604581283729109,True,True,,perf/incremental-yamada-frontier-order,1d8374f42cccbb16d78d44100a65ca603d7d1997,3.14.7,macOS-26.6.2-arm64-arm-64bit-Mach-O,arm,0.04292233404703438,0.15768112509977072,0.04811345797497779,0.010717791970819235,0.01186420803423971,0.023434582981280982,3.9375037886202335e-05,0.012170749949291348,0.012727417051792145,0.0013104579411447048,0.04968258296139538,0.12041270802728832,8.983293082565069e-05,0.20865929196588695,0.026331832981668413,0.23499112494755536,2.404197584837675e-05,0.00014283298514783382,0.14674454100895673,0.34734800015576184,0.5607816659612581
3219,random_3216,random_cycle_chord,20260823,crossing_rich,3,200,5,12,16,4.029489315015859,True,True,,perf/incremental-yamada-frontier-order,1d8374f42cccbb16d78d44100a65ca603d7d1997,3.14.7,macOS-26.6.2-arm64-arm-64bit-Mach-O,arm,0.04056941706221551,0.15205512498505414,0.038958000019192696,0.009693250060081482,0.010672625037841499,0.02108749991748482,3.712496254593134e-05,0.01088445889763534,0.011509875068441033,0.001244333921931684,0.04476329276803881,0.10412149992771447,8.783303201198578e-05,0.2127662500133738,0.022721708985045552,0.23548795899841934,2.333405427634716e-05,0.00013237493112683296,0.12684320891276002,0.31946775096002966,0.5366487909341231
3220,random_3217,random_cycle_chord,20260823,baseline,0,200,4,11,14,4.042380221014833,True,True,,perf/incremental-yamada-frontier-order,1d8374f42cccbb16d78d44100a65ca603d7d1997,3.14.7,macOS-26.6.2-arm64-arm-64bit-Mach-O,arm,0.034614042029716074,0.1568617500597611,0.020532125025056303,0.00809191691223532,0.008538833004422486,0.016822917037643492,3.1084055081009865e-05,0.008721416932530701,0.008945708046667278,0.000725999940186739,0.03524712601210922,0.07243716705124825,7.850001566112041e-05,0.18003970896825194,0.010977457975968719,0.19101716694422066,1.9458006136119366e-05,8.566596079617739e-05,0.08341462502721697,0.27489041711669415,0.4591689580120146
3221,random_3218,random_cycle_chord,20260823,crossing_rich,5,200,5,9,13,4.3431373941887355,True,True,,perf/incremental-yamada-frontier-order,1d8374f42cccbb16d78d44100a65ca603d7d1997,3.14.7,macOS-26.6.2-arm64-arm-64bit-Mach-O,arm,0.034040709026157856,0.14854045899119228,0.0440662499750033,0.010557874920777977,0.011906125000678003,0.023398542078211904,3.858399577438831e-05,0.01212249998934567,0.01288845797535032,0.0013504170347005129,0.049798501073382795,0.1163618330610916,7.60830007493496e-05,0.17574883298948407,0.026752334088087082,0.20250116707757115,2.358399797230959e-05,0.00014679098967462778,0.14311416714917868,0.3256953351665288,0.5057664168998599
3222,random_3219,random_cycle_chord,20260823,crossing_rich,4,200,5,8,12,6.5874655362638315,True,True,,perf/incremental-yamada-frontier-order,1d8374f42cccbb16d78d44100a65ca603d7d1997,3.14.7,macOS-26.6.2-arm64-arm-64bit-Mach-O,arm,0.0429238339420408,0.14915420801844448,0.06182229204569012,0.009856291930191219,0.010742459096945822,0.021198999951593578,3.8665952160954475e-05,0.010970916948281229,0.011629875050857663,0.001365666976198554,0.04520412487909198,0.12765883305110037,0.00015683297533541918,0.1617027500178665,0.025870833080261946,0.18757358309812844,2.4292035959661007e-05,0.00014870800077915192,0.15352966613136232,0.3456077080918476,0.5117523339577019
3223,random_3220,random_cycle_chord,20260823,crossing_rich,2,200,4,8,11,6.427761034711816,True,True,,perf/incremental-yamada-frontier-order,1d8374f42cccbb16d78d44100a65ca603d7d1997,3.14.7,macOS-26.6.2-arm64-arm-64bit-Mach-O,arm,0.03762774995993823,0.14918887498788536,0.054169958108104765,0.008496540947817266,0.009029624983668327,0.01780816598329693,2.9916991479694843e-05,0.00921162508893758,0.009609542088583112,0.0008832919411361217,0.03754254209343344,0.10926529101561755,6.870797369629145e-05,0.1464262920198962,0.014596540946513414,0.16102283296640962,2.0709005184471607e-05,9.579199831932783e-05,0.12386183196213096,0.31067845690995455,0.4612790420651436
3224,random_3221,random_cycle_chord,20260823,crossing_rich,5,200,5,8,12,4.162315724441394,True,True,,perf/incremental-yamada-frontier-order,1d8374f42cccbb16d78d44100a65ca603d7d1997,3.14.7,macOS-26.6.2-arm64-arm-64bit-Mach-O,arm,0.030323208076879382,0.18469537503551692,0.03931224998086691,0.012121375068090856,0.013770333025604486,0.029173625051043928,6.841705180704594e-05,0.014249166939407587,0.014940249966457486,0.0015102500328794122,0.05994170904159546,0.12520025006961077,0.00022662500850856304,0.17432870797347277,0.02935654204338789,0.20368525001686066,2.5999965146183968e-05,0.00016779196448624134,0.15455679211299866,0.36957537522539496,0.548864166950807
3225,random_3222,random_cycle_chord,20260823,baseline,0,200,3,10,12,4.655917736718419,True,True,,perf/incremental-yamada-frontier-order,1d8374f42cccbb16d78d44100a65ca603d7d1997,3.14.7,macOS-26.6.2-arm64-arm-64bit-Mach-O,arm,0.03397008404135704,0.15548758301883936,0.023766207974404097,0.007113666972145438,0.0071128749987110496,0.013989124912768602,2.308306284248829e-05,0.007304541999474168,0.007447916897945106,0.0005800840444862843,0.02934475091751665,0.06735895900055766,6.587500683963299e-05,0.1654670418938622,0.009172416990622878,0.17463945888448507,1.5709083527326584e-05,8.01669666543603e-05,0.07653137599118054,0.26598904305137694,0.43579066696111113
3226,random_3223,random_cycle_chord,20260823,crossing_rich,2,200,4,8,11,6.427878699852296,True,True,,perf/incremental-yamada-frontier-order,1d8374f42cccbb16d78d44100a65ca603d7d1997,3.14.7,macOS-26.6.2-arm64-arm-64bit-Mach-O,arm,0.041626333026215434,0.16029220900963992,0.06443670892622322,0.009187416988424957,0.00959124998189509,0.01883683307096362,3.304099664092064e-05,0.009800874977372587,0.010537167079746723,0.001019582967273891,0.04022749909199774,0.12347254203632474,0.00013670790940523148,0.17223883396945894,0.017348207999020815,0.18958704196847975,2.229108940809965e-05,0.0001204590080305934,0.14082075003534555,0.3427392920712009,0.5195439590606838
3227,random_3224,random_cycle_chord,20260823,crossing_rich,6,200,6,10,15,5.619919243094151,True,True,,perf/incremental-yamada-frontier-order,1d8374f42cccbb16d78d44100a65ca603d7d1997,3.14.7,macOS-26.6.2-arm64-arm-64bit-Mach-O,arm,0.0510648749768734,0.16288583306595683,0.06349279196001589,0.012299041962251067,0.014336624997667968,0.02761012502014637,5.2749994210898876e-05,0.014132291893474758,0.01505429099779576,0.001895790919661522,0.05874524882528931,0.14892924996092916,0.0002467080485075712,0.21964641602244228,0.03607337502762675,0.25571979105006903,3.3958000130951405e-05,0.00020658306311815977,0.1850026249885559,0.39895333303138614,0.623889375012368
3228,random_3225,random_cycle_chord,20260823,crossing_rich,5,200,5,8,12,4.111153936351403,True,True,,perf/incremental-yamada-frontier-order,1d8374f42cccbb16d78d44100a65ca603d7d1997,3.14.7,macOS-26.6.2-arm64-arm-64bit-Mach-O,arm,0.032980874995701015,0.16084841708652675,0.03730287496000528,0.011665042024105787,0.01343199994880706,0.026415416970849037,4.012498538941145e-05,0.013671166030690074,0.014825958060100675,0.0014677919680252671,0.056420458015054464,0.11885600001551211,0.00022099993657320738,0.17306787497363985,0.028890375047922134,0.20195825002156198,2.8209062293171883e-05,0.0001656670356169343,0.14774637506343424,0.341575667145662,0.5194718750426546
3229,random_3226,random_cycle_chord,20260823,crossing_rich,5,200,5,8,12,4.130668196340091,True,True,,perf/incremental-yamada-frontier-order,1d8374f42cccbb16d78d44100a65ca603d7d1997,3.14.7,macOS-26.6.2-arm64-arm-64bit-Mach-O,arm,0.03272479202132672,0.16303595795761794,0.05594120791647583,0.01643566705752164,0.015507624950259924,0.03029116604011506,7.66250304877758e-05,0.015657749958336353,0.01669725007377565,0.0017654170515015721,0.06448820815421641,0.15244279196485877,0.0002795408945530653,0.2645056250039488,0.04638670897111297,0.3108923339750618,3.929098602384329e-05,0.0002253329148516059,0.19882950093597174,0.3945902509149164,0.6646785419434309
3230,random_3227,random_cycle_chord,20260823,baseline,0,200,4,10,13,4.681618700878505,True,True,,perf/incremental-yamada-frontier-order,1d8374f42cccbb16d78d44100a65ca603d7d1997,3.14.7,macOS-26.6.2-arm64-arm-64bit-Mach-O,arm,0.04704758303705603,0.20144025003537536,0.026005499996244907,0.009119124966673553,0.008993625058792531,0.0172659590607509,5.108292680233717e-05,0.00897008297033608,0.009209624957293272,0.0008609170326963067,0.0363576669478789,0.08050712500698864,9.716697968542576e-05,0.18967645789962262,0.013190333032980561,0.20286679093260318,2.6499968953430653e-05,0.00010395899880677462,0.0936974580399692,0.3421852911124006,0.5367756250780076
3231,random_3228,random_cycle_chord,20260823,baseline,0,200,3,11,13,4.049990989911439,True,True,,perf/incremental-yamada-frontier-order,1d8374f42cccbb16d78d44100a65ca603d7d1997,3.14.7,macOS-26.6.2-arm64-arm-64bit-Mach-O,arm,0.03532933397218585,0.16185008292086422,0.01919179200194776,0.007358083967119455,0.007313749985769391,0.014347540913149714,2.3417058400809765e-05,0.007454250007867813,0.00768616609275341,0.0006042500026524067,0.030115624074824154,0.0639996660174802,8.154194802045822e-05,0.18067541590426117,0.009567542001605034,0.1902429579058662,1.5583005733788013e-05,8.162495214492083e-05,0.07356720801908523,0.2707466249121353,0.45579249993897974
3232,random_3229,random_cycle_chord,20260823,baseline,0,200,4,13,16,4.566972526728687,True,True,,perf/incremental-yamada-frontier-order,1d8374f42cccbb16d78d44100a65ca603d7d1997,3.14.7,macOS-26.6.2-arm64-arm-64bit-Mach-O,arm,0.043544750078581274,0.15589204104617238,0.02344004192855209,0.007982000010088086,0.008481791010126472,0.016604874981567264,2.9499991796910763e-05,0.008640540996566415,0.008896167040802538,0.0007177919615060091,0.03488887497223914,0.07482062501367182,9.437499102205038e-05,0.2109780830796808,0.010825208970345557,0.22180329205002636,1.837499439716339e-05,8.283404167741537e-05,0.08564583398401737,0.285082625108771,0.500461042043753
3233,random_3230,random_cycle_chord,20260823,baseline,0,200,3,10,12,5.621500569758379,True,True,,perf/incremental-yamada-frontier-order,1d8374f42cccbb16d78d44100a65ca603d7d1997,3.14.7,macOS-26.6.2-arm64-arm-64bit-Mach-O,arm,0.036573291989043355,0.14870762499049306,0.025562791037373245,0.006881041103042662,0.007104000076651573,0.013990375096909702,2.1791900508105755e-05,0.007280334015376866,0.007388042053207755,0.0005130829522386193,0.029193626018241048,0.06876112497411668,6.429199129343033e-05,0.14255991694517434,0.008189333020709455,0.1507492499658838,1.3791024684906006e-05,6.349990144371986e-05,0.07695045799482614,0.26223137497436255,0.4088103750254959
3234,random_3231,random_cycle_chord,20260823,crossing_rich,4,200,5,10,14,5.383776674350078,True,True,,perf/incremental-yamada-frontier-order,1d8374f42cccbb16d78d44100a65ca603d7d1997,3.14.7,macOS-26.6.2-arm64-arm-64bit-Mach-O,arm,0.04126616707071662,0.14953100006096065,0.04883887502364814,0.009692791034467518,0.010650457930751145,0.021053042029961944,3.6624958738684654e-05,0.010923750000074506,0.011987791978754103,0.0013603339903056622,0.0453615429578349,0.11457712505944073,9.345810394734144e-05,0.18557054200209677,0.025513708009384573,0.21108425001148134,2.4250010028481483e-05,0.00014474999625235796,0.1400908330688253,0.3308880002005026,0.5208624160150066
3235,random_3232,random_cycle_chord,20260823,crossing_rich,5,200,5,8,12,4.227513028479639,True,True,,perf/incremental-yamada-frontier-order,1d8374f42cccbb16d78d44100a65ca603d7d1997,3.14.7,macOS-26.6.2-arm64-arm-64bit-Mach-O,arm,0.030563874985091388,0.14882241596933454,0.04017945798113942,0.011235874961130321,0.012799417017959058,0.02558208303526044,4.2625004425644875e-05,0.013127040932886302,0.013587333029136062,0.001319709001109004,0.05365879100281745,0.11790791701059788,0.00017320807091891766,0.2687757919775322,0.02553583402186632,0.29431162599939853,2.4792039766907692e-05,0.00014450005255639553,0.1434437510324642,0.32283004198689014,0.5959259170340374
3236,random_3233,random_cycle_chord,20260823,baseline,0,200,3,9,11,5.328055617011828,True,True,,perf/incremental-yamada-frontier-order,1d8374f42cccbb16d78d44100a65ca603d7d1997,3.14.7,macOS-26.6.2-arm64-arm-64bit-Mach-O,arm,0.03168641694355756,0.14789520797785372,0.026283083017915487,0.006669541005976498,0.006636332953348756,0.013053999980911613,2.1832995116710663e-05,0.006800582981668413,0.006999999983236194,0.0005665000062435865,0.027442915947176516,0.06705079204402864,5.8709061704576015e-05,0.14116758294403553,0.008759209071286023,0.14992679201532155,1.4040968380868435e-05,6.987492088228464e-05,0.07581000111531466,0.25539162603672594,0.40059008402749896
3237,random_3234,random_cycle_chord,20260823,crossing_rich,5,200,5,8,12,4.189729337074318,True,True,,perf/incremental-yamada-frontier-order,1d8374f42cccbb16d78d44100a65ca603d7d1997,3.14.7,macOS-26.6.2-arm64-arm-64bit-Mach-O,arm,0.03040116699412465,0.18860279093496501,0.040477167000062764,0.010984749998897314,0.012910000048577785,0.02515516697894782,4.183291457593441e-05,0.012943292036652565,0.013719416921958327,0.0014199580764397979,0.05327966692857444,0.11769795801956207,0.0001751669915392995,0.2634648330276832,0.026472958037629724,0.2899377910653129,2.4667009711265564e-05,0.00015312503091990948,0.1441709160571918,0.36317487398628145,0.630952375009656
3238,random_3235,random_cycle_chord,20260823,crossing_rich,4,200,5,10,14,5.413242938444689,True,True,,perf/incremental-yamada-frontier-order,1d8374f42cccbb16d78d44100a65ca603d7d1997,3.14.7,macOS-26.6.2-arm64-arm-64bit-Mach-O,arm,0.0413854590151459,0.14897354098502547,0.051018667058087885,0.00997516606003046,0.011157625005580485,0.021931333001703024,3.825000021606684e-05,0.011374790919944644,0.012209167005494237,0.0012604999355971813,0.04681404086295515,0.11899887502659112,8.42090230435133e-05,0.2675671249162406,0.027068000053986907,0.2946351249702275,2.3916014470160007e-05,0.00014129106421023607,0.14606687508057803,0.3364258750807494,0.6080801250645891
3239,random_3236,random_cycle_chord,20260823,crossing_rich,4,200,5,11,15,4.722396773334443,True,True,,perf/incremental-yamada-frontier-order,1d8374f42cccbb16d78d44100a65ca603d7d1997,3.14.7,macOS-26.6.2-arm64-arm-64bit-Mach-O,arm,0.04061333299614489,0.15162487502675503,0.042917000013403594,0.01034299994353205,0.011622417019680142,0.022927124984562397,4.791701212525368e-05,0.011862041894346476,0.012694667093455791,0.0013639999087899923,0.04889575089327991,0.113817207980901,9.445799514651299e-05,0.20904433308169246,0.02619599993340671,0.23524033301509917,2.454104833304882e-05,0.00015012500807642937,0.1400132079143077,0.33225141593720764,0.5457749580964446
3240,random_3237,random_cycle_chord,20260823,crossing_rich,6,200,6,11,16,5.226276439211273,True,True,,perf/incremental-yamada-frontier-order,1d8374f42cccbb16d78d44100a65ca603d7d1997,3.14.7,macOS-26.6.2-arm64-arm-64bit-Mach-O,arm,0.046726792003028095,0.15846916695591062,0.04981779109220952,0.011882417020387948,0.013443582924082875,0.026610667002387345,5.4458039812743664e-05,0.013981292024254799,0.015111792017705739,0.0017251659883186221,0.05748337507247925,0.13266966701485217,9.670807048678398e-05,0.21675124997273088,0.03387458389624953,0.2506258338689804,3.0375085771083832e-05,0.00018366705626249313,0.1665442509111017,0.3717402098700404,0.5932381659513339
3241,random_3238,random_cycle_chord,20260823,baseline,0,200,3,9,11,5.42104018779887,True,True,,perf/incremental-yamada-frontier-order,1d8374f42cccbb16d78d44100a65ca603d7d1997,3.14.7,macOS-26.6.2-arm64-arm-64bit-Mach-O,arm,0.03331279195845127,0.14957987505476922,0.025176791939884424,0.006472415989264846,0.006417416036128998,0.012685374938882887,2.191704697906971e-05,0.006566124968230724,0.006839042063802481,0.0005571669898927212,0.026669626007787883,0.06475537491496652,6.104202475398779e-05,0.14343225001357496,0.00877045898232609,0.15220270899590105,1.3999990187585354e-05,6.987503729760647e-05,0.07352583389729261,0.2564185009105131,0.4039370829705149
3242,random_3239,random_cycle_chord,20260823,crossing_rich,3,200,4,9,12,4.354464809965413,True,True,,perf/incremental-yamada-frontier-order,1d8374f42cccbb16d78d44100a65ca603d7d1997,3.14.7,macOS-26.6.2-arm64-arm-64bit-Mach-O,arm,0.031192291993647814,0.14968095801305026,0.036244042101316154,0.009073833003640175,0.009882707963697612,0.019348165951669216,3.0459021218121052e-05,0.010119957965798676,0.010649041971191764,0.0010408749803900719,0.04118849989026785,0.09641512494999915,6.912497337907553e-05,0.1608687499538064,0.02074779092799872,0.18161654088180512,1.950003206729889e-05,0.00012029102072119713,0.11716291587799788,0.29803616588469595,0.46307199995499104
3243,random_3240,random_cycle_chord,20260823,crossing_rich,2,200,5,11,15,4.109644195241626,True,True,,perf/incremental-yamada-frontier-order,1d8374f42cccbb16d78d44100a65ca603d7d1997,3.14.7,macOS-26.6.2-arm64-arm-64bit-Mach-O,arm,0.03778145799878985,0.14861808298155665,0.03820362489204854,0.009298917022533715,0.01020037499256432,0.020086250035092235,3.629201091825962e-05,0.010422541992738843,0.010906334035098553,0.001102500013075769,0.04255391808692366,0.10028991696890444,8.462509140372276e-05,0.19868366699665785,0.019757292000576854,0.2184409589972347,2.2249994799494743e-05,0.00011770892888307571,0.12004720896948129,0.3064467499498278,0.5094281249912456
3244,random_3241,random_cycle_chord,20260823,crossing_rich,4,200,6,13,18,4.111320893773694,True,True,,perf/incremental-yamada-frontier-order,1d8374f42cccbb16d78d44100a65ca603d7d1997,3.14.7,macOS-26.6.2-arm64-arm-64bit-Mach-O,arm,0.04505687498021871,0.14925024996045977,0.04073708294890821,0.011313082999549806,0.012911957921460271,0.02551362500526011,5.700008478015661e-05,0.013304457999765873,0.013879082980565727,0.0014497500378638506,0.05420391610823572,0.11921158304903656,0.00010545807890594006,0.24105204199440777,0.025450084009207785,0.26650212600361556,2.7665984816849232e-05,0.00014954106882214546,0.14466166705824435,0.3389687919989228,0.5845825000433251
3245,random_3242,random_cycle_chord,20260823,crossing_rich,5,200,5,8,12,4.2610712635304955,True,True,,perf/incremental-yamada-frontier-order,1d8374f42cccbb16d78d44100a65ca603d7d1997,3.14.7,macOS-26.6.2-arm64-arm-64bit-Mach-O,arm,0.03138616599608213,0.14951283298432827,0.04000687494408339,0.010953624965623021,0.01253837498370558,0.0253347500693053,4.333304241299629e-05,0.013164291973225772,0.013888249988667667,0.0014186250045895576,0.053849250078201294,0.11738120799418539,0.00017662497702986002,0.1635391250019893,0.028207291034050286,0.1917464160360396,2.4250010028481483e-05,0.00014641601592302322,0.14558849902823567,0.32648749800864607,0.4945848340867087
3246,random_3243,random_cycle_chord,20260823,baseline,0,200,3,9,11,5.352603713960534,True,True,,perf/incremental-yamada-frontier-order,1d8374f42cccbb16d78d44100a65ca603d7d1997,3.14.7,macOS-26.6.2-arm64-arm-64bit-Mach-O,arm,0.03252258396241814,0.19266466703265905,0.025945707922801375,0.00725704210344702,0.007021167082712054,0.013835249934345484,3.162503708153963e-05,0.007182499975897372,0.007404083968140185,0.0005856670904904604,0.02903912600595504,0.06928237492684275,6.674998439848423e-05,0.1489075419958681,0.009417499997653067,0.15832504199352115,1.4292076230049133e-05,7.750000804662704e-05,0.07869987492449582,0.303887125919573,0.45704570796806365
3247,random_3244,random_cycle_chord,20260823,crossing_rich,4,200,5,8,12,6.599469639903645,True,True,,perf/incremental-yamada-frontier-order,1d8374f42cccbb16d78d44100a65ca603d7d1997,3.14.7,macOS-26.6.2-arm64-arm-64bit-Mach-O,arm,0.04579670901875943,0.155945917009376,0.0665657080244273,0.010017500026151538,0.011011000024154782,0.021675041993148625,3.854196984320879e-05,0.011248459108173847,0.012125749955885112,0.0015018749982118607,0.046589668025262654,0.1342178339837119,0.0001692919759079814,0.16645508399233222,0.02902512496802956,0.19548020896036178,2.537504769861698e-05,0.0001634160289540887,0.16324295895174146,0.3649855849798769,0.5360735839931294
3248,random_3245,random_cycle_chord,20260823,crossing_rich,5,200,6,11,16,4.710587864918591,True,True,,perf/incremental-yamada-frontier-order,1d8374f42cccbb16d78d44100a65ca603d7d1997,3.14.7,macOS-26.6.2-arm64-arm-64bit-Mach-O,arm,0.04410795902367681,0.15591487498022616,0.046096499892883,0.01241066597867757,0.013759041903540492,0.027139000012539327,5.075009539723396e-05,0.014084459049627185,0.01487562502734363,0.0016622080001980066,0.05781204218510538,0.13012466696090996,0.00011516700033098459,0.22908120800275356,0.0315895420499146,0.26067075005266815,3.2374984584748745e-05,0.00018229195848107338,0.16171420901082456,0.36173704301472753,0.5956193329766393
3249,random_3246,random_cycle_chord,20260823,baseline,0,200,4,10,13,4.656341486401891,True,True,,perf/incremental-yamada-frontier-order,1d8374f42cccbb16d78d44100a65ca603d7d1997,3.14.7,macOS-26.6.2-arm64-arm-64bit-Mach-O,arm,0.036522582988254726,0.15904258308000863,0.0236034580739215,0.008378333994187415,0.008717083022929728,0.017497709020972252,3.1207920983433723e-05,0.009115291992202401,0.009366250014863908,0.0007751249941065907,0.036785583943128586,0.07751195807941258,7.924996316432953e-05,0.16769195802044123,0.010911165969446301,0.17860312398988754,1.908408012241125e-05,9.008299093693495e-05,0.08842312404885888,0.28398829011712223,0.4562897499417886
3250,random_3247,random_cycle_chord,20260823,baseline,0,200,3,9,11,5.350316626226929,True,True,,perf/incremental-yamada-frontier-order,1d8374f42cccbb16d78d44100a65ca603d7d1997,3.14.7,macOS-26.6.2-arm64-arm-64bit-Mach-O,arm,0.033609290956519544,0.1564877500059083,0.028096624999307096,0.006932999938726425,0.0070468749618157744,0.013911667047068477,2.320797648280859e-05,0.00718033395241946,0.00737104204017669,0.0005587079795077443,0.02904495899565518,0.07114150002598763,6.137508898973465e-05,0.14967766602057964,0.008857083041220903,0.15853474906180054,1.3999990187585354e-05,6.737501826137304e-05,0.07999858306720853,0.2700956240296364,0.4239587920019403
3251,random_3248,random_cycle_chord,20260823,crossing_rich,3,200,4,8,11,4.1407273702676894,True,True,,perf/incremental-yamada-frontier-order,1d8374f42cccbb16d78d44100a65ca603d7d1997,3.14.7,macOS-26.6.2-arm64-arm-64bit-Mach-O,arm,0.029551750048995018,0.15486262494232506,0.036787290940992534,0.009446457959711552,0.010567834018729627,0.020822249935008585,3.0540977604687214e-05,0.01077820803038776,0.01121420890558511,0.0010066250106319785,0.04385183285921812,0.10068137501366436,7.112498860806227e-05,0.15253708302043378,0.019930875045247376,0.17246795806568116,2.050003968179226e-05,0.00011366710532456636,0.12061225005891174,0.3050266250502318,0.4618735830299556
3252,random_3249,random_cycle_chord,20260823,crossing_rich,5,200,5,8,12,4.251936871739269,True,True,,perf/incremental-yamada-frontier-order,1d8374f42cccbb16d78d44100a65ca603d7d1997,3.14.7,macOS-26.6.2-arm64-arm-64bit-Mach-O,arm,0.03225329203996807,0.15234124998096377,0.042390207992866635,0.011495415936224163,0.013064207974821329,0.025525458971969783,4.1624996811151505e-05,0.013216625084169209,0.013881917111575603,0.001367374905385077,0.054033001069910824,0.12101787503343076,0.00019695796072483063,0.17126120801549405,0.029121250030584633,0.20038245804607868,2.575002145022154e-05,0.0001538749784231186,0.1501391250640154,0.33473366708494723,0.5110436250688508
3253,random_3250,random_cycle_chord,20260823,baseline,0,200,3,9,11,5.399242167497081,True,True,,perf/incremental-yamada-frontier-order,1d8374f42cccbb16d78d44100a65ca603d7d1997,3.14.7,macOS-26.6.2-arm64-arm-64bit-Mach-O,arm,0.034062957973219454,0.16661129205022007,0.031550749903544784,0.007966042030602694,0.008018916007131338,0.01579504192341119,2.4875043891370296e-05,0.008202249999158084,0.008258000016212463,0.0005896250950172544,0.03286979207769036,0.08042749995365739,6.995792500674725e-05,0.15422016696538776,0.009408208075910807,0.16362837504129857,1.5625031664967537e-05,7.841701153665781e-05,0.0898357080295682,0.2905099580530077,0.4493801250355318
3254,random_3251,random_cycle_chord,20260823,crossing_rich,3,200,5,13,17,4.034375063738415,True,True,,perf/incremental-yamada-frontier-order,1d8374f42cccbb16d78d44100a65ca603d7d1997,3.14.7,macOS-26.6.2-arm64-arm-64bit-Mach-O,arm,0.044942041975446045,0.1582537079229951,0.043240832979790866,0.01101554196793586,0.01214749994687736,0.023893540957942605,5.249993409961462e-05,0.012313041021116078,0.012757458025589585,0.0012222080258652568,0.05023874796461314,0.11668408301193267,9.80000477284193e-05,0.23873537499457598,0.02277666691225022,0.2615120419068262,2.429191954433918e-05,0.00013587495777755976,0.1394607499241829,0.342656499822624,0.5860105409519747
3255,random_3252,random_cycle_chord,20260823,crossing_rich,5,200,5,9,13,4.373157821267872,True,True,,perf/incremental-yamada-frontier-order,1d8374f42cccbb16d78d44100a65ca603d7d1997,3.14.7,macOS-26.6.2-arm64-arm-64bit-Mach-O,arm,0.03525654098484665,0.1536638750694692,0.04378924996126443,0.010944458073936403,0.012344624963589013,0.02467595797497779,3.779097460210323e-05,0.012887999997474253,0.014018665999174118,0.0014990411000326276,0.05311945604626089,0.12023062503430992,8.670811075717211e-05,0.240023749996908,0.03453416598495096,0.27455791598185897,3.0540977604687214e-05,0.00018820806872099638,0.15476479101926088,0.34368520707357675,0.5883639580570161
3256,random_3253,random_cycle_chord,20260823,crossing_rich,5,200,5,9,13,4.229007365751903,True,True,,perf/incremental-yamada-frontier-order,1d8374f42cccbb16d78d44100a65ca603d7d1997,3.14.7,macOS-26.6.2-arm64-arm-64bit-Mach-O,arm,0.0372091670287773,0.16115275002084672,0.04386962507851422,0.01142004202120006,0.013090666965581477,0.025840416084975004,4.0125101804733276e-05,0.013325707986950874,0.014016457949765027,0.0013884579529985785,0.05461116507649422,0.12302787508815527,8.537503890693188e-05,0.18883062503300607,0.029717458062805235,0.2185480830958113,2.78339721262455e-05,0.00016470788978040218,0.1527453331509605,0.35110725020058453,0.5449776250170544
3257,random_3254,random_cycle_chord,20260823,baseline,0,200,3,8,10,6.129612720133437,True,True,,perf/incremental-yamada-frontier-order,1d8374f42cccbb16d78d44100a65ca603d7d1997,3.14.7,macOS-26.6.2-arm64-arm-64bit-Mach-O,arm,0.03563237492926419,0.15873412496875972,0.034118666080757976,0.007224790984764695,0.0069839159259572625,0.013727292069233954,2.291705459356308e-05,0.007150666089728475,0.007408292032778263,0.0006179589545354247,0.02892712620086968,0.07727499993052334,6.333307828754187e-05,0.1380847500404343,0.010105583001859486,0.1481903330422938,1.5583005733788013e-05,8.204206824302673e-05,0.08738058293238282,0.2817470828304067,0.42410770792048424
3258,random_3255,random_cycle_chord,20260823,crossing_rich,3,200,4,8,11,4.231128708169122,True,True,,perf/incremental-yamada-frontier-order,1d8374f42cccbb16d78d44100a65ca603d7d1997,3.14.7,macOS-26.6.2-arm64-arm-64bit-Mach-O,arm,0.02985595806967467,0.1543958750553429,0.0372591249179095,0.00942670798394829,0.010261291987262666,0.02002920804079622,2.9749935492873192e-05,0.010338541003875434,0.011071374989114702,0.0010367908980697393,0.04250566486734897,0.09948049997910857,8.516700472682714e-05,0.14946270792279392,0.01803383301012218,0.1674965409329161,2.150004729628563e-05,0.00011520797852426767,0.11751433298923075,0.30176616611424834,0.4555298750055954
3259,random_3256,random_cycle_chord,20260823,baseline,0,200,3,10,12,5.623097383775388,True,True,,perf/incremental-yamada-frontier-order,1d8374f42cccbb16d78d44100a65ca603d7d1997,3.14.7,macOS-26.6.2-arm64-arm-64bit-Mach-O,arm,0.037874708068557084,0.15203341701999307,0.02894345798995346,0.006613833014853299,0.006723625003360212,0.013296584016643465,2.2666994482278824e-05,0.006919209030456841,0.007101333001628518,0.0005608330247923732,0.027900626068003476,0.07020137493964285,6.40839571133256e-05,0.15769849997013807,0.008630333002656698,0.16632883297279477,1.391698606312275e-05,6.700004450976849e-05,0.07883170794229954,0.2687398330308497,0.430520125082694
3260,random_3257,random_cycle_chord,20260823,baseline,0,200,3,9,11,5.349917841572129,True,True,,perf/incremental-yamada-frontier-order,1d8374f42cccbb16d78d44100a65ca603d7d1997,3.14.7,macOS-26.6.2-arm64-arm-64bit-Mach-O,arm,0.0327592499088496,0.15732100000604987,0.025111041963100433,0.006730249966494739,0.006751665961928666,0.013244790956377983,2.1792016923427582e-05,0.006878333049826324,0.00708579202182591,0.0005785840330645442,0.02780929207801819,0.06642312498297542,6.316695362329483e-05,0.14423095900565386,0.00960333296097815,0.153834291966632,1.625006552785635e-05,7.687497418373823e-05,0.07602645794395357,0.26610670785885304,0.414457582985051
3261,random_3258,random_cycle_chord,20260823,baseline,0,200,3,10,12,5.62265925165538,True,True,,perf/incremental-yamada-frontier-order,1d8374f42cccbb16d78d44100a65ca603d7d1997,3.14.7,macOS-26.6.2-arm64-arm-64bit-Mach-O,arm,0.03583354107104242,0.1480066670337692,0.025770541978999972,0.006859624991193414,0.007086999947205186,0.014006166951730847,2.183392643928528e-05,0.007205750094726682,0.0073661659844219685,0.0004780420567840338,0.029077959014102817,0.06881424994207919,7.045804522931576e-05,0.1538504579802975,0.0074954170268028975,0.1613458750071004,1.3625016435980797e-05,6.183399818837643e-05,0.07630966696888208,0.2601498750736937,0.4180287920171395
3262,random_3259,random_cycle_chord,20260823,crossing_rich,5,200,5,10,14,4.049501509688424,True,True,,perf/incremental-yamada-frontier-order,1d8374f42cccbb16d78d44100a65ca603d7d1997,3.14.7,macOS-26.6.2-arm64-arm-64bit-Mach-O,arm,0.03455770795699209,0.1488850829191506,0.04097079101484269,0.010605041054077446,0.011887666070833802,0.023420499986968935,3.704207483679056e-05,0.012209875043481588,0.012947416980750859,0.0013935419265180826,0.050008376012556255,0.11350587499327958,8.050003089010715e-05,0.19943516596686095,0.031373666948638856,0.2308088329154998,2.8791953809559345e-05,0.00017470901366323233,0.14487954194191843,0.3283223328180611,0.5322207499993965
3263,random_3260,random_cycle_chord,20260823,baseline,0,200,3,9,11,5.4009831363996375,True,True,,perf/incremental-yamada-frontier-order,1d8374f42cccbb16d78d44100a65ca603d7d1997,3.14.7,macOS-26.6.2-arm64-arm-64bit-Mach-O,arm,0.06467779201921076,0.18713600002229214,0.028858167002908885,0.008497375063598156,0.008172166999429464,0.01656354102306068,3.975001163780689e-05,0.00897099997382611,0.008867208031006157,0.0006392080103978515,0.035080707049928606,0.08063362503889948,0.00010000006295740604,0.17898954101838171,0.012525875004939735,0.19151541602332145,2.416700590401888e-05,9.091594256460667e-05,0.09315950004383922,0.3449732920853421,0.5287738750921562
3264,random_3261,random_cycle_chord,20260823,baseline,0,200,3,8,10,6.143386488071444,True,True,,perf/incremental-yamada-frontier-order,1d8374f42cccbb16d78d44100a65ca603d7d1997,3.14.7,macOS-26.6.2-arm64-arm-64bit-Mach-O,arm,0.04343191592488438,0.19168145908042789,0.04508050007279962,0.00863566598854959,0.008708290988579392,0.01709350000601262,5.449994932860136e-05,0.05107700009830296,0.018979042069986463,0.0008482089033350348,0.08805225102696568,0.15051575005054474,0.00013287493493407965,0.17618045897688717,0.010927250026725233,0.1871077090036124,1.7915968783199787e-05,9.016599506139755e-05,0.16144300007726997,0.39655637508258224,0.5779754590475932
3265,random_3262,random_cycle_chord,20260823,baseline,0,200,4,11,14,4.042672425378036,True,True,,perf/incremental-yamada-frontier-order,1d8374f42cccbb16d78d44100a65ca603d7d1997,3.14.7,macOS-26.6.2-arm64-arm-64bit-Mach-O,arm,0.04502658301498741,0.1843475829809904,0.025397583027370274,0.009428665973246098,0.00901849998626858,0.01776395901106298,6.779097020626068e-05,0.00934245903044939,0.009408166981302202,0.0008529589977115393,0.03743533499073237,0.08131899998988956,0.00011129199992865324,0.21436058299150318,0.012594041996635497,0.22695462498813868,2.37500062212348e-05,0.00010566599667072296,0.09391304198652506,0.3232872079825029,0.5428087090840563
3266,random_3263,random_cycle_chord,20260823,crossing_rich,4,200,5,11,15,5.222541738136909,True,True,,perf/incremental-yamada-frontier-order,1d8374f42cccbb16d78d44100a65ca603d7d1997,3.14.7,macOS-26.6.2-arm64-arm-64bit-Mach-O,arm,0.05093091703020036,0.17562054202426225,0.05178758304100484,0.011699417023919523,0.012465125066228211,0.025033124955371022,8.879206143319607e-05,0.012758166063576937,0.013390415930189192,0.0015058750286698341,0.05277637403924018,0.12877995800226927,0.0001949169673025608,0.240727833006531,0.028099582996219397,0.2688274160027504,2.8083915822207928e-05,0.00017358397599309683,0.15687954099848866,0.3834310000529513,0.62924458400812
3267,random_3264,random_cycle_chord,20260823,crossing_rich,5,200,5,8,12,4.2517919090043845,True,True,,perf/incremental-yamada-frontier-order,1d8374f42cccbb16d78d44100a65ca603d7d1997,3.14.7,macOS-26.6.2-arm64-arm-64bit-Mach-O,arm,0.03457012493163347,0.16154629201628268,0.04322966595645994,0.01274366700090468,0.013520792010240257,0.02725087502039969,6.724998820573092e-05,0.027419166057370603,0.024756708997301757,0.0017709999810904264,0.08126500004436821,0.1507976249558851,0.0002860409440472722,0.21024679206311703,0.03462950000539422,0.24487629206851125,3.666605334728956e-05,0.00019054196309298277,0.18542712496127933,0.3815435419091955,0.5968053339747712
3268,random_3265,random_cycle_chord,20260823,baseline,0,200,3,11,13,4.0711580494556525,True,True,,perf/incremental-yamada-frontier-order,1d8374f42cccbb16d78d44100a65ca603d7d1997,3.14.7,macOS-26.6.2-arm64-arm-64bit-Mach-O,arm,0.03617058298550546,0.17007687489967793,0.02455299999564886,0.008237957954406738,0.007254499942064285,0.014727457892149687,5.258305463939905e-05,0.007503542001359165,0.007627999992109835,0.0006531249964609742,0.03056470793671906,0.07063533400651067,0.00010504201054573059,0.24670262506697327,0.018043832969851792,0.26474645803682506,5.420797970145941e-05,0.00016083300579339266,0.08867916697636247,0.29492662486154586,0.5468563750619069
3269,random_3266,random_cycle_chord,20260823,baseline,0,200,3,8,10,6.213589673261294,True,True,,perf/incremental-yamada-frontier-order,1d8374f42cccbb16d78d44100a65ca603d7d1997,3.14.7,macOS-26.6.2-arm64-arm-64bit-Mach-O,arm,0.058547708904370666,0.2533252499997616,0.04387404106091708,0.008363750064745545,0.008584124967455864,0.0160747499903664,5.1958952099084854e-05,0.008338458021171391,0.008846874930895865,0.0009220410138368607,0.0342340829083696,0.09511554194614291,0.00010462501086294651,0.1592437910148874,0.011704750009812415,0.1709485410246998,2.133403904736042e-05,9.850005153566599e-05,0.10682029195595533,0.4186932508600876,0.5840307499747723
3270,random_3267,random_cycle_chord,20260823,crossing_rich,5,200,5,8,12,4.247327248830341,True,True,,perf/incremental-yamada-frontier-order,1d8374f42cccbb16d78d44100a65ca603d7d1997,3.14.7,macOS-26.6.2-arm64-arm-64bit-Mach-O,arm,0.036107499967329204,0.17125524999573827,0.055179249960929155,0.01319933298509568,0.014763416023924947,0.028971249936148524,7.508299313485622e-05,0.014535333029925823,0.015275957994163036,0.0015564999775961041,0.060414123930968344,0.14362891600467265,0.0002753329463303089,0.19451866706367582,0.03418062499258667,0.2286992920562625,3.208394628018141e-05,0.0001869590487331152,0.17780954099725932,0.3851722909603268,0.5852536669699475
3271,random_3268,random_cycle_chord,20260823,crossing_rich,4,200,5,8,12,6.587806529125468,True,True,,perf/incremental-yamada-frontier-order,1d8374f42cccbb16d78d44100a65ca603d7d1997,3.14.7,macOS-26.6.2-arm64-arm-64bit-Mach-O,arm,0.05021254194434732,0.1873995829373598,0.07178516604471952,0.011464250041171908,0.011859250022098422,0.02403079206123948,6.845907773822546e-05,0.012390957912430167,0.013371708919294178,0.0016125000547617674,0.05147441802546382,0.14662204205524176,0.00020720798056572676,0.1853529589716345,0.03164308296982199,0.2169960419414565,3.4791999496519566e-05,0.00018654204905033112,0.17826512502506375,0.4158772499067709,0.6068486670264974
3272,random_3269,random_cycle_chord,20260823,crossing_rich,5,200,6,13,18,4.440002438867026,True,True,,perf/incremental-yamada-frontier-order,1d8374f42cccbb16d78d44100a65ca603d7d1997,3.14.7,macOS-26.6.2-arm64-arm-64bit-Mach-O,arm,0.05878637498244643,0.1724069999763742,0.05852437508292496,0.015712250024080276,0.015515166916884482,0.029703916981816292,0.0001223330618813634,0.016875082976184785,0.017518458073027432,0.0019209579331800342,0.0661407490260899,0.15599254192784429,0.0002180000301450491,0.2981634580064565,0.05124087492004037,0.34940433292649686,4.3208012357354164e-05,0.00020925002172589302,0.20723341684788465,0.4384267918067053,0.7425892079481855
3273,random_3270,random_cycle_chord,20260823,crossing_rich,5,200,5,8,12,4.246649697047643,True,True,,perf/incremental-yamada-frontier-order,1d8374f42cccbb16d78d44100a65ca603d7d1997,3.14.7,macOS-26.6.2-arm64-arm-64bit-Mach-O,arm,0.0513459590729326,0.1944419170031324,0.06068624998442829,0.013494041981175542,0.014438208076171577,0.02802212501410395,4.308403003960848e-05,0.015004042070358992,0.016373333986848593,0.002464457997120917,0.06190704309847206,0.15057008294388652,0.0004211670020595193,0.5385990410577506,0.044436416937969625,0.5830354579957202,4.670803900808096e-05,0.0001931249862536788,0.19500649988185614,0.44079437595792115,0.986685375100933
3274,random_3271,random_cycle_chord,20260823,crossing_rich,3,200,5,10,14,5.3747011373754185,True,True,,perf/incremental-yamada-frontier-order,1d8374f42cccbb16d78d44100a65ca603d7d1997,3.14.7,macOS-26.6.2-arm64-arm-64bit-Mach-O,arm,0.04895354190375656,0.1713941249763593,0.05452233296819031,0.010424667038023472,0.011032958049327135,0.021722459001466632,4.2874948121607304e-05,0.01129370799753815,0.011963624972850084,0.0013729160418733954,0.04639558296184987,0.12241220800206065,9.004201274365187e-05,0.301267083035782,0.023991042049601674,0.32525812508538365,3.2542040571570396e-05,0.00015087495557963848,0.14640325005166233,0.3667509169317782,0.6727201250614598
3275,random_3272,random_cycle_chord,20260823,baseline,0,200,3,9,11,5.332496224065973,True,True,,perf/incremental-yamada-frontier-order,1d8374f42cccbb16d78d44100a65ca603d7d1997,3.14.7,macOS-26.6.2-arm64-arm-64bit-Mach-O,arm,0.03475479094777256,0.15667799999937415,0.02716708299703896,0.006966875051148236,0.006655916920863092,0.013091416913084686,2.1875021047890186e-05,0.006839707959443331,0.0070346660213544965,0.0005924169672653079,0.02758008288219571,0.06839016696903855,6.204203236848116e-05,0.14765345805790275,0.009613499976694584,0.15726695803459734,1.395796425640583e-05,7.379089947789907e-05,0.07800366694573313,0.26943645789287984,0.421289624995552
3276,random_3273,random_cycle_chord,20260823,crossing_rich,2,200,4,8,11,6.589895303831381,True,True,,perf/incremental-yamada-frontier-order,1d8374f42cccbb16d78d44100a65ca603d7d1997,3.14.7,macOS-26.6.2-arm64-arm-64bit-Mach-O,arm,0.04038745898287743,0.1553904169704765,0.0585980829782784,0.008842500043101609,0.009079665993340313,0.01800604199524969,4.299997817724943e-05,0.009225208079442382,0.00970791606232524,0.0010662080021575093,0.03804837411735207,0.11460666707716882,8.01669666543603e-05,0.15731337503530085,0.02068845892790705,0.1780018339632079,2.308306284248829e-05,0.0001331669045612216,0.13529512600507587,0.3310730019584298,0.49303554208017886
3277,random_3274,random_cycle_chord,20260823,baseline,0,200,3,10,12,4.667378610637848,True,True,,perf/incremental-yamada-frontier-order,1d8374f42cccbb16d78d44100a65ca603d7d1997,3.14.7,macOS-26.6.2-arm64-arm-64bit-Mach-O,arm,0.03424312500283122,0.16973904089536518,0.024456082959659398,0.007736374973319471,0.007613291963934898,0.015283083077520132,3.483297768980265e-05,0.008091666037216783,0.007934374967589974,0.0005917079979553819,0.031935665057972074,0.07176316692493856,8.324999362230301e-05,0.16337937500793487,0.008740375051274896,0.17211975005920976,1.4582998119294643e-05,7.645797450095415e-05,0.08050354197621346,0.28448570787440985,0.4522792500210926
3278,random_3275,random_cycle_chord,20260823,crossing_rich,5,200,6,11,16,4.61411267473531,True,True,,perf/incremental-yamada-frontier-order,1d8374f42cccbb16d78d44100a65ca603d7d1997,3.14.7,macOS-26.6.2-arm64-arm-64bit-Mach-O,arm,0.04367541696410626,0.15477687504608184,0.04605304100550711,0.01201370800845325,0.013171999948099256,0.025840124930255115,6.599992047995329e-05,0.01344770798459649,0.014486041967757046,0.0016246250597760081,0.055464499862864614,0.1267547500319779,0.00010841700714081526,0.22346479096449912,0.03080924996174872,0.25427404092624784,3.2833078876137733e-05,0.00018258404452353716,0.1575639999937266,0.3560162920039147,0.5843587920535356
3279,random_3276,random_cycle_chord,20260823,crossing_rich,2,200,4,9,12,6.075446189391318,True,True,,perf/incremental-yamada-frontier-order,1d8374f42cccbb16d78d44100a65ca603d7d1997,3.14.7,macOS-26.6.2-arm64-arm-64bit-Mach-O,arm,0.04374670796096325,0.16638662503100932,0.05931183404754847,0.009335041977465153,0.010467416956089437,0.01954266708344221,6.37079356238246e-05,0.010306667070835829,0.010450916946865618,0.0009689999278634787,0.04133295896463096,0.12048820906784385,9.170908015221357e-05,0.25949133408721536,0.020454333047382534,0.2799456671345979,4.700000863522291e-05,0.00015604204963892698,0.1409425421152264,0.35107587510719895,0.615310333087109
3280,random_3277,random_cycle_chord,20260823,crossing_rich,4,200,5,11,15,4.637202277902699,True,True,,perf/incremental-yamada-frontier-order,1d8374f42cccbb16d78d44100a65ca603d7d1997,3.14.7,macOS-26.6.2-arm64-arm-64bit-Mach-O,arm,0.04861229192465544,0.300814124988392,0.06237087503541261,0.013050791923888028,0.013906124979257584,0.02923604194074869,8.491694461554289e-05,0.014445250038988888,0.014489666908048093,0.0015149160753935575,0.059770791907794774,0.14923987502697855,0.0001259170239791274,0.23827049997635186,0.07982295798137784,0.3180934579577297,3.999995533376932e-05,0.0005825830157846212,0.2290628330083564,0.5784892499214038,0.8245693750213832
3281,random_3278,random_cycle_chord,20260823,crossing_rich,4,200,5,10,14,5.3863554994101905,True,True,,perf/incremental-yamada-frontier-order,1d8374f42cccbb16d78d44100a65ca603d7d1997,3.14.7,macOS-26.6.2-arm64-arm-64bit-Mach-O,arm,0.05868658295366913,0.19878774997778237,0.06779779202770442,0.012830207939259708,0.013296624994836748,0.025266416952945292,5.879194941371679e-05,0.013830333016812801,0.014668916934169829,0.001463875058107078,0.05528833391144872,0.14929629198741168,0.00013454200234264135,0.20942700002342463,0.028119666036218405,0.23754666605964303,2.7959002181887627e-05,0.0001717499690130353,0.17741595802363008,0.4348902909550816,0.6497118750121444
3282,random_3279,random_cycle_chord,20260823,crossing_rich,4,200,5,9,13,6.076981475053674,True,True,,perf/incremental-yamada-frontier-order,1d8374f42cccbb16d78d44100a65ca603d7d1997,3.14.7,macOS-26.6.2-arm64-arm-64bit-Mach-O,arm,0.04765325004700571,0.16378445900045335,0.06525274994783103,0.010836874949745834,0.011713790940120816,0.023046875023283064,4.0041981264948845e-05,0.01194441702682525,0.01267412502784282,0.001406625029630959,0.04911208408884704,0.13695154094602913,8.875003550201654e-05,0.18705149996094406,0.027161916019394994,0.21421341598033905,2.6333029381930828e-05,0.00016941700596362352,0.16411345696542412,0.3755511660128832,0.5673745409585536
3283,random_3280,random_cycle_chord,20260823,crossing_rich,6,200,6,10,15,5.620341102051412,True,True,,perf/incremental-yamada-frontier-order,1d8374f42cccbb16d78d44100a65ca603d7d1997,3.14.7,macOS-26.6.2-arm64-arm-64bit-Mach-O,arm,0.049735291046090424,0.16220041702035815,0.06563741702120751,0.011957374983467162,0.013321458944119513,0.026361374999396503,4.937499761581421e-05,0.013731166021898389,0.014623499941080809,0.0017966249724850059,0.05656204093247652,0.1475240410072729,0.00023487501312047243,0.20978387503419071,0.03412804193794727,0.243911916972138,2.9250048100948334e-05,0.00018145807553082705,0.18165208294522017,0.39358779101166874,0.6089073750190437
3284,random_3281,random_cycle_chord,20260823,crossing_rich,2,200,4,9,12,6.079864488416984,True,True,,perf/incremental-yamada-frontier-order,1d8374f42cccbb16d78d44100a65ca603d7d1997,3.14.7,macOS-26.6.2-arm64-arm-64bit-Mach-O,arm,0.040276290965266526,0.15020775003358722,0.051014333963394165,0.008610834018327296,0.00913474999833852,0.01805116597097367,2.9957969672977924e-05,0.009359500021673739,0.009722957969643176,0.0009131669066846371,0.0380767488386482,0.10686341591645032,7.258402183651924e-05,0.1572166670812294,0.0161896669305861,0.1734063340118155,1.9290950149297714e-05,0.00010420801118016243,0.12305308284703642,0.31353712384589016,0.4749054580461234
3285,random_3282,random_cycle_chord,20260823,baseline,0,200,3,10,12,4.630544193122186,True,True,,perf/incremental-yamada-frontier-order,1d8374f42cccbb16d78d44100a65ca603d7d1997,3.14.7,macOS-26.6.2-arm64-arm-64bit-Mach-O,arm,0.030858707963488996,0.14810975000727922,0.021320750005543232,0.006673499941825867,0.00659716606605798,0.012967374990694225,2.2249994799494743e-05,0.00672016607131809,0.0068902920465916395,0.0005692499689757824,0.02716933307237923,0.061780374962836504,6.308301817625761e-05,0.15093741693999618,0.008586958982050419,0.1595243759220466,1.3584038242697716e-05,6.716698408126831e-05,0.07036733394488692,0.24933579191565514,0.4042995839845389
3286,random_3283,random_cycle_chord,20260823,crossing_rich,5,200,5,9,13,4.330602110695049,True,True,,perf/incremental-yamada-frontier-order,1d8374f42cccbb16d78d44100a65ca603d7d1997,3.14.7,macOS-26.6.2-arm64-arm-64bit-Mach-O,arm,0.03336154203861952,0.14786408306099474,0.04786987497936934,0.011714499909430742,0.013117957976646721,0.026156874955631793,7.824995554983616e-05,0.013681167038157582,0.014251916902139783,0.00149425002746284,0.055662458878941834,0.12842275004368275,0.00012524996418505907,0.18648145906627178,0.030025416053831577,0.21650687512010336,2.9791961424052715e-05,0.0001645830925554037,0.15844816609751433,0.3396737911971286,0.5309185419464484
3287,random_3284,random_cycle_chord,20260823,crossing_rich,5,200,5,8,12,4.124578350164349,True,True,,perf/incremental-yamada-frontier-order,1d8374f42cccbb16d78d44100a65ca603d7d1997,3.14.7,macOS-26.6.2-arm64-arm-64bit-Mach-O,arm,0.031249709078110754,0.15938958304468542,0.044889583019539714,0.014903250033967197,0.01610033307224512,0.0312214590376243,9.287497960031033e-05,0.015883916057646275,0.016458708909340203,0.0016010419931262732,0.06525800097733736,0.14123462501447648,0.00029320898465812206,0.1862572079990059,0.03157566697336733,0.21783287497237325,2.8499984182417393e-05,0.0001699170097708702,0.1728102919878438,0.36344958411064,0.5548265828983858
3288,random_3285,random_cycle_chord,20260823,crossing_rich,5,200,5,10,14,4.098593818633184,True,True,,perf/incremental-yamada-frontier-order,1d8374f42cccbb16d78d44100a65ca603d7d1997,3.14.7,macOS-26.6.2-arm64-arm-64bit-Mach-O,arm,0.039370750077068806,0.16167979198507965,0.04666229197755456,0.011485334020107985,0.01272920798510313,0.025125708081759512,3.9958045817911625e-05,0.01292995794210583,0.013793874997645617,0.0014964579604566097,0.05338595702778548,0.12430008396040648,0.00010237505193799734,0.19250679190736264,0.032124958001077175,0.22463174990843982,2.8999987989664078e-05,0.00017725001089274883,0.15642504196148366,0.3574755840236321,0.5555714579531923
3289,random_3286,random_cycle_chord,20260823,crossing_rich,8,200,7,13,19,4.36759936970654,True,True,,perf/incremental-yamada-frontier-order,1d8374f42cccbb16d78d44100a65ca603d7d1997,3.14.7,macOS-26.6.2-arm64-arm-64bit-Mach-O,arm,0.0522771670948714,0.16254604200366884,0.05142466595862061,0.0171403749845922,0.017535208025947213,0.03439341706689447,7.604190614074469e-05,0.01775174995418638,0.018761874991469085,0.0021178750321269035,0.07310095895081758,0.1592589169740677,0.00012712494935840368,0.30877025006338954,0.05201966699678451,0.36078991706017405,4.116701893508434e-05,0.00024008308537304401,0.2112785839708522,0.42610179306939244,0.7403758330037817
3290,random_3287,random_cycle_chord,20260823,crossing_rich,6,200,6,11,16,5.222928049043503,True,True,,perf/incremental-yamada-frontier-order,1d8374f42cccbb16d78d44100a65ca603d7d1997,3.14.7,macOS-26.6.2-arm64-arm-64bit-Mach-O,arm,0.05193008400965482,0.1729611250339076,0.05805970809888095,0.01634037506300956,0.015825541922822595,0.030260041006840765,5.729100666940212e-05,0.015808291966095567,0.016487249988131225,0.0017760000191628933,0.06438887398689985,0.15466320898849517,0.00010874995496124029,0.23397358297370374,0.03129399998579174,0.2652675829594955,3.075005952268839e-05,0.0001901249634101987,0.1859572089742869,0.4108484180178493,0.6503986669704318
3291,random_3288,random_cycle_chord,20260823,crossing_rich,5,200,5,8,12,4.218499837470143,True,True,,perf/incremental-yamada-frontier-order,1d8374f42cccbb16d78d44100a65ca603d7d1997,3.14.7,macOS-26.6.2-arm64-arm-64bit-Mach-O,arm,0.03298991592600942,0.1806389590492472,0.05014583305455744,0.011765459086745977,0.01324216602370143,0.026282541919499636,3.99160198867321e-05,0.013534749974496663,0.014292165986262262,0.001415999955497682,0.055565373855642974,0.13075554207898676,0.0002756250323727727,0.29394450003746897,0.029768000007607043,0.323712500045076,2.775003667920828e-05,0.0001634169602766633,0.1605235420865938,0.37415241706185043,0.6727824159897864
3292,random_3289,random_cycle_chord,20260823,baseline,0,200,4,14,17,4.293836213285805,True,True,,perf/incremental-yamada-frontier-order,1d8374f42cccbb16d78d44100a65ca603d7d1997,3.14.7,macOS-26.6.2-arm64-arm-64bit-Mach-O,arm,0.04575291706714779,0.16509499994572252,0.02485316595993936,0.00872108293697238,0.009230416966602206,0.01759333291556686,3.5917037166655064e-05,0.009031833033077419,0.009368375060148537,0.0008210409432649612,0.036850498989224434,0.07969516701996326,8.891697507351637e-05,0.22736974991858006,0.01190433301962912,0.23927408293820918,1.9417027942836285e-05,9.329209569841623e-05,0.09159950003959239,0.3024474170524627,0.5346096670255065
3293,random_3290,random_cycle_chord,20260823,crossing_rich,5,200,5,8,12,4.124580985003291,True,True,,perf/incremental-yamada-frontier-order,1d8374f42cccbb16d78d44100a65ca603d7d1997,3.14.7,macOS-26.6.2-arm64-arm-64bit-Mach-O,arm,0.031171833048574626,0.1536109170410782,0.040907833026722074,0.011346125043928623,0.012793957954272628,0.025393499992787838,3.937492147088051e-05,0.01308758300729096,0.013772332924418151,0.0013574999757111073,0.053650290821678936,0.11873520899098366,0.00018316600471735,0.16527412505820394,0.02710070798639208,0.19237483304459602,2.4082954041659832e-05,0.00014554208610206842,0.14583591697737575,0.3306186670670286,0.5005516249220818
3294,random_3291,random_cycle_chord,20260823,baseline,0,200,3,9,11,5.400371222333343,True,True,,perf/incremental-yamada-frontier-order,1d8374f42cccbb16d78d44100a65ca603d7d1997,3.14.7,macOS-26.6.2-arm64-arm-64bit-Mach-O,arm,0.03219241590704769,0.1476592500694096,0.023968250025063753,0.006505999946966767,0.006370041985064745,0.01249104191083461,2.1625077351927757e-05,0.006724249920807779,0.0068644999992102385,0.0006011659279465675,0.026702582836151123,0.0635666250018403,7.937499321997166e-05,0.14620420802384615,0.009281166945584118,0.15548537496943027,1.4416989870369434e-05,7.783400360494852e-05,0.07284779194742441,0.2526994579238817,0.4029893749393523
3295,random_3292,random_cycle_chord,20260823,crossing_rich,5,200,5,10,14,4.091628514490288,True,True,,perf/incremental-yamada-frontier-order,1d8374f42cccbb16d78d44100a65ca603d7d1997,3.14.7,macOS-26.6.2-arm64-arm-64bit-Mach-O,arm,0.03504083293955773,0.1478991670301184,0.03860541607718915,0.010380832944065332,0.011889209039509296,0.02337700000498444,3.687490243464708e-05,0.012105084024369717,0.012867542100138962,0.0013847079826518893,0.049771209014579654,0.11068141600117087,8.02499707788229e-05,0.18567933305166662,0.028199000051245093,0.2138783331029117,2.391706220805645e-05,0.00015174993313848972,0.13888041605241597,0.3218204160220921,0.5118801660137251
3296,random_3293,random_cycle_chord,20260823,baseline,0,200,4,10,13,4.654191955204854,True,True,,perf/incremental-yamada-frontier-order,1d8374f42cccbb16d78d44100a65ca603d7d1997,3.14.7,macOS-26.6.2-arm64-arm-64bit-Mach-O,arm,0.034137042006477714,0.14812233299016953,0.022843874990940094,0.007552542025223374,0.007698707981035113,0.015114833018742502,2.9540969990193844e-05,0.007870832923799753,0.008191292057745159,0.0008219589944928885,0.032028457964770496,0.07015045790467411,7.05840066075325e-05,0.16672049998305738,0.01126808300614357,0.17798858298920095,1.837499439716339e-05,8.308305405080318e-05,0.08141854091081768,0.2636779159074649,0.4345515000168234
3297,random_3294,random_cycle_chord,20260823,crossing_rich,4,200,5,9,13,6.075676932923408,True,True,,perf/incremental-yamada-frontier-order,1d8374f42cccbb16d78d44100a65ca603d7d1997,3.14.7,macOS-26.6.2-arm64-arm-64bit-Mach-O,arm,0.04189949994906783,0.15058954199776053,0.05646429199259728,0.010000042035244405,0.011183249996975064,0.022069541970267892,3.85830644518137e-05,0.011421041912399232,0.012084083049558103,0.0013606658903881907,0.04697391588706523,0.12465645803604275,8.129200432449579e-05,0.17479691607877612,0.02699533407576382,0.20179225015453994,2.433406189084053e-05,0.00014987506438046694,0.15165179211180657,0.34414083405863494,0.5234956669155508
3298,random_3295,random_cycle_chord,20260823,baseline,0,200,3,8,10,6.171142031166654,True,True,,perf/incremental-yamada-frontier-order,1d8374f42cccbb16d78d44100a65ca603d7d1997,3.14.7,macOS-26.6.2-arm64-arm-64bit-Mach-O,arm,0.032767207943834364,0.1478452499723062,0.031536499969661236,0.0066137079847976565,0.006676584016531706,0.013101082993671298,2.145895268768072e-05,0.006818333989940584,0.007007209002040327,0.0005804590182378888,0.027528543956577778,0.07237383408937603,5.6958990171551704e-05,0.128267916967161,0.009231667034327984,0.13749958400148898,1.4040968380868435e-05,7.24580604583025e-05,0.08160550112370402,0.2622179590398446,0.39448899996932596
3299,random_3296,random_cycle_chord,20260823,crossing_rich,5,200,5,8,12,4.130080698632878,True,True,,perf/incremental-yamada-frontier-order,1d8374f42cccbb16d78d44100a65ca603d7d1997,3.14.7,macOS-26.6.2-arm64-arm-64bit-Mach-O,arm,0.030494124977849424,0.14807312504854053,0.03926458302885294,0.01071404095273465,0.012524457997642457,0.024693500017747283,3.63329891115427e-05,0.0127556670922786,0.013474124949425459,0.001390625024214387,0.05235025007277727,0.11488545802421868,0.0001967080170288682,0.16094562492799014,0.027064042049460113,0.18800966697745025,2.37500062212348e-05,0.00015154201537370682,0.1419495000736788,0.32051675010006875,0.48587162501644343
3300,random_3297,random_cycle_chord,20260823,baseline,0,200,3,8,10,6.176797096802425,True,True,,perf/incremental-yamada-frontier-order,1d8374f42cccbb16d78d44100a65ca603d7d1997,3.14.7,macOS-26.6.2-arm64-arm-64bit-Mach-O,arm,0.033242917037568986,0.15753483399748802,0.03097304201219231,0.006700666039250791,0.006631792057305574,0.013014834024943411,2.445792779326439e-05,0.006776042049750686,0.00699545897077769,0.000589667004533112,0.027400459977798164,0.0717253340408206,6.070896051824093e-05,0.12847020803019404,0.009435459040105343,0.1379056670702994,1.616694498807192e-05,7.933401502668858e-05,0.08116079308092594,0.27193854411598295,0.4045202500419691
3301,random_3298,random_cycle_chord,20260823,baseline,0,200,3,11,13,4.065598932509219,True,True,,perf/incremental-yamada-frontier-order,1d8374f42cccbb16d78d44100a65ca603d7d1997,3.14.7,macOS-26.6.2-arm64-arm-64bit-Mach-O,arm,0.03227587498258799,0.14758400002028793,0.019615125027485192,0.006674667005427182,0.006680625025182962,0.013067374937236309,2.1542073227465153e-05,0.006788125028833747,0.0069518330274149776,0.0005477910162881017,0.0273766660830006,0.060366166988387704,6.645801477134228e-05,0.1661959169432521,0.008898874977603555,0.17509479192085564,1.4166929759085178e-05,6.879109423607588e-05,0.06926504196599126,0.24912491696886718,0.4193424159893766
3302,random_3299,random_cycle_chord,20260823,crossing_rich,2,200,4,9,12,5.6507393300490785,True,True,,perf/incremental-yamada-frontier-order,1d8374f42cccbb16d78d44100a65ca603d7d1997,3.14.7,macOS-26.6.2-arm64-arm-64bit-Mach-O,arm,0.03630358399823308,0.14768875006120652,0.0486923340940848,0.008373917080461979,0.008775957976467907,0.017275042016990483,2.8959009796380997e-05,0.008991584065370262,0.009399209055118263,0.0009206249378621578,0.036615419085137546,0.10248416604008526,7.850001566112041e-05,0.15725254197604954,0.01678920804988593,0.17404175002593547,1.8625054508447647e-05,0.00010483409278094769,0.11927337408997118,0.3032657081494108,0.4646701669553295
3303,random_3300,random_cycle_chord,20260823,crossing_rich,5,200,5,8,12,4.110330399499689,True,True,,perf/incremental-yamada-frontier-order,1d8374f42cccbb16d78d44100a65ca603d7d1997,3.14.7,macOS-26.6.2-arm64-arm-64bit-Mach-O,arm,0.030220375047065318,0.14814920898061246,0.03914462495595217,0.010762249934487045,0.012511917040683329,0.024705207906663418,3.666698466986418e-05,0.012753250077366829,0.013440708047710359,0.0013534999452531338,0.052289332961663604,0.11474145902320743,0.00018041697330772877,0.16169708396773785,0.027442750055342913,0.18913983402308077,2.3374916054308414e-05,0.0001479169586673379,0.14218420907855034,0.3205537931062281,0.4867344159865752
3304,random_3301,random_cycle_chord,20260823,baseline,0,200,3,10,12,5.626721050908077,True,True,,perf/incremental-yamada-frontier-order,1d8374f42cccbb16d78d44100a65ca603d7d1997,3.14.7,macOS-26.6.2-arm64-arm-64bit-Mach-O,arm,0.03578170808032155,0.14797079202253371,0.02702087489888072,0.006745874998159707,0.006970499991439283,0.013737209024839103,2.133403904736042e-05,0.007153167040087283,0.007298874901607633,0.0005491669289767742,0.028759751934558153,0.0695169169921428,6.566708907485008e-05,0.15197004098445177,0.008822624920867383,0.16079266590531915,1.3541895896196365e-05,6.387510802596807e-05,0.07833954191301018,0.26209204201586545,0.4180637920508161
3305,random_3302,random_cycle_chord,20260823,crossing_rich,5,200,5,8,12,4.2180048092883595,True,True,,perf/incremental-yamada-frontier-order,1d8374f42cccbb16d78d44100a65ca603d7d1997,3.14.7,macOS-26.6.2-arm64-arm-64bit-Mach-O,arm,0.03069983294699341,0.1479145420016721,0.04249658400658518,0.010656875092536211,0.012450875015929341,0.024659291957505047,3.650004509836435e-05,0.01275649992749095,0.013449917081743479,0.0013633749913424253,0.052265584003180265,0.11790362489409745,0.00017291703261435032,0.2611710410565138,0.027037999941967428,0.2882090409984812,2.3125088773667812e-05,0.00014379096683114767,0.14494162483606488,0.3235559997847304,0.5888792920159176
3306,random_3303,random_cycle_chord,20260823,crossing_rich,4,200,5,8,12,6.598137865286871,True,True,,perf/incremental-yamada-frontier-order,1d8374f42cccbb16d78d44100a65ca603d7d1997,3.14.7,macOS-26.6.2-arm64-arm-64bit-Mach-O,arm,0.04302958294283599,0.14856279094237834,0.06721849995665252,0.009572666953317821,0.010704000014811754,0.021000875043682754,3.7291902117431164e-05,0.010921791894361377,0.011672458029352129,0.0014047500444576144,0.045037166913971305,0.13256454200018197,0.00015770795289427042,0.1591702919686213,0.02621562499552965,0.18538591696415097,2.4290988221764565e-05,0.00015195796731859446,0.15878016699571162,0.35037254088092595,0.5141488329973072
3307,random_3304,random_cycle_chord,20260823,baseline,0,200,3,9,11,5.408828154821482,True,True,,perf/incremental-yamada-frontier-order,1d8374f42cccbb16d78d44100a65ca603d7d1997,3.14.7,macOS-26.6.2-arm64-arm-64bit-Mach-O,arm,0.032091750064864755,0.14771429100073874,0.023448667023330927,0.006462582969106734,0.006437166943214834,0.012680333922617137,2.174999099224806e-05,0.006582582951523364,0.006734207971021533,0.0005428340518847108,0.026561708888038993,0.0629298749845475,6.074993871152401e-05,0.14130587491672486,0.008689958020113409,0.14999583293683827,1.3750046491622925e-05,6.666604895144701e-05,0.0716198330046609,0.2514258740702644,0.39675195899326354
3308,random_3305,random_cycle_chord,20260823,baseline,0,200,3,8,10,6.216267333069134,True,True,,perf/incremental-yamada-frontier-order,1d8374f42cccbb16d78d44100a65ca603d7d1997,3.14.7,macOS-26.6.2-arm64-arm-64bit-Mach-O,arm,0.03295858309138566,0.1480819999706,0.03206987492740154,0.006591291981749237,0.0066708329832181334,0.013121374999172986,2.1792016923427582e-05,0.006848208955489099,0.00700704101473093,0.0005727499956265092,0.02757116698194295,0.07292220904491842,5.420797970145941e-05,0.1281405419576913,0.009157167049124837,0.13729770900681615,1.3999990187585354e-05,6.933393888175488e-05,0.08207937609404325,0.2631199591560289,0.39525504200719297
3309,random_3306,random_cycle_chord,20260823,crossing_rich,4,200,5,8,12,6.58385695418935,True,True,,perf/incremental-yamada-frontier-order,1d8374f42cccbb16d78d44100a65ca603d7d1997,3.14.7,macOS-26.6.2-arm64-arm-64bit-Mach-O,arm,0.04311133292503655,0.14850212493911386,0.0672340840101242,0.009561292012222111,0.010629417025484145,0.020984790986403823,3.5708071663975716e-05,0.010849166894331574,0.011676458991132677,0.001432624994777143,0.04497874993830919,0.13243645802140236,0.0001592080807313323,0.16190420801285654,0.027557083987630904,0.18946129200048745,2.437504008412361e-05,0.00015420804265886545,0.15999354200903326,0.35160699987318367,0.5179705419577658
3310,random_3307,random_cycle_chord,20260823,crossing_rich,5,200,5,8,12,4.1875255085670435,True,True,,perf/incremental-yamada-frontier-order,1d8374f42cccbb16d78d44100a65ca603d7d1997,3.14.7,macOS-26.6.2-arm64-arm-64bit-Mach-O,arm,0.030174250015988946,0.1484220839338377,0.041302916943095624,0.010673124925233424,0.012469958048313856,0.024635665933601558,3.700004890561104e-05,0.012731000082567334,0.013432290987111628,0.0013308750931173563,0.05216683214530349,0.11664662498515099,0.00015891599468886852,0.1614598339656368,0.026224917033687234,0.18768475099932402,2.362497616559267e-05,0.0001440409105271101,0.14287154201883823,0.3214678759686649,0.48754791694227606
3311,random_3308,random_cycle_chord,20260823,baseline,0,200,3,8,10,6.167675205084703,True,True,,perf/incremental-yamada-frontier-order,1d8374f42cccbb16d78d44100a65ca603d7d1997,3.14.7,macOS-26.6.2-arm64-arm-64bit-Mach-O,arm,0.032986292033456266,0.1479796669445932,0.0347275830572471,0.006590334000065923,0.006658375030383468,0.013194874976761639,2.1332991309463978e-05,0.006828709039837122,0.006971499999053776,0.0005319579504430294,0.02754837495740503,0.07554308301769197,5.5999960750341415e-05,0.13082304201088846,0.008590250043198466,0.13941329205408692,1.4583929441869259e-05,7.37080117687583e-05,0.08413333306089044,0.2650992920389399,0.39997641602531075
3312,random_3309,random_cycle_chord,20260823,crossing_rich,2,200,4,8,11,6.4320070713538415,True,True,,perf/incremental-yamada-frontier-order,1d8374f42cccbb16d78d44100a65ca603d7d1997,3.14.7,macOS-26.6.2-arm64-arm-64bit-Mach-O,arm,0.039278000011108816,0.1487963330000639,0.05548108299262822,0.008354249992407858,0.008916790946386755,0.017666915897279978,3.004202153533697e-05,0.00912558299023658,0.00950837496202439,0.0008809999562799931,0.03721191582735628,0.10998962493613362,6.800005212426186e-05,0.14763729111291468,0.015084957936778665,0.16272224904969335,1.8749968148767948e-05,9.712495375424623e-05,0.1250745828729123,0.313148915884085,0.46491783298552036
3313,random_3310,random_cycle_chord,20260823,baseline,0,200,4,11,14,4.121472987934543,True,True,,perf/incremental-yamada-frontier-order,1d8374f42cccbb16d78d44100a65ca603d7d1997,3.14.7,macOS-26.6.2-arm64-arm-64bit-Mach-O,arm,0.03418304200749844,0.14782462501898408,0.01985333301126957,0.0074888329254463315,0.00766245904378593,0.01510137494187802,2.90420139208436e-05,0.007863834034651518,0.008104625041596591,0.0007424169452860951,0.03184129297733307,0.06687266705557704,7.38329254090786e-05,0.1819614169653505,0.011606749962083995,0.1935681669274345,2.0165927708148956e-05,8.962501306086779e-05,0.07847941701766104,0.26048708404414356,0.4466442089760676
3314,random_3311,random_cycle_chord,20260823,baseline,0,200,4,14,17,4.293773913999795,True,True,,perf/incremental-yamada-frontier-order,1d8374f42cccbb16d78d44100a65ca603d7d1997,3.14.7,macOS-26.6.2-arm64-arm-64bit-Mach-O,arm,0.04185516689904034,0.14815700007602572,0.022208749898709357,0.00746595801319927,0.00763916689902544,0.015008207992650568,2.875004429370165e-05,0.007841250044293702,0.008081207983195782,0.0007340000011026859,0.03169341606553644,0.06903354194946587,7.925007957965136e-05,0.22491429198998958,0.011093207984231412,0.236007499974221,1.966708805412054e-05,8.62079905346036e-05,0.08012674993369728,0.27013891690876335,0.4992414170410484
3315,random_3312,random_cycle_chord,20260823,baseline,0,200,4,15,18,4.046216781224081,True,True,,perf/incremental-yamada-frontier-order,1d8374f42cccbb16d78d44100a65ca603d7d1997,3.14.7,macOS-26.6.2-arm64-arm-64bit-Mach-O,arm,0.043491499964147806,0.14768149994779378,0.02117491594981402,0.007395041990093887,0.007578582968562841,0.014909000019542873,2.962502185255289e-05,0.007794541073963046,0.008040582993999124,0.0007649160688742995,0.031538665178231895,0.06771333294454962,8.337502367794514e-05,0.2395269579719752,0.012323874980211258,0.25185083295218647,1.9458006136119366e-05,9.012501686811447e-05,0.08003720792476088,0.27121020783670247,0.5149240829050541
3316,random_3313,random_cycle_chord,20260823,crossing_rich,6,200,6,14,19,4.290055791813102,True,True,,perf/incremental-yamada-frontier-order,1d8374f42cccbb16d78d44100a65ca603d7d1997,3.14.7,macOS-26.6.2-arm64-arm-64bit-Mach-O,arm,0.04990070895291865,0.15383125003427267,0.06049462500959635,0.02120600000489503,0.01530874997843057,0.030364374979399145,9.08339861780405e-05,0.01584295800421387,0.016366500058211386,0.0018512089736759663,0.06451587600167841,0.1615980409551412,0.00013874995056539774,0.2600939580006525,0.034984500030986965,0.29507845803163946,3.770901821553707e-05,0.00020583404693752527,0.19658254098612815,0.40031449997331947,0.6670856249984354
3317,random_3314,random_cycle_chord,20260823,baseline,0,200,4,10,13,4.645563564685175,True,True,,perf/incremental-yamada-frontier-order,1d8374f42cccbb16d78d44100a65ca603d7d1997,3.14.7,macOS-26.6.2-arm64-arm-64bit-Mach-O,arm,0.035147791961207986,0.1492297089425847,0.0234526249114424,0.007575000054202974,0.007737834006547928,0.015250541968271136,3.0499999411404133e-05,0.007910000043921173,0.008293582941405475,0.0007574589690193534,0.03224208392202854,0.07103383401408792,8.07089963927865e-05,0.17445633397437632,0.012112666969187558,0.18656900094356388,2.274999860674143e-05,9.650003630667925e-05,0.08314650098327547,0.26752400188706815,0.4462734169792384
3318,random_3315,random_cycle_chord,20260823,baseline,0,200,3,10,12,4.686418942544189,True,True,,perf/incremental-yamada-frontier-order,1d8374f42cccbb16d78d44100a65ca603d7d1997,3.14.7,macOS-26.6.2-arm64-arm-64bit-Mach-O,arm,0.033345208037644625,0.17207033303566277,0.021578584099188447,0.006558833061717451,0.006342791020870209,0.012431500013917685,2.3417058400809765e-05,0.006517500034533441,0.006676875054836273,0.0005828329594805837,0.026232125121168792,0.06073279201518744,7.387495134025812e-05,0.15606920910067856,0.009105166071094573,0.16517437517177314,1.5958910807967186e-05,8.545792661607265e-05,0.06983795808628201,0.2752534991595894,0.4354289579205215
3319,random_3316,random_cycle_chord,20260823,baseline,0,200,4,11,14,4.058671226334938,True,True,,perf/incremental-yamada-frontier-order,1d8374f42cccbb16d78d44100a65ca603d7d1997,3.14.7,macOS-26.6.2-arm64-arm-64bit-Mach-O,arm,0.035400916007347405,0.14861787494737655,0.019156458089128137,0.007815791061148047,0.008190917083993554,0.01613016694318503,2.90420139208436e-05,0.008412959054112434,0.008627208997495472,0.0007411249680444598,0.03394050197675824,0.06913045898545533,7.466692477464676e-05,0.18059579201508313,0.012378624989651144,0.19297441700473428,2.2834050469100475e-05,9.283307008445263e-05,0.08150908397510648,0.26552787492983043,0.4512179170269519
3320,random_3317,random_cycle_chord,20260823,baseline,0,200,3,8,10,6.1451208003502416,True,True,,perf/incremental-yamada-frontier-order,1d8374f42cccbb16d78d44100a65ca603d7d1997,3.14.7,macOS-26.6.2-arm64-arm-64bit-Mach-O,arm,0.04369787499308586,0.19092762505169958,0.03885025007184595,0.008954957942478359,0.008314084028825164,0.015623749932274222,5.8582983911037445e-05,0.008194459020160139,0.00882004201412201,0.0006856250111013651,0.03338245896156877,0.08954858395736665,9.841693099588156e-05,0.16634791705291718,0.011571959010325372,0.17791987606324255,4.420895129442215e-05,0.00019158294890075922,0.10112054296769202,0.33574604301247746,0.507581708021462
3321,random_3318,random_cycle_chord,20260823,crossing_rich,5,200,5,9,13,4.191991508817948,True,True,,perf/incremental-yamada-frontier-order,1d8374f42cccbb16d78d44100a65ca603d7d1997,3.14.7,macOS-26.6.2-arm64-arm-64bit-Mach-O,arm,0.0387757079442963,0.16529533406719565,0.05007962498348206,0.01196329202502966,0.01306454197037965,0.02624545805156231,4.812492989003658e-05,0.01388104201760143,0.014837957918643951,0.0016043749637901783,0.056616957881487906,0.13176291703712195,0.00011491600889712572,0.20732166699599475,0.0340965409995988,0.24141820799559355,3.179209306836128e-05,0.00018770794849842787,0.16585945803672075,0.3699305000482127,0.582556042005308
3322,random_3319,random_cycle_chord,20260823,crossing_rich,2,200,4,9,12,6.080019266655981,True,True,,perf/incremental-yamada-frontier-order,1d8374f42cccbb16d78d44100a65ca603d7d1997,3.14.7,macOS-26.6.2-arm64-arm-64bit-Mach-O,arm,0.0500083330553025,0.17926108406390995,0.06694795796647668,0.01111962494906038,0.011193458107300103,0.020675874897278845,7.012509740889072e-05,0.010737292002886534,0.011070084059610963,0.0011121670249849558,0.04366554308217019,0.1330006670905277,0.00011916703078895807,0.19157900009304285,0.019954000017605722,0.21153300011064857,2.6833033189177513e-05,0.00013441697228699923,0.15295466710813344,0.3822240842273459,0.5796996250282973
3323,random_3320,random_cycle_chord,20260823,crossing_rich,3,200,4,8,11,4.23631846296574,True,True,,perf/incremental-yamada-frontier-order,1d8374f42cccbb16d78d44100a65ca603d7d1997,3.14.7,macOS-26.6.2-arm64-arm-64bit-Mach-O,arm,0.033727083005942404,0.18021166697144508,0.043127791956067085,0.011333083966746926,0.01203716709278524,0.023389584035612643,6.445799954235554e-05,0.012343541951850057,0.012943916022777557,0.0012330421013757586,0.04997454211115837,0.11654729209840298,0.00013420800678431988,0.18301283405162394,0.023632874945178628,0.20664570899680257,2.7749920263886452e-05,0.00013941701035946608,0.1401801670435816,0.3541189170209691,0.5422283750958741
3324,random_3321,random_cycle_chord,20260823,baseline,0,200,4,14,17,4.2947914329510235,True,True,,perf/incremental-yamada-frontier-order,1d8374f42cccbb16d78d44100a65ca603d7d1997,3.14.7,macOS-26.6.2-arm64-arm-64bit-Mach-O,arm,0.05187029100488871,0.17560829198919237,0.025358541985042393,0.009677500114776194,0.009679625043645501,0.018793666968122125,6.620795466005802e-05,0.009713583043776453,0.01016787497792393,0.0008862500544637442,0.03962758299894631,0.08439433295279741,0.00013804202899336815,0.24629933293908834,0.013434833032079041,0.2597341659711674,2.7292058803141117e-05,0.00011116696987301111,0.09782916598487645,0.32530774897895753,0.576816292013973
3325,random_3322,random_cycle_chord,20260823,baseline,0,200,4,11,14,4.060249605193572,True,True,,perf/incremental-yamada-frontier-order,1d8374f42cccbb16d78d44100a65ca603d7d1997,3.14.7,macOS-26.6.2-arm64-arm-64bit-Mach-O,arm,0.0396738750860095,0.17185229191090912,0.034904833999462426,0.012545165955089033,0.012091542012058198,0.027077625039964914,8.300004992634058e-05,0.01112733397167176,0.00997849996201694,0.0009358749957755208,0.049202334019355476,0.10881704196799546,0.00012279103975743055,0.23155945807229728,0.01603487494867295,0.24759433302097023,2.6209047064185143e-05,0.00010912504512816668,0.12485191691666842,0.33637808391358703,0.5733387919608504
3326,random_3323,random_cycle_chord,20260823,baseline,0,200,4,11,14,4.051956593385757,True,True,,perf/incremental-yamada-frontier-order,1d8374f42cccbb16d78d44100a65ca603d7d1997,3.14.7,macOS-26.6.2-arm64-arm-64bit-Mach-O,arm,0.04437129199504852,0.17771220800932497,0.08183545805513859,0.030789416981860995,0.03293833299539983,0.1120012499159202,0.00016483408398926258,0.02241933299228549,0.029464042047038674,0.001307041966356337,0.16535650100558996,0.31104987498838454,0.00019091705325990915,0.30998299992643297,0.023187124985270202,0.33317012491170317,4.6874978579580784e-05,0.00014458305668085814,0.33423699997365475,0.5563204999780282,0.8748977920040488
3327,random_3324,random_cycle_chord,20260823,baseline,0,200,3,10,12,5.621854385287938,True,True,,perf/incremental-yamada-frontier-order,1d8374f42cccbb16d78d44100a65ca603d7d1997,3.14.7,macOS-26.6.2-arm64-arm-64bit-Mach-O,arm,0.07121191604528576,0.2648767919745296,0.05846912506967783,0.015120625030249357,0.01584462495520711,0.027494917041622102,9.225006215274334e-05,0.013588374946266413,0.025517749949358404,0.002075916971080005,0.06876920897047967,0.15829016698990017,0.00025220902170985937,0.45894962502643466,0.017479624948464334,0.476429249974899,8.166604675352573e-05,0.00017429201398044825,0.1757697919383645,0.5118584999581799,0.9778498751111329
3328,random_3325,random_cycle_chord,20260823,crossing_rich,6,200,6,12,17,4.878156595785624,True,True,,perf/incremental-yamada-frontier-order,1d8374f42cccbb16d78d44100a65ca603d7d1997,3.14.7,macOS-26.6.2-arm64-arm-64bit-Mach-O,arm,0.09595370898023248,0.25840704108122736,0.07078179204836488,0.015812375000678003,0.018804750056006014,0.03626079100649804,0.00013441708870232105,0.02361775003373623,0.024892208981327713,0.003826458938419819,0.08873162604868412,0.19423462497070432,0.0001980409724637866,0.30179504095576704,0.037604750017635524,0.33939979097340256,3.479106817394495e-05,0.0002067089080810547,0.23183937498833984,0.5862001250497997,0.8941555409692228
3329,random_3326,random_cycle_chord,20260823,baseline,0,200,3,9,11,5.387031205272866,True,True,,perf/incremental-yamada-frontier-order,1d8374f42cccbb16d78d44100a65ca603d7d1997,3.14.7,macOS-26.6.2-arm64-arm-64bit-Mach-O,arm,0.03659849998075515,0.2154137500328943,0.03431862499564886,0.009733916027471423,0.009762250003404915,0.018578708986751735,3.175006713718176e-05,0.00966020894702524,0.009899583063088357,0.0007123340619727969,0.03888258512597531,0.0927266669459641,9.208300616592169e-05,0.22604304098058492,0.013713666936382651,0.23975670791696757,2.4416018277406693e-05,0.00010362500324845314,0.10644033388234675,0.3584525838959962,0.589773999992758
3330,random_3327,random_cycle_chord,20260823,baseline,0,200,4,15,18,4.044005275632669,True,True,,perf/incremental-yamada-frontier-order,1d8374f42cccbb16d78d44100a65ca603d7d1997,3.14.7,macOS-26.6.2-arm64-arm-64bit-Mach-O,arm,0.06646883394569159,0.20947341702412814,0.030591791961342096,0.010886500007472932,0.010264249984174967,0.020606292062439024,5.295907612890005e-05,0.01534495793748647,0.012217417010106146,0.0011863339459523559,0.049407960032112896,0.10122879093978554,0.00015474995598196983,0.34400320798158646,0.01735249999910593,0.3613557079806924,3.5082921385765076e-05,0.0001437499886378646,0.11858129093889147,0.3945235419087112,0.7444159579463303
3331,random_3328,random_cycle_chord,20260823,crossing_rich,5,200,5,8,12,4.196604372691697,True,True,,perf/incremental-yamada-frontier-order,1d8374f42cccbb16d78d44100a65ca603d7d1997,3.14.7,macOS-26.6.2-arm64-arm-64bit-Mach-O,arm,0.04420645895879716,0.20688037492800504,0.06068858306389302,0.01706770807504654,0.018600290990434587,0.03870095801539719,0.00011379097122699022,0.01973908394575119,0.020003083045594394,0.0026737500447779894,0.08123066602274776,0.177676499937661,0.0003565410152077675,0.3803917079931125,0.03266445908229798,0.4130561670754105,3.2540992833673954e-05,0.00017600005958229303,0.21034095901995897,0.46142779290676117,0.8478615420171991
3332,random_3329,random_cycle_chord,20260823,baseline,0,200,3,9,11,5.3856412037801595,True,True,,perf/incremental-yamada-frontier-order,1d8374f42cccbb16d78d44100a65ca603d7d1997,3.14.7,macOS-26.6.2-arm64-arm-64bit-Mach-O,arm,0.0384980000089854,0.18798529193736613,0.03128433309029788,0.00876804196741432,0.00845741608645767,0.016257249983027577,5.679205060005188e-05,0.008308416930958629,0.007979499991051853,0.0006313330959528685,0.03323329205159098,0.08179208403453231,0.00010929105337709188,0.18034420802723616,0.009725874988362193,0.19007008301559836,2.233404666185379e-05,8.916703518480062e-05,0.0915179590228945,0.31800125096924603,0.5030097499256954
3333,random_3330,random_cycle_chord,20260823,crossing_rich,4,200,5,10,14,5.617781510893986,True,True,,perf/incremental-yamada-frontier-order,1d8374f42cccbb16d78d44100a65ca603d7d1997,3.14.7,macOS-26.6.2-arm64-arm-64bit-Mach-O,arm,0.052624791976995766,0.20758875005412847,0.07061429193709046,0.013145208009518683,0.01442124997265637,0.03476754098664969,9.737501386553049e-05,0.016119625070132315,0.016350457910448313,0.0017118329415097833,0.06904683192260563,0.16727562504820526,0.00013512501027435064,0.35483879200182855,0.03378308308310807,0.3886218750849366,3.504101186990738e-05,0.00019191706087440252,0.20105870813131332,0.46127225016243756,0.8222542080329731
3334,random_3331,random_cycle_chord,20260823,baseline,0,200,4,10,13,4.651530856481129,True,True,,perf/incremental-yamada-frontier-order,1d8374f42cccbb16d78d44100a65ca603d7d1997,3.14.7,macOS-26.6.2-arm64-arm-64bit-Mach-O,arm,0.043954084045253694,0.18779174995142967,0.0289890420390293,0.010080166975967586,0.010424749925732613,0.020696917083114386,4.891701973974705e-05,0.011959750088863075,0.012891459045931697,0.0009889170760288835,0.04658596031367779,0.0961170409573242,0.00012099999003112316,0.21490416710730642,0.015015625045634806,0.22991979215294123,2.5499961338937283e-05,0.00011320807971060276,0.11113266600295901,0.34287849999964237,0.5631574169965461
3335,random_3332,random_cycle_chord,20260823,crossing_rich,5,200,5,8,12,4.20047877897479,True,True,,perf/incremental-yamada-frontier-order,1d8374f42cccbb16d78d44100a65ca603d7d1997,3.14.7,macOS-26.6.2-arm64-arm-64bit-Mach-O,arm,0.03989437501877546,0.18801820802036673,0.06036795803811401,0.014714459073729813,0.01524779200553894,0.02943262504413724,5.2749994210898876e-05,0.014682458946481347,0.015350959030911326,0.0016330840298905969,0.06115187704563141,0.15154979203362018,0.00032983405981212854,0.3029500829288736,0.0461687499191612,0.3491188328480348,4.295795224606991e-05,0.00018333399202674627,0.19771854195278138,0.42563112499192357,0.7335652500623837
3336,random_3333,random_cycle_chord,20260823,crossing_rich,5,200,5,9,13,4.373119324710245,True,True,,perf/incremental-yamada-frontier-order,1d8374f42cccbb16d78d44100a65ca603d7d1997,3.14.7,macOS-26.6.2-arm64-arm-64bit-Mach-O,arm,0.04019600001629442,0.1752417499665171,0.055369916022755206,0.016054249950684607,0.013962875003926456,0.027592541999183595,4.75000124424696e-05,0.014333374914713204,0.015201709000393748,0.001699000014923513,0.05887412594165653,0.14430204196833074,0.00010841700714081526,0.2129967500222847,0.03393970802426338,0.24693645804654807,3.3334014005959034e-05,0.00019179098308086395,0.17824174999259412,0.39367949997540563,0.6121087500359863
3337,random_3334,random_cycle_chord,20260823,crossing_rich,9,200,7,12,18,4.872388848724111,True,True,,perf/incremental-yamada-frontier-order,1d8374f42cccbb16d78d44100a65ca603d7d1997,3.14.7,macOS-26.6.2-arm64-arm-64bit-Mach-O,arm,0.061467083054594696,0.1817773749353364,0.06532266596332192,0.019223666982725263,0.019997040973976254,0.038899790961295366,8.749996777623892e-05,0.02017258293926716,0.022085499949753284,0.002590290969237685,0.08383566478732973,0.1884585419902578,0.0003415000392124057,0.42567795899230987,0.06989650009199977,0.49557445908430964,5.537504330277443e-05,0.00026700005400925875,0.25835504208225757,0.5015995000721887,0.9322524580638856
3338,random_3335,random_cycle_chord,20260823,crossing_rich,4,200,5,10,14,5.625798911438502,True,True,,perf/incremental-yamada-frontier-order,1d8374f42cccbb16d78d44100a65ca603d7d1997,3.14.7,macOS-26.6.2-arm64-arm-64bit-Mach-O,arm,0.04914083401672542,0.16443799994885921,0.05552741698920727,0.010863375035114586,0.012165082967840135,0.024338999995961785,5.437503568828106e-05,0.0127058329526335,0.013196583022363484,0.0013045830419287086,0.05160037404857576,0.130195084027946,0.00011024996638298035,0.29699833400081843,0.03214129095431417,0.3291396249551326,2.537504769861698e-05,0.0001341670285910368,0.16233637498226017,0.3759152089478448,0.67693204106763
3339,random_3336,random_cycle_chord,20260823,crossing_rich,2,200,4,10,13,5.154737259411852,True,True,,perf/incremental-yamada-frontier-order,1d8374f42cccbb16d78d44100a65ca603d7d1997,3.14.7,macOS-26.6.2-arm64-arm-64bit-Mach-O,arm,0.037315333960577846,0.14913308306131512,0.03881562501192093,0.00838091701734811,0.008912499994039536,0.017555749975144863,3.100000321865082e-05,0.00905983301345259,0.009480000007897615,0.0009239170467481017,0.03705050004646182,0.09318750002421439,8.408306166529655e-05,0.1703427080065012,0.016769582987762988,0.18711229099426419,1.8832972273230553e-05,0.0001087080454453826,0.10995708301197737,0.29640550003387034,0.47095766698475927
3340,random_3337,random_cycle_chord,20260823,crossing_rich,5,200,5,8,12,4.18924378409707,True,True,,perf/incremental-yamada-frontier-order,1d8374f42cccbb16d78d44100a65ca603d7d1997,3.14.7,macOS-26.6.2-arm64-arm-64bit-Mach-O,arm,0.03079808398615569,0.1634668749757111,0.03805883403401822,0.012370374985039234,0.01431625010445714,0.029103249893523753,7.916695903986692e-05,0.015038292040117085,0.015849582967348397,0.0015852920478209853,0.06165558390785009,0.12646449997555465,0.00024149997625499964,0.3179812909802422,0.0680920829763636,0.3860733739566058,4.741700831800699e-05,0.00023004203103482723,0.19455658295191824,0.38882154191378504,0.7119263340719044
3341,random_3338,random_cycle_chord,20260823,crossing_rich,6,200,6,10,15,5.628561085207542,True,True,,perf/incremental-yamada-frontier-order,1d8374f42cccbb16d78d44100a65ca603d7d1997,3.14.7,macOS-26.6.2-arm64-arm-64bit-Mach-O,arm,0.07866766606457531,0.2075874999864027,0.08087620895821601,0.01591574994381517,0.01739145803730935,0.03461816697381437,8.537503890693188e-05,0.017853375058621168,0.01980662497226149,0.002423750003799796,0.07478729204740375,0.18905325001105666,0.00034550006967037916,0.2986812919843942,0.04685000004246831,0.3455312920268625,4.812504630535841e-05,0.0002507920144125819,0.23590325005352497,0.522158416104503,0.827854709001258
3342,random_3339,random_cycle_chord,20260823,baseline,0,200,3,10,12,4.632197263222516,True,True,,perf/incremental-yamada-frontier-order,1d8374f42cccbb16d78d44100a65ca603d7d1997,3.14.7,macOS-26.6.2-arm64-arm-64bit-Mach-O,arm,0.0389672500314191,0.17711358307860792,0.02985816600266844,0.008262499934062362,0.0085173329571262,0.016190499998629093,6.354099605232477e-05,0.008421209058724344,0.008654415956698358,0.0006832920480519533,0.03401295805815607,0.08071537502110004,0.00010624993592500687,0.18518316699191928,0.011948290979489684,0.19713145797140896,1.8832972273230553e-05,9.099999442696571e-05,0.09266366600058973,0.30874449911061674,0.4987397090299055
3343,random_3340,random_cycle_chord,20260823,crossing_rich,2,200,4,10,13,5.6239527820611555,True,True,,perf/incremental-yamada-frontier-order,1d8374f42cccbb16d78d44100a65ca603d7d1997,3.14.7,macOS-26.6.2-arm64-arm-64bit-Mach-O,arm,0.04726991697680205,0.1725641250377521,0.0575719999615103,0.010019584093242884,0.010289416997693479,0.020348291960544884,8.329201955348253e-05,0.010652665980160236,0.010700125014409423,0.0010784579208120704,0.042862832895480096,0.12080641696229577,0.00010525004472583532,0.2076463750563562,0.02044374996330589,0.22809012501966208,2.816703636199236e-05,0.0001276669790968299,0.14125016692560166,0.3610842089401558,0.5739122499944642
3344,random_3341,random_cycle_chord,20260823,crossing_rich,2,200,4,8,11,6.602011231608021,True,True,,perf/incremental-yamada-frontier-order,1d8374f42cccbb16d78d44100a65ca603d7d1997,3.14.7,macOS-26.6.2-arm64-arm-64bit-Mach-O,arm,0.04588195902761072,0.23859495809301734,0.06748570792842656,0.010101582971401513,0.00993774994276464,0.019458957947790623,3.5415985621511936e-05,0.010132625000551343,0.010649167001247406,0.0011421251110732555,0.04141829104628414,0.12897674995474517,8.49580392241478e-05,0.164167582988739,0.019744459073990583,0.1839120420627296,2.4333014152944088e-05,0.00013433292042464018,0.14872120902873576,0.4331981261493638,0.602283374988474
3345,random_3342,random_cycle_chord,20260823,baseline,0,200,4,11,14,4.056670373162428,True,True,,perf/incremental-yamada-frontier-order,1d8374f42cccbb16d78d44100a65ca603d7d1997,3.14.7,macOS-26.6.2-arm64-arm-64bit-Mach-O,arm,0.03760687506292015,0.18557220790535212,0.02611287508625537,0.008609959040768445,0.008566374890506268,0.01670591696165502,4.6874978579580784e-05,0.008896333980374038,0.00897099997382611,0.0008357079932466149,0.035455833887681365,0.07878829096443951,0.00010750000365078449,0.21865091600921005,0.01351191708818078,0.23216283309739083,3.004097379744053e-05,0.00012154108844697475,0.09230020805262029,0.31547929102089256,0.539002374978736
3346,random_3343,random_cycle_chord,20260823,crossing_rich,5,200,5,8,12,4.172245168075762,True,True,,perf/incremental-yamada-frontier-order,1d8374f42cccbb16d78d44100a65ca603d7d1997,3.14.7,macOS-26.6.2-arm64-arm-64bit-Mach-O,arm,0.03446429199539125,0.1679317499510944,0.04116637504193932,0.012441584025509655,0.01390362496022135,0.027295166975818574,5.779101047664881e-05,0.014702833956107497,0.015218417043797672,0.0016136670019477606,0.05888787598814815,0.12644070794340223,0.00021283305250108242,0.3101136659970507,0.044165667030029,0.3542793330270797,5.17918961122632e-05,0.00018491607625037432,0.17060637497343123,0.37300241691991687,0.6875152910361066
3347,random_3344,random_cycle_chord,20260823,crossing_rich,4,200,5,9,13,6.075778843149085,True,True,,perf/incremental-yamada-frontier-order,1d8374f42cccbb16d78d44100a65ca603d7d1997,3.14.7,macOS-26.6.2-arm64-arm-64bit-Mach-O,arm,0.05041254195384681,0.16276929201558232,0.06587979092728347,0.010939709027297795,0.01191120792645961,0.023404042003676295,4.1915918700397015e-05,0.012164083076640964,0.012820999952964485,0.0013610419118776917,0.04979208286385983,0.13856137497350574,8.662499021738768e-05,0.18676208308897913,0.027146916021592915,0.21390899911057204,2.604199107736349e-05,0.00016362499445676804,0.16570829099509865,0.3788901249645278,0.5706702920142561
3348,random_3345,random_cycle_chord,20260823,baseline,0,200,4,10,13,4.64971270291723,True,True,,perf/incremental-yamada-frontier-order,1d8374f42cccbb16d78d44100a65ca603d7d1997,3.14.7,macOS-26.6.2-arm64-arm-64bit-Mach-O,arm,0.03641733294352889,0.15529950009658933,0.02620487497188151,0.007848708075471222,0.00787829200271517,0.015495583065785468,2.9540969990193844e-05,0.0080538330366835,0.008326082956045866,0.000743833021260798,0.032648873049765825,0.0746078749652952,7.637497037649155e-05,0.17315562500152737,0.01082212501205504,0.1839777500135824,1.8708989955484867e-05,8.90839146450162e-05,0.08542999997735023,0.27714683301746845,0.4546935830730945
3349,random_3346,random_cycle_chord,20260823,crossing_rich,4,200,5,10,14,5.483447824767437,True,True,,perf/incremental-yamada-frontier-order,1d8374f42cccbb16d78d44100a65ca603d7d1997,3.14.7,macOS-26.6.2-arm64-arm-64bit-Mach-O,arm,0.04405470797792077,0.1551160420058295,0.04737008304800838,0.010023709037341177,0.011174207902513444,0.022038582945242524,3.887503407895565e-05,0.011525958077982068,0.01212866697460413,0.0013605409767478704,0.04709262400865555,0.11569429095834494,9.73331043496728e-05,0.19302283402066678,0.025639290921390057,0.21866212494205683,2.529192715883255e-05,0.00015033397357910872,0.141333581879735,0.3405043318634853,0.5380907079670578
3350,random_3347,random_cycle_chord,20260823,crossing_rich,6,200,6,11,16,5.22680924808133,True,True,,perf/incremental-yamada-frontier-order,1d8374f42cccbb16d78d44100a65ca603d7d1997,3.14.7,macOS-26.6.2-arm64-arm-64bit-Mach-O,arm,0.04794012499041855,0.15183266706299037,0.05060458299703896,0.011741625028662384,0.01345054095145315,0.02654483402147889,4.5874970965087414e-05,0.013765082927420735,0.014736292068846524,0.001742459018714726,0.056834543007425964,0.1326727499254048,9.26250359043479e-05,0.21885879198089242,0.03551158297341317,0.2543703749543056,2.8125010430812836e-05,0.00018425006419420242,0.16818433289881796,0.3679571249522269,0.5915320419007912
3351,random_3348,random_cycle_chord,20260823,baseline,0,200,4,14,17,4.296373901644019,True,True,,perf/incremental-yamada-frontier-order,1d8374f42cccbb16d78d44100a65ca603d7d1997,3.14.7,macOS-26.6.2-arm64-arm-64bit-Mach-O,arm,0.04309037502389401,0.14962370798457414,0.021352707990445197,0.007761167013086379,0.008041667053475976,0.015734041924588382,3.0708033591508865e-05,0.008176167029887438,0.0084736249409616,0.0007747909985482693,0.0331893329275772,0.07037120801396668,8.445791900157928e-05,0.21946995798498392,0.011644541984423995,0.23111449996940792,1.9249971956014633e-05,8.879206143319607e-05,0.08201574999839067,0.2747298330068588,0.4984690829878673
3352,random_3349,random_cycle_chord,20260823,baseline,0,200,4,10,13,4.632389103655292,True,True,,perf/incremental-yamada-frontier-order,1d8374f42cccbb16d78d44100a65ca603d7d1997,3.14.7,macOS-26.6.2-arm64-arm-64bit-Mach-O,arm,0.03552087501157075,0.15219387493561953,0.02569329203106463,0.007682124967686832,0.00813854206353426,0.01621754199732095,4.437495954334736e-05,0.008324207970872521,0.008710916037671268,0.0008173329988494515,0.03411437396425754,0.07565900008194149,9.574997238814831e-05,0.18141154199838638,0.013662292039953172,0.19507383403833956,2.316699828952551e-05,9.895896073430777e-05,0.08932129212189466,0.27703604206908494,0.4628662500763312
3353,random_3350,random_cycle_chord,20260823,crossing_rich,5,200,5,8,12,4.214358682643456,True,True,,perf/incremental-yamada-frontier-order,1d8374f42cccbb16d78d44100a65ca603d7d1997,3.14.7,macOS-26.6.2-arm64-arm-64bit-Mach-O,arm,0.03293870796915144,0.16021329199429601,0.0422847920563072,0.011802292079664767,0.013373334077186882,0.02636804198846221,3.9499951526522636e-05,0.013655791990458965,0.014425083063542843,0.001491874922066927,0.05598029191605747,0.12347724998835474,0.00018783297855407,0.17553729203063995,0.03314483305439353,0.20868212508503348,2.8415932320058346e-05,0.0001847910461947322,0.15662208304274827,0.3497740830061957,0.5302074159262702
3354,random_3351,random_cycle_chord,20260823,crossing_rich,5,200,5,9,13,4.357975856330077,True,True,,perf/incremental-yamada-frontier-order,1d8374f42cccbb16d78d44100a65ca603d7d1997,3.14.7,macOS-26.6.2-arm64-arm-64bit-Mach-O,arm,0.03796262503601611,0.16622920893132687,0.04827704094350338,0.012603583978489041,0.013820125022903085,0.02677462506107986,5.933293141424656e-05,0.013975791982375085,0.014632417005486786,0.0015315830241888762,0.056973750004544854,0.13174533401615918,0.00010954192839562893,0.19268674997147173,0.029763750033453107,0.22245050000492483,2.5999965146183968e-05,0.00016912503633648157,0.16150908404961228,0.36570091801695526,0.5632903749356046
3355,random_3352,random_cycle_chord,20260823,crossing_rich,4,200,6,12,17,4.45925528373203,True,True,,perf/incremental-yamada-frontier-order,1d8374f42cccbb16d78d44100a65ca603d7d1997,3.14.7,macOS-26.6.2-arm64-arm-64bit-Mach-O,arm,0.04830962501000613,0.1607772499555722,0.046317291096784174,0.012211832916364074,0.013700334005989134,0.027035958017222583,5.170807708054781e-05,0.014094583922997117,0.014790458022616804,0.0015938750002533197,0.05756658304017037,0.12984266702551395,0.00010520906653255224,0.23905375006143004,0.028672375017777085,0.2677261250792071,3.0708033591508865e-05,0.00017679191660135984,0.15851504204329103,0.36760191700886935,0.611587000079453
3356,random_3353,random_cycle_chord,20260823,baseline,0,200,4,11,14,4.117873916637255,True,True,,perf/incremental-yamada-frontier-order,1d8374f42cccbb16d78d44100a65ca603d7d1997,3.14.7,macOS-26.6.2-arm64-arm-64bit-Mach-O,arm,0.03695379197597504,0.15806433302350342,0.01950916601344943,0.008019999950192869,0.008019750006496906,0.01571058400440961,3.1708041206002235e-05,0.008191791945137084,0.008481209049932659,0.0008073749486356974,0.03322266798932105,0.0688002499518916,7.949990686029196e-05,0.19178479094989598,0.012028250028379261,0.20381304097827524,1.8666964024305344e-05,9.204202797263861e-05,0.08082849998027086,0.2758466249797493,0.47208337497431785
3357,random_3354,random_cycle_chord,20260823,baseline,0,200,3,8,10,6.164481159892364,True,True,,perf/incremental-yamada-frontier-order,1d8374f42cccbb16d78d44100a65ca603d7d1997,3.14.7,macOS-26.6.2-arm64-arm-64bit-Mach-O,arm,0.034706708043813705,0.15467404096852988,0.03143887489568442,0.00846300006378442,0.006863624905236065,0.013535416917875409,2.2458028979599476e-05,0.0070526659255847335,0.007369208033196628,0.0006474159890785813,0.02862716489471495,0.07541266595944762,7.762503810226917e-05,0.13578816689550877,0.010505500016734004,0.14629366691224277,1.525005791336298e-05,7.89170153439045e-05,0.08591816597618163,0.2752989149885252,0.4153016669442877
3358,random_3355,random_cycle_chord,20260823,baseline,0,200,3,10,12,4.662342365670637,True,True,,perf/incremental-yamada-frontier-order,1d8374f42cccbb16d78d44100a65ca603d7d1997,3.14.7,macOS-26.6.2-arm64-arm-64bit-Mach-O,arm,0.03319733403623104,0.1544027499621734,0.02219504094682634,0.007169125019572675,0.007331416942179203,0.014599749934859574,3.1374976970255375e-05,0.007763457950204611,0.007918208022601902,0.0006174999289214611,0.030930290813557804,0.06764995795674622,8.820800576359034e-05,0.15130408306140453,0.00971666700206697,0.1610207500634715,1.4832941815257072e-05,7.708300836384296e-05,0.07736662495881319,0.26496670895721763,0.4204826250206679
3359,random_3356,random_cycle_chord,20260823,baseline,0,200,3,9,11,5.355103953202845,True,True,,perf/incremental-yamada-frontier-order,1d8374f42cccbb16d78d44100a65ca603d7d1997,3.14.7,macOS-26.6.2-arm64-arm-64bit-Mach-O,arm,0.033104415982961655,0.15325870795641094,0.03066216700244695,0.006636125035583973,0.006663374952040613,0.01304941694252193,2.1832995116710663e-05,0.006801708950661123,0.0069515000795945525,0.0005327080143615603,0.027357166982255876,0.07133904204238206,6.712495815008879e-05,0.1464922500308603,0.008652875083498657,0.15514512511435896,1.4833989553153515e-05,6.795907393097878e-05,0.07999191712588072,0.2663550410652533,0.4170249159215018
3360,random_3357,random_cycle_chord,20260823,crossing_rich,2,200,4,8,11,6.60236228881503,True,True,,perf/incremental-yamada-frontier-order,1d8374f42cccbb16d78d44100a65ca603d7d1997,3.14.7,macOS-26.6.2-arm64-arm-64bit-Mach-O,arm,0.04109037504531443,0.165569374919869,0.06058662501163781,0.009160917019471526,0.009213167009875178,0.017952666035853326,3.287498839199543e-05,0.009436666034162045,0.009970583021640778,0.0010639999527484179,0.03845679003279656,0.11744462500791997,7.808301597833633e-05,0.1543443331029266,0.01887174998410046,0.17321608308702707,2.2583059035241604e-05,0.00013137503992766142,0.13631637499202043,0.34297612495720387,0.5017615830292925
3361,random_3358,random_cycle_chord,20260823,crossing_rich,3,200,5,10,14,5.5921117174906385,True,True,,perf/incremental-yamada-frontier-order,1d8374f42cccbb16d78d44100a65ca603d7d1997,3.14.7,macOS-26.6.2-arm64-arm-64bit-Mach-O,arm,0.04655808303505182,0.16196874994784594,0.0539116250583902,0.011069957981817424,0.011765707982704043,0.023487875005230308,5.40419714525342e-05,0.0122681250795722,0.012886584037914872,0.0012725420529022813,0.049969168147072196,0.12675216607749462,0.00010291591752320528,0.29193670803215355,0.029036874999292195,0.32097358303144574,2.6791938580572605e-05,0.0001425419468432665,0.15578904107678682,0.3643158740596846,0.6603210830362514
3362,random_3359,random_cycle_chord,20260823,crossing_rich,4,200,5,10,14,5.628837749893105,True,True,,perf/incremental-yamada-frontier-order,1d8374f42cccbb16d78d44100a65ca603d7d1997,3.14.7,macOS-26.6.2-arm64-arm-64bit-Mach-O,arm,0.04693604202475399,0.1661051670089364,0.057455166010186076,0.010811583953909576,0.011760166031308472,0.02316862507723272,4.145805723965168e-05,0.012006166973151267,0.012733208015561104,0.001408291980624199,0.04935775010380894,0.12942287500482053,9.02500469237566e-05,0.19839258294086903,0.030737583991140127,0.22913016693200916,3.62499849870801e-05,0.0001747499918565154,0.16016045899596065,0.37320166802965105,0.576633624965325
3363,random_3360,random_cycle_chord,20260823,crossing_rich,3,200,5,10,14,5.5805038783175185,True,True,,perf/incremental-yamada-frontier-order,1d8374f42cccbb16d78d44100a65ca603d7d1997,3.14.7,macOS-26.6.2-arm64-arm-64bit-Mach-O,arm,0.05306083301547915,0.19911475002299994,0.06453141698148102,0.01362283295020461,0.013728583930060267,0.02659079199656844,8.150003850460052e-05,0.013583708088845015,0.015542125096544623,0.0015577080193907022,0.05735583323985338,0.1493090409785509,0.00026629201602190733,0.31397179199848324,0.03353195893578231,0.34750375093426555,2.729194238781929e-05,0.00015300000086426735,0.18284099991433322,0.4350165829528123,0.7544852499850094
3364,random_3361,random_cycle_chord,20260823,crossing_rich,5,200,5,9,13,4.2049217526919245,True,True,,perf/incremental-yamada-frontier-order,1d8374f42cccbb16d78d44100a65ca603d7d1997,3.14.7,macOS-26.6.2-arm64-arm-64bit-Mach-O,arm,0.036382207996211946,0.16379612497985363,0.04958008392713964,0.01160808396525681,0.012925749993883073,0.025559999980032444,3.929203376173973e-05,0.013253374956548214,0.014097959036007524,0.001450291951186955,0.054400917957536876,0.1285521249519661,8.450006134808064e-05,0.19347933307290077,0.030391916981898248,0.22387125005479902,2.6416964828968048e-05,0.00016766705084592104,0.15894404193386436,0.35912237490992993,0.5575915420195088
3365,random_3362,random_cycle_chord,20260823,crossing_rich,4,200,5,9,13,6.07611116014231,True,True,,perf/incremental-yamada-frontier-order,1d8374f42cccbb16d78d44100a65ca603d7d1997,3.14.7,macOS-26.6.2-arm64-arm-64bit-Mach-O,arm,0.046567165991291404,0.16133929102215916,0.05927608301863074,0.010874458006583154,0.011872082948684692,0.0234634589869529,3.950006794184446e-05,0.012196041992865503,0.012858458911068738,0.0014113748911768198,0.049968834850005805,0.13202808401547372,8.27909680083394e-05,0.2538840409833938,0.04077629197854549,0.2946603329619393,3.804208245128393e-05,0.00020654196850955486,0.1728043759940192,0.3807108330074698,0.6395537910284474
3366,random_3363,random_cycle_chord,20260823,crossing_rich,5,200,6,11,16,4.597877131980648,True,True,,perf/incremental-yamada-frontier-order,1d8374f42cccbb16d78d44100a65ca603d7d1997,3.14.7,macOS-26.6.2-arm64-arm-64bit-Mach-O,arm,0.057705832994543016,0.18165824993047863,0.0570872500538826,0.013725083088502288,0.015170332975685596,0.029865542077459395,6.474996916949749e-05,0.01557354093529284,0.0163402910111472,0.001783125102519989,0.06362724909558892,0.14968508295714855,0.00012250000145286322,0.24641245906241238,0.03434645792003721,0.2807589169824496,3.9041973650455475e-05,0.0002002089750021696,0.18403154087718576,0.4233956238022074,0.6756821250310168
3367,random_3364,random_cycle_chord,20260823,crossing_rich,5,200,5,8,12,4.252037381933062,True,True,,perf/incremental-yamada-frontier-order,1d8374f42cccbb16d78d44100a65ca603d7d1997,3.14.7,macOS-26.6.2-arm64-arm-64bit-Mach-O,arm,0.03608270897530019,0.17203866608906537,0.04435287497472018,0.012101500062271953,0.013810624950565398,0.027401250088587403,7.270800415426493e-05,0.014273709035478532,0.015068417065776885,0.0015877089463174343,0.05840379314031452,0.1287155420286581,0.0002691670088097453,0.19160233298316598,0.03427745797671378,0.22587979095987976,3.3458112739026546e-05,0.00019408308435231447,0.16299300000537187,0.37111437506973743,0.568323582992889
3368,random_3365,random_cycle_chord,20260823,baseline,0,200,3,11,13,5.222923167767744,True,True,,perf/incremental-yamada-frontier-order,1d8374f42cccbb16d78d44100a65ca603d7d1997,3.14.7,macOS-26.6.2-arm64-arm-64bit-Mach-O,arm,0.042310292017646134,0.17233229195699096,0.027075625024735928,0.007423582952469587,0.007467708899639547,0.014162124949507415,2.9875081963837147e-05,0.007415208965539932,0.0075664580799639225,0.0006002499721944332,0.02977391704916954,0.07178266602568328,0.00010587507858872414,0.18929141596890986,0.00900583399925381,0.19829724996816367,1.6332953236997128e-05,8.07089963927865e-05,0.0807885000249371,0.2954310839995742,0.4894740000599995
3369,random_3366,random_cycle_chord,20260823,baseline,0,200,3,11,13,4.075428514660158,True,True,,perf/incremental-yamada-frontier-order,1d8374f42cccbb16d78d44100a65ca603d7d1997,3.14.7,macOS-26.6.2-arm64-arm-64bit-Mach-O,arm,0.0340467500500381,0.16972370899748057,0.024058915907517076,0.007714250008575618,0.007786624948494136,0.015409915940836072,3.433297388255596e-05,0.008022624999284744,0.008060416905209422,0.0006344580324366689,0.03216174885164946,0.07174725004006177,8.475000504404306e-05,0.20670870796311647,0.010481500066816807,0.21719020802993327,1.820793841034174e-05,8.937495294958353e-05,0.08222875010687858,0.28599920915439725,0.49756670801434666
3370,random_3367,random_cycle_chord,20260823,crossing_rich,2,200,4,10,13,5.074069388344529,True,True,,perf/incremental-yamada-frontier-order,1d8374f42cccbb16d78d44100a65ca603d7d1997,3.14.7,macOS-26.6.2-arm64-arm-64bit-Mach-O,arm,0.04597345890942961,0.1732597079826519,0.048191666952334344,0.009812500094994903,0.010193665977567434,0.020673457998782396,6.76250783726573e-05,0.010305458097718656,0.01112870906945318,0.0011983750155195594,0.04337362525984645,0.11160579195711762,0.0001176249934360385,0.20631266699638218,0.021739625022746623,0.2280522920191288,2.616702113300562e-05,0.00013816705904901028,0.13334541697986424,0.35257858387194574,0.5639387920964509
3371,random_3368,random_cycle_chord,20260823,crossing_rich,5,200,5,8,12,4.159393344610957,True,True,,perf/incremental-yamada-frontier-order,1d8374f42cccbb16d78d44100a65ca603d7d1997,3.14.7,macOS-26.6.2-arm64-arm-64bit-Mach-O,arm,0.03755491704214364,0.17828141700010747,0.04968879197258502,0.013343249913305044,0.014820541953667998,0.03004624997265637,8.458294905722141e-05,0.015247000032104552,0.015363875078037381,0.0015711248852312565,0.06231283291708678,0.14022249996196479,0.00021424994338303804,0.1884119170717895,0.032451209030114114,0.22086312610190362,4.516600165516138e-05,0.00019229191821068525,0.1726737089920789,0.38851004303433,0.5823512909701094
3372,random_3369,random_cycle_chord,20260823,baseline,0,200,3,11,13,5.224204419990749,True,True,,perf/incremental-yamada-frontier-order,1d8374f42cccbb16d78d44100a65ca603d7d1997,3.14.7,macOS-26.6.2-arm64-arm-64bit-Mach-O,arm,0.04557070799637586,0.1733917499659583,0.02863574994262308,0.009148791898041964,0.008251584018580616,0.016275250003673136,6.05839304625988e-05,0.0086667500436306,0.008653749944642186,0.0006534579442813993,0.03430979186668992,0.08040533307939768,0.00011020805686712265,0.20779270806815475,0.010283750016242266,0.21807645808439702,1.683307345956564e-05,8.683302439749241e-05,0.09068908309563994,0.3096515410579741,0.5223718339111656
3373,random_3370,random_cycle_chord,20260823,crossing_rich,2,200,4,10,13,5.622431795184144,True,True,,perf/incremental-yamada-frontier-order,1d8374f42cccbb16d78d44100a65ca603d7d1997,3.14.7,macOS-26.6.2-arm64-arm-64bit-Mach-O,arm,0.04680212493985891,0.1723052499582991,0.05698270793072879,0.009791417047381401,0.009963583084754646,0.019442416029050946,6.154098082333803e-05,0.010026208008639514,0.010645542060956359,0.0010657499078661203,0.04124145698733628,0.11802687495946884,0.00010349997319281101,0.2044972910080105,0.019212208106182516,0.22370949911419302,2.60830856859684e-05,0.00012712494935840368,0.13723908306565136,0.35634645796380937,0.5658567920327187
3374,random_3371,random_cycle_chord,20260823,baseline,0,200,4,10,13,4.6545560757611,True,True,,perf/incremental-yamada-frontier-order,1d8374f42cccbb16d78d44100a65ca603d7d1997,3.14.7,macOS-26.6.2-arm64-arm-64bit-Mach-O,arm,0.041614709072746336,0.19054129091091454,0.026777541963383555,0.009634666028432548,0.010641083004884422,0.020291290944442153,6.337498780339956e-05,0.011089875013567507,0.0108087919652462,0.0009091669926419854,0.043162499903701246,0.09027004207018763,0.00011170899961143732,0.18981362495105714,0.012608167016878724,0.20242179196793586,2.7292058803141117e-05,0.00010862492490559816,0.10287820908706635,0.33503420907072723,0.5299687919905409
3375,random_3372,random_cycle_chord,20260823,baseline,0,200,3,8,10,6.166245670424852,True,True,,perf/incremental-yamada-frontier-order,1d8374f42cccbb16d78d44100a65ca603d7d1997,3.14.7,macOS-26.6.2-arm64-arm-64bit-Mach-O,arm,0.038982999976724386,0.16633420798461884,0.03633666702080518,0.007941292016766965,0.007502624997869134,0.015076874988153577,5.1625072956085205e-05,0.007943582953885198,0.007837250013835728,0.00060991698410362,0.03151925001293421,0.08332291606348008,9.44170169532299e-05,0.14848304097540677,0.011500208987854421,0.1599832499632612,2.1041021682322025e-05,8.995900861918926e-05,0.0948231250513345,0.30014033301267773,0.45323824998922646
3376,random_3373,random_cycle_chord,20260823,crossing_rich,2,200,4,8,11,6.384862861469202,True,True,,perf/incremental-yamada-frontier-order,1d8374f42cccbb16d78d44100a65ca603d7d1997,3.14.7,macOS-26.6.2-arm64-arm-64bit-Mach-O,arm,0.04643824999220669,0.21580500004347414,0.07182512502186,0.010855500004254282,0.011482540983706713,0.022334083099849522,7.312500383704901e-05,0.011302083032205701,0.011836082907393575,0.0012105420464649796,0.046755916089750826,0.14099024992901832,0.0001271669752895832,0.20282537501771003,0.02470541698858142,0.22753079200629145,3.5499921068549156e-05,0.0001556669594720006,0.16569566691759974,0.42793891695328057,0.6366355840582401
3377,random_3374,random_cycle_chord,20260823,baseline,0,200,3,8,10,6.13653608272592,True,True,,perf/incremental-yamada-frontier-order,1d8374f42cccbb16d78d44100a65ca603d7d1997,3.14.7,macOS-26.6.2-arm64-arm-64bit-Mach-O,arm,0.04319220897741616,0.17752529203426093,0.04479245899710804,0.008906958973966539,0.008143582963384688,0.016328833997249603,3.629201091825962e-05,0.008550166967324913,0.008402208099141717,0.0007869170513004065,0.0341044181259349,0.09597274998668581,0.0002515829401090741,0.15480420901440084,0.010711833951063454,0.1655160429654643,2.1458021365106106e-05,8.875003550201654e-05,0.10668458393774927,0.32740208494942635,0.48755662504117936
3378,random_3375,random_cycle_chord,20260823,crossing_rich,2,200,4,8,11,6.43063860566197,True,True,,perf/incremental-yamada-frontier-order,1d8374f42cccbb16d78d44100a65ca603d7d1997,3.14.7,macOS-26.6.2-arm64-arm-64bit-Mach-O,arm,0.045497875078581274,0.18176075001247227,0.06246795901097357,0.010431541944853961,0.010360082960687578,0.020452666911296546,7.433304563164711e-05,0.010526333004236221,0.011032584006898105,0.001089792000129819,0.04317570896819234,0.1264679169980809,9.587500244379044e-05,0.17608783289324492,0.02102329197805375,0.19711112487129867,2.816703636199236e-05,0.0001360829919576645,0.14749120897613466,0.3747498340671882,0.5562531250761822
3379,random_3376,random_cycle_chord,20260823,crossing_rich,4,200,5,10,14,5.624212337846503,True,True,,perf/incremental-yamada-frontier-order,1d8374f42cccbb16d78d44100a65ca603d7d1997,3.14.7,macOS-26.6.2-arm64-arm-64bit-Mach-O,arm,0.055537624983116984,0.18531237496063113,0.06298970791976899,0.01234058290719986,0.013612832990474999,0.026671874918974936,6.48329732939601e-05,0.0139722500462085,0.01488241704646498,0.0016053749714046717,0.05719674995634705,0.14619716710876673,0.0001264170277863741,0.2377481668954715,0.03374124993570149,0.271489416831173,3.8790982216596603e-05,0.00018995802383869886,0.17993841704446822,0.42078841698821634,0.6639982080087066
3380,random_3377,random_cycle_chord,20260823,crossing_rich,4,200,5,10,14,5.627171639756633,True,True,,perf/incremental-yamada-frontier-order,1d8374f42cccbb16d78d44100a65ca603d7d1997,3.14.7,macOS-26.6.2-arm64-arm-64bit-Mach-O,arm,0.05050125007983297,0.19286933296825737,0.05629129090812057,0.011253249947912991,0.011493999976664782,0.022677041008137167,7.254199590533972e-05,0.012005249969661236,0.013515540980733931,0.0015420418931171298,0.0498124158475548,0.12888966698665172,0.0001224169973284006,0.2099472499685362,0.02997445804066956,0.23992170800920576,3.308302257210016e-05,0.00018587498925626278,0.15886412502732128,0.4022347080754116,0.6175970420008525
3381,random_3378,random_cycle_chord,20260823,crossing_rich,5,200,6,10,15,5.420746322028228,True,True,,perf/incremental-yamada-frontier-order,1d8374f42cccbb16d78d44100a65ca603d7d1997,3.14.7,macOS-26.6.2-arm64-arm-64bit-Mach-O,arm,0.05145112506579608,0.21233858400955796,0.07123220898211002,0.015370708075352013,0.015638249926269054,0.030552332988008857,8.662499021738768e-05,0.01603404199704528,0.017781250062398612,0.0021508330246433616,0.0666050830623135,0.1689117499627173,0.0003018750576302409,0.3813477089861408,0.03610933304298669,0.4174570420291275,4.441698547452688e-05,0.00020958296954631805,0.20502108300570399,0.468810792081058,0.8559153750538826
3382,random_3379,random_cycle_chord,20260823,baseline,0,200,3,10,12,5.626386618836735,True,True,,perf/incremental-yamada-frontier-order,1d8374f42cccbb16d78d44100a65ca603d7d1997,3.14.7,macOS-26.6.2-arm64-arm-64bit-Mach-O,arm,0.042659625061787665,0.1848853750852868,0.03533366695046425,0.007839250029064715,0.007374749984592199,0.01447566703427583,2.716702874749899e-05,0.007762207998894155,0.008089667069725692,0.000615416094660759,0.030970125226303935,0.08154024998657405,9.633402805775404e-05,0.1723196660168469,0.01064700004644692,0.18296666606329381,2.1832995116710663e-05,9.745790157467127e-05,0.09218725003302097,0.31973225018009543,0.4969224580563605
3383,random_3380,random_cycle_chord,20260823,baseline,0,200,3,9,11,5.34193172240869,True,True,,perf/incremental-yamada-frontier-order,1d8374f42cccbb16d78d44100a65ca603d7d1997,3.14.7,macOS-26.6.2-arm64-arm-64bit-Mach-O,arm,0.04104395804461092,0.18528150010388345,0.032973165973089635,0.008892624988220632,0.008432958042249084,0.016768625006079674,4.541699308902025e-05,0.008816624991595745,0.00907720800023526,0.0007361669559031725,0.03544404194690287,0.08576962491497397,9.616697207093239e-05,0.19740670803003013,0.012447457993403077,0.2098541660234332,2.3792032152414322e-05,9.608303662389517e-05,0.09821708290837705,0.3245425410568714,0.5271762498887256
3384,random_3381,random_cycle_chord,20260823,baseline,0,200,4,11,14,4.044454151982722,True,True,,perf/incremental-yamada-frontier-order,1d8374f42cccbb16d78d44100a65ca603d7d1997,3.14.7,macOS-26.6.2-arm64-arm-64bit-Mach-O,arm,0.04265083291102201,0.1738360410090536,0.026622332981787622,0.010284041985869408,0.008903208072297275,0.017450000043027103,4.39999857917428e-05,0.009133792016655207,0.009419666021130979,0.0008430830202996731,0.036890541086904705,0.08274741703644395,0.00010891701094806194,0.2107119170250371,0.012941166991367936,0.22365308401640505,2.9499991796910763e-05,0.00011541706044226885,0.09568858402781188,0.3121754579478875,0.5280440000351518
3385,random_3382,random_cycle_chord,20260823,baseline,0,200,3,10,12,4.653734183886892,True,True,,perf/incremental-yamada-frontier-order,1d8374f42cccbb16d78d44100a65ca603d7d1997,3.14.7,macOS-26.6.2-arm64-arm-64bit-Mach-O,arm,0.03541670797858387,0.16801904200110584,0.023983084014616907,0.009434874984435737,0.00770537497010082,0.014346583979204297,3.9749895222485065e-05,0.0078110420145094395,0.007693249965086579,0.000622292049229145,0.030512917903251946,0.07169250003062189,8.625001646578312e-05,0.16717637493275106,0.010500416974537075,0.17767679190728813,1.870805863291025e-05,9.004201274365187e-05,0.08219291700515896,0.2856286669848487,0.4575388339580968
3386,random_3383,random_cycle_chord,20260823,crossing_rich,4,200,5,11,15,5.223860861486198,True,True,,perf/incremental-yamada-frontier-order,1d8374f42cccbb16d78d44100a65ca603d7d1997,3.14.7,macOS-26.6.2-arm64-arm-64bit-Mach-O,arm,0.05156254197936505,0.17652812495362014,0.05437862500548363,0.01305375003721565,0.01265387493185699,0.02496854099445045,4.9541937187314034e-05,0.013360582990571856,0.014026082935743034,0.001544416998513043,0.0539491658564657,0.13408054190222174,0.00012304098345339298,0.23022391693666577,0.02868925000075251,0.2589131669374183,3.5917037166655064e-05,0.00017087499145418406,0.16276979190297425,0.39086045883595943,0.6264105830341578
3387,random_3384,random_cycle_chord,20260823,baseline,0,200,3,10,12,4.619508016600878,True,True,,perf/incremental-yamada-frontier-order,1d8374f42cccbb16d78d44100a65ca603d7d1997,3.14.7,macOS-26.6.2-arm64-arm-64bit-Mach-O,arm,0.03558879205957055,0.17245950002688915,0.027474333997815847,0.008438083925284445,0.007834875024855137,0.016102541936561465,5.670799873769283e-05,0.00842954101972282,0.009490041993558407,0.0007304999744519591,0.03480933292303234,0.07858154200948775,0.00011183402966707945,0.17138600000180304,0.012185040977783501,0.18357104097958654,2.3250002413988113e-05,9.912496898323298e-05,0.09076658298727125,0.29881487507373095,0.47535916697233915
3388,random_3385,random_cycle_chord,20260823,crossing_rich,4,200,5,9,13,6.076324224379032,True,True,,perf/incremental-yamada-frontier-order,1d8374f42cccbb16d78d44100a65ca603d7d1997,3.14.7,macOS-26.6.2-arm64-arm-64bit-Mach-O,arm,0.0497264169389382,0.1707965830573812,0.06350716692395508,0.013081667013466358,0.012423290987499058,0.024371374980546534,4.4874963350594044e-05,0.012630083016119897,0.013248667004518211,0.0013769998913630843,0.05167199985589832,0.14072983292862773,9.650003630667925e-05,0.1940045839874074,0.02621029200963676,0.22021487599704415,3.2832962460815907e-05,0.0001659160479903221,0.1669401249382645,0.3874631249345839,0.5865520839579403
3389,random_3386,random_cycle_chord,20260823,crossing_rich,5,200,5,8,12,4.109240650796133,True,True,,perf/incremental-yamada-frontier-order,1d8374f42cccbb16d78d44100a65ca603d7d1997,3.14.7,macOS-26.6.2-arm64-arm-64bit-Mach-O,arm,0.033167249988764524,0.1660215409938246,0.04275500006042421,0.013026708038523793,0.014476457959972322,0.02878449996933341,6.479199510067701e-05,0.014827415929175913,0.015617583994753659,0.0017165839672088623,0.06101087585557252,0.1313235000707209,0.0005460839020088315,0.19481949997134507,0.032397708971984684,0.22721720894332975,3.0374969355762005e-05,0.00017554208170622587,0.1637212090427056,0.3629100000252947,0.563279083929956
3390,random_3387,random_cycle_chord,20260823,crossing_rich,2,200,4,8,11,6.59764223578275,True,True,,perf/incremental-yamada-frontier-order,1d8374f42cccbb16d78d44100a65ca603d7d1997,3.14.7,macOS-26.6.2-arm64-arm-64bit-Mach-O,arm,0.04685012495610863,0.17541991698089987,0.06178375007584691,0.009969417005777359,0.010172000038437545,0.019970167079009116,4.595797508955002e-05,0.010402250103652477,0.010463500046171248,0.0012341249966993928,0.042116000200621784,0.12410229106899351,0.00010837498120963573,0.1717398330802098,0.020569374901242554,0.19230920798145235,2.958404365926981e-05,0.00013587507419288158,0.14467166597023606,0.36694170790724456,0.5437225830974057
3391,random_3388,random_cycle_chord,20260823,baseline,0,200,3,9,11,5.384707213167608,True,True,,perf/incremental-yamada-frontier-order,1d8374f42cccbb16d78d44100a65ca603d7d1997,3.14.7,macOS-26.6.2-arm64-arm-64bit-Mach-O,arm,0.039300500066019595,0.16912179195787758,0.033823000034317374,0.007641458068974316,0.007436959072947502,0.014535792055539787,5.0541944801807404e-05,0.007825625012628734,0.0077682919800281525,0.0006082910113036633,0.030788542004302144,0.07972245791461319,8.062494453042746e-05,0.1631380410399288,0.01016941701527685,0.17330745805520564,1.7666956409811974e-05,8.654198609292507e-05,0.08989187492989004,0.2983141669537872,0.46639195806346834
3392,random_3389,random_cycle_chord,20260823,baseline,0,200,3,9,11,5.386207210468304,True,True,,perf/incremental-yamada-frontier-order,1d8374f42cccbb16d78d44100a65ca603d7d1997,3.14.7,macOS-26.6.2-arm64-arm-64bit-Mach-O,arm,0.037674915976822376,0.2237681660335511,0.03547187498770654,0.008469166932627559,0.008104083011858165,0.015995208057574928,4.366610664874315e-05,0.00846525002270937,0.008559999987483025,0.0007142919348552823,0.03377841610927135,0.08585074997972697,8.92499228939414e-05,0.184110667090863,0.010678792023099959,0.19478945911396295,1.9834027625620365e-05,9.162502828985453e-05,0.09652954200282693,0.3579726240132004,0.5474140419391915
3393,random_3390,random_cycle_chord,20260823,baseline,0,200,3,8,10,6.156674465511455,True,True,,perf/incremental-yamada-frontier-order,1d8374f42cccbb16d78d44100a65ca603d7d1997,3.14.7,macOS-26.6.2-arm64-arm-64bit-Mach-O,arm,0.04069945903029293,0.1727524580201134,0.03730366693343967,0.008053625002503395,0.007871792069636285,0.015392250032164156,5.120900459587574e-05,0.008569041965529323,0.008418958983384073,0.0006859999848529696,0.0331174599705264,0.08637037500739098,9.79170436039567e-05,0.16344358306378126,0.012296041939407587,0.17573962500318885,2.5875051505863667e-05,0.00010770803783088923,0.09866641694679856,0.3121183339972049,0.48055762494914234
3394,random_3391,random_cycle_chord,20260823,crossing_rich,2,200,4,9,12,6.074484240668471,True,True,,perf/incremental-yamada-frontier-order,1d8374f42cccbb16d78d44100a65ca603d7d1997,3.14.7,macOS-26.6.2-arm64-arm-64bit-Mach-O,arm,0.0512624999973923,0.18663716700393707,0.059766083024442196,0.010905458009801805,0.010950250085443258,0.022317083086818457,5.479203537106514e-05,0.012166584026999772,0.011806917027570307,0.0013097500195726752,0.047655126196332276,0.129326333058998,0.0001240420388057828,0.20997937500942498,0.0206887909444049,0.23066816595382988,2.6582973077893257e-05,0.0001374159473925829,0.1500151240034029,0.38791479100473225,0.6042814169777557
3395,random_3392,random_cycle_chord,20260823,baseline,0,200,3,8,10,6.137297048348166,True,True,,perf/incremental-yamada-frontier-order,1d8374f42cccbb16d78d44100a65ca603d7d1997,3.14.7,macOS-26.6.2-arm64-arm-64bit-Mach-O,arm,0.040214542066678405,0.18327904108446091,0.04224216693546623,0.009305540937930346,0.009118083980865777,0.01753575005568564,4.8958929255604744e-05,0.011267833062447608,0.009311834000982344,0.0007420000620186329,0.03890637611038983,0.09961070795543492,0.00012266694102436304,0.17375958303455263,0.012070792028680444,0.18583037506323308,2.2499938495457172e-05,9.325006976723671e-05,0.11168149998411536,0.3351750831352547,0.5142851250711828
3396,random_3393,random_cycle_chord,20260823,baseline,0,200,3,8,10,6.152285591739377,True,True,,perf/incremental-yamada-frontier-order,1d8374f42cccbb16d78d44100a65ca603d7d1997,3.14.7,macOS-26.6.2-arm64-arm-64bit-Mach-O,arm,0.040557040949352086,0.1740540829487145,0.04010641702916473,0.008657375001348555,0.008720999932847917,0.01757599995471537,5.891697946935892e-05,0.008673583040945232,0.009292167029343545,0.0007723330054432154,0.03637300000991672,0.09390229196287692,9.68750100582838e-05,0.1712933749658987,0.013004041044041514,0.1842974160099402,2.154102548956871e-05,0.00010366691276431084,0.10690633300691843,0.321517456904985,0.49797154194675386
3397,random_3394,random_cycle_chord,20260823,baseline,0,200,3,11,13,5.219891193675992,True,True,,perf/incremental-yamada-frontier-order,1d8374f42cccbb16d78d44100a65ca603d7d1997,3.14.7,macOS-26.6.2-arm64-arm-64bit-Mach-O,arm,0.04971024999395013,0.19118291605263948,0.03145987505558878,0.008324666996486485,0.008450250024907291,0.01654133398551494,2.6582973077893257e-05,0.008344499976374209,0.008363417000509799,0.0005803749663755298,0.03385620890185237,0.08211650000885129,9.68750100582838e-05,0.19994991598650813,0.00948795909062028,0.2094378750771284,1.808290835469961e-05,8.104101289063692e-05,0.09160445909947157,0.3324976251460612,0.5377392920199782
3398,random_3395,random_cycle_chord,20260823,baseline,0,200,5,15,19,4.046139974226804,True,True,,perf/incremental-yamada-frontier-order,1d8374f42cccbb16d78d44100a65ca603d7d1997,3.14.7,macOS-26.6.2-arm64-arm-64bit-Mach-O,arm,0.05417000001762062,0.17597683297935873,0.023944249958731234,0.01041779201477766,0.01074341603089124,0.021758000017143786,5.820801015943289e-05,0.01115483301691711,0.011602332931943238,0.0011045830324292183,0.045677957008592784,0.09082504198886454,0.00013337505515664816,0.3194370409473777,0.01712295808829367,0.33655999903567135,3.183400258421898e-05,0.0001271669752895832,0.10794800007715821,0.33809483307413757,0.6628366659861058
3399,random_3396,random_cycle_chord,20260823,crossing_rich,5,200,6,13,18,4.569267923342125,True,True,,perf/incremental-yamada-frontier-order,1d8374f42cccbb16d78d44100a65ca603d7d1997,3.14.7,macOS-26.6.2-arm64-arm-64bit-Mach-O,arm,0.05727291700895876,0.17535929195582867,0.060739959008060396,0.014246124890632927,0.016014040913432837,0.031125541077926755,9.250000584870577e-05,0.01634583401028067,0.01794845808763057,0.0020062080584466457,0.06751854124013335,0.15861575002782047,0.00014287501107901335,0.3006825839402154,0.03602554206736386,0.33670812600757927,4.7874986194074154e-05,0.00021754205226898193,0.19464129209518433,0.42727350105997175,0.7343042499851435
3400,random_3397,random_cycle_chord,20260823,baseline,0,200,3,10,12,5.625255615055055,True,True,,perf/incremental-yamada-frontier-order,1d8374f42cccbb16d78d44100a65ca603d7d1997,3.14.7,macOS-26.6.2-arm64-arm-64bit-Mach-O,arm,0.04225570894777775,0.1797297919401899,0.030240625026635826,0.007644750061444938,0.00771658297162503,0.015410790918394923,3.004202153533697e-05,0.008027874981053174,0.008174499962478876,0.0006117080338299274,0.03225491591729224,0.07787849998567253,9.058299474418163e-05,0.15881179203279316,0.009308708948083222,0.1681205009808764,1.979200169444084e-05,8.233403787016869e-05,0.08718720893375576,0.3091727098217234,0.47260970796924084
3401,random_3398,random_cycle_chord,20260823,crossing_rich,3,200,4,9,12,5.936561902903249,True,True,,perf/incremental-yamada-frontier-order,1d8374f42cccbb16d78d44100a65ca603d7d1997,3.14.7,macOS-26.6.2-arm64-arm-64bit-Mach-O,arm,0.041927041951566935,0.16105174995027483,0.056011791923083365,0.009373791981488466,0.010100958053953946,0.019873667042702436,3.158301115036011e-05,0.010308834025636315,0.010636792052537203,0.0010255000088363886,0.0418763761408627,0.11739883397240192,7.258402183651924e-05,0.1654993329429999,0.01947612501680851,0.1849754579598084,2.0124949514865875e-05,0.00011583301238715649,0.13687495898921043,0.3398537508910522,0.5100512080825865
3402,random_3399,random_cycle_chord,20260823,crossing_rich,5,200,5,8,12,4.114863859171767,True,True,,perf/incremental-yamada-frontier-order,1d8374f42cccbb16d78d44100a65ca603d7d1997,3.14.7,macOS-26.6.2-arm64-arm-64bit-Mach-O,arm,0.031495000002905726,0.15291870792862028,0.04072524991352111,0.011119292001239955,0.013095709029585123,0.025335000013001263,3.8707978092134e-05,0.013045082916505635,0.013738500070758164,0.00140954100061208,0.053566831978969276,0.1185416670050472,0.00020050001330673695,0.1643408329691738,0.028530542040243745,0.19287137500941753,2.391706220805645e-05,0.00015104201156646013,0.14707220904529095,0.33148591697681695,0.5004803339252248
3403,random_3400,random_cycle_chord,20260823,crossing_rich,2,200,4,9,12,5.644601321910572,True,True,,perf/incremental-yamada-frontier-order,1d8374f42cccbb16d78d44100a65ca603d7d1997,3.14.7,macOS-26.6.2-arm64-arm-64bit-Mach-O,arm,0.03728791605681181,0.14940283307805657,0.04601591604296118,0.008252958999946713,0.00851441698614508,0.016757667064666748,2.9333983547985554e-05,0.008700542035512626,0.009114124928601086,0.0009507500799372792,0.035552418092265725,0.09836262499447912,6.916699931025505e-05,0.15728533291257918,0.017280500032939017,0.1745658329455182,1.9000028260052204e-05,0.00010637508239597082,0.11564312502741814,0.3023338741622865,0.46392954199109226
3404,random_3401,random_cycle_chord,20260823,baseline,0,200,3,9,11,5.343115001085933,True,True,,perf/incremental-yamada-frontier-order,1d8374f42cccbb16d78d44100a65ca603d7d1997,3.14.7,macOS-26.6.2-arm64-arm-64bit-Mach-O,arm,0.03212754207197577,0.1476096250116825,0.02710512501653284,0.006575124920345843,0.006648457958362997,0.01306704105809331,2.195802517235279e-05,0.006779000046662986,0.006916749989613891,0.0005062499549239874,0.027290999074466527,0.06763870804570615,5.845795385539532e-05,0.141618209076114,0.008046417031437159,0.14966462610755116,1.3582990504801273e-05,6.304099224507809e-05,0.07568512507714331,0.2554222921608016,0.4011816659476608
3405,random_3402,random_cycle_chord,20260823,crossing_rich,6,200,6,13,18,4.325490910263214,True,True,,perf/incremental-yamada-frontier-order,1d8374f42cccbb16d78d44100a65ca603d7d1997,3.14.7,macOS-26.6.2-arm64-arm-64bit-Mach-O,arm,0.046272375038824975,0.14813745894934982,0.04195183399133384,0.013571834075264633,0.014200666919350624,0.0283940410008654,7.266702596098185e-05,0.014497083961032331,0.0152356670005247,0.0016321250004693866,0.0598315839888528,0.12961083406116813,0.00010008295066654682,0.24311070796102285,0.03243737493176013,0.275548082892783,2.737506292760372e-05,0.00016504095401614904,0.16204820899292827,0.35645804298110306,0.6042452080873773
3406,random_3403,random_cycle_chord,20260823,baseline,0,200,3,10,12,4.615101184304192,True,True,,perf/incremental-yamada-frontier-order,1d8374f42cccbb16d78d44100a65ca603d7d1997,3.14.7,macOS-26.6.2-arm64-arm-64bit-Mach-O,arm,0.030834208009764552,0.15031695796642452,0.022212374955415726,0.006714249961078167,0.006662250030785799,0.013176916050724685,2.487492747604847e-05,0.006971625029109418,0.007297875010408461,0.0006141250487416983,0.02808541606646031,0.06369462504517287,7.149996235966682e-05,0.17842595907859504,0.010745874955318868,0.1891718340339139,1.6291975043714046e-05,8.008396252989769e-05,0.07444050000049174,0.2555916659766808,0.43830237502697855
3407,random_3404,random_cycle_chord,20260823,crossing_rich,5,200,5,8,12,4.232676324243852,True,True,,perf/incremental-yamada-frontier-order,1d8374f42cccbb16d78d44100a65ca603d7d1997,3.14.7,macOS-26.6.2-arm64-arm-64bit-Mach-O,arm,0.03258262493181974,0.1587097500450909,0.04081291693728417,0.011564375017769635,0.013267041998915374,0.026103375013917685,4.9749971367418766e-05,0.013477583997882903,0.01407954201567918,0.0014164999593049288,0.055126750958152115,0.12081179197411984,0.00028091599233448505,0.2747250000247732,0.02731262508314103,0.3020376251079142,2.9165996238589287e-05,0.00015766697470098734,0.14812441705726087,0.3394167920341715,0.6187629170017317
3408,random_3405,random_cycle_chord,20260823,crossing_rich,4,200,5,10,14,5.595553083405618,True,True,,perf/incremental-yamada-frontier-order,1d8374f42cccbb16d78d44100a65ca603d7d1997,3.14.7,macOS-26.6.2-arm64-arm-64bit-Mach-O,arm,0.04391287500038743,0.1523974589072168,0.061707832966931164,0.009762750007212162,0.01077387505210936,0.021378791076131165,3.8958038203418255e-05,0.011136790970340371,0.011840916937217116,0.001357291010208428,0.0457527480321005,0.12803145800717175,8.62079905346036e-05,0.17655475006904453,0.02549554198049009,0.20205029204953462,2.37500062212348e-05,0.0001401250483468175,0.15352699998766184,0.34983733389526606,0.5309910409851
3409,random_3406,random_cycle_chord,20260823,crossing_rich,6,200,6,12,17,4.877709113955691,True,True,,perf/incremental-yamada-frontier-order,1d8374f42cccbb16d78d44100a65ca603d7d1997,3.14.7,macOS-26.6.2-arm64-arm-64bit-Mach-O,arm,0.04809991701040417,0.15124312497209758,0.04881091695278883,0.011815667035989463,0.013355500064790249,0.026344874990172684,6.266706623136997e-05,0.0135014170082286,0.014416666002944112,0.0017549999756738544,0.05608062504325062,0.1301137909758836,9.612494613975286e-05,0.26107250002678484,0.03838262497447431,0.29945512500125915,3.420806024223566e-05,0.00020100001711398363,0.16849641595035791,0.36783945793285966,0.6338709170231596
3410,random_3407,random_cycle_chord,20260823,crossing_rich,5,200,5,8,12,4.125377011539582,True,True,,perf/incremental-yamada-frontier-order,1d8374f42cccbb16d78d44100a65ca603d7d1997,3.14.7,macOS-26.6.2-arm64-arm-64bit-Mach-O,arm,0.03310920903459191,0.157553790952079,0.037420208915136755,0.011460875044576824,0.01331304106861353,0.02611829189117998,3.933301195502281e-05,0.013508750009350479,0.014186999993398786,0.001391666941344738,0.055245041847229004,0.11747445806395262,0.00018408300820738077,0.17283820908050984,0.030315333046019077,0.20315354212652892,2.545793540775776e-05,0.00014812499284744263,0.1477897911099717,0.3384527910966426,0.5168313750764355
3411,random_3408,random_cycle_chord,20260823,baseline,0,200,4,11,14,4.121181638111472,True,True,,perf/incremental-yamada-frontier-order,1d8374f42cccbb16d78d44100a65ca603d7d1997,3.14.7,macOS-26.6.2-arm64-arm-64bit-Mach-O,arm,0.03580075001809746,0.15290108299814165,0.018627792014740407,0.007932916982099414,0.008297207998111844,0.016370541998185217,3.079208545386791e-05,0.008471124921925366,0.008774999994784594,0.0007832919945940375,0.03443075099494308,0.06931641604751348,8.38330015540123e-05,0.1875566659728065,0.012074084021151066,0.19963074999395758,1.870805863291025e-05,8.987495675683022e-05,0.08139050006866455,0.27009233308490366,0.4621147920843214
3412,random_3409,random_cycle_chord,20260823,baseline,0,200,3,9,11,5.3504472032149515,True,True,,perf/incremental-yamada-frontier-order,1d8374f42cccbb16d78d44100a65ca603d7d1997,3.14.7,macOS-26.6.2-arm64-arm-64bit-Mach-O,arm,0.03301662497688085,0.15129987499676645,0.025120791979134083,0.006464499980211258,0.006482874974608421,0.012723457999527454,2.1583051420748234e-05,0.006595333921723068,0.0068138750502839684,0.000534582999534905,0.026688833022490144,0.06477699999231845,7.19169620424509e-05,0.1464894999517128,0.008683916996233165,0.15517341694794595,1.4625024050474167e-05,7.150007877498865e-05,0.07346091698855162,0.2577774169621989,0.40850416698958725
3413,random_3410,random_cycle_chord,20260823,crossing_rich,5,200,5,8,12,4.096237055470953,True,True,,perf/incremental-yamada-frontier-order,1d8374f42cccbb16d78d44100a65ca603d7d1997,3.14.7,macOS-26.6.2-arm64-arm-64bit-Mach-O,arm,0.031417040969245136,0.15068495890591294,0.045542791951447725,0.01085012499243021,0.01271874993108213,0.025237167021259665,3.741693217307329e-05,0.013005583081394434,0.013642000034451485,0.001346167060546577,0.053268334129825234,0.12241337494924664,0.00019854202400892973,0.16438283293973655,0.028095833025872707,0.19247866596560925,2.4333014152944088e-05,0.00014695804566144943,0.15050920797511935,0.3326112078502774,0.5016707499744371
3414,random_3411,random_cycle_chord,20260823,crossing_rich,5,200,5,9,13,4.222577792012614,True,True,,perf/incremental-yamada-frontier-order,1d8374f42cccbb16d78d44100a65ca603d7d1997,3.14.7,macOS-26.6.2-arm64-arm-64bit-Mach-O,arm,0.03389662504196167,0.14878874993883073,0.03927483398001641,0.010510124964639544,0.012084709014743567,0.023897416074760258,3.674998879432678e-05,0.012315666070207953,0.013084375066682696,0.0013968339189887047,0.05073104111943394,0.1126340419286862,8.408399298787117e-05,0.17571512493304908,0.027594542014412582,0.20330966694746166,2.416700590401888e-05,0.00015966605860739946,0.14022858394309878,0.3229139589238912,0.5030694579472765
3415,random_3412,random_cycle_chord,20260823,crossing_rich,3,200,5,10,14,5.597414504179142,True,True,,perf/incremental-yamada-frontier-order,1d8374f42cccbb16d78d44100a65ca603d7d1997,3.14.7,macOS-26.6.2-arm64-arm-64bit-Mach-O,arm,0.04256908409297466,0.14974437502678484,0.05619616701733321,0.009387166937813163,0.010072208009660244,0.019821292022243142,3.587501123547554e-05,0.01029329199809581,0.010915082995779812,0.001235458068549633,0.04230100009590387,0.11798962508328259,8.025008719414473e-05,0.18483979208394885,0.02266087499447167,0.20750066707842052,2.2875028662383556e-05,0.00013145804405212402,0.14065050007775426,0.33296395919751376,0.522257125005126
3416,random_3413,random_cycle_chord,20260823,crossing_rich,4,200,5,10,14,5.62515290633705,True,True,,perf/incremental-yamada-frontier-order,1d8374f42cccbb16d78d44100a65ca603d7d1997,3.14.7,macOS-26.6.2-arm64-arm-64bit-Mach-O,arm,0.042584207956679165,0.14970820804592222,0.05151241598650813,0.009596625110134482,0.010618042084388435,0.020984375034458935,3.599992487579584e-05,0.010937666986137629,0.01162920892238617,0.0013186250580474734,0.044905875925906,0.11666541697923094,7.879105396568775e-05,0.17330545803997666,0.025324041955173016,0.19862949999514967,2.3834058083593845e-05,0.00013812503311783075,0.14198945893440396,0.33428187493700534,0.5120716670062393
3417,random_3414,random_cycle_chord,20260823,crossing_rich,3,200,4,8,11,4.115855444948224,True,True,,perf/incremental-yamada-frontier-order,1d8374f42cccbb16d78d44100a65ca603d7d1997,3.14.7,macOS-26.6.2-arm64-arm-64bit-Mach-O,arm,0.027353957993909717,0.14881212497130036,0.03129741700831801,0.009258790989406407,0.010213042027316988,0.020199624937959015,3.045797348022461e-05,0.010465000057592988,0.010892124962992966,0.0009729169541969895,0.042560124886222184,0.09335654194001108,6.787502206861973e-05,0.1483729580650106,0.019236916908994317,0.16760987497400492,2.0000035874545574e-05,0.00011112494394183159,0.1125934588490054,0.2887595418142155,0.44163979100994766
3418,random_3415,random_cycle_chord,20260823,crossing_rich,2,200,4,8,11,6.601981746872948,True,True,,perf/incremental-yamada-frontier-order,1d8374f42cccbb16d78d44100a65ca603d7d1997,3.14.7,macOS-26.6.2-arm64-arm-64bit-Mach-O,arm,0.03962508391123265,0.15072004101239145,0.05435908306390047,0.008408167050220072,0.008771750028245151,0.017305290908552706,3.01670515909791e-05,0.008953499956987798,0.009427541983313859,0.0010073340963572264,0.03672383399680257,0.10829037497751415,6.900005973875523e-05,0.14821050001773983,0.018309624982066453,0.16652012499980628,2.0332983694970608e-05,0.0001152500044554472,0.1265999999595806,0.3169451248832047,0.46951616695150733
3419,random_3416,random_cycle_chord,20260823,crossing_rich,2,200,4,9,12,6.082000322322262,True,True,,perf/incremental-yamada-frontier-order,1d8374f42cccbb16d78d44100a65ca603d7d1997,3.14.7,macOS-26.6.2-arm64-arm-64bit-Mach-O,arm,0.041005500010214746,0.15177300001960248,0.04982274991925806,0.008318749954923987,0.008813417050987482,0.017218250082805753,3.0166003853082657e-05,0.009122750023379922,0.009530041017569602,0.0009289160370826721,0.03683012316469103,0.10381274996325374,7.30419997125864e-05,0.16361070808488876,0.016343416995368898,0.17995412508025765,1.9125058315694332e-05,0.00010416703298687935,0.12015616695862263,0.31293466698843986,0.48092433402780443
3420,random_3417,random_cycle_chord,20260823,baseline,0,200,3,8,10,6.154617708112237,True,True,,perf/incremental-yamada-frontier-order,1d8374f42cccbb16d78d44100a65ca603d7d1997,3.14.7,macOS-26.6.2-arm64-arm-64bit-Mach-O,arm,0.03292204195167869,0.1579722500173375,0.03157904196996242,0.006767958984710276,0.006692833034321666,0.013153666979633272,2.0999927073717117e-05,0.006851334008388221,0.006980292033404112,0.0005545420572161674,0.02756083500571549,0.07262099999934435,5.94588927924633e-05,0.12800345802679658,0.008608542033471167,0.13661200006026775,1.6000005416572094e-05,7.404200732707977e-05,0.08122954203281552,0.2721238340018317,0.4043283340288326
3421,random_3418,random_cycle_chord,20260823,baseline,0,200,3,10,12,4.7063811078601665,True,True,,perf/incremental-yamada-frontier-order,1d8374f42cccbb16d78d44100a65ca603d7d1997,3.14.7,macOS-26.6.2-arm64-arm-64bit-Mach-O,arm,0.03200729098170996,0.14780712500214577,0.022518542013131082,0.0065477919997647405,0.006587708019651473,0.012980332947336137,2.416700590401888e-05,0.006719709024764597,0.006878167041577399,0.000516125001013279,0.02711850102059543,0.0627915000077337,6.216706242412329e-05,0.15389695798512548,0.008276707958430052,0.16217366594355553,1.3999990187585354e-05,6.483308970928192e-05,0.07106820796616375,0.2508826239500195,0.4089331669965759
3422,random_3419,random_cycle_chord,20260823,baseline,0,200,3,14,16,4.290484804537664,True,True,,perf/incremental-yamada-frontier-order,1d8374f42cccbb16d78d44100a65ca603d7d1997,3.14.7,macOS-26.6.2-arm64-arm-64bit-Mach-O,arm,0.03999529196880758,0.1477545000379905,0.02097170799970627,0.006507542100735009,0.0065996660850942135,0.01298125006724149,2.1875021047890186e-05,0.006740542012266815,0.006969042005948722,0.0005434160120785236,0.02725612511858344,0.06135483307298273,7.166701834648848e-05,0.2362737919902429,0.00979425001423806,0.24606804200448096,1.6417005099356174e-05,7.691700011491776e-05,0.07114908308722079,0.2588988750940189,0.49937379104085267
3423,random_3420,random_cycle_chord,20260823,crossing_rich,4,200,5,11,15,4.5693747308642045,True,True,,perf/incremental-yamada-frontier-order,1d8374f42cccbb16d78d44100a65ca603d7d1997,3.14.7,macOS-26.6.2-arm64-arm-64bit-Mach-O,arm,0.0410701249493286,0.15190016594715416,0.046395499957725406,0.010241415933705866,0.011556040961295366,0.022825833060778677,3.825000021606684e-05,0.011766041978262365,0.012402958003804088,0.0013098750496283174,0.048342958092689514,0.11656891705933958,8.333299774676561e-05,0.20178470900282264,0.025228874990716577,0.22701358399353921,2.345792017877102e-05,0.00013641698751598597,0.14179779205005616,0.3347680829465389,0.5410941659938544
3424,random_3421,random_cycle_chord,20260823,crossing_rich,5,200,5,8,12,4.225476220019697,True,True,,perf/incremental-yamada-frontier-order,1d8374f42cccbb16d78d44100a65ca603d7d1997,3.14.7,macOS-26.6.2-arm64-arm-64bit-Mach-O,arm,0.031234541907906532,0.17462858301587403,0.04299491597339511,0.011230082949623466,0.012832709006033838,0.02534591604489833,3.9915903471410275e-05,0.013118333066813648,0.013890875037759542,0.0014371660072356462,0.05383220606017858,0.12092445802409202,0.0001652080100029707,0.274952832958661,0.028363416087813675,0.3033162490464747,2.6583089493215084e-05,0.00015512504614889622,0.1492878741119057,0.35515099903568625,0.6346623749705032
3425,random_3422,random_cycle_chord,20260823,crossing_rich,5,200,6,11,16,4.653276316555894,True,True,,perf/incremental-yamada-frontier-order,1d8374f42cccbb16d78d44100a65ca603d7d1997,3.14.7,macOS-26.6.2-arm64-arm-64bit-Mach-O,arm,0.04343987500760704,0.15164291695691645,0.044251332990825176,0.011485374998301268,0.013203708920627832,0.026201167027466,4.483293741941452e-05,0.013480624998919666,0.014293999993242323,0.0015686249826103449,0.05558924993965775,0.12456962501164526,9.450002107769251e-05,0.21688066702336073,0.030062749981880188,0.24694341700524092,3.0415947549045086e-05,0.00016591697931289673,0.15463237499352545,0.34971516695804894,0.5715419999323785
3426,random_3423,random_cycle_chord,20260823,crossing_rich,4,200,5,10,14,5.450906310306314,True,True,,perf/incremental-yamada-frontier-order,1d8374f42cccbb16d78d44100a65ca603d7d1997,3.14.7,macOS-26.6.2-arm64-arm-64bit-Mach-O,arm,0.041856708005070686,0.15221154200844467,0.05245374992955476,0.010144416010007262,0.011530167073942721,0.022798290941864252,3.7375022657215595e-05,0.011852707946673036,0.012426542001776397,0.0012480419827625155,0.048362957895733416,0.12252574996091425,8.345791138708591e-05,0.27059400000143796,0.023066958994604647,0.2936609589960426,2.4000066332519054e-05,0.00013333302922546864,0.1455927089555189,0.33966095896903425,0.614607666968368
3427,random_3424,random_cycle_chord,20260823,baseline,0,200,4,10,13,4.635281071879162,True,True,,perf/incremental-yamada-frontier-order,1d8374f42cccbb16d78d44100a65ca603d7d1997,3.14.7,macOS-26.6.2-arm64-arm-64bit-Mach-O,arm,0.03383604099508375,0.15085424995049834,0.0260848329635337,0.007897124974988401,0.008452625013887882,0.016628249897621572,2.962502185255289e-05,0.00860766600817442,0.008847250021062791,0.0007437499007210135,0.03485654084943235,0.07731804193463176,7.199996616691351e-05,0.1579109999584034,0.010597707936540246,0.16850870789494365,1.7749960534274578e-05,7.974996697157621e-05,0.08791574987117201,0.2726060408167541,0.43485666695050895
3428,random_3425,random_cycle_chord,20260823,crossing_rich,6,200,6,11,16,5.2214949049676775,True,True,,perf/incremental-yamada-frontier-order,1d8374f42cccbb16d78d44100a65ca603d7d1997,3.14.7,macOS-26.6.2-arm64-arm-64bit-Mach-O,arm,0.04668425000272691,0.15037395898252726,0.05068162502720952,0.011584667023271322,0.013359042000956833,0.026308874948881567,5.758402403444052e-05,0.013774084043689072,0.014652959071099758,0.0017285419162362814,0.05652204400394112,0.132194040925242,9.475008118897676e-05,0.21806629106868058,0.035244832979515195,0.2533111240481958,2.8916983865201473e-05,0.00018220802303403616,0.1674388739047572,0.36449708289001137,0.5873537089210004
3429,random_3426,random_cycle_chord,20260823,baseline,0,200,3,11,13,4.070289606678034,True,True,,perf/incremental-yamada-frontier-order,1d8374f42cccbb16d78d44100a65ca603d7d1997,3.14.7,macOS-26.6.2-arm64-arm-64bit-Mach-O,arm,0.03199887496884912,0.14759070798754692,0.021128542022779584,0.006474833004176617,0.006439874996431172,0.012654166086576879,2.1875021047890186e-05,0.006574415951035917,0.006758874980732799,0.0005439160158857703,0.026553248055279255,0.060615708003751934,6.733392365276814e-05,0.16676866705529392,0.008622167049907148,0.17539083410520107,1.3749930076301098e-05,6.574997678399086e-05,0.06923787505365908,0.24882745801005512,0.41971879091579467
3430,random_3427,random_cycle_chord,20260823,crossing_rich,3,200,4,8,11,4.242041323885753,True,True,,perf/incremental-yamada-frontier-order,1d8374f42cccbb16d78d44100a65ca603d7d1997,3.14.7,macOS-26.6.2-arm64-arm-64bit-Mach-O,arm,0.02782454201951623,0.1478689160430804,0.035355250001885,0.0090308339567855,0.010032666032202542,0.019816917018033564,2.8832932002842426e-05,0.010291500017046928,0.010742624988779426,0.0009984580101445317,0.04187833296600729,0.09632362506818026,7.433397695422173e-05,0.14470570802222937,0.01877791597507894,0.1634836239973083,1.9542057998478413e-05,0.00011220795568078756,0.1151015410432592,0.2907949991058558,0.43974454200360924
3431,random_3428,random_cycle_chord,20260823,baseline,0,200,3,9,11,5.348001941383575,True,True,,perf/incremental-yamada-frontier-order,1d8374f42cccbb16d78d44100a65ca603d7d1997,3.14.7,macOS-26.6.2-arm64-arm-64bit-Mach-O,arm,0.03175787499640137,0.14740758400876075,0.02476466598454863,0.006337292026728392,0.006424207938835025,0.012521832948550582,2.195802517235279e-05,0.006531040999107063,0.006762333097867668,0.0005730000557377934,0.02641016512643546,0.06395537499338388,6.674998439848423e-05,0.1414312080014497,0.009396792040206492,0.1508280000416562,1.3499986380338669e-05,6.962497718632221e-05,0.07335216703359038,0.2525176260387525,0.3980800829594955
3432,random_3429,random_cycle_chord,20260823,crossing_rich,4,200,5,8,12,6.6036216079408145,True,True,,perf/incremental-yamada-frontier-order,1d8374f42cccbb16d78d44100a65ca603d7d1997,3.14.7,macOS-26.6.2-arm64-arm-64bit-Mach-O,arm,0.04355804098304361,0.14866587496362627,0.06936291710007936,0.009580874931998551,0.010543874930590391,0.020810707937926054,3.716698847711086e-05,0.010834167012944818,0.011520999949425459,0.001331249950453639,0.04453429183922708,0.13405445800162852,0.00015658303163945675,0.1613717080326751,0.02619283297099173,0.18756454100366682,2.3333006538450718e-05,0.0001432499848306179,0.16024729097262025,0.3524712069192901,0.5183998340507969
3433,random_3430,random_cycle_chord,20260823,baseline,0,200,3,10,12,5.621052879000751,True,True,,perf/incremental-yamada-frontier-order,1d8374f42cccbb16d78d44100a65ca603d7d1997,3.14.7,macOS-26.6.2-arm64-arm-64bit-Mach-O,arm,0.03587379201781005,0.1483334160875529,0.02815720799844712,0.006524665979668498,0.006598374922759831,0.013112040935084224,2.216699067503214e-05,0.006719791912473738,0.006922665983438492,0.0005579580320045352,0.02733462385367602,0.0686347089940682,6.154202856123447e-05,0.15401666599791497,0.008283790899440646,0.16230045689735562,1.3791956007480621e-05,6.624998059123755e-05,0.07691849989350885,0.2611257079988718,0.41927916707936674
3434,random_3431,random_cycle_chord,20260823,baseline,0,200,3,11,13,4.043897655553202,True,True,,perf/incremental-yamada-frontier-order,1d8374f42cccbb16d78d44100a65ca603d7d1997,3.14.7,macOS-26.6.2-arm64-arm-64bit-Mach-O,arm,0.03222854097839445,0.14780775003600866,0.017905167071148753,0.0065085000824183226,0.0065514169400557876,0.012914416030980647,2.1541956812143326e-05,0.006715417024679482,0.0069127080496400595,0.0005652080290019512,0.027129291091114283,0.058114334009587765,6.250001024454832e-05,0.16683579108212143,0.00896783301141113,0.17580362409353256,1.383305061608553e-05,6.829097401350737e-05,0.0670821670209989,0.247118458035402,0.41807666700333357
3435,random_3432,random_cycle_chord,20260823,crossing_rich,3,200,4,12,15,4.875713643096126,True,True,,perf/incremental-yamada-frontier-order,1d8374f42cccbb16d78d44100a65ca603d7d1997,3.14.7,macOS-26.6.2-arm64-arm-64bit-Mach-O,arm,0.04038691695313901,0.14839695894625038,0.044978249934501946,0.009076334070414305,0.009807625086978078,0.019354167045094073,2.8957962058484554e-05,0.009970959043130279,0.010456499992869794,0.001013082917779684,0.040823666960932314,0.1047119579743594,7.90000194683671e-05,0.1957574998959899,0.01929962495341897,0.21505712484940886,1.9166036508977413e-05,0.00011312495917081833,0.12401158292777836,0.31279545882716775,0.5128809580346569
3436,random_3433,random_cycle_chord,20260823,crossing_rich,5,200,5,9,13,4.258358262397476,True,True,,perf/incremental-yamada-frontier-order,1d8374f42cccbb16d78d44100a65ca603d7d1997,3.14.7,macOS-26.6.2-arm64-arm-64bit-Mach-O,arm,0.032785541960038245,0.14840062509756535,0.03944974998012185,0.010494374902918935,0.012062667054124177,0.023843250004574656,3.7416000850498676e-05,0.012415958102792501,0.01305220799986273,0.00136524997651577,0.05071408208459616,0.11275366693735123,7.716589607298374e-05,0.1742725829826668,0.027748708962462842,0.20202129194512963,2.4416949599981308e-05,0.00014812499284744263,0.14050237589981407,0.32168854295741767,0.5004517920315266
3437,random_3434,random_cycle_chord,20260823,baseline,0,200,4,13,16,4.568909605790528,True,True,,perf/incremental-yamada-frontier-order,1d8374f42cccbb16d78d44100a65ca603d7d1997,3.14.7,macOS-26.6.2-arm64-arm-64bit-Mach-O,arm,0.0407395000802353,0.1475460829678923,0.022029499989002943,0.007892583962529898,0.008700290927663445,0.01715704204980284,2.9250048100948334e-05,0.00884054193738848,0.009210958960466087,0.0007283750455826521,0.03596616804134101,0.07461491599678993,8.333299774676561e-05,0.20703612500801682,0.011122166994027793,0.21815829200204462,1.791701652109623e-05,7.962505333125591e-05,0.08573708299081773,0.2740226660389453,0.4853341249981895
3438,random_3435,random_cycle_chord,20260823,baseline,0,200,3,8,10,6.186515821050237,True,True,,perf/incremental-yamada-frontier-order,1d8374f42cccbb16d78d44100a65ca603d7d1997,3.14.7,macOS-26.6.2-arm64-arm-64bit-Mach-O,arm,0.03279795800335705,0.14773791597690433,0.03418720804620534,0.006627666996791959,0.006693666917271912,0.013140792027115822,2.1875021047890186e-05,0.006801708019338548,0.006939791957847774,0.0005437909858301282,0.027447958011180162,0.07497583399526775,5.6208926253020763e-05,0.1305968330707401,0.009468583040870726,0.14006541611161083,1.6415957361459732e-05,8.262507617473602e-05,0.08444441703613847,0.26498029101639986,0.3997809170978144
3439,random_3436,random_cycle_chord,20260823,crossing_rich,3,200,5,11,15,5.073823224275347,True,True,,perf/incremental-yamada-frontier-order,1d8374f42cccbb16d78d44100a65ca603d7d1997,3.14.7,macOS-26.6.2-arm64-arm-64bit-Mach-O,arm,0.044144750107079744,0.15171829203609377,0.04665000003296882,0.010228500002995133,0.011260000057518482,0.022184417000971735,4.083395469933748e-05,0.01168562495149672,0.012219749973155558,0.0011724169598892331,0.047303042840212584,0.1154778329655528,8.625001646578312e-05,0.20534983288962394,0.021729999920353293,0.22707983280997723,2.3542088456451893e-05,0.00012733403127640486,0.1372078328859061,0.3330708750290796,0.5430380830075592
3440,random_3437,random_cycle_chord,20260823,crossing_rich,2,200,4,10,13,5.622427808660546,True,True,,perf/incremental-yamada-frontier-order,1d8374f42cccbb16d78d44100a65ca603d7d1997,3.14.7,macOS-26.6.2-arm64-arm-64bit-Mach-O,arm,0.039437292027287185,0.1610896249767393,0.04511366691440344,0.008350374992005527,0.008511291001923382,0.016721999971196055,3.1374976970255375e-05,0.00872499996330589,0.009136624983511865,0.000918666017241776,0.03553366591222584,0.09753729205112904,7.712491787970066e-05,0.16853454196825624,0.015912665985524654,0.1844472079537809,2.0416919142007828e-05,0.00010520895011723042,0.1134499580366537,0.31397687504068017,0.48684862500522286
3441,random_3438,random_cycle_chord,20260823,crossing_rich,2,200,4,9,12,6.075525374009169,True,True,,perf/incremental-yamada-frontier-order,1d8374f42cccbb16d78d44100a65ca603d7d1997,3.14.7,macOS-26.6.2-arm64-arm-64bit-Mach-O,arm,0.03899720893241465,0.1488317500334233,0.050025457981973886,0.008135874988511205,0.008337875013239682,0.016413707984611392,2.945796586573124e-05,0.008586999960243702,0.008975459029898047,0.0009636669419705868,0.03496929188258946,0.10149425000417978,7.191707845777273e-05,0.15741945896297693,0.01771083299536258,0.1751302919583395,1.9083963707089424e-05,0.00010920804925262928,0.11920508299954236,0.3070340419653803,0.46871000004466623
3442,random_3439,random_cycle_chord,20260823,crossing_rich,5,200,5,9,13,4.265603557061383,True,True,,perf/incremental-yamada-frontier-order,1d8374f42cccbb16d78d44100a65ca603d7d1997,3.14.7,macOS-26.6.2-arm64-arm-64bit-Mach-O,arm,0.03325145796407014,0.14798641693778336,0.038545083021745086,0.01072995807044208,0.011910459026694298,0.023631624993868172,3.854092210531235e-05,0.012168542016297579,0.012843583011999726,0.0013287910260260105,0.0500110819702968,0.11123050004243851,7.591699250042439e-05,0.17685154103673995,0.026487834053114057,0.203339375089854,2.391706220805645e-05,0.00014754198491573334,0.13771833409555256,0.31895620899740607,0.5003889589570463
3443,random_3440,random_cycle_chord,20260823,baseline,0,200,4,10,13,4.6195760304708156,True,True,,perf/incremental-yamada-frontier-order,1d8374f42cccbb16d78d44100a65ca603d7d1997,3.14.7,macOS-26.6.2-arm64-arm-64bit-Mach-O,arm,0.033973790938034654,0.14841695805080235,0.023521792027167976,0.007498166989535093,0.007668125093914568,0.014984500012360513,2.8667040169239044e-05,0.007801375002600253,0.008035833016037941,0.0007432919228449464,0.03159366699401289,0.07030762499198318,7.229100447148085e-05,0.16741383296903223,0.011029959074221551,0.17844379204325378,1.7749960534274578e-05,8.229108061641455e-05,0.08133758406620473,0.26372833305504173,0.43541408400051296
3444,random_3441,random_cycle_chord,20260823,baseline,0,200,3,10,12,5.625650593760503,True,True,,perf/incremental-yamada-frontier-order,1d8374f42cccbb16d78d44100a65ca603d7d1997,3.14.7,macOS-26.6.2-arm64-arm-64bit-Mach-O,arm,0.03597066702786833,0.14824599993880838,0.02901162498164922,0.006745832972228527,0.007013833965174854,0.013829250005073845,2.0915991626679897e-05,0.007147291908040643,0.007332041976042092,0.0005417499924078584,0.028871249873191118,0.07166120898909867,6.250001024454832e-05,0.15384625003207475,0.008508499944582582,0.16235474997665733,1.3499986380338669e-05,6.837502587586641e-05,0.08016970893368125,0.26438637590035796,0.4223869590787217
3445,random_3442,random_cycle_chord,20260823,baseline,0,200,4,11,14,4.070215806015776,True,True,,perf/incremental-yamada-frontier-order,1d8374f42cccbb16d78d44100a65ca603d7d1997,3.14.7,macOS-26.6.2-arm64-arm-64bit-Mach-O,arm,0.03464162501040846,0.14768812502734363,0.020445250091142952,0.007438708911649883,0.007586417021229863,0.014884541975334287,2.9165996238589287e-05,0.007759500062093139,0.008009249926544726,0.0007508330745622516,0.03143329103477299,0.06693129194900393,7.48330494388938e-05,0.17947204201482236,0.0113475420512259,0.19081958406604826,1.8000020645558834e-05,8.291599806398153e-05,0.07827883400022984,0.2606085840379819,0.4443522089859471
3446,random_3443,random_cycle_chord,20260823,crossing_rich,5,200,6,11,16,4.669780036749351,True,True,,perf/incremental-yamada-frontier-order,1d8374f42cccbb16d78d44100a65ca603d7d1997,3.14.7,macOS-26.6.2-arm64-arm-64bit-Mach-O,arm,0.04206012503709644,0.14875995798502117,0.05158920795656741,0.011119917035102844,0.012391541968099773,0.024317167000845075,4.5332941226661205e-05,0.0126168749993667,0.013528957962989807,0.0017082499107345939,0.05221658281516284,0.12735958292614669,9.404192678630352e-05,0.2162758340127766,0.031210957909934223,0.24748679192271084,2.9749935492873192e-05,0.00016483303625136614,0.1585705408360809,0.3493906238581985,0.5702867909567431
3447,random_3444,random_cycle_chord,20260823,crossing_rich,4,200,5,10,14,5.483595605712759,True,True,,perf/incremental-yamada-frontier-order,1d8374f42cccbb16d78d44100a65ca603d7d1997,3.14.7,macOS-26.6.2-arm64-arm-64bit-Mach-O,arm,0.04133587493561208,0.15015650005079806,0.05063658405561,0.010080666979774833,0.011367750004865229,0.022387832985259593,3.716698847711086e-05,0.01160175004042685,0.01222512498497963,0.0012810409534722567,0.04753291595261544,0.11965175007935613,8.462497498840094e-05,0.2655675000278279,0.02416362497024238,0.2897311249980703,2.462498378008604e-05,0.00013533304445445538,0.14381537504959852,0.33530775003600866,0.6050806669518352
3448,random_3445,random_cycle_chord,20260823,baseline,0,200,3,9,11,5.371400170264348,True,True,,perf/incremental-yamada-frontier-order,1d8374f42cccbb16d78d44100a65ca603d7d1997,3.14.7,macOS-26.6.2-arm64-arm-64bit-Mach-O,arm,0.032141458010300994,0.14806316699832678,0.027320874971337616,0.006506041972897947,0.006688165944069624,0.013163458090275526,2.1625077351927757e-05,0.0068152499152347445,0.007012292044237256,0.0005290419794619083,0.027541667106561363,0.06807583302725106,6.729108281433582e-05,0.14078870799858123,0.008249500067904592,0.14903820806648582,1.3875076547265053e-05,6.341701373457909e-05,0.07632533309515566,0.25652995810378343,0.40146329207345843
3449,random_3446,random_cycle_chord,20260823,baseline,0,200,4,11,14,4.058809093069512,True,True,,perf/incremental-yamada-frontier-order,1d8374f42cccbb16d78d44100a65ca603d7d1997,3.14.7,macOS-26.6.2-arm64-arm-64bit-Mach-O,arm,0.03428133297711611,0.14797487494070083,0.019147417042404413,0.007771249976940453,0.008214458008296788,0.016161874984391034,2.8499984182417393e-05,0.00843195803463459,0.008622167049907148,0.0007399170426651835,0.03398441709578037,0.06914350006263703,7.42919510230422e-05,0.18020995799452066,0.011184916947968304,0.19139487494248897,1.7541926354169846e-05,8.208293002098799e-05,0.08032841701060534,0.26258462492842227,0.44708954205270857
3450,random_3447,random_cycle_chord,20260823,baseline,0,200,3,10,12,4.635927897575523,True,True,,perf/incremental-yamada-frontier-order,1d8374f42cccbb16d78d44100a65ca603d7d1997,3.14.7,macOS-26.6.2-arm64-arm-64bit-Mach-O,arm,0.0316182499518618,0.14773120800964534,0.02204524993430823,0.0063524170545861125,0.006370916031301022,0.012484541977755725,2.1707965061068535e-05,0.0065457921009510756,0.006694375071674585,0.0005533340154215693,0.026299751130864024,0.06108775001484901,6.466696504503489e-05,0.15625724999699742,0.009060041978955269,0.16531729197595268,1.491699367761612e-05,7.054198067635298e-05,0.07014779199380428,0.24949724995531142,0.40994083299301565
3451,random_3448,random_cycle_chord,20260823,baseline,0,200,3,8,10,6.178022462263797,True,True,,perf/incremental-yamada-frontier-order,1d8374f42cccbb16d78d44100a65ca603d7d1997,3.14.7,macOS-26.6.2-arm64-arm-64bit-Mach-O,arm,0.03332008293364197,0.14791670802515,0.03269083297345787,0.006483667064458132,0.006639832979999483,0.013069832930341363,2.0792009308934212e-05,0.006757292081601918,0.006977790966629982,0.0005178329301998019,0.027343540918082,0.07317620899993926,5.679100286215544e-05,0.12938041693996638,0.008538124966435134,0.13791854190640152,1.3625016435980797e-05,6.341596599668264e-05,0.0817143339663744,0.26295112492516637,0.3964499169960618
3452,random_3449,random_cycle_chord,20260823,crossing_rich,5,200,5,10,14,4.821194643096671,True,True,,perf/incremental-yamada-frontier-order,1d8374f42cccbb16d78d44100a65ca603d7d1997,3.14.7,macOS-26.6.2-arm64-arm-64bit-Mach-O,arm,0.03812479099724442,0.1488108750199899,0.043745415983721614,0.0107015420217067,0.012356917024590075,0.024465415976010263,3.750005271285772e-05,0.012671708944253623,0.013313499977812171,0.0013429590035229921,0.05183108395431191,0.11866737494710833,7.966696284711361e-05,0.1752901249565184,0.02848645905032754,0.20377658400684595,2.366595435887575e-05,0.000142207951284945,0.14715383399743587,0.3340895000146702,0.5140214579878375
3453,random_3450,random_cycle_chord,20260823,crossing_rich,3,200,5,10,14,5.133297006717228,True,True,,perf/incremental-yamada-frontier-order,1d8374f42cccbb16d78d44100a65ca603d7d1997,3.14.7,macOS-26.6.2-arm64-arm-64bit-Mach-O,arm,0.04023512499406934,0.14847891603130847,0.043422582908533514,0.009434584062546492,0.010371666052378714,0.02039970806799829,3.791693598031998e-05,0.010601166053675115,0.011130958097055554,0.0012187500251457095,0.04338849917985499,0.10665104200597852,8.041702676564455e-05,0.1856213330756873,0.021537499967962503,0.2071588330436498,2.3209024220705032e-05,0.0001308330101892352,0.12818854197394103,0.31690258299931884,0.506985625019297
3454,random_3451,random_cycle_chord,20260823,crossing_rich,5,200,5,8,12,4.121476609480584,True,True,,perf/incremental-yamada-frontier-order,1d8374f42cccbb16d78d44100a65ca603d7d1997,3.14.7,macOS-26.6.2-arm64-arm-64bit-Mach-O,arm,0.030273957992903888,0.14809754199814051,0.04493124992586672,0.010715040960349143,0.012559541035443544,0.024758166982792318,3.6415993236005306e-05,0.012811916996724904,0.01351808407343924,0.00138412497472018,0.05250870902091265,0.12074808299075812,0.00019299995619803667,0.163832415943034,0.029000542010180652,0.19283295795321465,2.3417058400809765e-05,0.00014979206025600433,0.14974862500093877,0.3281201249919832,0.49680129205808043
3455,random_3452,random_cycle_chord,20260823,crossing_rich,2,200,4,8,11,6.358826436259111,True,True,,perf/incremental-yamada-frontier-order,1d8374f42cccbb16d78d44100a65ca603d7d1997,3.14.7,macOS-26.6.2-arm64-arm-64bit-Mach-O,arm,0.03761599992867559,0.14819237496703863,0.05201512493658811,0.008318917010910809,0.008904292015358806,0.017524332972243428,2.8582988306879997e-05,0.00901779206469655,0.009466999908909202,0.0009230000432580709,0.03696070797741413,0.10622575005982071,6.66249543428421e-05,0.1436004579300061,0.014993042103014886,0.15859350003302097,1.9041006453335285e-05,9.799993131309748e-05,0.1212187921628356,0.3070271670585498,0.454859041958116
3456,random_3453,random_cycle_chord,20260823,crossing_rich,5,200,5,8,12,4.246371962841285,True,True,,perf/incremental-yamada-frontier-order,1d8374f42cccbb16d78d44100a65ca603d7d1997,3.14.7,macOS-26.6.2-arm64-arm-64bit-Mach-O,arm,0.030931625049561262,0.1482345829717815,0.0416071250801906,0.010614832979626954,0.01239291694946587,0.024557707947678864,3.712496254593134e-05,0.012700082967057824,0.013387500075623393,0.0014116250677034259,0.05209404102060944,0.11674137494992465,0.0002554170787334442,0.26142912497743964,0.02555266604758799,0.28698179102502763,2.437504008412361e-05,0.00014758296310901642,0.14229404099751264,0.3214602490188554,0.5872459999518469
3457,random_3454,random_cycle_chord,20260823,crossing_rich,3,200,4,8,11,4.262753372138261,True,True,,perf/incremental-yamada-frontier-order,1d8374f42cccbb16d78d44100a65ca603d7d1997,3.14.7,macOS-26.6.2-arm64-arm-64bit-Mach-O,arm,0.027986250002868474,0.14800966600887477,0.03633445792365819,0.008971999981440604,0.010025625000707805,0.019869209034368396,3.0208961106836796e-05,0.01026783394627273,0.0106968330219388,0.0009603329235687852,0.04182441788725555,0.09718304197303951,6.620795466005802e-05,0.1458568749949336,0.018570124986581504,0.1644269999815151,1.895800232887268e-05,0.00010616704821586609,0.11575316695962101,0.29174908297136426,0.4418223339598626
3458,random_3455,random_cycle_chord,20260823,crossing_rich,5,200,5,8,12,4.0948052225720435,True,True,,perf/incremental-yamada-frontier-order,1d8374f42cccbb16d78d44100a65ca603d7d1997,3.14.7,macOS-26.6.2-arm64-arm-64bit-Mach-O,arm,0.030393125023692846,0.1479188749799505,0.04481545800808817,0.01062374992761761,0.012580416980199516,0.024879958014935255,3.699993249028921e-05,0.012887125019915402,0.01353445800486952,0.0013452500570565462,0.05268379102926701,0.1207365000154823,0.00017462496180087328,0.16194870800245553,0.02837066596839577,0.1903193739708513,2.3999949917197227e-05,0.0001456249738112092,0.14910716598387808,0.3274191659875214,0.49389100004918873
3459,random_3456,random_cycle_chord,20260823,crossing_rich,2,200,4,8,11,6.300433554948598,True,True,,perf/incremental-yamada-frontier-order,1d8374f42cccbb16d78d44100a65ca603d7d1997,3.14.7,macOS-26.6.2-arm64-arm-64bit-Mach-O,arm,0.03770308301318437,0.14859370898921043,0.052718207938596606,0.008219750015996397,0.008541749906726182,0.016895542037673295,2.9499991796910763e-05,0.00875662500038743,0.009160707937553525,0.0009253340540453792,0.03576770902145654,0.10527433396782726,6.674998439848423e-05,0.14428229094482958,0.01698874996509403,0.1612710409099236,1.820793841034174e-05,0.00010462501086294651,0.12226308393292129,0.3085598759353161,0.45709249994251877
3460,random_3457,random_cycle_chord,20260823,crossing_rich,2,200,4,8,11,6.590029023852641,True,True,,perf/incremental-yamada-frontier-order,1d8374f42cccbb16d78d44100a65ca603d7d1997,3.14.7,macOS-26.6.2-arm64-arm-64bit-Mach-O,arm,0.03900583297945559,0.16647875006310642,0.055102833081036806,0.008580417023040354,0.008656749967485666,0.01703324995469302,3.145798109471798e-05,0.008899125037714839,0.009345000027678907,0.0009850419592112303,0.036293874960392714,0.10866208397783339,7.23750563338399e-05,0.14495575008913875,0.017188624944537878,0.16214437503367662,2.037500962615013e-05,0.00011887506116181612,0.12585070892237127,0.3313352919649333,0.4806674999417737
3461,random_3458,random_cycle_chord,20260823,crossing_rich,6,200,6,11,16,5.222749348093824,True,True,,perf/incremental-yamada-frontier-order,1d8374f42cccbb16d78d44100a65ca603d7d1997,3.14.7,macOS-26.6.2-arm64-arm-64bit-Mach-O,arm,0.046109666931442916,0.15721141593530774,0.05129016691353172,0.011325292056426406,0.012772624962963164,0.02519520907662809,4.312500823289156e-05,0.013090624939650297,0.013911208021454513,0.0016354169929400086,0.0538755840389058,0.12930333393160254,0.00010220799595117569,0.21367224992718548,0.031933374935761094,0.24560562486294657,2.816703636199236e-05,0.00017245800700038671,0.16123670886736363,0.3645577917341143,0.5834698749240488
3462,random_3459,random_cycle_chord,20260823,baseline,0,200,3,12,14,4.879686567275787,True,True,,perf/incremental-yamada-frontier-order,1d8374f42cccbb16d78d44100a65ca603d7d1997,3.14.7,macOS-26.6.2-arm64-arm-64bit-Mach-O,arm,0.03771095897536725,0.14777537493500859,0.022005749982781708,0.0066198339918628335,0.006599500076845288,0.012937791994772851,2.154102548956871e-05,0.006738249910995364,0.006891041062772274,0.0005237910663709044,0.027112415060400963,0.06235675001516938,7.187505252659321e-05,0.17892550001852214,0.008171833003871143,0.1870973330223933,1.3832934200763702e-05,6.462505552917719e-05,0.07052858301904052,0.25601491692941636,0.43907766591291875
3463,random_3460,random_cycle_chord,20260823,crossing_rich,4,200,5,10,14,5.618432423152821,True,True,,perf/incremental-yamada-frontier-order,1d8374f42cccbb16d78d44100a65ca603d7d1997,3.14.7,macOS-26.6.2-arm64-arm-64bit-Mach-O,arm,0.0419741669902578,0.14902950008399785,0.05324404197745025,0.009709500009194016,0.010827208985574543,0.021349833928979933,3.816699609160423e-05,0.011126833036541939,0.011766999959945679,0.001278458978049457,0.04556029289960861,0.11937333398964256,8.604198228567839e-05,0.17453245900105685,0.024453916936181486,0.19898637593723834,2.3083994165062904e-05,0.00013620802201330662,0.14382725092582405,0.3348309180000797,0.5138146249810234
3464,random_3461,random_cycle_chord,20260823,crossing_rich,5,200,5,8,12,4.131675913780739,True,True,,perf/incremental-yamada-frontier-order,1d8374f42cccbb16d78d44100a65ca603d7d1997,3.14.7,macOS-26.6.2-arm64-arm-64bit-Mach-O,arm,0.030286625027656555,0.14826587494462729,0.034634958021342754,0.010796291986480355,0.012564833043143153,0.02480591693893075,3.558304160833359e-05,0.012865749886259437,0.01351708301808685,0.0013427080120891333,0.052567040896974504,0.11059737508185208,0.00017245800700038671,0.16046150005422533,0.02721079101320356,0.1876722910674289,2.350006252527237e-05,0.0001473339507356286,0.13780816609505564,0.3163606660673395,0.48141916701570153
3465,random_3462,random_cycle_chord,20260823,crossing_rich,5,200,5,9,13,4.230447992730294,True,True,,perf/incremental-yamada-frontier-order,1d8374f42cccbb16d78d44100a65ca603d7d1997,3.14.7,macOS-26.6.2-arm64-arm-64bit-Mach-O,arm,0.033401124994270504,0.14928629097994417,0.039831708068959415,0.010608750046230853,0.012199207907542586,0.024061374948360026,4.070799332112074e-05,0.012526749982498586,0.013208292075432837,0.001476542092859745,0.051313667092472315,0.11399149999488145,7.983297109603882e-05,0.17645495908800513,0.030029584071598947,0.20648454315960407,2.458400558680296e-05,0.00015970796812325716,0.1440210840664804,0.32670850004069507,0.5077151249861345
3466,random_3463,random_cycle_chord,20260823,baseline,0,200,3,10,12,5.620521560414328,True,True,,perf/incremental-yamada-frontier-order,1d8374f42cccbb16d78d44100a65ca603d7d1997,3.14.7,macOS-26.6.2-arm64-arm-64bit-Mach-O,arm,0.035800457932054996,0.1475792919518426,0.028088291990570724,0.006538374931551516,0.006626209011301398,0.013006333960220218,2.1249987185001373e-05,0.006749207968823612,0.006904334062710404,0.0005097920075058937,0.02719091798644513,0.06846275005955249,6.341701373457909e-05,0.1546312920982018,0.007906375103630126,0.16253766720183194,1.425005029886961e-05,6.308301817625761e-05,0.07636912516318262,0.2597488750470802,0.4185135409934446
3467,random_3464,random_cycle_chord,20260823,baseline,0,200,3,8,10,6.164880857117731,True,True,,perf/incremental-yamada-frontier-order,1d8374f42cccbb16d78d44100a65ca603d7d1997,3.14.7,macOS-26.6.2-arm64-arm-64bit-Mach-O,arm,0.03264975000638515,0.14809787506237626,0.030433583073318005,0.006538416026160121,0.006681375089101493,0.01314554107375443,2.2249994799494743e-05,0.006812541978433728,0.006991708069108427,0.0005786250112578273,0.027550666127353907,0.07122341694775969,5.849997978657484e-05,0.12768533290363848,0.009256540914066136,0.13694187381770462,1.4375080354511738e-05,7.212499622255564e-05,0.08047995786182582,0.26122758293058723,0.39304350002203137
3468,random_3465,random_cycle_chord,20260823,crossing_rich,6,200,6,11,16,5.225446851581014,True,True,,perf/incremental-yamada-frontier-order,1d8374f42cccbb16d78d44100a65ca603d7d1997,3.14.7,macOS-26.6.2-arm64-arm-64bit-Mach-O,arm,0.046396874939091504,0.14872312499210238,0.04962720803450793,0.0115888750879094,0.013479874935001135,0.026435915962792933,4.612503107637167e-05,0.013714915956370533,0.014562707976438105,0.0016731669893488288,0.05643283191602677,0.13117108400911093,9.466696064919233e-05,0.2135470419889316,0.033068332937546074,0.24661537492647767,2.8333975933492184e-05,0.00017541705165058374,0.164239416946657,0.3593594168778509,0.577605374972336
3469,random_3466,random_cycle_chord,20260823,baseline,0,200,4,10,13,4.665226542099275,True,True,,perf/incremental-yamada-frontier-order,1d8374f42cccbb16d78d44100a65ca603d7d1997,3.14.7,macOS-26.6.2-arm64-arm-64bit-Mach-O,arm,0.03382374998182058,0.148431958979927,0.022254958050325513,0.007690583937801421,0.008150832960382104,0.0161035000346601,2.9125018045306206e-05,0.008338625077158213,0.008590249926783144,0.0007587500149384141,0.03382025007158518,0.07194300007540733,7.458392065018415e-05,0.16444312501698732,0.011774542042985559,0.17621766705997288,1.920794602483511e-05,9.120802860707045e-05,0.08371754211839288,0.26597325108014047,0.4347520839655772
3470,random_3467,random_cycle_chord,20260823,crossing_rich,4,200,5,8,12,6.588596124065568,True,True,,perf/incremental-yamada-frontier-order,1d8374f42cccbb16d78d44100a65ca603d7d1997,3.14.7,macOS-26.6.2-arm64-arm-64bit-Mach-O,arm,0.04293500003404915,0.14866812503896654,0.06489099992904812,0.009880332974717021,0.010763291968032718,0.021268417011015117,3.9917067624628544e-05,0.01101333403494209,0.011531166965141892,0.0013227920280769467,0.045175627106800675,0.13074337493162602,0.00016620790120214224,0.1593612500000745,0.0246448329417035,0.184006082941778,2.54589831456542e-05,0.00014899997040629387,0.15538820787332952,0.3469913329463452,0.5109417500207201
3471,random_3468,random_cycle_chord,20260823,crossing_rich,3,200,4,10,13,4.82880407629619,True,True,,perf/incremental-yamada-frontier-order,1d8374f42cccbb16d78d44100a65ca603d7d1997,3.14.7,macOS-26.6.2-arm64-arm-64bit-Mach-O,arm,0.03505004197359085,0.14825104200281203,0.039244874962605536,0.008981957915239036,0.009900250006467104,0.019567458075471222,2.8499984182417393e-05,0.010117291938513517,0.010536791058257222,0.0009667080594226718,0.04121674911584705,0.09937049995642155,7.175002247095108e-05,0.1705566250020638,0.018118749954737723,0.18867537495680153,1.937500201165676e-05,0.00011262495536357164,0.11748924991115928,0.30079033388756216,0.47562758391723037
3472,random_3469,random_cycle_chord,20260823,crossing_rich,5,200,6,10,15,5.376343583145729,True,True,,perf/incremental-yamada-frontier-order,1d8374f42cccbb16d78d44100a65ca603d7d1997,3.14.7,macOS-26.6.2-arm64-arm-64bit-Mach-O,arm,0.04389849992003292,0.14832299994304776,0.05599958391394466,0.010844083037227392,0.012095874990336597,0.023870500037446618,4.349998198449612e-05,0.012383166002109647,0.01326824992429465,0.0016059590270742774,0.05117137497290969,0.1301506250165403,0.00025412498507648706,0.28535208303947,0.03335245803464204,0.31870454107411206,2.8499984182417393e-05,0.0001639580586925149,0.16350308305118233,0.355724582914263,0.645581208053045
3473,random_3470,random_cycle_chord,20260823,crossing_rich,5,200,5,8,12,4.196742640136373,True,True,,perf/incremental-yamada-frontier-order,1d8374f42cccbb16d78d44100a65ca603d7d1997,3.14.7,macOS-26.6.2-arm64-arm-64bit-Mach-O,arm,0.030186166055500507,0.14827462506946176,0.0437131249345839,0.01111874997150153,0.012457250035367906,0.024549333029426634,3.850006032735109e-05,0.01269837492145598,0.013436541892588139,0.0013582500396296382,0.05208099994342774,0.11940412502735853,0.00015924999024719,0.2599841250339523,0.03650779102463275,0.29649191605858505,3.3708056434988976e-05,0.00015179195906966925,0.15591191605199128,0.33437270717695355,0.5983142909826711
3474,random_3471,random_cycle_chord,20260823,crossing_rich,8,200,7,12,18,4.881355452590916,True,True,,perf/incremental-yamada-frontier-order,1d8374f42cccbb16d78d44100a65ca603d7d1997,3.14.7,macOS-26.6.2-arm64-arm-64bit-Mach-O,arm,0.04896666598506272,0.14893633290193975,0.05077974998857826,0.014260916970670223,0.0158450830494985,0.0313873749691993,5.324999801814556e-05,0.01617062499281019,0.017354125040583313,0.002116125077009201,0.06708150007762015,0.14801420806907117,0.0002602500608190894,1.1964301250409335,0.047610374982468784,1.2440405000234023,5.054101347923279e-05,0.00023508293088525534,0.19562458305153996,0.3935275819385424,1.5953210410661995
3475,random_3472,random_cycle_chord,20260823,baseline,0,200,4,15,18,4.049866878206431,True,True,,perf/incremental-yamada-frontier-order,1d8374f42cccbb16d78d44100a65ca603d7d1997,3.14.7,macOS-26.6.2-arm64-arm-64bit-Mach-O,arm,0.04315874993335456,0.1474517909809947,0.018848582985810935,0.007950250059366226,0.008075332967564464,0.015915250056423247,2.8791953809559345e-05,0.008257292094640434,0.008539541973732412,0.0007277500117197633,0.033468626090325415,0.06836845795623958,8.158304262906313e-05,0.23057950008660555,0.012262540985830128,0.24284204107243568,2.7250032871961594e-05,8.949998300522566e-05,0.08063099894206971,0.27124153985641897,0.5060212920652702
3476,random_3473,random_cycle_chord,20260823,crossing_rich,2,200,4,9,12,5.940433578191142,True,True,,perf/incremental-yamada-frontier-order,1d8374f42cccbb16d78d44100a65ca603d7d1997,3.14.7,macOS-26.6.2-arm64-arm-64bit-Mach-O,arm,0.03985570801887661,0.14895845903083682,0.050986832939088345,0.008599124965257943,0.00879433297086507,0.01727608300279826,2.962502185255289e-05,0.009004791965708137,0.009383124997839332,0.0009462500456720591,0.03663987503387034,0.10504712490364909,7.13749323040247e-05,0.15721487498376518,0.016731124953366816,0.173945999937132,2.0165927708148956e-05,0.00010879198089241982,0.12177824985701591,0.31059241690672934,0.4719845000654459
3477,random_3474,random_cycle_chord,20260823,baseline,0,200,4,11,14,4.073258689536538,True,True,,perf/incremental-yamada-frontier-order,1d8374f42cccbb16d78d44100a65ca603d7d1997,3.14.7,macOS-26.6.2-arm64-arm-64bit-Mach-O,arm,0.03407608298584819,0.14746141689829528,0.019573999918065965,0.007974790991283953,0.00822075002361089,0.01618575002066791,2.9374961741268635e-05,0.008419958990998566,0.008647707989439368,0.0007400000467896461,0.03402279200963676,0.06981829192955047,7.345806807279587e-05,0.1804250000277534,0.0114136659540236,0.191838665981777,2.0415987819433212e-05,9.087496437132359e-05,0.08123195788357407,0.26276945776771754,0.44738579099066556
3478,random_3475,random_cycle_chord,20260823,crossing_rich,5,200,5,8,12,4.227075682138358,True,True,,perf/incremental-yamada-frontier-order,1d8374f42cccbb16d78d44100a65ca603d7d1997,3.14.7,macOS-26.6.2-arm64-arm-64bit-Mach-O,arm,0.03151591692585498,0.14857800002209842,0.03915912506636232,0.011232291930355132,0.012430750066414475,0.024531083065085113,3.7291902117431164e-05,0.01270533399656415,0.0133519999217242,0.0013142500538378954,0.05193995893932879,0.11479537491686642,0.000269915908575058,0.26347062503919005,0.025130291935056448,0.2886009169742465,2.6583089493215084e-05,0.00016075000166893005,0.13992566685192287,0.3200195837998763,0.5877828330267221
3479,random_3476,random_cycle_chord,20260823,crossing_rich,6,200,6,11,16,5.225628665126858,True,True,,perf/incremental-yamada-frontier-order,1d8374f42cccbb16d78d44100a65ca603d7d1997,3.14.7,macOS-26.6.2-arm64-arm-64bit-Mach-O,arm,0.04658000008203089,0.14864058303646743,0.05097624997142702,0.011905750026926398,0.013150791986845434,0.025913374964147806,4.700000863522291e-05,0.01345912495162338,0.014329208992421627,0.001700500026345253,0.05544920894317329,0.13152445806190372,9.454204700887203e-05,0.21630312502384186,0.03572862490545958,0.25203174992930144,3.1708041206002235e-05,0.00018233293667435646,0.1672530829673633,0.3624736660858616,0.5838942910777405
3480,random_3477,random_cycle_chord,20260823,crossing_rich,2,200,4,8,11,6.6030462531891825,True,True,,perf/incremental-yamada-frontier-order,1d8374f42cccbb16d78d44100a65ca603d7d1997,3.14.7,macOS-26.6.2-arm64-arm-64bit-Mach-O,arm,0.04145883291494101,0.189496458042413,0.06019454204943031,0.00919287500437349,0.009063582983799279,0.017884167027659714,4.7749956138432026e-05,0.009035291033796966,0.009654957917518914,0.0010501249926164746,0.0376722909277305,0.11617170798126608,9.666604455560446e-05,0.15406929200980812,0.019041707972064614,0.17311099998187274,3.741693217307329e-05,0.00012929202057421207,0.1352134159533307,0.3661687069106847,0.5248950839741156
3481,random_3478,random_cycle_chord,20260823,baseline,0,200,3,10,12,5.627204366852518,True,True,,perf/incremental-yamada-frontier-order,1d8374f42cccbb16d78d44100a65ca603d7d1997,3.14.7,macOS-26.6.2-arm64-arm-64bit-Mach-O,arm,0.039083416108042,0.15468929195776582,0.029500041040591896,0.007618208997882903,0.007511875010095537,0.014910458005033433,4.8874993808567524e-05,0.007729124976322055,0.007644957979209721,0.0005081660347059369,0.030841581989079714,0.0755103329429403,8.187489584088326e-05,0.15071916591841727,0.008602374931797385,0.15932154085021466,2.116698306053877e-05,6.791600026190281e-05,0.08411270787473768,0.2778854159405455,0.43291379197034985
3482,random_3479,random_cycle_chord,20260823,baseline,0,200,3,9,11,5.357138985717323,True,True,,perf/incremental-yamada-frontier-order,1d8374f42cccbb16d78d44100a65ca603d7d1997,3.14.7,macOS-26.6.2-arm64-arm-64bit-Mach-O,arm,0.035457834019325674,0.16168062505312264,0.027941249893046916,0.007980416994541883,0.007504374952986836,0.014775458024814725,5.495804361999035e-05,0.00788608391303569,0.0077672910410910845,0.0006228340789675713,0.031106625101529062,0.07457129203248769,0.00012491701636463404,0.1629537499975413,0.01056862494442612,0.17352237494196743,3.0125025659799576e-05,9.570794645696878e-05,0.08513991697691381,0.2822783760493621,0.4500320840161294
3483,random_3480,random_cycle_chord,20260823,baseline,0,200,3,8,10,6.139496426857083,True,True,,perf/incremental-yamada-frontier-order,1d8374f42cccbb16d78d44100a65ca603d7d1997,3.14.7,macOS-26.6.2-arm64-arm-64bit-Mach-O,arm,0.0375607080059126,0.17194695898797363,0.03780670801643282,0.009224499925039709,0.00775899994187057,0.015332208015024662,4.63330652564764e-05,0.008038458996452391,0.008171416935510933,0.000655542011372745,0.03224395902361721,0.08708470803685486,0.00010608299635350704,0.16322158300317824,0.0097880830289796,0.17300966603215784,2.3250002413988113e-05,8.166604675352573e-05,0.09687279106583446,0.3063804580597207,0.4745784580009058
3484,random_3481,random_cycle_chord,20260823,baseline,0,200,4,10,13,4.686044026040362,True,True,,perf/incremental-yamada-frontier-order,1d8374f42cccbb16d78d44100a65ca603d7d1997,3.14.7,macOS-26.6.2-arm64-arm-64bit-Mach-O,arm,0.0413116670679301,0.17413258296437562,0.02680724998936057,0.009279374964535236,0.00889104197267443,0.017452500062063336,3.3207936212420464e-05,0.009074875037185848,0.009442790993489325,0.0008864160627126694,0.0368897900916636,0.08189812500495464,8.841697126626968e-05,0.19464574998710304,0.013091792003251612,0.20773754199035466,2.3000058718025684e-05,0.00010545796249061823,0.09498991700820625,0.31043416704051197,0.5101103750057518
3485,random_3482,random_cycle_chord,20260823,crossing_rich,5,200,5,9,13,4.335896966135457,True,True,,perf/incremental-yamada-frontier-order,1d8374f42cccbb16d78d44100a65ca603d7d1997,3.14.7,macOS-26.6.2-arm64-arm-64bit-Mach-O,arm,0.03922508400864899,0.1815400830237195,0.05407924996688962,0.015109749976545572,0.016262416960671544,0.03218125004786998,8.304195944219828e-05,0.01674429199192673,0.017725959070958197,0.0019642080878838897,0.068698751158081,0.15423520805779845,0.00015604100190103054,0.26833674998488277,0.04439216700848192,0.3127289169933647,7.750000804662704e-05,0.00023874989710748196,0.19862737506628036,0.41939254209864885,0.6944343330105767
3486,random_3483,random_cycle_chord,20260823,crossing_rich,8,200,7,14,20,4.290519754245485,True,True,,perf/incremental-yamada-frontier-order,1d8374f42cccbb16d78d44100a65ca603d7d1997,3.14.7,macOS-26.6.2-arm64-arm-64bit-Mach-O,arm,0.07726183405611664,0.22359779092948884,0.07021700008772314,0.024696750100702047,0.02396895899437368,0.05074862495530397,0.000131291919387877,0.02615379204507917,0.025536666973493993,0.0029871250735595822,0.10555750096682459,0.22455645794980228,0.00021312502212822437,0.43454358307644725,0.06254262500442564,0.4970862080808729,0.00012945907656103373,0.00033483398146927357,0.2870990829542279,0.5879587079398334,1.0310713750077412
3487,random_3484,random_cycle_chord,20260823,crossing_rich,5,200,5,9,13,4.236707141332777,True,True,,perf/incremental-yamada-frontier-order,1d8374f42cccbb16d78d44100a65ca603d7d1997,3.14.7,macOS-26.6.2-arm64-arm-64bit-Mach-O,arm,0.0429854589747265,0.18522887502331287,0.04679712501820177,0.013279833015985787,0.01421541697345674,0.028050250024534762,4.370801616460085e-05,0.014499292010441422,0.015285457950085402,0.0015759579837322235,0.05945466598495841,0.1337858330225572,9.254191536456347e-05,0.21137241693213582,0.03625379200093448,0.2476262089330703,6.824999582022429e-05,0.00020320795010775328,0.17003962502349168,0.39825395902153105,0.6152384579181671
3488,random_3485,random_cycle_chord,20260823,baseline,0,200,3,11,13,4.058508881160357,True,True,,perf/incremental-yamada-frontier-order,1d8374f42cccbb16d78d44100a65ca603d7d1997,3.14.7,macOS-26.6.2-arm64-arm-64bit-Mach-O,arm,0.04074754205066711,0.1795733330072835,0.026668582926504314,0.008644375018775463,0.00826987496111542,0.0162152498960495,3.412493970245123e-05,0.008482208009809256,0.008628332987427711,0.0006757080554962158,0.034035623888485134,0.07766237505711615,0.00010362500324845314,0.20763345796149224,0.010448792017996311,0.21808224997948855,2.6291003450751305e-05,9.14169941097498e-05,0.08811116707511246,0.3084320421330631,0.5212501659989357
3489,random_3486,random_cycle_chord,20260823,baseline,0,200,3,11,13,4.092172288977335,True,True,,perf/incremental-yamada-frontier-order,1d8374f42cccbb16d78d44100a65ca603d7d1997,3.14.7,macOS-26.6.2-arm64-arm-64bit-Mach-O,arm,0.036591375013813376,0.16978012502659112,0.019542541936971247,0.007325417012907565,0.007378916954621673,0.014513334026560187,2.308306284248829e-05,0.007521208026446402,0.007723459042608738,0.0006143329665064812,0.030395417124964297,0.06466370809357613,7.391697727143764e-05,0.1816292080329731,0.009445666917599738,0.19107487495057285,2.320797648280859e-05,8.308410178869963e-05,0.07410937501117587,0.28048087505158037,0.46670450002420694
3490,random_3487,random_cycle_chord,20260823,crossing_rich,2,200,4,8,11,6.454025824200545,True,True,,perf/incremental-yamada-frontier-order,1d8374f42cccbb16d78d44100a65ca603d7d1997,3.14.7,macOS-26.6.2-arm64-arm-64bit-Mach-O,arm,0.04113291599787772,0.15813712496310472,0.058505082968622446,0.008805459016002715,0.008944874978624284,0.017666124971583486,3.100000321865082e-05,0.009136209031566978,0.009561749990098178,0.0009688750142231584,0.03736395901069045,0.11364687501918525,7.070798892527819e-05,0.14748579100705683,0.01771404198370874,0.16519983299076557,3.0082999728620052e-05,0.00011454196646809578,0.13136091700289398,0.3306309579638764,0.48275766603183
3491,random_3488,random_cycle_chord,20260823,crossing_rich,5,200,5,8,12,4.262870644138536,True,True,,perf/incremental-yamada-frontier-order,1d8374f42cccbb16d78d44100a65ca603d7d1997,3.14.7,macOS-26.6.2-arm64-arm-64bit-Mach-O,arm,0.03166941704694182,0.14866720791906118,0.03986412507947534,0.010887499898672104,0.012499250005930662,0.024776916950941086,4.116701893508434e-05,0.012784917023964226,0.013475665939040482,0.0013301250291988254,0.052408791962079704,0.11569349991623312,0.00017025007400661707,0.1639336250955239,0.027890499914065003,0.1918241250095889,3.9541046135127544e-05,0.00014933303464204073,0.14358399983029813,0.3239206247963011,0.49250608403235674
3492,random_3489,random_cycle_chord,20260823,baseline,0,200,3,11,13,4.042531331731686,True,True,,perf/incremental-yamada-frontier-order,1d8374f42cccbb16d78d44100a65ca603d7d1997,3.14.7,macOS-26.6.2-arm64-arm-64bit-Mach-O,arm,0.032179332920350134,0.14769754093140364,0.01904933399055153,0.0066789580741897225,0.006851457990705967,0.013498749933205545,2.166605554521084e-05,0.007015707902610302,0.007165124989114702,0.0005505000008270144,0.028251748881302774,0.06085075007285923,6.35830219835043e-05,0.1682710830355063,0.008814290980808437,0.17708537401631474,1.4583929441869259e-05,6.824999582022429e-05,0.06966504105366766,0.24954191490542144,0.421953208046034
3493,random_3490,random_cycle_chord,20260823,crossing_rich,3,200,5,11,15,4.795872264312197,True,True,,perf/incremental-yamada-frontier-order,1d8374f42cccbb16d78d44100a65ca603d7d1997,3.14.7,macOS-26.6.2-arm64-arm-64bit-Mach-O,arm,0.04004499991424382,0.1482993339886889,0.04210933391004801,0.009477791958488524,0.010483624995686114,0.0208232500590384,5.591695662587881e-05,0.010708916001021862,0.011189374956302345,0.0012001249706372619,0.04397758294362575,0.10609316697809845,9.166705422103405e-05,0.1964714169735089,0.021022250060923398,0.2174936670344323,2.3209024220705032e-05,0.00013233302161097527,0.12711541703902185,0.31545975094195455,0.5164127920288593
3494,random_3491,random_cycle_chord,20260823,crossing_rich,5,200,5,9,13,4.2155627094570525,True,True,,perf/incremental-yamada-frontier-order,1d8374f42cccbb16d78d44100a65ca603d7d1997,3.14.7,macOS-26.6.2-arm64-arm-64bit-Mach-O,arm,0.032848750008270144,0.14868462493177503,0.042152834008447826,0.01044845802243799,0.011930875014513731,0.023676250013522804,3.7499936297535896e-05,0.01224700000602752,0.012941749999299645,0.0013730409555137157,0.05027554091066122,0.11484154092613608,8.549995254725218e-05,0.1748917499789968,0.027851499966345727,0.20274324994534254,2.616702113300562e-05,0.00015283306129276752,0.1426930408924818,0.324226415832527,0.5037864999612793
3495,random_3492,random_cycle_chord,20260823,crossing_rich,3,200,5,11,15,5.014739227909505,True,True,,perf/incremental-yamada-frontier-order,1d8374f42cccbb16d78d44100a65ca603d7d1997,3.14.7,macOS-26.6.2-arm64-arm-64bit-Mach-O,arm,0.04146637499798089,0.14801812497898936,0.04632904194295406,0.009916250011883676,0.010347249917685986,0.020319500006735325,4.6332948841154575e-05,0.010483875055797398,0.011069708969444036,0.0012241669464856386,0.04314358392730355,0.10977587499655783,8.77920538187027e-05,0.1965537080541253,0.021355291944928467,0.21790899999905378,2.391706220805645e-05,0.00013258401304483414,0.1311311669414863,0.32061566691845655,0.5216665000189096
3496,random_3493,random_cycle_chord,20260823,baseline,0,200,3,8,10,6.143246030545951,True,True,,perf/incremental-yamada-frontier-order,1d8374f42cccbb16d78d44100a65ca603d7d1997,3.14.7,macOS-26.6.2-arm64-arm-64bit-Mach-O,arm,0.03268020797986537,0.14783074997831136,0.03161212499253452,0.006543750059790909,0.006652625044807792,0.01313445798587054,2.1417043171823025e-05,0.0068162919487804174,0.006969374953769147,0.0005530839553102851,0.027494625886902213,0.07232220901641995,5.63750509172678e-05,0.12964116595685482,0.008896291023120284,0.1385374569799751,1.49579718708992e-05,7.24999699741602e-05,0.08121850003954023,0.26172945799771696,0.39550291700288653
3497,random_3494,random_cycle_chord,20260823,crossing_rich,2,200,4,9,12,5.749085760018916,True,True,,perf/incremental-yamada-frontier-order,1d8374f42cccbb16d78d44100a65ca603d7d1997,3.14.7,macOS-26.6.2-arm64-arm-64bit-Mach-O,arm,0.03665408305823803,0.14895104104653,0.04955533298198134,0.008561750059016049,0.00919137499295175,0.018156416015699506,3.0542025342583656e-05,0.009422417031601071,0.00975349999498576,0.0008616249542683363,0.038224500021897256,0.105560666997917,7.558404467999935e-05,0.15826404199469835,0.0158438750077039,0.17410791700240225,1.866708043962717e-05,9.866594336926937e-05,0.1214045420056209,0.30700966611038893,0.4695821249624714
3498,random_3495,random_cycle_chord,20260823,crossing_rich,5,200,5,8,12,4.232383768845414,True,True,,perf/incremental-yamada-frontier-order,1d8374f42cccbb16d78d44100a65ca603d7d1997,3.14.7,macOS-26.6.2-arm64-arm-64bit-Mach-O,arm,0.030616041971370578,0.1485200000461191,0.034835416940040886,0.010775625007227063,0.01257312495727092,0.024856582982465625,4.325003828853369e-05,0.012775667011737823,0.01382591703440994,0.0013666669838130474,0.05286808405071497,0.1110854169819504,0.00020254100672900677,0.1612462910125032,0.027120167040266097,0.1883664580527693,2.395804040133953e-05,0.00014783290680497885,0.1382055840222165,0.31734162603970617,0.48342712491285056
3499,random_3496,random_cycle_chord,20260823,crossing_rich,3,200,5,10,14,5.102520561459913,True,True,,perf/incremental-yamada-frontier-order,1d8374f42cccbb16d78d44100a65ca603d7d1997,3.14.7,macOS-26.6.2-arm64-arm-64bit-Mach-O,arm,0.039348000078462064,0.14842583297286183,0.0451454590074718,0.009459792054258287,0.010276249959133565,0.020235709031112492,3.687501884996891e-05,0.010518249939195812,0.011084291967563331,0.001190416980534792,0.043065542937256396,0.10798170801717788,8.56249826028943e-05,0.1836919579654932,0.020815375028178096,0.2045073329936713,2.362497616559267e-05,0.0001290410291403532,0.12879708304535598,0.31657091609667987,0.5047240828862414
3500,random_3497,random_cycle_chord,20260823,crossing_rich,5,200,5,8,12,4.1463237685006655,True,True,,perf/incremental-yamada-frontier-order,1d8374f42cccbb16d78d44100a65ca603d7d1997,3.14.7,macOS-26.6.2-arm64-arm-64bit-Mach-O,arm,0.030430875020101666,0.16891691705677658,0.04096000001300126,0.010857707937248051,0.012422915897332132,0.02448854094836861,3.825000021606684e-05,0.012733625015243888,0.013346666004508734,0.0013370420783758163,0.051944124046713114,0.1162199170794338,0.00016229203902184963,0.25597912503872067,0.033632999984547496,0.28961212502326816,2.508307807147503e-05,0.00015216704923659563,0.1498529170639813,0.34920070914085954,0.6091439579613507
3501,random_3498,random_cycle_chord,20260823,crossing_rich,4,200,5,8,12,6.589935470770613,True,True,,perf/incremental-yamada-frontier-order,1d8374f42cccbb16d78d44100a65ca603d7d1997,3.14.7,macOS-26.6.2-arm64-arm-64bit-Mach-O,arm,0.043377166031859815,0.14930987497791648,0.0630160829750821,0.009687209036201239,0.010629083029925823,0.020926541998051107,3.791693598031998e-05,0.010900167049840093,0.011668208986520767,0.0013850840041413903,0.04491791897453368,0.12828358297701925,0.00015904090832918882,0.15865258290432394,0.02544345799833536,0.1840960409026593,2.4165958166122437e-05,0.00015033408999443054,0.1537270409753546,0.3464140819851309,0.5096776660066098
3502,random_3499,random_cycle_chord,20260823,baseline,0,200,3,10,12,4.679419409034467,True,True,,perf/incremental-yamada-frontier-order,1d8374f42cccbb16d78d44100a65ca603d7d1997,3.14.7,macOS-26.6.2-arm64-arm-64bit-Mach-O,arm,0.031160000013187528,0.1483796660322696,0.02354758291039616,0.006760166026651859,0.006924708955921233,0.013559083105064929,2.191704697906971e-05,0.007049291976727545,0.007252249983139336,0.0005624160403385758,0.028444958152249455,0.06569674995262176,6.750004831701517e-05,0.1428418339928612,0.00880970899015665,0.15165154298301786,1.3750046491622925e-05,6.658397614955902e-05,0.07450645894277841,0.25404612498823553,0.40102450002450496
3503,random_3500,random_cycle_chord,20260823,baseline,0,200,3,11,13,5.223197846194121,True,True,,perf/incremental-yamada-frontier-order,1d8374f42cccbb16d78d44100a65ca603d7d1997,3.14.7,macOS-26.6.2-arm64-arm-64bit-Mach-O,arm,0.03649466601200402,0.1475921249948442,0.024674500105902553,0.006400833022780716,0.006485207937657833,0.012810125015676022,2.1666986867785454e-05,0.00668670900631696,0.006919124978594482,0.0005714170401915908,0.02700904302764684,0.06458808295428753,8.154194802045822e-05,0.1664199170190841,0.007896166061982512,0.1743160830810666,1.3750046491622925e-05,6.48329732939601e-05,0.07248424901627004,0.25657104002311826,0.4271494169952348
3504,random_3501,random_cycle_chord,20260823,baseline,0,200,3,11,13,5.224242942662536,True,True,,perf/incremental-yamada-frontier-order,1d8374f42cccbb16d78d44100a65ca603d7d1997,3.14.7,macOS-26.6.2-arm64-arm-64bit-Mach-O,arm,0.03687333292327821,0.14765358401928097,0.024331709020771086,0.0063755420269444585,0.006630916963331401,0.013079416006803513,2.2415886633098125e-05,0.006816792069002986,0.00705416698474437,0.0005788329290226102,0.027551623876206577,0.06490829202812165,6.975000724196434e-05,0.16681783297099173,0.009205708978697658,0.1760235419496894,1.4208024367690086e-05,7.100007496774197e-05,0.07411400100681931,0.2586409179493785,0.42960716609377414
3505,random_3502,random_cycle_chord,20260823,baseline,0,200,3,10,12,4.6397021164551475,True,True,,perf/incremental-yamada-frontier-order,1d8374f42cccbb16d78d44100a65ca603d7d1997,3.14.7,macOS-26.6.2-arm64-arm-64bit-Mach-O,arm,0.03149454202502966,0.14777954097371548,0.02090695791412145,0.0066654999973252416,0.007021124940365553,0.013857999932952225,2.1416926756501198e-05,0.007193999947048724,0.007353750057518482,0.0005329590057954192,0.02896012587007135,0.06357241701334715,6.52919989079237e-05,0.1558189580682665,0.008361957967281342,0.16418091603554785,1.3041077181696892e-05,5.9125013649463654e-05,0.07193437498062849,0.25120845797937363,0.41115308401640505
3506,random_3503,random_cycle_chord,20260823,crossing_rich,3,200,5,11,15,4.708476850021511,True,True,,perf/incremental-yamada-frontier-order,1d8374f42cccbb16d78d44100a65ca603d7d1997,3.14.7,macOS-26.6.2-arm64-arm-64bit-Mach-O,arm,0.039722332963719964,0.1481487910496071,0.03918637498281896,0.009691499988548458,0.010839875089004636,0.02135241695214063,4.75830165669322e-05,0.01101537502836436,0.011527332942932844,0.0011844579130411148,0.04512716585304588,0.10488416696898639,8.358294144272804e-05,0.19643733301199973,0.021010083029977977,0.2174474160419777,2.295803278684616e-05,0.00012999994214624166,0.12589424999896437,0.31376537401229143,0.5146757919574156
3507,random_3504,random_cycle_chord,20260823,crossing_rich,2,200,4,8,11,6.585789086739483,True,True,,perf/incremental-yamada-frontier-order,1d8374f42cccbb16d78d44100a65ca603d7d1997,3.14.7,macOS-26.6.2-arm64-arm-64bit-Mach-O,arm,0.03966975002549589,0.14823441696353257,0.054041333962231874,0.008482125005684793,0.008733582915738225,0.017288790899328887,3.0125025659799576e-05,0.008902999921701849,0.009409749996848404,0.001014250097796321,0.03664591594133526,0.10792962496634573,6.887491326779127e-05,0.1465009159874171,0.018407374969683588,0.1649082909571007,1.9332976080477238e-05,0.00011387502308934927,0.12633699993602931,0.31424116692505777,0.4650551669765264
3508,random_3505,random_cycle_chord,20260823,crossing_rich,4,200,5,12,16,4.8813074015213616,True,True,,perf/incremental-yamada-frontier-order,1d8374f42cccbb16d78d44100a65ca603d7d1997,3.14.7,macOS-26.6.2-arm64-arm-64bit-Mach-O,arm,0.043146500014699996,0.148599541047588,0.04265525005757809,0.009839165955781937,0.010767625062726438,0.021275667008012533,4.0499959141016006e-05,0.011007082997821271,0.011671499931253493,0.0012934590922668576,0.04528820898849517,0.10858641599770635,8.445908315479755e-05,0.21128899999894202,0.024760458967648447,0.23604945896659046,2.3209024220705032e-05,0.00014033308252692223,0.1333468749653548,0.3250929160276428,0.5408945840317756
3509,random_3506,random_cycle_chord,20260823,baseline,0,200,3,9,11,5.426517761828525,True,True,,perf/incremental-yamada-frontier-order,1d8374f42cccbb16d78d44100a65ca603d7d1997,3.14.7,macOS-26.6.2-arm64-arm-64bit-Mach-O,arm,0.03201604099012911,0.14768233406357467,0.026969167054630816,0.006564415991306305,0.0066590000642463565,0.01315112505108118,2.1333922632038593e-05,0.006787083926610649,0.006983041996136308,0.0005448340671136975,0.027487418963573873,0.06769937498029321,6.0542020946741104e-05,0.14139662496745586,0.008708292036317289,0.15010491700377315,1.3749930076301098e-05,6.64170365780592e-05,0.0764076670166105,0.2561060420703143,0.40163470804691315
3510,random_3507,random_cycle_chord,20260823,crossing_rich,6,200,6,12,17,4.0450023346733515,True,True,,perf/incremental-yamada-frontier-order,1d8374f42cccbb16d78d44100a65ca603d7d1997,3.14.7,macOS-26.6.2-arm64-arm-64bit-Mach-O,arm,0.04163254098966718,0.14831658406183124,0.04452308302279562,0.01372716692276299,0.014061999972909689,0.027790875057689846,4.7208042815327644e-05,0.014411833020858467,0.015097791096195579,0.0015692909946665168,0.058916998212225735,0.13127220899332315,9.379198309034109e-05,0.36510475003160536,0.03068083303514868,0.39578558306675404,2.7707894332706928e-05,0.00015854102093726397,0.16195304202847183,0.35190216707997024,0.7213853750145063
3511,random_3508,random_cycle_chord,20260823,crossing_rich,4,200,5,11,15,4.753862782379154,True,True,,perf/incremental-yamada-frontier-order,1d8374f42cccbb16d78d44100a65ca603d7d1997,3.14.7,macOS-26.6.2-arm64-arm-64bit-Mach-O,arm,0.039661374990828335,0.14837562502361834,0.04212975001428276,0.010192667017690837,0.011483540991321206,0.022659000009298325,4.254200030118227e-05,0.011738209053874016,0.012227625004015863,0.0012506669154390693,0.047918042982928455,0.11176245892420411,8.237501606345177e-05,0.19868783396668732,0.024163249996490777,0.2228510839631781,2.3582950234413147e-05,0.00013574992772191763,0.1359257089206949,0.32396270893514156,0.5271675419062376
3512,random_3509,random_cycle_chord,20260823,baseline,0,200,3,8,10,6.144944532095635,True,True,,perf/incremental-yamada-frontier-order,1d8374f42cccbb16d78d44100a65ca603d7d1997,3.14.7,macOS-26.6.2-arm64-arm-64bit-Mach-O,arm,0.03265287505928427,0.148095624987036,0.032093459041789174,0.006621291977353394,0.0067005419405177236,0.013219624990597367,2.095801755785942e-05,0.006823832984082401,0.007031042012386024,0.0005668749799951911,0.027662332984618843,0.0730960420332849,5.620799493044615e-05,0.1291668339399621,0.00941195897758007,0.13857879291754216,1.762493047863245e-05,7.85409938544035e-05,0.08250800101086497,0.26325650105718523,0.39662595896515995
3513,random_3510,random_cycle_chord,20260823,crossing_rich,4,200,5,10,14,5.6245198455065974,True,True,,perf/incremental-yamada-frontier-order,1d8374f42cccbb16d78d44100a65ca603d7d1997,3.14.7,macOS-26.6.2-arm64-arm-64bit-Mach-O,arm,0.04233487497549504,0.14829895901493728,0.05282474996056408,0.009712334023788571,0.010666583082638681,0.021017667022533715,3.900006413459778e-05,0.010937707964330912,0.01160154095850885,0.0012932919198647141,0.04488920792937279,0.11812724999617785,8.404208347201347e-05,0.18636037490796298,0.025223374948836863,0.21158374985679984,2.370891161262989e-05,0.00014208396896719933,0.14335062494501472,0.33398445893544704,0.5248420829884708
3514,random_3511,random_cycle_chord,20260823,baseline,0,200,3,8,10,6.199660292856339,True,True,,perf/incremental-yamada-frontier-order,1d8374f42cccbb16d78d44100a65ca603d7d1997,3.14.7,macOS-26.6.2-arm64-arm-64bit-Mach-O,arm,0.03329604200553149,0.1480853749671951,0.031915708095766604,0.0065735840471461415,0.006672124960459769,0.013106042053550482,2.162496093660593e-05,0.0068113330053165555,0.007007999927736819,0.0005561249563470483,0.02750312490388751,0.07268379197921604,5.6458055041730404e-05,0.12930437503382564,0.009129125042818487,0.13843350007664412,1.366704236716032e-05,6.966607179492712e-05,0.08181291702203453,0.2631943339947611,0.3966177919646725
3515,random_3512,random_cycle_chord,20260823,crossing_rich,3,200,4,9,12,4.369839323113897,True,True,,perf/incremental-yamada-frontier-order,1d8374f42cccbb16d78d44100a65ca603d7d1997,3.14.7,macOS-26.6.2-arm64-arm-64bit-Mach-O,arm,0.0306372920749709,0.14782924996688962,0.04085541609674692,0.008921500062569976,0.009786542039364576,0.01933875004760921,2.8957962058484554e-05,0.01000804197974503,0.010456499992869794,0.0009975000284612179,0.04082975001074374,0.10041966696735471,7.062498480081558e-05,0.15755270805675536,0.01829579204786569,0.17584850010462105,1.9416911527514458e-05,0.00011370808351784945,0.1187154590152204,0.2971820010570809,0.458983541931957
3516,random_3513,random_cycle_chord,20260823,baseline,0,200,3,8,10,6.149794374643018,True,True,,perf/incremental-yamada-frontier-order,1d8374f42cccbb16d78d44100a65ca603d7d1997,3.14.7,macOS-26.6.2-arm64-arm-64bit-Mach-O,arm,0.03258504194673151,0.14799629198387265,0.032001500017941,0.006671292008832097,0.006708041997626424,0.013217000057920814,2.1165935322642326e-05,0.00684483302757144,0.007016291026957333,0.0005587919149547815,0.02765808196272701,0.07305762497708201,5.6541990488767624e-05,0.1283789579756558,0.00871629104949534,0.13709524902515113,1.4166929759085178e-05,6.745802238583565e-05,0.08177391602657735,0.2623552499571815,0.3948542090365663
3517,random_3514,random_cycle_chord,20260823,crossing_rich,4,200,5,9,13,6.075938773866737,True,True,,perf/incremental-yamada-frontier-order,1d8374f42cccbb16d78d44100a65ca603d7d1997,3.14.7,macOS-26.6.2-arm64-arm-64bit-Mach-O,arm,0.04224400001112372,0.14874833391513675,0.05483562499284744,0.009728082921355963,0.010953749995678663,0.021625124965794384,3.733299672603607e-05,0.011231665965169668,0.011898167082108557,0.0012920829467475414,0.04608437395654619,0.1216352500487119,7.895799353718758e-05,0.17261595895979553,0.02477483404800296,0.1973907930077985,2.37500062212348e-05,0.00013749999925494194,0.14641008409671485,0.3374024180229753,0.514495125040412
3518,random_3515,random_cycle_chord,20260823,baseline,0,200,3,10,12,4.627977072582133,True,True,,perf/incremental-yamada-frontier-order,1d8374f42cccbb16d78d44100a65ca603d7d1997,3.14.7,macOS-26.6.2-arm64-arm-64bit-Mach-O,arm,0.0314477909123525,0.147675208048895,0.022145209019072354,0.007056416943669319,0.007298583979718387,0.014378166059032083,3.591692075133324e-05,0.007643999997526407,0.007926957914605737,0.0005730419652536511,0.03055808285716921,0.06708625005558133,7.945799734443426e-05,0.15877441607881337,0.008805541088804603,0.16757995716761798,1.570803578943014e-05,7.166701834648848e-05,0.07589179114438593,0.25501479010563344,0.41798162495251745
3519,random_3516,random_cycle_chord,20260823,crossing_rich,5,200,5,8,12,4.236228645832054,True,True,,perf/incremental-yamada-frontier-order,1d8374f42cccbb16d78d44100a65ca603d7d1997,3.14.7,macOS-26.6.2-arm64-arm-64bit-Mach-O,arm,0.03195058403071016,0.15710291697178036,0.03961320803500712,0.011319792014546692,0.01281387498602271,0.042953125084750354,8.1458012573421e-05,0.04254220798611641,0.014232499990612268,0.0014706660294905305,0.10127995710354298,0.16506591602228582,0.00039758405182510614,0.2835109579609707,0.037628125050105155,0.32113908301107585,3.4665921702980995e-05,0.00016108306590467691,0.20269404107239097,0.3917475420748815,0.6795210420386866
3520,random_3517,random_cycle_chord,20260823,crossing_rich,6,200,6,15,20,4.047019938089339,True,True,,perf/incremental-yamada-frontier-order,1d8374f42cccbb16d78d44100a65ca603d7d1997,3.14.7,macOS-26.6.2-arm64-arm-64bit-Mach-O,arm,0.04953604098409414,0.15903775009792298,0.04265770793426782,0.014972415985539556,0.014305374934338033,0.028220875072292984,5.516689270734787e-05,0.014615291962400079,0.015405833953991532,0.0016596249770373106,0.05995679285842925,0.1319379999767989,0.00011849997099488974,0.2662873340304941,0.03363854100462049,0.2999258750351146,3.145798109471798e-05,0.00018416601233184338,0.16557654098141938,0.3741503320634365,0.645474832970649
3521,random_3518,random_cycle_chord,20260823,crossing_rich,3,200,4,8,11,4.096044010516107,True,True,,perf/incremental-yamada-frontier-order,1d8374f42cccbb16d78d44100a65ca603d7d1997,3.14.7,macOS-26.6.2-arm64-arm-64bit-Mach-O,arm,0.02823391603305936,0.1479808749863878,0.04051270801573992,0.00933845795225352,0.010114874923601747,0.01991525001358241,2.9499991796910763e-05,0.01030145795084536,0.010766583029180765,0.0009708750294521451,0.04198366601485759,0.10197716695256531,6.912497337907553e-05,0.14564954105298966,0.0189669169485569,0.16461645800154656,1.962494570761919e-05,0.00011024996638298035,0.12094408390112221,0.29715887492056936,0.44706987496465445
3522,random_3519,random_cycle_chord,20260823,crossing_rich,5,200,5,8,12,4.122544674022793,True,True,,perf/incremental-yamada-frontier-order,1d8374f42cccbb16d78d44100a65ca603d7d1997,3.14.7,macOS-26.6.2-arm64-arm-64bit-Mach-O,arm,0.03051729197613895,0.15082370897289366,0.039354790933430195,0.010838374961167574,0.012571916915476322,0.024892417015507817,3.800005652010441e-05,0.012867416953667998,0.01350966701284051,0.0013370000524446368,0.052644501090981066,0.11544429196510464,0.00017345906235277653,0.16249999997671694,0.02748029096983373,0.18998029094655067,2.504198346287012e-05,0.00014804094098508358,0.14292458293493837,0.324265583883971,0.49137820897158235
3523,random_3520,random_cycle_chord,20260823,crossing_rich,5,200,5,9,13,4.361052828978157,True,True,,perf/incremental-yamada-frontier-order,1d8374f42cccbb16d78d44100a65ca603d7d1997,3.14.7,macOS-26.6.2-arm64-arm-64bit-Mach-O,arm,0.03352295805234462,0.14824820798821747,0.04224412504117936,0.010701124905608594,0.012195333954878151,0.024080459028482437,3.729201853275299e-05,0.012401624931953847,0.013109917053952813,0.0013546249829232693,0.05098391801584512,0.1161585000809282,7.962505333125591e-05,0.175426583038643,0.02752574998885393,0.20295233302749693,2.408307045698166e-05,0.0001425000373274088,0.14368425006978214,0.32545541611034423,0.5053350409725681
3524,random_3521,random_cycle_chord,20260823,baseline,0,200,4,11,14,4.062958321738212,True,True,,perf/incremental-yamada-frontier-order,1d8374f42cccbb16d78d44100a65ca603d7d1997,3.14.7,macOS-26.6.2-arm64-arm-64bit-Mach-O,arm,0.034294208977371454,0.1472398330224678,0.023145250044763088,0.007933708955533803,0.008609540993347764,0.01695395796559751,2.8791953809559345e-05,0.00881033402401954,0.00899816700257361,0.0006928329821676016,0.03548408392816782,0.07519908295944333,7.370894309133291e-05,0.18055112496949732,0.010714082978665829,0.19126520794816315,1.76670728251338e-05,7.770908996462822e-05,0.08591316593810916,0.2674472079379484,0.4522695830091834
3525,random_3522,random_cycle_chord,20260823,baseline,0,200,3,8,10,6.162393717028412,True,True,,perf/incremental-yamada-frontier-order,1d8374f42cccbb16d78d44100a65ca603d7d1997,3.14.7,macOS-26.6.2-arm64-arm-64bit-Mach-O,arm,0.03266674990300089,0.14845241699367762,0.033906917087733746,0.006679708021692932,0.006730749970301986,0.013232000055722892,2.2124964743852615e-05,0.006827082950621843,0.007007583975791931,0.0005585420876741409,0.02764733403455466,0.07498362509068102,5.837494973093271e-05,0.12956870801281184,0.008764500031247735,0.13833320804405957,1.4125020243227482e-05,6.78329961374402e-05,0.08374812512192875,0.26486729201860726,0.3985716669121757
3526,random_3523,random_cycle_chord,20260823,crossing_rich,8,200,7,12,18,4.878200943303128,True,True,,perf/incremental-yamada-frontier-order,1d8374f42cccbb16d78d44100a65ca603d7d1997,3.14.7,macOS-26.6.2-arm64-arm-64bit-Mach-O,arm,0.049454040941782296,0.149099083035253,0.0554543329635635,0.014554791967384517,0.015407208004035056,0.030236458056606352,7.670791819691658e-05,0.015519959037192166,0.016510709072463214,0.002004207926802337,0.06434804201126099,0.14982766704633832,0.0002631250536069274,0.24615129199810326,0.04413033300079405,0.2902816249988973,3.383401781320572e-05,0.00021054199896752834,0.19395800004713237,0.39251112402416766,0.6440825409954414
3527,random_3524,random_cycle_chord,20260823,crossing_rich,3,200,4,8,11,4.165201765858566,True,True,,perf/incremental-yamada-frontier-order,1d8374f42cccbb16d78d44100a65ca603d7d1997,3.14.7,macOS-26.6.2-arm64-arm-64bit-Mach-O,arm,0.027838833048008382,0.14909320801962167,0.03154587501194328,0.009332582936622202,0.010169084067456424,0.02000083401799202,2.875004429370165e-05,0.01034283300396055,0.01074304198846221,0.0009200419299304485,0.04203550098463893,0.09310962492600083,6.850005593150854e-05,0.23007575003430247,0.016664583003148437,0.2467403330374509,1.9709113985300064e-05,0.00010075001046061516,0.10977420792914927,0.2867062489967793,0.5209500830387697
3528,random_3525,random_cycle_chord,20260823,baseline,0,200,5,15,19,4.045849914795996,True,True,,perf/incremental-yamada-frontier-order,1d8374f42cccbb16d78d44100a65ca603d7d1997,3.14.7,macOS-26.6.2-arm64-arm-64bit-Mach-O,arm,0.04575154196936637,0.14748079201672226,0.023891333024948835,0.008945832960307598,0.01001237507443875,0.019591125077567995,3.766699228435755e-05,0.01013329194393009,0.010453374939970672,0.0009227920090779662,0.04113825096283108,0.08402158401440829,9.495893027633429e-05,0.24691108299884945,0.014339625020511448,0.2612507080193609,2.37500062212348e-05,9.874999523162842e-05,0.09836120903491974,0.2915935430210084,0.5429530419642106
3529,random_3526,random_cycle_chord,20260823,crossing_rich,2,200,4,8,11,6.602389565891936,True,True,,perf/incremental-yamada-frontier-order,1d8374f42cccbb16d78d44100a65ca603d7d1997,3.14.7,macOS-26.6.2-arm64-arm-64bit-Mach-O,arm,0.03929749992676079,0.14857395796570927,0.0665371670620516,0.008237666101194918,0.008611167082563043,0.016935666906647384,2.97910301014781e-05,0.008795291068963706,0.009225291898474097,0.0009218330960720778,0.035907874000258744,0.11932079098187387,6.65000407025218e-05,0.14465258293785155,0.016917334054596722,0.16156991699244827,1.895800232887268e-05,0.00010520906653255224,0.1362381250364706,0.32410958292894065,0.4730249169515446
3530,random_3527,random_cycle_chord,20260823,baseline,0,200,4,11,14,4.0478598446348695,True,True,,perf/incremental-yamada-frontier-order,1d8374f42cccbb16d78d44100a65ca603d7d1997,3.14.7,macOS-26.6.2-arm64-arm-64bit-Mach-O,arm,0.034110958920791745,0.14848370908293873,0.02043779205996543,0.008070499985478818,0.008481750031933188,0.016326791024766862,3.3791991882026196e-05,0.008720416924916208,0.008798207971267402,0.0007515409961342812,0.03463074890896678,0.07166995899751782,8.774991147220135e-05,0.20683704095426947,0.011118708061985672,0.21795574901625514,2.095801755785942e-05,8.899997919797897e-05,0.0827886670595035,0.26538333506323397,0.4766872909385711
3531,random_3528,random_cycle_chord,20260823,baseline,0,200,3,11,13,5.227202070730828,True,True,,perf/incremental-yamada-frontier-order,1d8374f42cccbb16d78d44100a65ca603d7d1997,3.14.7,macOS-26.6.2-arm64-arm-64bit-Mach-O,arm,0.038357040961273015,0.14931333297863603,0.023351750103756785,0.007033708039671183,0.007068875012919307,0.013944042031653225,2.2082938812673092e-05,0.007213999982923269,0.0073250000132247806,0.0005090419435873628,0.02901416691020131,0.06648787495214492,6.429199129343033e-05,0.16829562501516193,0.008061041939072311,0.17635666695423424,1.4082994312047958e-05,6.629107519984245e-05,0.07454891689121723,0.2622192908311263,0.4346830421127379
3532,random_3529,random_cycle_chord,20260823,baseline,0,200,3,11,13,5.222550301333382,True,True,,perf/incremental-yamada-frontier-order,1d8374f42cccbb16d78d44100a65ca603d7d1997,3.14.7,macOS-26.6.2-arm64-arm-64bit-Mach-O,arm,0.037092541926540434,0.14824570901691914,0.02541095798369497,0.006578375003300607,0.006753667024895549,0.013280750019475818,2.120796125382185e-05,0.006893042009323835,0.007026416948065162,0.000507500022649765,0.0277289169607684,0.06649137497879565,6.574997678399086e-05,0.1665263749891892,0.008026666939258575,0.17455304192844778,1.3665994629263878e-05,6.450002547353506e-05,0.07451804191805422,0.2598562928615138,0.4305357909761369
3533,random_3530,random_cycle_chord,20260823,crossing_rich,5,200,5,8,12,4.265244589504369,True,True,,perf/incremental-yamada-frontier-order,1d8374f42cccbb16d78d44100a65ca603d7d1997,3.14.7,macOS-26.6.2-arm64-arm-64bit-Mach-O,arm,0.030723667005077004,0.14878849999513477,0.04197758296504617,0.010667791939340532,0.012390249990858138,0.02443300001323223,4.070799332112074e-05,0.012606124975718558,0.013276333920657635,0.001317917020060122,0.051674083922989666,0.11674325005151331,0.0002583750756457448,0.2612508749589324,0.025057542021386325,0.2863084169803187,2.416700590401888e-05,0.0001437910832464695,0.14180079207289964,0.3213129590731114,0.587196083040908
3534,random_3531,random_cycle_chord,20260823,crossing_rich,2,200,4,8,11,6.558214777389249,True,True,,perf/incremental-yamada-frontier-order,1d8374f42cccbb16d78d44100a65ca603d7d1997,3.14.7,macOS-26.6.2-arm64-arm-64bit-Mach-O,arm,0.038703624974004924,0.1483578330371529,0.0555504160001874,0.00832483300473541,0.00857033405918628,0.016780374920926988,2.950010821223259e-05,0.0087692909874022,0.009229083079844713,0.0009754580678418279,0.03578370716422796,0.10825608402956277,6.687501445412636e-05,0.14409225003328174,0.017408209037967026,0.16150045907124877,1.895800232887268e-05,0.000111832981929183,0.1256642930675298,0.3127257510786876,0.4610886670416221
3535,random_3532,random_cycle_chord,20260823,crossing_rich,2,200,4,8,11,6.588022618290802,True,True,,perf/incremental-yamada-frontier-order,1d8374f42cccbb16d78d44100a65ca603d7d1997,3.14.7,macOS-26.6.2-arm64-arm-64bit-Mach-O,arm,0.03870387503411621,0.14887624990660697,0.05594979098532349,0.008168083033524454,0.008465749910101295,0.01667637494392693,2.9250048100948334e-05,0.00861625000834465,0.009168707998469472,0.000990959000773728,0.03548154199961573,0.10809137497562915,6.937503349035978e-05,0.14433887496124953,0.01724054093938321,0.16157941590063274,1.895800232887268e-05,0.00011270900722593069,0.12533191591501236,0.31291204085573554,0.46171166689600796
3536,random_3533,random_cycle_chord,20260823,crossing_rich,5,200,5,8,12,4.22166967174959,True,True,,perf/incremental-yamada-frontier-order,1d8374f42cccbb16d78d44100a65ca603d7d1997,3.14.7,macOS-26.6.2-arm64-arm-64bit-Mach-O,arm,0.031100833090022206,0.14835745806340128,0.03926104202400893,0.010766291990876198,0.01252104202285409,0.02470924996305257,3.754091449081898e-05,0.012802624958567321,0.013449291000142694,0.001355416956357658,0.05235412379261106,0.11493620800320059,0.00017820904031395912,0.1621119580231607,0.027975125005468726,0.19008708302862942,2.3541972041130066e-05,0.00014545908197760582,0.14291133300866932,0.3223696241620928,0.4892692080466077
3537,random_3534,random_cycle_chord,20260823,crossing_rich,4,200,5,10,14,5.622808214785359,True,True,,perf/incremental-yamada-frontier-order,1d8374f42cccbb16d78d44100a65ca603d7d1997,3.14.7,macOS-26.6.2-arm64-arm-64bit-Mach-O,arm,0.04263841698411852,0.14842791692353785,0.052179999998770654,0.009706582990474999,0.01060787495225668,0.02095991699025035,3.799994010478258e-05,0.010828958009369671,0.011519665946252644,0.0012879170244559646,0.04463445791043341,0.1171630839817226,9.004201274365187e-05,0.173009124933742,0.024452249985188246,0.19746137491893023,2.379098441451788e-05,0.00013704097364097834,0.14161533396691084,0.3326816678745672,0.5101571249542758
3538,random_3535,random_cycle_chord,20260823,crossing_rich,2,200,4,8,11,6.584655005604313,True,True,,perf/incremental-yamada-frontier-order,1d8374f42cccbb16d78d44100a65ca603d7d1997,3.14.7,macOS-26.6.2-arm64-arm-64bit-Mach-O,arm,0.03907712490763515,0.1486427909694612,0.05359687504824251,0.008307000040076673,0.008679374936036766,0.017088167020119727,3.174995072185993e-05,0.008913166006095707,0.009399332921020687,0.001067834091372788,0.03650024998933077,0.10711300000548363,7.116596680134535e-05,0.14374950004275888,0.01930775004439056,0.16305725008714944,1.937500201165676e-05,0.00011899997480213642,0.1264207500498742,0.31414066592697054,0.4621617920929566
3539,random_3536,random_cycle_chord,20260823,baseline,0,200,3,10,12,4.626463000020083,True,True,,perf/incremental-yamada-frontier-order,1d8374f42cccbb16d78d44100a65ca603d7d1997,3.14.7,macOS-26.6.2-arm64-arm-64bit-Mach-O,arm,0.030789125012233853,0.14770620793569833,0.021823375020176172,0.006646791938692331,0.0067061249865219,0.013165457989089191,2.13750172406435e-05,0.006848541903309524,0.007066000020131469,0.0005901659606024623,0.02769154089037329,0.06288712506648153,6.304203998297453e-05,0.1543369999853894,0.009328374988399446,0.16366537497378886,1.4165998436510563e-05,7.112498860806227e-05,0.07221550005488098,0.25071083300281316,0.4092625000048429
3540,random_3537,random_cycle_chord,20260823,baseline,0,200,3,8,10,6.1542309457607445,True,True,,perf/incremental-yamada-frontier-order,1d8374f42cccbb16d78d44100a65ca603d7d1997,3.14.7,macOS-26.6.2-arm64-arm-64bit-Mach-O,arm,0.03286729101091623,0.16904391697607934,0.032158790971152484,0.007726915995590389,0.007093374966643751,0.013578416896052659,2.679100725799799e-05,0.007028667023405433,0.007220416911877692,0.0006186249665915966,0.028472916805185378,0.07549245795235038,8.362496737390757e-05,0.1303116250783205,0.009711083024740219,0.14002270810306072,1.8666032701730728e-05,8.07089963927865e-05,0.0852035409770906,0.2871147489640862,0.4216980839846656
3541,random_3538,random_cycle_chord,20260823,crossing_rich,5,200,5,8,12,4.223662084277612,True,True,,perf/incremental-yamada-frontier-order,1d8374f42cccbb16d78d44100a65ca603d7d1997,3.14.7,macOS-26.6.2-arm64-arm-64bit-Mach-O,arm,0.031149916001595557,0.15218737500254065,0.041782540967687964,0.010948583018034697,0.012494332971982658,0.02456870803143829,3.708305303007364e-05,0.012750833993777633,0.013521249988116324,0.001411540899425745,0.052289415965788066,0.11755112500395626,0.00026062503457069397,0.265186500037089,0.0392784170107916,0.3044649170478806,2.3499946109950542e-05,0.00015312503091990948,0.15682954201474786,0.34016683301888406,0.6094065000070259
3542,random_3539,random_cycle_chord,20260823,crossing_rich,5,200,5,8,12,4.101553547454043,True,True,,perf/incremental-yamada-frontier-order,1d8374f42cccbb16d78d44100a65ca603d7d1997,3.14.7,macOS-26.6.2-arm64-arm-64bit-Mach-O,arm,0.029813625034876168,0.14837166701909155,0.04056720808148384,0.010724875028245151,0.012428499991074204,0.0245529169915244,3.766606096178293e-05,0.012688082992099226,0.013397084083408117,0.0013444999931380153,0.05202025012113154,0.11577433301135898,0.00015816697850823402,0.16265408298932016,0.02773704205173999,0.19039112504106015,2.4000066332519054e-05,0.00014637503772974014,0.14351137506309897,0.3216966671170667,0.4891668329946697
3543,random_3540,random_cycle_chord,20260823,crossing_rich,5,200,5,8,12,4.228023043558207,True,True,,perf/incremental-yamada-frontier-order,1d8374f42cccbb16d78d44100a65ca603d7d1997,3.14.7,macOS-26.6.2-arm64-arm-64bit-Mach-O,arm,0.030370166990906,0.1479820830281824,0.04054924997035414,0.010769916931167245,0.012575125088915229,0.024820041959173977,3.658304922282696e-05,0.012834332999773324,0.013471833080984652,0.0013458330649882555,0.052508624154143035,0.1164357919478789,0.00015674997121095657,0.16031795798335224,0.026418042019940913,0.18673600000329316,2.3833010345697403e-05,0.00014350004494190216,0.1428538339678198,0.3212060839869082,0.486116666928865
3544,random_3541,random_cycle_chord,20260823,crossing_rich,3,200,5,12,16,4.741248350925656,True,True,,perf/incremental-yamada-frontier-order,1d8374f42cccbb16d78d44100a65ca603d7d1997,3.14.7,macOS-26.6.2-arm64-arm-64bit-Mach-O,arm,0.04210829199291766,0.14831412502098829,0.04271429101936519,0.009797167032957077,0.01072558294981718,0.021229083999060094,3.8375030271708965e-05,0.010968958958983421,0.011546832975000143,0.0012122920015826821,0.04499554296489805,0.1082656669896096,8.92080133780837e-05,0.19441404205281287,0.021874041995033622,0.2162880840478465,2.3707980290055275e-05,0.00012812507338821888,0.13013970898464322,0.32056212599854916,0.5194428750546649
3545,random_3542,random_cycle_chord,20260823,crossing_rich,2,200,4,10,13,5.54856441939562,True,True,,perf/incremental-yamada-frontier-order,1d8374f42cccbb16d78d44100a65ca603d7d1997,3.14.7,macOS-26.6.2-arm64-arm-64bit-Mach-O,arm,0.03846499999053776,0.1483405000763014,0.044937375001609325,0.008463917067274451,0.0091707909014076,0.018042457988485694,2.9667047783732414e-05,0.009355208952911198,0.009734959108754992,0.0008862500544637442,0.03804854315239936,0.10064691700972617,7.183291018009186e-05,0.24883654108271003,0.015211833990179002,0.26404837507288903,1.916696783155203e-05,0.00010212499182671309,0.11585875099990517,0.3026642510667443,0.5555909579852596
3546,random_3543,random_cycle_chord,20260823,crossing_rich,6,200,6,10,15,5.6241296966711385,True,True,,perf/incremental-yamada-frontier-order,1d8374f42cccbb16d78d44100a65ca603d7d1997,3.14.7,macOS-26.6.2-arm64-arm-64bit-Mach-O,arm,0.04579325008671731,0.14917708304710686,0.06586316705215722,0.011176374973729253,0.012676457990892231,0.024932999978773296,4.375004209578037e-05,0.012952457997016609,0.013958832947537303,0.001778499921783805,0.05366654088720679,0.1434225409757346,0.00022279098629951477,0.18942845799028873,0.0356028750538826,0.22503133304417133,2.8832932002842426e-05,0.00019062496721744537,0.1790254160296172,0.37399574916344136,0.5683459169231355
3547,random_3544,random_cycle_chord,20260823,baseline,0,200,3,10,12,4.68162248866474,True,True,,perf/incremental-yamada-frontier-order,1d8374f42cccbb16d78d44100a65ca603d7d1997,3.14.7,macOS-26.6.2-arm64-arm-64bit-Mach-O,arm,0.031520582968369126,0.14748087502084672,0.022375457920134068,0.0066529999021440744,0.006571542005985975,0.01289308292325586,2.1417043171823025e-05,0.006689457921311259,0.0068772080121561885,0.0005468749441206455,0.027028040844015777,0.06264749995898455,6.266706623136997e-05,0.15596604207530618,0.008521290961652994,0.16448733303695917,1.4874967746436596e-05,6.937491707503796e-05,0.07116879092063755,0.2501702489098534,0.4102892919909209
3548,random_3545,random_cycle_chord,20260823,crossing_rich,2,200,4,12,15,4.488971909276723,True,True,,perf/incremental-yamada-frontier-order,1d8374f42cccbb16d78d44100a65ca603d7d1997,3.14.7,macOS-26.6.2-arm64-arm-64bit-Mach-O,arm,0.03833591693546623,0.14791379089001566,0.03626441606320441,0.008788999984972179,0.009391083964146674,0.01841504208277911,3.187509719282389e-05,0.009566499968059361,0.009886875050142407,0.000876000034622848,0.03877629223279655,0.09324983297847211,7.854204159229994e-05,0.19775408296845853,0.015203458024188876,0.2129575409926474,1.90419377759099e-05,9.695894550532103e-05,0.10845329100266099,0.2947029988281429,0.49671483295969665
3549,random_3546,random_cycle_chord,20260823,baseline,0,200,3,10,12,5.626423491148826,True,True,,perf/incremental-yamada-frontier-order,1d8374f42cccbb16d78d44100a65ca603d7d1997,3.14.7,macOS-26.6.2-arm64-arm-64bit-Mach-O,arm,0.03604933398310095,0.1484786249930039,0.027450666995719075,0.006805666955187917,0.006982124992646277,0.013698416063562036,2.104195300489664e-05,0.007108291028998792,0.0072905420092865825,0.0005232499679550529,0.02864154102280736,0.06989887508098036,6.195902824401855e-05,0.15252933301962912,0.008343375055119395,0.16087270807474852,1.3999990187585354e-05,6.229209247976542e-05,0.07824225013609976,0.2627702091122046,0.4194313329644501
3550,random_3547,random_cycle_chord,20260823,crossing_rich,6,200,6,12,17,4.0508808377247,True,True,,perf/incremental-yamada-frontier-order,1d8374f42cccbb16d78d44100a65ca603d7d1997,3.14.7,macOS-26.6.2-arm64-arm-64bit-Mach-O,arm,0.04240620799828321,0.14829450007528067,0.043940332951024175,0.011868417030200362,0.013590957969427109,0.026819333084858954,4.554190672934055e-05,0.013910750043578446,0.014746582950465381,0.0017182499868795276,0.05724045797251165,0.12668241700157523,0.00010070903226733208,0.22873245808295906,0.03443383309058845,0.2631662911735475,4.066701512783766e-05,0.00021399999968707561,0.16111625009216368,0.35181695816572756,0.585452833911404
3551,random_3548,random_cycle_chord,20260823,crossing_rich,5,200,5,9,13,4.395083401183733,True,True,,perf/incremental-yamada-frontier-order,1d8374f42cccbb16d78d44100a65ca603d7d1997,3.14.7,macOS-26.6.2-arm64-arm-64bit-Mach-O,arm,0.03349125001113862,0.14861770800780505,0.040965541964396834,0.010658834013156593,0.012045332929119468,0.023871083045378327,3.9083999581635e-05,0.012347374926321208,0.012974875047802925,0.0013899580808356404,0.050622375099919736,0.1143289590254426,7.89170153439045e-05,0.17426970798987895,0.027578708017244935,0.2018484160071239,2.4791923351585865e-05,0.00014974991790950298,0.14190766704268754,0.3240166250616312,0.502743250108324
3552,random_3549,random_cycle_chord,20260823,crossing_rich,5,200,5,9,13,4.35192026418212,True,True,,perf/incremental-yamada-frontier-order,1d8374f42cccbb16d78d44100a65ca603d7d1997,3.14.7,macOS-26.6.2-arm64-arm-64bit-Mach-O,arm,0.0338190000038594,0.14783808297943324,0.04106916696764529,0.010603916947729886,0.01223412505351007,0.024149750010110438,3.6665936931967735e-05,0.012494374997913837,0.013220957946032286,0.0013466250384226441,0.05124837392941117,0.11518933298066258,7.804192136973143e-05,0.1760091669857502,0.027741041965782642,0.20375020895153284,2.3916945792734623e-05,0.00014370796270668507,0.14293037494644523,0.32458745792973787,0.5055217079352587
3553,random_3550,random_cycle_chord,20260823,crossing_rich,8,200,7,13,19,4.3897174362429645,True,True,,perf/incremental-yamada-frontier-order,1d8374f42cccbb16d78d44100a65ca603d7d1997,3.14.7,macOS-26.6.2-arm64-arm-64bit-Mach-O,arm,0.04839633300434798,0.1482514999806881,0.05392808304168284,0.015514958999119699,0.016269625048153102,0.032109708059579134,7.183291018009186e-05,0.01650495908688754,0.017706750077195466,0.0020541249541565776,0.06844737508799881,0.15421995799988508,0.00011025008279830217,0.26091458299197257,0.04242645902559161,0.3033410420175642,3.604206722229719e-05,0.00021245807874947786,0.1966464170254767,0.39329425001051277,0.6593611249700189
3554,random_3551,random_cycle_chord,20260823,crossing_rich,5,200,6,12,17,4.047923362349709,True,True,,perf/incremental-yamada-frontier-order,1d8374f42cccbb16d78d44100a65ca603d7d1997,3.14.7,macOS-26.6.2-arm64-arm-64bit-Mach-O,arm,0.04162599996197969,0.14860395807772875,0.041016167029738426,0.011404832941479981,0.012771082925610244,0.02515825000591576,4.4082989916205406e-05,0.01305233291350305,0.013746417011134326,0.0015050420770421624,0.053506124997511506,0.11873874999582767,9.55420546233654e-05,0.22642562491819263,0.02840549999382347,0.2548311249120161,2.7374946512281895e-05,0.00015595799777656794,0.14714424998965114,0.3373742080293596,0.5685900420648977
3555,random_3552,random_cycle_chord,20260823,baseline,0,200,4,10,13,4.697178441329498,True,True,,perf/incremental-yamada-frontier-order,1d8374f42cccbb16d78d44100a65ca603d7d1997,3.14.7,macOS-26.6.2-arm64-arm-64bit-Mach-O,arm,0.03378966695163399,0.1489232910098508,0.021898167091421783,0.00746595801319927,0.007622624980285764,0.01497270807158202,2.920802216976881e-05,0.007791916956193745,0.007990499958395958,0.0007352079264819622,0.03151954093482345,0.06853212497662753,8.02499707788229e-05,0.16868125007022172,0.01170995901338756,0.18039120908360928,1.9458006136119366e-05,8.795899339020252e-05,0.08024208399001509,0.2629550419514999,0.4359440839616582
3556,random_3553,random_cycle_chord,20260823,crossing_rich,2,200,4,9,12,5.871263631031511,True,True,,perf/incremental-yamada-frontier-order,1d8374f42cccbb16d78d44100a65ca603d7d1997,3.14.7,macOS-26.6.2-arm64-arm-64bit-Mach-O,arm,0.03776674997061491,0.14806991699151695,0.051110583008266985,0.008856166037730873,0.008995249983854592,0.017862416920252144,3.5833101719617844e-05,0.009120833012275398,0.009450374986045063,0.0008964999578893185,0.03736595797818154,0.10635612497571856,8.650007657706738e-05,0.1568440409610048,0.015964666032232344,0.17280870699323714,1.8457998521625996e-05,0.00010225002188235521,0.1223207910079509,0.30815745797008276,0.4692828750703484
3557,random_3554,random_cycle_chord,20260823,crossing_rich,2,200,4,8,11,6.584187488918792,True,True,,perf/incremental-yamada-frontier-order,1d8374f42cccbb16d78d44100a65ca603d7d1997,3.14.7,macOS-26.6.2-arm64-arm-64bit-Mach-O,arm,0.03946850006468594,0.15005075000226498,0.05962241697125137,0.00841904105618596,0.008642417029477656,0.01703250000718981,2.9542017728090286e-05,0.008845417061820626,0.009336207993328571,0.000982375000603497,0.036226042080670595,0.1129371669376269,7.02079851180315e-05,0.14516933308914304,0.01927862490992993,0.16444795799907297,2.4208915419876575e-05,0.0001213329378515482,0.13221579184755683,0.32173504191450775,0.4712047498906031
3558,random_3555,random_cycle_chord,20260823,baseline,0,200,3,8,10,6.199705738071732,True,True,,perf/incremental-yamada-frontier-order,1d8374f42cccbb16d78d44100a65ca603d7d1997,3.14.7,macOS-26.6.2-arm64-arm-64bit-Mach-O,arm,0.03480504103936255,0.15329400007613003,0.03472754207905382,0.006673165946267545,0.006665124907158315,0.013090708060190082,2.2500054910779e-05,0.006760874995961785,0.006963041960261762,0.0005499999970197678,0.027387125068344176,0.07547283393796533,6.091699469834566e-05,0.1285820830380544,0.008745959028601646,0.13732804206665605,1.4499993994832039e-05,7.241696584969759e-05,0.08421879296656698,0.27231783408205956,0.40508070902433246
3559,random_3556,random_cycle_chord,20260823,crossing_rich,5,200,5,8,12,4.198703524167564,True,True,,perf/incremental-yamada-frontier-order,1d8374f42cccbb16d78d44100a65ca603d7d1997,3.14.7,macOS-26.6.2-arm64-arm-64bit-Mach-O,arm,0.030740707996301353,0.1507805420551449,0.04451812501065433,0.011268667061813176,0.01331187505275011,0.025344334077090025,6.599992047995329e-05,0.013385833008214831,0.01394291699398309,0.001463040942326188,0.05420212494209409,0.12338229198940098,0.00021029205527156591,0.1657040840946138,0.028575040982104838,0.19427912507671863,2.775003667920828e-05,0.0001556669594720006,0.15195733297150582,0.3334785830229521,0.5041144160786644
3560,random_3557,random_cycle_chord,20260823,baseline,0,200,3,9,11,5.38731006508927,True,True,,perf/incremental-yamada-frontier-order,1d8374f42cccbb16d78d44100a65ca603d7d1997,3.14.7,macOS-26.6.2-arm64-arm-64bit-Mach-O,arm,0.03251195792108774,0.15743837493937463,0.02608787501230836,0.006756874965503812,0.006391415954567492,0.012554166023619473,2.4833017960190773e-05,0.00657191697973758,0.006703249993734062,0.0005293330177664757,0.02638349903281778,0.06564074999187142,6.979098543524742e-05,0.14160550001543015,0.008426625048741698,0.15003212506417185,1.6459031030535698e-05,7.316702976822853e-05,0.07406737504061311,0.2640177079010755,0.40987375006079674
3561,random_3558,random_cycle_chord,20260823,baseline,0,200,3,9,11,5.3319883216069055,True,True,,perf/incremental-yamada-frontier-order,1d8374f42cccbb16d78d44100a65ca603d7d1997,3.14.7,macOS-26.6.2-arm64-arm-64bit-Mach-O,arm,0.032269458984956145,0.1482546670595184,0.026262125000357628,0.0062988330610096455,0.006428166059777141,0.012658291961997747,2.1625077351927757e-05,0.0065763749880716205,0.006789624923840165,0.0005469579482451081,0.02659287489950657,0.06560074992012233,6.108300294727087e-05,0.14342283306177706,0.008932790951803327,0.15235562401358038,1.3749930076301098e-05,6.641692016273737e-05,0.07453354087192565,0.2550576669164002,0.4026214589830488
3562,random_3559,random_cycle_chord,20260823,crossing_rich,5,200,5,9,13,4.404704243774067,True,True,,perf/incremental-yamada-frontier-order,1d8374f42cccbb16d78d44100a65ca603d7d1997,3.14.7,macOS-26.6.2-arm64-arm-64bit-Mach-O,arm,0.033637332962825894,0.1483015000121668,0.041125708958134055,0.01050658302847296,0.011969375074841082,0.023564707953482866,3.6125071346759796e-05,0.01217908295802772,0.01291258295532316,0.0014309999532997608,0.05012349889148027,0.11375908402260393,7.791700772941113e-05,0.17484262504149228,0.02860262501053512,0.2034452500520274,2.466596197336912e-05,0.00015691702719777822,0.14236170903313905,0.32430054200813174,0.5040557079482824
3563,random_3560,random_cycle_chord,20260823,baseline,0,200,3,11,13,4.051223812579447,True,True,,perf/incremental-yamada-frontier-order,1d8374f42cccbb16d78d44100a65ca603d7d1997,3.14.7,macOS-26.6.2-arm64-arm-64bit-Mach-O,arm,0.03145445801783353,0.1478661249857396,0.020128707983531058,0.00661320798099041,0.006598042091354728,0.012982666958123446,2.1832995116710663e-05,0.006719709024764597,0.006916375015862286,0.0005428330041468143,0.027183416998013854,0.06054249999579042,6.341701373457909e-05,0.16776924999430776,0.00860037503298372,0.17636962502729148,1.4290912076830864e-05,6.608397234231234e-05,0.06914287502877414,0.24846345803234726,0.420375999994576
3564,random_3561,random_cycle_chord,20260823,crossing_rich,3,200,4,8,11,4.140416034617652,True,True,,perf/incremental-yamada-frontier-order,1d8374f42cccbb16d78d44100a65ca603d7d1997,3.14.7,macOS-26.6.2-arm64-arm-64bit-Mach-O,arm,0.02747841691598296,0.14798508305102587,0.0313117919722572,0.0091680419864133,0.010105540975928307,0.01994583406485617,3.0624913051724434e-05,0.01024995802436024,0.010745667037554085,0.0009984999196603894,0.04197058395948261,0.09258208295796067,6.787502206861973e-05,0.14551470801234245,0.019879708997905254,0.1653944170102477,1.870805863291025e-05,0.00011124997399747372,0.11246179195586592,0.28792529192287475,0.4380268750246614
3565,random_3562,random_cycle_chord,20260823,baseline,0,200,3,10,12,5.628650640787067,True,True,,perf/incremental-yamada-frontier-order,1d8374f42cccbb16d78d44100a65ca603d7d1997,3.14.7,macOS-26.6.2-arm64-arm-64bit-Mach-O,arm,0.03585741703864187,0.16049333300907165,0.029601957998238504,0.007992208003997803,0.007469916017726064,0.014686500071547925,7.408298552036285e-05,0.007782124914228916,0.007354666944593191,0.0005217089783400297,0.030419083894230425,0.07554108300246298,8.483405690640211e-05,0.16000712499953806,0.00817487493623048,0.16818199993576854,1.595797948539257e-05,7.662491407245398e-05,0.08371595793869346,0.280066707986407,0.4444401249056682
3566,random_3563,random_cycle_chord,20260823,crossing_rich,5,200,5,9,13,4.355487149924962,True,True,,perf/incremental-yamada-frontier-order,1d8374f42cccbb16d78d44100a65ca603d7d1997,3.14.7,macOS-26.6.2-arm64-arm-64bit-Mach-O,arm,0.034146124962717295,0.1483502920018509,0.04368204204365611,0.010703249950893223,0.012141083017922938,0.023962624953128397,4.200008697807789e-05,0.012408333015628159,0.013234333018772304,0.0014841660158708692,0.05113145709037781,0.11769087507855147,7.962493691593409e-05,0.1757597919786349,0.030148416990414262,0.20590820896904916,2.5124987587332726e-05,0.00016358401626348495,0.14783929206896573,0.33033570903353393,0.5108600410167128
3567,random_3564,random_cycle_chord,20260823,crossing_rich,5,200,5,8,12,4.174108836899386,True,True,,perf/incremental-yamada-frontier-order,1d8374f42cccbb16d78d44100a65ca603d7d1997,3.14.7,macOS-26.6.2-arm64-arm-64bit-Mach-O,arm,0.030278375023044646,0.14850216696504503,0.03616033401340246,0.010792999994009733,0.012512666056863964,0.024730083998292685,3.750005271285772e-05,0.012796249939128757,0.013422208023257554,0.0013367910869419575,0.05232283310033381,0.11182237497996539,0.0001571659231558442,0.16000633302610368,0.02620424993801862,0.1862105829641223,2.4084001779556274e-05,0.00014470797032117844,0.138026624917984,0.3168071669060737,0.4814013750292361
3568,random_3565,random_cycle_chord,20260823,crossing_rich,2,200,4,9,12,6.079758801346335,True,True,,perf/incremental-yamada-frontier-order,1d8374f42cccbb16d78d44100a65ca603d7d1997,3.14.7,macOS-26.6.2-arm64-arm-64bit-Mach-O,arm,0.03932116704527289,0.15179579192772508,0.050200709025375545,0.00878162495791912,0.009451334015466273,0.01843091705814004,3.4624943509697914e-05,0.009540416998788714,0.009651417029090226,0.0008872499456629157,0.03854462597519159,0.10700508300215006,7.129204459488392e-05,0.15652054199017584,0.015692958026193082,0.17221350001636893,1.879199407994747e-05,0.00010225002188235521,0.12269804102834314,0.3138150000013411,0.47460845799650997
3569,random_3566,random_cycle_chord,20260823,crossing_rich,4,200,5,12,16,4.01087823345656,True,True,,perf/incremental-yamada-frontier-order,1d8374f42cccbb16d78d44100a65ca603d7d1997,3.14.7,macOS-26.6.2-arm64-arm-64bit-Mach-O,arm,0.03910154104232788,0.14801683300174773,0.033148250076919794,0.010357041959650815,0.011527374968864024,0.022733708028681576,4.712503869086504e-05,0.011715249973349273,0.012300208094529808,0.0012360829859972,0.04803237412124872,0.10310366691555828,9.079196024686098e-05,0.21326329198200256,0.024166833027265966,0.23743012500926852,2.2833002731204033e-05,0.0001347920624539256,0.12727049994282424,0.31438887398689985,0.532174083054997
3570,random_3567,random_cycle_chord,20260823,crossing_rich,2,200,4,10,13,5.097313970282506,True,True,,perf/incremental-yamada-frontier-order,1d8374f42cccbb16d78d44100a65ca603d7d1997,3.14.7,macOS-26.6.2-arm64-arm-64bit-Mach-O,arm,0.03687462501693517,0.149855291005224,0.03847829205915332,0.008473000023514032,0.008905750000849366,0.017482709023170173,2.9416987672448158e-05,0.009095084038563073,0.009443082963116467,0.0009271659655496478,0.03697745897807181,0.09286116599105299,7.320893928408623e-05,0.15917941695079207,0.014992540935054421,0.1741719578858465,1.8708989955484867e-05,0.0001028749393299222,0.1078537069261074,0.29458362294826657,0.45805108407512307
3571,random_3568,random_cycle_chord,20260823,crossing_rich,4,200,5,9,13,6.08252453108939,True,True,,perf/incremental-yamada-frontier-order,1d8374f42cccbb16d78d44100a65ca603d7d1997,3.14.7,macOS-26.6.2-arm64-arm-64bit-Mach-O,arm,0.041948958998546004,0.14841499994508922,0.056633500033058226,0.009734499966725707,0.010980249964632094,0.021705833030864596,3.604206722229719e-05,0.011230791104026139,0.011944917030632496,0.0013452080311253667,0.046262791263870895,0.12364399991929531,7.837510202080011e-05,0.17351687501650304,0.025838000001385808,0.19935487501788884,2.3541972041130066e-05,0.0001508750719949603,0.14948199992068112,0.33984595886431634,0.5178320420673117
3572,random_3569,random_cycle_chord,20260823,crossing_rich,5,200,5,8,12,4.221603481726814,True,True,,perf/incremental-yamada-frontier-order,1d8374f42cccbb16d78d44100a65ca603d7d1997,3.14.7,macOS-26.6.2-arm64-arm-64bit-Mach-O,arm,0.031015624990686774,0.14841991697903723,0.04133579193148762,0.010666084010154009,0.012408792041242123,0.02443370909895748,3.754196222871542e-05,0.01265462499577552,0.01365391700528562,0.0013771249214187264,0.05215691798366606,0.11660229205153883,0.00028195895720273256,0.26558612496592104,0.026326916995458305,0.29191304196137935,2.416700590401888e-05,0.00014295801520347595,0.14292920904699713,0.32236475101672113,0.5923168340232223
3573,random_3570,random_cycle_chord,20260823,crossing_rich,5,200,6,11,16,4.636158977540673,True,True,,perf/incremental-yamada-frontier-order,1d8374f42cccbb16d78d44100a65ca603d7d1997,3.14.7,macOS-26.6.2-arm64-arm-64bit-Mach-O,arm,0.04263349995017052,0.14822225004900247,0.04359737492632121,0.011361583019606769,0.012888083001598716,0.02534779196139425,5.312496796250343e-05,0.013209291966632009,0.013815416023135185,0.0015291249146685004,0.05395474983379245,0.12185283296275884,9.75410221144557e-05,0.2140633329981938,0.029098750092089176,0.24316208309028298,2.8667040169239044e-05,0.0001621250994503498,0.15095158305484802,0.341807333054021,0.560540416976437
3574,random_3571,random_cycle_chord,20260823,crossing_rich,2,200,4,9,12,5.7381321920094335,True,True,,perf/incremental-yamada-frontier-order,1d8374f42cccbb16d78d44100a65ca603d7d1997,3.14.7,macOS-26.6.2-arm64-arm-64bit-Mach-O,arm,0.03685074998065829,0.1479910829802975,0.046630249940790236,0.008439125027507544,0.008938291925005615,0.017562499968335032,2.9499991796910763e-05,0.009132875013165176,0.009530709008686244,0.0009188330732285976,0.03717441705521196,0.10120887495577335,7.491698488593102e-05,0.1560549580026418,0.01611554203554988,0.17217050003819168,1.8583028577268124e-05,0.00010541698429733515,0.11732441699132323,0.30216624995227903,0.4625023329863325
3575,random_3572,random_cycle_chord,20260823,crossing_rich,5,200,5,8,12,4.115437517874592,True,True,,perf/incremental-yamada-frontier-order,1d8374f42cccbb16d78d44100a65ca603d7d1997,3.14.7,macOS-26.6.2-arm64-arm-64bit-Mach-O,arm,0.030859790975227952,0.14895266597159207,0.03902054100763053,0.01087562507018447,0.012662417022511363,0.02503449993673712,3.841705620288849e-05,0.012962042004801333,0.0135754169896245,0.0013635000213980675,0.05297387600876391,0.11556737509090453,0.0001781670143827796,0.1645707089919597,0.027604207978583872,0.19217491697054356,2.4165958166122437e-05,0.0001497080083936453,0.1431715830694884,0.3229840400163084,0.492152415914461
3576,random_3573,random_cycle_chord,20260823,crossing_rich,4,200,5,10,14,5.625712310438746,True,True,,perf/incremental-yamada-frontier-order,1d8374f42cccbb16d78d44100a65ca603d7d1997,3.14.7,macOS-26.6.2-arm64-arm-64bit-Mach-O,arm,0.04280325002036989,0.1482797919306904,0.0533335420768708,0.010017916909419,0.011412166990339756,0.022533540963195264,3.674998879432678e-05,0.011694499989971519,0.012209292035549879,0.001203583087772131,0.04767766606528312,0.12247420800849795,8.304102811962366e-05,0.2718113330192864,0.03305320895742625,0.30486454197671264,2.4416018277406693e-05,0.00013158400543034077,0.1555274169659242,0.3466104589169845,0.6222677080659196
3577,random_3574,random_cycle_chord,20260823,crossing_rich,6,200,6,13,18,4.25457316783385,True,True,,perf/incremental-yamada-frontier-order,1d8374f42cccbb16d78d44100a65ca603d7d1997,3.14.7,macOS-26.6.2-arm64-arm-64bit-Mach-O,arm,0.0453745829872787,0.1479838329833001,0.04151295800693333,0.011792542063631117,0.013381832977756858,0.026284042047336698,6.254191976040602e-05,0.013537541031837463,0.014344458002597094,0.001659582951106131,0.05588816595263779,0.12262570904567838,0.0001027500256896019,0.24103987507987767,0.03374862507916987,0.27478850015904754,2.8582988306879997e-05,0.00017733301501721144,0.15637433412484825,0.34973275009542704,0.5954565000720322
3578,random_3575,random_cycle_chord,20260823,baseline,0,200,3,9,11,5.339000183962407,True,True,,perf/incremental-yamada-frontier-order,1d8374f42cccbb16d78d44100a65ca603d7d1997,3.14.7,macOS-26.6.2-arm64-arm-64bit-Mach-O,arm,0.03180666593834758,0.14788391592446715,0.02609304105862975,0.006595500046387315,0.00662237498909235,0.013041083002462983,2.1999934688210487e-05,0.0067635830491781235,0.006914124940522015,0.0005194999976083636,0.027260290924459696,0.06659070798195899,5.954096559435129e-05,0.14134141593240201,0.008330333977937698,0.1496717499103397,1.3582990504801273e-05,6.350001785904169e-05,0.07492104195989668,0.2546116238227114,0.40008329204283655
3579,random_3576,random_cycle_chord,20260823,baseline,0,200,3,8,10,6.1618805758211295,True,True,,perf/incremental-yamada-frontier-order,1d8374f42cccbb16d78d44100a65ca603d7d1997,3.14.7,macOS-26.6.2-arm64-arm-64bit-Mach-O,arm,0.032544624991714954,0.14762383396737278,0.030195957981050014,0.006744540994986892,0.0067096250131726265,0.013212791993282735,2.174999099224806e-05,0.006823915988206863,0.007018749951384962,0.0005530830239877105,0.02763029094785452,0.07129954197444022,5.620799493044615e-05,0.12875837506726384,0.008918249979615211,0.13767662504687905,1.4125020243227482e-05,6.670900620520115e-05,0.08021779195405543,0.26038625091314316,0.39326554199215025
3580,random_3577,random_cycle_chord,20260823,crossing_rich,6,200,6,13,18,4.570830030977633,True,True,,perf/incremental-yamada-frontier-order,1d8374f42cccbb16d78d44100a65ca603d7d1997,3.14.7,macOS-26.6.2-arm64-arm-64bit-Mach-O,arm,0.04741966596338898,0.1584894589614123,0.04466783395037055,0.013764000032097101,0.013707957929000258,0.026897542062215507,4.441698547452688e-05,0.013940957956947386,0.0148160420358181,0.0016347919590771198,0.05733375099953264,0.12951329199131578,0.00010079203639179468,0.2945045829983428,0.03426279197447002,0.32876737497281283,3.2625044696033e-05,0.0001840420300140977,0.1637760839657858,0.3696852088905871,0.6693782089278102
3581,random_3578,random_cycle_chord,20260823,baseline,0,200,3,11,13,5.222241950604164,True,True,,perf/incremental-yamada-frontier-order,1d8374f42cccbb16d78d44100a65ca603d7d1997,3.14.7,macOS-26.6.2-arm64-arm-64bit-Mach-O,arm,0.03789595898706466,0.14749562507495284,0.026325832935981452,0.006961042061448097,0.007046917104162276,0.013885000022128224,2.1791900508105755e-05,0.007166208000853658,0.007327000028453767,0.0005076250527054071,0.028907625004649162,0.0692612089915201,6.587500683963299e-05,0.1712975420523435,0.008596499916166067,0.17989404196850955,1.4875084161758423e-05,6.762496195733547e-05,0.07785770890768617,0.2632492929697037,0.4387194999726489
3582,random_3579,random_cycle_chord,20260823,crossing_rich,2,200,4,12,15,4.407404241510301,True,True,,perf/incremental-yamada-frontier-order,1d8374f42cccbb16d78d44100a65ca603d7d1997,3.14.7,macOS-26.6.2-arm64-arm-64bit-Mach-O,arm,0.04059991706162691,0.15068383293692023,0.03605045797303319,0.008788125007413328,0.009220708045177162,0.01828079205006361,3.3082906156778336e-05,0.00944508402608335,0.00971800007391721,0.000863292021676898,0.03834025107789785,0.09242899995297194,7.883296348154545e-05,0.28448420797940344,0.015313458978198469,0.2997976669576019,2.062495332211256e-05,0.00010129192378371954,0.1077424589311704,0.29902620892971754,0.5875902909319848
3583,random_3580,random_cycle_chord,20260823,crossing_rich,9,200,7,14,20,4.295540186625066,True,True,,perf/incremental-yamada-frontier-order,1d8374f42cccbb16d78d44100a65ca603d7d1997,3.14.7,macOS-26.6.2-arm64-arm-64bit-Mach-O,arm,0.05107879196293652,0.14881629205774516,0.046458249911665916,0.014767874963581562,0.016988125047646463,0.03444954194128513,9.225006215274334e-05,0.017494167084805667,0.018692541983909905,0.002217374974861741,0.07294587604701519,0.1512161249993369,0.00012450001668184996,0.27458095795009285,0.04952695791143924,0.3241079158615321,3.62080754712224e-05,0.00022962503135204315,0.20074308291077614,0.4006381669314578,0.6804292500019073
3584,random_3581,random_cycle_chord,20260823,crossing_rich,3,200,5,11,15,5.001962359473487,True,True,,perf/incremental-yamada-frontier-order,1d8374f42cccbb16d78d44100a65ca603d7d1997,3.14.7,macOS-26.6.2-arm64-arm-64bit-Mach-O,arm,0.04191449994686991,0.1478322499897331,0.04480708297342062,0.009828125010244548,0.01073999993968755,0.021206208039075136,3.641704097390175e-05,0.011005208943970501,0.011553041054867208,0.0011964578879997134,0.04499733296688646,0.11040629202034324,8.31669894978404e-05,0.1964568750699982,0.021289166994392872,0.21774604206439108,2.3166066966950893e-05,0.0001290410291403532,0.13169545901473612,0.3214422089513391,0.5223654999863356
3585,random_3582,random_cycle_chord,20260823,crossing_rich,2,200,4,9,12,6.085383662177957,True,True,,perf/incremental-yamada-frontier-order,1d8374f42cccbb16d78d44100a65ca603d7d1997,3.14.7,macOS-26.6.2-arm64-arm-64bit-Mach-O,arm,0.038846332929097116,0.14845212502405047,0.05062845803331584,0.008364290930330753,0.008715208969078958,0.017146166996099055,2.9209069907665253e-05,0.008915708982385695,0.00934620900079608,0.0009067920036613941,0.03634408605284989,0.10407887492328882,7.02909892424941e-05,0.15734891698230058,0.016143875080160797,0.17349279206246138,1.9000028260052204e-05,0.00010333303362131119,0.12022275000344962,0.3075212079565972,0.46914083405863494
3586,random_3583,random_cycle_chord,20260823,crossing_rich,5,200,5,9,13,4.306056286669831,True,True,,perf/incremental-yamada-frontier-order,1d8374f42cccbb16d78d44100a65ca603d7d1997,3.14.7,macOS-26.6.2-arm64-arm-64bit-Mach-O,arm,0.03335929103195667,0.1486684160772711,0.039767625043168664,0.010628917021676898,0.012278958922252059,0.02426395902875811,3.658293280750513e-05,0.012541875010356307,0.013156124972738326,0.0013858750462532043,0.05138441699091345,0.11409329192247242,8.375011384487152e-05,0.17532479099463671,0.027131000068038702,0.20245579106267542,2.3792032152414322e-05,0.0001539579825475812,0.14122429199051112,0.3232519990997389,0.5030142919858918
3587,random_3584,random_cycle_chord,20260823,baseline,0,200,3,11,13,4.04798589963192,True,True,,perf/incremental-yamada-frontier-order,1d8374f42cccbb16d78d44100a65ca603d7d1997,3.14.7,macOS-26.6.2-arm64-arm-64bit-Mach-O,arm,0.03188462497200817,0.14744362502824515,0.021600208012387156,0.006605708971619606,0.0064229159615933895,0.012674042023718357,2.1582935005426407e-05,0.006574166007339954,0.006760624935850501,0.0005437909858301282,0.026574206887744367,0.06122241704724729,6.7290966399014e-05,0.1669231669511646,0.008712542010471225,0.17563570896163583,1.4125020243227482e-05,6.729201413691044e-05,0.06993495905771852,0.24926320905797184,0.4203375419601798
3588,random_3585,random_cycle_chord,20260823,crossing_rich,5,200,5,9,13,4.302318412912778,True,True,,perf/incremental-yamada-frontier-order,1d8374f42cccbb16d78d44100a65ca603d7d1997,3.14.7,macOS-26.6.2-arm64-arm-64bit-Mach-O,arm,0.033304415992461145,0.14847974991425872,0.042684458079747856,0.010669082985259593,0.011963375029154122,0.0236020419979468,4.2749918065965176e-05,0.012293542036786675,0.012853584019467235,0.0013654580106958747,0.05015737598296255,0.1155120829353109,8.26249597594142e-05,0.1754178749397397,0.028050624998286366,0.20346849993802607,2.3499946109950542e-05,0.00015249999705702066,0.14356270793359727,0.32534687384031713,0.5054864999838173
3589,random_3586,random_cycle_chord,20260823,crossing_rich,5,200,5,9,13,4.295816074304527,True,True,,perf/incremental-yamada-frontier-order,1d8374f42cccbb16d78d44100a65ca603d7d1997,3.14.7,macOS-26.6.2-arm64-arm-64bit-Mach-O,arm,0.033139375038444996,0.1483077920274809,0.03449600003659725,0.010535457986406982,0.011891374946571887,0.023541999980807304,3.7416000850498676e-05,0.01216470799408853,0.012876832974143326,0.0013853750424459577,0.05000633199233562,0.10696312505751848,7.987499702721834e-05,0.18198004201985896,0.0280121659161523,0.20999220793601125,3.200001083314419e-05,0.00017104099970310926,0.13497529097367078,0.3164224580395967,0.5029416250763461
3590,random_3587,random_cycle_chord,20260823,crossing_rich,5,200,5,9,13,4.3349653738818725,True,True,,perf/incremental-yamada-frontier-order,1d8374f42cccbb16d78d44100a65ca603d7d1997,3.14.7,macOS-26.6.2-arm64-arm-64bit-Mach-O,arm,0.03430870804004371,0.1482952079968527,0.047662333003245294,0.010589624987915158,0.012121125007979572,0.024173500016331673,4.6915956772863865e-05,0.012569582904689014,0.013256584061309695,0.0014413329772651196,0.051487915916368365,0.12189433292951435,0.00010800000745803118,0.1853632910642773,0.029158416902646422,0.2145217079669237,2.5999965146183968e-05,0.000152332941070199,0.15105274983216077,0.3336566658690572,0.5235834170598537
3591,random_3588,random_cycle_chord,20260823,crossing_rich,4,200,5,10,14,5.495926407320382,True,True,,perf/incremental-yamada-frontier-order,1d8374f42cccbb16d78d44100a65ca603d7d1997,3.14.7,macOS-26.6.2-arm64-arm-64bit-Mach-O,arm,0.04203612497076392,0.14851987501606345,0.05197320808656514,0.00984095805324614,0.010950541007332504,0.021656207973137498,3.666698466986418e-05,0.01123787509277463,0.011855208082124591,0.0012605420779436827,0.046046500210650265,0.11884433391969651,0.00010254210792481899,0.18555312498938292,0.02434837492182851,0.20990149991121143,2.8832932002842426e-05,0.00015079102013260126,0.14319270884152502,0.3337487088283524,0.5238270000554621
3592,random_3589,random_cycle_chord,20260823,crossing_rich,2,200,4,8,11,6.586476414569228,True,True,,perf/incremental-yamada-frontier-order,1d8374f42cccbb16d78d44100a65ca603d7d1997,3.14.7,macOS-26.6.2-arm64-arm-64bit-Mach-O,arm,0.039506791974417865,0.1488868750166148,0.05506733409129083,0.00850808306131512,0.008789833053015172,0.017344500054605305,2.9916991479694843e-05,0.009012583992443979,0.009424249990843236,0.0009695409098640084,0.036780791939236224,0.10917279100976884,8.1458012573421e-05,0.14535512507427484,0.017597415950149298,0.16295254102442414,1.9582919776439667e-05,0.00011191703379154205,0.12677020695991814,0.3151638739509508,0.4648212919710204
3593,random_3590,random_cycle_chord,20260823,baseline,0,200,3,8,10,6.187502873442728,True,True,,perf/incremental-yamada-frontier-order,1d8374f42cccbb16d78d44100a65ca603d7d1997,3.14.7,macOS-26.6.2-arm64-arm-64bit-Mach-O,arm,0.06309095898177475,0.15698108298238367,0.032311499933712184,0.007350250030867755,0.006809332990087569,0.013478709035553038,2.862501423805952e-05,0.007104875054210424,0.007218583021312952,0.0006130828987807035,0.028443875024095178,0.07494295795913786,7.045897655189037e-05,0.1351259999210015,0.010335750062949955,0.14546174998395145,2.2459076717495918e-05,9.383296128362417e-05,0.08527870802208781,0.30535074998624623,0.4450555000221357
3594,random_3591,random_cycle_chord,20260823,crossing_rich,2,200,4,9,12,5.947130282903722,True,True,,perf/incremental-yamada-frontier-order,1d8374f42cccbb16d78d44100a65ca603d7d1997,3.14.7,macOS-26.6.2-arm64-arm-64bit-Mach-O,arm,0.03970199998002499,0.1547129589598626,0.05509458389133215,0.009077250026166439,0.009187208954244852,0.020904582925140858,8.104101289063692e-05,0.00940770807210356,0.009713666047900915,0.0009478330612182617,0.04105483111925423,0.11444395792204887,8.645793423056602e-05,0.162028249935247,0.016923791030421853,0.17895204096566886,2.6499968953430653e-05,0.00012025004252791405,0.13136774895247072,0.3257827078923583,0.5123128750128672
3595,random_3592,random_cycle_chord,20260823,baseline,0,200,4,11,14,4.043947293080114,True,True,,perf/incremental-yamada-frontier-order,1d8374f42cccbb16d78d44100a65ca603d7d1997,3.14.7,macOS-26.6.2-arm64-arm-64bit-Mach-O,arm,0.03526137501467019,0.15140066610183567,0.02159583300817758,0.030538917053490877,0.008984042098745704,0.017036000033840537,4.400010220706463e-05,0.008543208939954638,0.008764083031564951,0.0008811660809442401,0.03526845818851143,0.09642512502614409,9.570806287229061e-05,0.20507937506772578,0.012550707906484604,0.21763008297421038,2.2249994799494743e-05,0.00010008399840444326,0.10897583293262869,0.29563787404913455,0.5059732500230893
3596,random_3593,random_cycle_chord,20260823,baseline,0,200,3,9,11,5.355868767209747,True,True,,perf/incremental-yamada-frontier-order,1d8374f42cccbb16d78d44100a65ca603d7d1997,3.14.7,macOS-26.6.2-arm64-arm-64bit-Mach-O,arm,0.036508416989818215,0.1932999580167234,0.029705457971431315,0.007532875053584576,0.0072440000949427485,0.014136584009975195,2.4374923668801785e-05,0.007284625084139407,0.007322125020436943,0.0005414580227807164,0.029309167061001062,0.07381299999542534,6.524997297674417e-05,0.1468849170487374,0.008360665990039706,0.1552455830387771,1.48330582305789e-05,6.945792119950056e-05,0.08217366598546505,0.31198204099200666,0.46466058294754475
3597,random_3594,random_cycle_chord,20260823,baseline,0,200,3,14,16,4.295937879328902,True,True,,perf/incremental-yamada-frontier-order,1d8374f42cccbb16d78d44100a65ca603d7d1997,3.14.7,macOS-26.6.2-arm64-arm-64bit-Mach-O,arm,0.04006033402401954,0.14757708401884884,0.019550208002328873,0.006849874975159764,0.006950250011868775,0.013709750026464462,2.237502485513687e-05,0.007111749961040914,0.007259165984578431,0.0005302500212565064,0.02863329101819545,0.06200329097919166,7.604202255606651e-05,0.19111170805990696,0.00871212501078844,0.1998238330706954,1.4082994312047958e-05,6.716698408126831e-05,0.0707154159899801,0.2583528340328485,0.4536330410046503
3598,random_3595,random_cycle_chord,20260823,crossing_rich,4,200,5,11,15,4.700745563364973,True,True,,perf/incremental-yamada-frontier-order,1d8374f42cccbb16d78d44100a65ca603d7d1997,3.14.7,macOS-26.6.2-arm64-arm-64bit-Mach-O,arm,0.03952504205517471,0.14819450001232326,0.04038579203188419,0.010125832981429994,0.01127258304040879,0.02222450007684529,3.770797047764063e-05,0.011515958001837134,0.012219833093695343,0.0013247079914435744,0.04732270713429898,0.10914087505079806,8.700008038431406e-05,0.19840495800599456,0.025043249945156276,0.22344820795115083,2.395804040133953e-05,0.00014291598927229643,0.13418412499595433,0.3219036670634523,0.5248749579768628
3599,random_3596,random_cycle_chord,20260823,crossing_rich,5,200,6,11,16,4.655688392836812,True,True,,perf/incremental-yamada-frontier-order,1d8374f42cccbb16d78d44100a65ca603d7d1997,3.14.7,macOS-26.6.2-arm64-arm-64bit-Mach-O,arm,0.042746415943838656,0.14745770790614188,0.04323300009127706,0.01150616689119488,0.013048958033323288,0.025719833094626665,4.3625012040138245e-05,0.013301042024977505,0.014083166955970228,0.001525667030364275,0.05467333411797881,0.12250095896888524,9.295798372477293e-05,0.21548870799597353,0.02937970799393952,0.24486841598991305,2.7875066734850407e-05,0.00016070902347564697,0.15188066696282476,0.3420847908128053,0.5623787919757888
3600,random_3597,random_cycle_chord,20260823,crossing_rich,2,200,4,8,11,6.602252855478848,True,True,,perf/incremental-yamada-frontier-order,1d8374f42cccbb16d78d44100a65ca603d7d1997,3.14.7,macOS-26.6.2-arm64-arm-64bit-Mach-O,arm,0.042449124972335994,0.172190084005706,0.05681787501089275,0.009137375047430396,0.009085083962418139,0.017889833077788353,3.120803739875555e-05,0.009317624964751303,0.00983200001064688,0.001130416989326477,0.03820108307991177,0.11327216704376042,7.445807568728924e-05,0.151269624941051,0.0201546250609681,0.1714242500020191,2.2332998923957348e-05,0.00013291696086525917,0.13342679210472852,0.3480660010827705,0.5040814590174705
3601,random_3598,random_cycle_chord,20260823,crossing_rich,5,200,5,8,12,4.181879627755686,True,True,,perf/incremental-yamada-frontier-order,1d8374f42cccbb16d78d44100a65ca603d7d1997,3.14.7,macOS-26.6.2-arm64-arm-64bit-Mach-O,arm,0.0321664169896394,0.15209237509407103,0.04039512504823506,0.013398207956925035,0.014443957945331931,0.028363000019453466,4.533305764198303e-05,0.014705459005199373,0.01550120790489018,0.001613958040252328,0.06022895802743733,0.12850654195062816,0.00020187499467283487,0.28945729101542383,0.03022112511098385,0.3196784161264077,2.962502185255289e-05,0.00017545802984386683,0.158727667061612,0.34298645914532244,0.6372472500661388
3602,random_3599,random_cycle_chord,20260823,crossing_rich,5,200,5,8,12,4.240919614791878,True,True,,perf/incremental-yamada-frontier-order,1d8374f42cccbb16d78d44100a65ca603d7d1997,3.14.7,macOS-26.6.2-arm64-arm-64bit-Mach-O,arm,0.0340164580848068,0.16263291600625962,0.04722887510433793,0.011642458033747971,0.012958207982592285,0.025547208031639457,3.858294803649187e-05,0.013208582997322083,0.013871332979761064,0.001384416944347322,0.05405012390110642,0.12591470894403756,0.0002702920464798808,0.29882999998517334,0.027669500093907118,0.32649950007908046,2.720800694078207e-05,0.0001599160023033619,0.15358420903794467,0.3502335831290111,0.6538942080223933
3603,random_3600,random_cycle_chord,20260823,baseline,0,200,3,11,13,5.22519499132265,True,True,,perf/incremental-yamada-frontier-order,1d8374f42cccbb16d78d44100a65ca603d7d1997,3.14.7,macOS-26.6.2-arm64-arm-64bit-Mach-O,arm,0.03985083301085979,0.15545316704083234,0.025108832982368767,0.007029375061392784,0.007165833027102053,0.014094666112214327,2.2875028662383556e-05,0.007331665954552591,0.007466832990758121,0.0005742500070482492,0.02949029009323567,0.06881433306261897,6.850005593150854e-05,0.16953683400060982,0.009078750037588179,0.178615584038198,1.4707911759614944e-05,7.37080117687583e-05,0.07789308310020715,0.2731970831518993,0.44706404104363173
3604,random_3601,random_cycle_chord,20260823,baseline,0,200,3,10,12,5.620272507290792,True,True,,perf/incremental-yamada-frontier-order,1d8374f42cccbb16d78d44100a65ca603d7d1997,3.14.7,macOS-26.6.2-arm64-arm-64bit-Mach-O,arm,0.03640312503557652,0.1497751249698922,0.026498790946789086,0.0068336669355630875,0.007188042043708265,0.01418729207944125,2.5416025891900063e-05,0.007415125030092895,0.007599125034175813,0.000594708020798862,0.02982166619040072,0.07036316592711955,7.370905950665474e-05,0.16818995808716863,0.00963125005364418,0.17782120814081281,1.5249941498041153e-05,8.32919031381607e-05,0.07999441598076373,0.26617266598623246,0.43859529099427164
3605,random_3602,random_cycle_chord,20260823,crossing_rich,4,200,5,8,12,6.593197602413844,True,True,,perf/incremental-yamada-frontier-order,1d8374f42cccbb16d78d44100a65ca603d7d1997,3.14.7,macOS-26.6.2-arm64-arm-64bit-Mach-O,arm,0.04598833399359137,0.1543824999826029,0.0646316249622032,0.009881292004138231,0.010747416992671788,0.02152950002346188,4.2749918065965176e-05,0.011267250054515898,0.012071041972376406,0.0014456670032814145,0.04635620897170156,0.1316502500558272,0.00016529206186532974,0.1653836671030149,0.02741691702976823,0.19280058413278311,2.462498378008604e-05,0.00015291699673980474,0.15906716708559543,0.3594380010617897,0.5295055001042783
3606,random_3603,random_cycle_chord,20260823,crossing_rich,5,200,5,9,13,4.151698789520159,True,True,,perf/incremental-yamada-frontier-order,1d8374f42cccbb16d78d44100a65ca603d7d1997,3.14.7,macOS-26.6.2-arm64-arm-64bit-Mach-O,arm,0.03304229199420661,0.15018883405718952,0.04327958298381418,0.015079042059369385,0.013685750076547265,0.025699042016640306,4.183291457593441e-05,0.013243541005067527,0.013976041926071048,0.0014107089955359697,0.054371166857890785,0.12645487498957664,8.895795326679945e-05,0.1833613330963999,0.027965499903075397,0.2113268329994753,2.475001383572817e-05,0.00014941697008907795,0.15442037489265203,0.33765150094404817,0.5255094580352306
3607,random_3604,random_cycle_chord,20260823,crossing_rich,5,200,5,9,13,4.283180804384838,True,True,,perf/incremental-yamada-frontier-order,1d8374f42cccbb16d78d44100a65ca603d7d1997,3.14.7,macOS-26.6.2-arm64-arm-64bit-Mach-O,arm,0.03530341701116413,0.16973758302628994,0.04356554208789021,0.010937749990262091,0.012410124996677041,0.024560083053074777,3.820890560746193e-05,0.012734041083604097,0.01345254189800471,0.001445000059902668,0.052229875000193715,0.11917875008657575,8.370797149837017e-05,0.18128625000827014,0.028451959020458162,0.2097382090287283,2.5292043574154377e-05,0.0001580830430611968,0.1476307091070339,0.352671709144488,0.5388607499189675
3608,random_3605,random_cycle_chord,20260823,crossing_rich,2,200,4,10,13,5.622658695321695,True,True,,perf/incremental-yamada-frontier-order,1d8374f42cccbb16d78d44100a65ca603d7d1997,3.14.7,macOS-26.6.2-arm64-arm-64bit-Mach-O,arm,0.04227895801886916,0.18098937498871237,0.06184274994302541,0.01158141705673188,0.011571708018891513,0.023312333039939404,8.7916967459023e-05,0.011492707999423146,0.011878165998496115,0.001220916979946196,0.047992040985263884,0.1330674170749262,0.0001378749730065465,0.21676950005348772,0.024378416943363845,0.24114791699685156,4.608393646776676e-05,0.00017699995078146458,0.15744583401829004,0.3807141670258716,0.6030705420998856
3609,random_3606,random_cycle_chord,20260823,crossing_rich,2,200,5,11,15,4.074878165402237,True,True,,perf/incremental-yamada-frontier-order,1d8374f42cccbb16d78d44100a65ca603d7d1997,3.14.7,macOS-26.6.2-arm64-arm-64bit-Mach-O,arm,0.049202875001356006,0.21164570900145918,0.0425973329693079,0.011997624998912215,0.012567208032123744,0.02471345802769065,4.5042019337415695e-05,0.012620000052265823,0.012857125024311244,0.0013114999746903777,0.05154712509829551,0.11875712499022484,0.00010895798914134502,0.22783691599033773,0.02371370908804238,0.2515506250783801,2.7249916456639767e-05,0.0001504160463809967,0.14247083407826722,0.4033194180810824,0.636790500022471
3610,random_3607,random_cycle_chord,20260823,crossing_rich,5,200,5,10,14,4.091703447345949,True,True,,perf/incremental-yamada-frontier-order,1d8374f42cccbb16d78d44100a65ca603d7d1997,3.14.7,macOS-26.6.2-arm64-arm-64bit-Mach-O,arm,0.039780291030183434,0.17128758295439184,0.04810466698836535,0.012489165994338691,0.013907833956182003,0.027249749982729554,4.312500823289156e-05,0.013711750041693449,0.01458083395846188,0.0015884590102359653,0.05717391800135374,0.13171504193451256,0.00012154201976954937,0.3014337089844048,0.03091633296571672,0.3323500419501215,2.6916968636214733e-05,0.00016904203221201897,0.16263137490022928,0.37369924888480455,0.6800376670435071
3611,random_3608,random_cycle_chord,20260823,crossing_rich,4,200,5,10,14,5.623258891035703,True,True,,perf/incremental-yamada-frontier-order,1d8374f42cccbb16d78d44100a65ca603d7d1997,3.14.7,macOS-26.6.2-arm64-arm-64bit-Mach-O,arm,0.04577479197178036,0.1598507920280099,0.05635299999266863,0.011093666078522801,0.012192500056698918,0.02403429092373699,4.141696263104677e-05,0.012270291917957366,0.012746207998134196,0.001314666005782783,0.05040687380824238,0.13008254196029156,8.587492629885674e-05,0.195429417071864,0.02489175007212907,0.22032116714399308,2.404197584837675e-05,0.0001441671047359705,0.15497429203242064,0.3605998760322109,0.560847207903862
3612,random_3609,random_cycle_chord,20260823,baseline,0,200,3,13,15,4.5660432673088005,True,True,,perf/incremental-yamada-frontier-order,1d8374f42cccbb16d78d44100a65ca603d7d1997,3.14.7,macOS-26.6.2-arm64-arm-64bit-Mach-O,arm,0.03973025002051145,0.15208675002213567,0.022927707992494106,0.006781458971090615,0.006827374920248985,0.013537958031520247,2.2041029296815395e-05,0.006972000002861023,0.007172625046223402,0.0005523329600691795,0.028256957069970667,0.06481258303392678,7.525004912167788e-05,0.26471379201393574,0.010979541926644742,0.2756933339405805,2.1666986867785454e-05,8.666689973324537e-05,0.07579212496057153,0.26760912500321865,0.5366870410507545
3613,random_3610,random_cycle_chord,20260823,crossing_rich,4,200,5,10,14,5.380562972311952,True,True,,perf/incremental-yamada-frontier-order,1d8374f42cccbb16d78d44100a65ca603d7d1997,3.14.7,macOS-26.6.2-arm64-arm-64bit-Mach-O,arm,0.047941916971467435,0.1667378330603242,0.057586416020058095,0.011348583037033677,0.011829124996438622,0.023312582983635366,4.1082967072725296e-05,0.012082958011887968,0.012877958943136036,0.0014144580345600843,0.04972904094029218,0.13053058402147144,9.037507697939873e-05,0.19085529097355902,0.031024707946926355,0.22187999892048538,4.125002305954695e-05,0.00017879100050777197,0.1615552919683978,0.3762350420001894,0.5723128339741379
3614,random_3611,random_cycle_chord,20260823,crossing_rich,3,200,4,9,12,4.489931926549486,True,True,,perf/incremental-yamada-frontier-order,1d8374f42cccbb16d78d44100a65ca603d7d1997,3.14.7,macOS-26.6.2-arm64-arm-64bit-Mach-O,arm,0.03742770792450756,0.1618836249690503,0.04152950004208833,0.010790999978780746,0.011570999980904162,0.0228547080187127,5.425000563263893e-05,0.03760624991264194,0.020340457907877862,0.0012151660630479455,0.08207083190791309,0.14600937499199063,0.00012562493793666363,0.1894765419419855,0.022040750016458333,0.21151729195844382,2.962502185255289e-05,0.00013654108624905348,0.16805012500844896,0.3673614579020068,0.561631542048417
3615,random_3612,random_cycle_chord,20260823,baseline,0,200,3,11,13,5.230539145823207,True,True,,perf/incremental-yamada-frontier-order,1d8374f42cccbb16d78d44100a65ca603d7d1997,3.14.7,macOS-26.6.2-arm64-arm-64bit-Mach-O,arm,0.045537375030107796,0.1762930410914123,0.028752667014487088,0.008731167064979672,0.008227666956372559,0.016240332974120975,4.0917075239121914e-05,0.008528083912096918,0.008510416024364531,0.0006285830168053508,0.033948333002626896,0.07969416701234877,9.595800656825304e-05,0.26102112501394004,0.012161249993368983,0.273182375007309,2.6165973395109177e-05,9.379198309034109e-05,0.09185541700571775,0.31368583312723786,0.580078125
3616,random_3613,random_cycle_chord,20260823,baseline,0,200,3,9,11,5.4022526052253,True,True,,perf/incremental-yamada-frontier-order,1d8374f42cccbb16d78d44100a65ca603d7d1997,3.14.7,macOS-26.6.2-arm64-arm-64bit-Mach-O,arm,0.042016166960820556,0.18339429202023894,0.041125666932202876,0.010016250074841082,0.01019887498114258,0.019710458000190556,5.4333009757101536e-05,0.010195291950367391,0.009996833046898246,0.0007715000538155437,0.04072841606102884,0.10212170798331499,0.00011033297050744295,0.23503591597545892,0.012472082977183163,0.24750799895264208,2.720800694078207e-05,0.00011300004553049803,0.11459379096049815,0.34000424994155765,0.5810245840111747
3617,random_3614,random_cycle_chord,20260823,baseline,0,200,3,9,11,5.388017522731162,True,True,,perf/incremental-yamada-frontier-order,1d8374f42cccbb16d78d44100a65ca603d7d1997,3.14.7,macOS-26.6.2-arm64-arm-64bit-Mach-O,arm,0.04580545797944069,0.20430854195728898,0.029680458013899624,0.0087226249743253,0.008036374929361045,0.01633320900145918,5.6582968682050705e-05,0.008246166980825365,0.008142667007632554,0.000634416937828064,0.033413042896427214,0.07987704197876155,9.1959023848176e-05,0.17073741694912314,0.0103423340478912,0.18107975099701434,1.7791055142879486e-05,9.066599886864424e-05,0.09021937602665275,0.3403333759633824,0.5162388749886304
3618,random_3615,random_cycle_chord,20260823,crossing_rich,4,200,5,11,15,5.229766564028772,True,True,,perf/incremental-yamada-frontier-order,1d8374f42cccbb16d78d44100a65ca603d7d1997,3.14.7,macOS-26.6.2-arm64-arm-64bit-Mach-O,arm,0.0499710839940235,0.1703893329249695,0.05466454103589058,0.040757209062576294,0.020759542006999254,0.027734708972275257,7.329205982387066e-05,0.014444832922890782,0.015097624971531332,0.0016380000161007047,0.058988458942621946,0.1752586669754237,0.0001396250445395708,0.24945345800369978,0.031099541927687824,0.2805529999313876,3.229198046028614e-05,0.00018312502652406693,0.20635820890311152,0.4267186258221045,0.6821007080143318
3619,random_3616,random_cycle_chord,20260823,crossing_rich,4,200,5,8,12,6.585187621973303,True,True,,perf/incremental-yamada-frontier-order,1d8374f42cccbb16d78d44100a65ca603d7d1997,3.14.7,macOS-26.6.2-arm64-arm-64bit-Mach-O,arm,0.05743399995844811,0.2728265419136733,0.07821354200132191,0.013032999937422574,0.013924957951530814,0.028299041907303035,8.016591891646385e-05,0.015037207980640233,0.015448000049218535,0.001869542058557272,0.06073395791463554,0.16597108403220773,0.00035445799585431814,0.2214671669062227,0.07451783295255154,0.29598499985877424,5.3292023949325085e-05,0.0002497909590601921,0.24048891698475927,0.5707494588568807,0.7991490829735994
3620,random_3617,random_cycle_chord,20260823,crossing_rich,6,200,6,11,16,5.222866155759008,True,True,,perf/incremental-yamada-frontier-order,1d8374f42cccbb16d78d44100a65ca603d7d1997,3.14.7,macOS-26.6.2-arm64-arm-64bit-Mach-O,arm,0.09454550000373274,0.19984991603996605,0.06941754091531038,0.01817050005774945,0.016610292019322515,0.03191337501630187,8.9708948507905e-05,0.017266041948460042,0.018091833917424083,0.0020467499271035194,0.06940770975779742,0.173685249988921,0.0001481659710407257,0.27995337499305606,0.045348749961704016,0.3253021249547601,4.6625034883618355e-05,0.0002447089646011591,0.219033999950625,0.5134294159943238,0.7993822080316022
3621,random_3618,random_cycle_chord,20260823,crossing_rich,5,200,5,8,12,4.218200866283561,True,True,,perf/incremental-yamada-frontier-order,1d8374f42cccbb16d78d44100a65ca603d7d1997,3.14.7,macOS-26.6.2-arm64-arm-64bit-Mach-O,arm,0.04122312495019287,0.24028349993750453,0.05597412493079901,0.0160307080950588,0.017213374958373606,0.033646375057287514,7.962493691593409e-05,0.017392625100910664,0.01851758302655071,0.0018831670749932528,0.07151937519665807,0.16081074997782707,0.00024750002194195986,0.3687841249629855,0.04915283294394612,0.41793695790693164,4.9042049795389175e-05,0.00019816693384200335,0.2099635829217732,0.4914702078094706,0.8656843749340624
3622,random_3619,random_cycle_chord,20260823,baseline,0,200,3,9,11,5.367345728098035,True,True,,perf/incremental-yamada-frontier-order,1d8374f42cccbb16d78d44100a65ca603d7d1997,3.14.7,macOS-26.6.2-arm64-arm-64bit-Mach-O,arm,0.040496041998267174,0.18701404193416238,0.03134795802179724,0.008650665986351669,0.007984583033248782,0.046469207969494164,0.0001465840032324195,0.018881833995692432,0.010384083027020097,0.000812915968708694,0.0766946249641478,0.12471258407458663,0.00012858305126428604,0.20576962502673268,0.012026333948597312,0.21779595897533,2.1666986867785454e-05,9.495799895375967e-05,0.13673891802318394,0.3642490019556135,0.5752658339915797
3623,random_3620,random_cycle_chord,20260823,baseline,0,200,3,8,10,6.183018213546951,True,True,,perf/incremental-yamada-frontier-order,1d8374f42cccbb16d78d44100a65ca603d7d1997,3.14.7,macOS-26.6.2-arm64-arm-64bit-Mach-O,arm,0.046648125047795475,0.21307454199995846,0.04867858299985528,0.012026124983094633,0.009616583003662527,0.05940945795737207,7.333396933972836e-05,0.011300125042907894,0.011452624923549592,0.0008928750175982714,0.08312841691076756,0.15351491700857878,0.00011600006837397814,0.19639470905531198,0.012946375063620508,0.20934108411893249,2.3000058718025684e-05,0.00010341708548367023,0.16646129207219929,0.4261839591199532,0.6287327089812607
3624,random_3621,random_cycle_chord,20260823,baseline,0,200,5,15,19,4.048871382577326,True,True,,perf/incremental-yamada-frontier-order,1d8374f42cccbb16d78d44100a65ca603d7d1997,3.14.7,macOS-26.6.2-arm64-arm-64bit-Mach-O,arm,0.05879145802464336,0.17990954197011888,0.024282958009280264,0.01118304196279496,0.013135332963429391,0.024168584030121565,7.083290256559849e-05,0.012331958045251667,0.012639041990041733,0.0010165410349145532,0.05022695800289512,0.09889437502715737,0.00014708400703966618,0.29171783302444965,0.016572542022913694,0.30829037504736334,2.762500662356615e-05,0.00011970801278948784,0.11546691705007106,0.3541679170448333,0.6514112079748884
3625,random_3622,random_cycle_chord,20260823,baseline,0,200,3,9,11,5.394925900641245,True,True,,perf/incremental-yamada-frontier-order,1d8374f42cccbb16d78d44100a65ca603d7d1997,3.14.7,macOS-26.6.2-arm64-arm-64bit-Mach-O,arm,0.07327891699969769,0.18180308304727077,0.03096566698513925,0.008029583026655018,0.007694708066992462,0.015049458015710115,4.475004971027374e-05,0.007916165981441736,0.00845179206226021,0.0006785000441595912,0.03214066615328193,0.07886499993037432,9.691703598946333e-05,0.1702800840139389,0.01014991698320955,0.18043000099714845,1.7457990907132626e-05,8.787494152784348e-05,0.08901491691358387,0.34409691696055233,0.519249250064604
3626,random_3623,random_cycle_chord,20260823,crossing_rich,5,200,5,9,13,4.308367676661037,True,True,,perf/incremental-yamada-frontier-order,1d8374f42cccbb16d78d44100a65ca603d7d1997,3.14.7,macOS-26.6.2-arm64-arm-64bit-Mach-O,arm,0.037946749944239855,0.164336874964647,0.04650499997660518,0.011826583067886531,0.014018167043104768,0.02513741608709097,5.0166971050202847e-05,0.013004457927308977,0.013841083971783519,0.001545500010251999,0.053578624967485666,0.12598091701511294,0.0001152500044554472,0.19994474994018674,0.04159124998841435,0.2415359999286011,3.837491385638714e-05,0.00018904195167124271,0.16757216700352728,0.36985579191241413,0.5751587500562891
3627,random_3624,random_cycle_chord,20260823,crossing_rich,4,200,5,9,13,6.076445620117214,True,True,,perf/incremental-yamada-frontier-order,1d8374f42cccbb16d78d44100a65ca603d7d1997,3.14.7,macOS-26.6.2-arm64-arm-64bit-Mach-O,arm,0.04993254202418029,0.17498904198873788,0.06418962497264147,0.04202408401761204,0.013535124948248267,0.026412083068862557,6.375007797032595e-05,0.013977541937492788,0.014535624999552965,0.0015845419839024544,0.05657354206778109,0.17637166695203632,0.0001247080508619547,0.2212530829710886,0.0319640829693526,0.2532171659404412,3.245798870921135e-05,0.00017379201017320156,0.20833574992138892,0.4332573339343071,0.6597915000747889
3628,random_3625,random_cycle_chord,20260823,crossing_rich,5,200,6,12,17,4.409263739652847,True,True,,perf/incremental-yamada-frontier-order,1d8374f42cccbb16d78d44100a65ca603d7d1997,3.14.7,macOS-26.6.2-arm64-arm-64bit-Mach-O,arm,0.05039633403066546,0.1691967500373721,0.05234666704200208,0.013511458062566817,0.014503916027024388,0.028929000021889806,0.00010487495455890894,0.015360041987150908,0.016237249947153032,0.0017962499987334013,0.062427416909486055,0.14285966695751995,0.00015429197810590267,0.32420883292797953,0.04043824994005263,0.36464708286803216,4.0207989513874054e-05,0.00020341703202575445,0.18329791689757258,0.40289100096561015,0.732639875030145
3629,random_3626,random_cycle_chord,20260823,crossing_rich,5,200,5,9,13,4.222534489009011,True,True,,perf/incremental-yamada-frontier-order,1d8374f42cccbb16d78d44100a65ca603d7d1997,3.14.7,macOS-26.6.2-arm64-arm-64bit-Mach-O,arm,0.04060212499462068,0.1716059169266373,0.04628345801029354,0.012398250051774085,0.0134557910496369,0.02631891705095768,4.391605034470558e-05,0.013676750008016825,0.014525999897159636,0.0015312089817598462,0.05609679198823869,0.12827470805495977,0.00011395802721381187,0.1945690409047529,0.029820917057804763,0.22438995796255767,2.8292066417634487e-05,0.00017166603356599808,0.15809562511276454,0.3703036670340225,0.5701627919916064
3630,random_3627,random_cycle_chord,20260823,crossing_rich,4,200,5,8,12,6.5972828842520475,True,True,,perf/incremental-yamada-frontier-order,1d8374f42cccbb16d78d44100a65ca603d7d1997,3.14.7,macOS-26.6.2-arm64-arm-64bit-Mach-O,arm,0.047578583005815744,0.1609135839389637,0.06664037506561726,0.011051042005419731,0.011372874956578016,0.02236974996048957,4.2750034481287e-05,0.011632875073701143,0.012086916947737336,0.0014390000142157078,0.047571292030625045,0.1366755000781268,0.00016599998343735933,0.21572408406063914,0.031280624913051724,0.24700470897369087,2.9957969672977924e-05,0.00018058402929455042,0.1679561249911785,0.37644829193595797,0.5973475419450551
3631,random_3628,random_cycle_chord,20260823,crossing_rich,5,200,5,8,12,4.253166010440287,True,True,,perf/incremental-yamada-frontier-order,1d8374f42cccbb16d78d44100a65ca603d7d1997,3.14.7,macOS-26.6.2-arm64-arm-64bit-Mach-O,arm,0.03406183293554932,0.15991624991875142,0.04108054202515632,0.011563166975975037,0.012973083998076618,0.02576608397066593,4.033301956951618e-05,0.013192999991588295,0.013885417021811008,0.0013246249873191118,0.05420945899095386,0.1198609999846667,0.00026804092340171337,0.2731501249363646,0.026365333003923297,0.2995154579402879,2.7125002816319466e-05,0.000147333019413054,0.14622633298859,0.34020441584289074,0.6179611249826849
3632,random_3629,random_cycle_chord,20260823,baseline,0,200,4,14,17,4.294367381227519,True,True,,perf/incremental-yamada-frontier-order,1d8374f42cccbb16d78d44100a65ca603d7d1997,3.14.7,macOS-26.6.2-arm64-arm-64bit-Mach-O,arm,0.04793529200833291,0.16211695794481784,0.022690667072311044,0.008478207979351282,0.008801833027973771,0.017187417019158602,4.0624989196658134e-05,0.008849999983794987,0.009056375012733042,0.0007420000620186329,0.03587641706690192,0.07587591698393226,9.362504351884127e-05,0.22875274997204542,0.010625957977026701,0.23937870794907212,2.087489701807499e-05,8.670799434185028e-05,0.08650187496095896,0.2965541249141097,0.5298841249896213
3633,random_3630,random_cycle_chord,20260823,crossing_rich,4,200,5,13,17,4.567817788484521,True,True,,perf/incremental-yamada-frontier-order,1d8374f42cccbb16d78d44100a65ca603d7d1997,3.14.7,macOS-26.6.2-arm64-arm-64bit-Mach-O,arm,0.04627649998292327,0.152106000110507,0.041654791100881994,0.010357541963458061,0.011586333042941988,0.022908000042662024,3.820809070020914e-05,0.011859791004098952,0.012605375028215349,0.0014650409575551748,0.04887641512323171,0.11250912491232157,0.00010420801118016243,0.22873712505679578,0.026119375019334257,0.25485650007613003,2.4208100512623787e-05,0.0001459158957004547,0.13862849993165582,0.3370110000250861,0.5703785840887576
3634,random_3631,random_cycle_chord,20260823,crossing_rich,2,200,4,8,11,6.584483271271872,True,True,,perf/incremental-yamada-frontier-order,1d8374f42cccbb16d78d44100a65ca603d7d1997,3.14.7,macOS-26.6.2-arm64-arm-64bit-Mach-O,arm,0.03993429208640009,0.15094191709067672,0.05791612504981458,0.009377332986332476,0.010153750074096024,0.019742334028705955,4.63749747723341e-05,0.010497499955818057,0.010935624944977462,0.001094958046451211,0.04231679195072502,0.1198060839669779,9.874999523162842e-05,0.18251616705674678,0.02072350005619228,0.20323966711293906,2.8125010430812836e-05,0.00013120798394083977,0.14052958402317017,0.331405793200247,0.5184224579716101
3635,random_3632,random_cycle_chord,20260823,crossing_rich,2,200,4,8,11,6.601998239102738,True,True,,perf/incremental-yamada-frontier-order,1d8374f42cccbb16d78d44100a65ca603d7d1997,3.14.7,macOS-26.6.2-arm64-arm-64bit-Mach-O,arm,0.04718783299904317,0.17282174993306398,0.059286874951794744,0.009486124967224896,0.013046875013969839,0.04774587496649474,7.670896593481302e-05,0.010268167010508478,0.010807249927893281,0.0011892910115420818,0.07008729188237339,0.15204441698733717,0.0001088329590857029,0.1638139160349965,0.019880332984030247,0.18369424901902676,2.2459076717495918e-05,0.00013525004032999277,0.17192474997136742,0.39193433290347457,0.5606322500389069
3636,random_3633,random_cycle_chord,20260823,baseline,0,200,4,14,17,4.293804634564405,True,True,,perf/incremental-yamada-frontier-order,1d8374f42cccbb16d78d44100a65ca603d7d1997,3.14.7,macOS-26.6.2-arm64-arm-64bit-Mach-O,arm,0.04711350006982684,0.16111287497915328,0.023968250025063753,0.008476792019791901,0.008680333965457976,0.017144417040981352,3.3415970392525196e-05,0.008910999982617795,0.009258750011213124,0.0008043328998610377,0.036151915905065835,0.07730600005015731,9.700004011392593e-05,0.23627220804337412,0.01162374997511506,0.24789595801848918,2.037500962615013e-05,9.445904288440943e-05,0.08892975002527237,0.2971561250742525,0.5380561660276726
3637,random_3634,random_cycle_chord,20260823,crossing_rich,2,200,4,9,12,5.940200871053119,True,True,,perf/incremental-yamada-frontier-order,1d8374f42cccbb16d78d44100a65ca603d7d1997,3.14.7,macOS-26.6.2-arm64-arm-64bit-Mach-O,arm,0.041218875092454255,0.16026437503751367,0.05181387497577816,0.00918054103385657,0.009247959009371698,0.019222042057663202,8.195801638066769e-05,0.010810000007040799,0.011047499952837825,0.0010330829536542296,0.04219458298757672,0.11246800003573298,9.837502148002386e-05,0.17222095793113112,0.01697962498292327,0.1892005829140544,2.054101787507534e-05,0.00012787501327693462,0.12944762501865625,0.3309308751486242,0.5082827500300482
3638,random_3635,random_cycle_chord,20260823,crossing_rich,2,200,4,11,14,4.967247519870911,True,True,,perf/incremental-yamada-frontier-order,1d8374f42cccbb16d78d44100a65ca603d7d1997,3.14.7,macOS-26.6.2-arm64-arm-64bit-Mach-O,arm,0.04198525007814169,0.15856479201465845,0.04107054090127349,0.008891250006854534,0.009138540946878493,0.018401374923996627,3.3542048186063766e-05,0.009592416929081082,0.010029333061538637,0.0009809589246287942,0.039037625887431204,0.09816595900338143,8.549995254725218e-05,0.19371154194232076,0.016665624920278788,0.21037716686259955,1.9333092495799065e-05,0.00010991597082465887,0.11483158392366022,0.31538162601646036,0.5136704170145094
3639,random_3636,random_cycle_chord,20260823,crossing_rich,5,200,6,13,18,4.34549347918399,True,True,,perf/incremental-yamada-frontier-order,1d8374f42cccbb16d78d44100a65ca603d7d1997,3.14.7,macOS-26.6.2-arm64-arm-64bit-Mach-O,arm,0.04745904100127518,0.15427391696721315,0.04424858302809298,0.012048999895341694,0.013595708995126188,0.026790875010192394,6.291596218943596e-05,0.013705125078558922,0.014497791999019682,0.0016538329655304551,0.05671054101549089,0.12665579200256616,0.00010125001426786184,0.24894408299587667,0.031919959001243114,0.2808640419971198,2.8416048735380173e-05,0.00017633300740271807,0.15857575100380927,0.3603087089722976,0.6142086250474676
3640,random_3637,random_cycle_chord,20260823,crossing_rich,5,200,5,9,13,4.396106560978769,True,True,,perf/incremental-yamada-frontier-order,1d8374f42cccbb16d78d44100a65ca603d7d1997,3.14.7,macOS-26.6.2-arm64-arm-64bit-Mach-O,arm,0.0339335830649361,0.1579742080066353,0.040900457999669015,0.010582375107333064,0.011906917090527713,0.023425625055097044,4.129204899072647e-05,0.01214754197280854,0.012893584091216326,0.00135254196356982,0.049860585131682456,0.11328487505670637,8.458294905722141e-05,0.17512354196514934,0.027056499966420233,0.20218004193156958,2.49580480158329e-05,0.0001545000122860074,0.1403413750231266,0.332249166094698,0.5121332909911871
3641,random_3638,random_cycle_chord,20260823,crossing_rich,4,200,5,8,12,6.584568199234251,True,True,,perf/incremental-yamada-frontier-order,1d8374f42cccbb16d78d44100a65ca603d7d1997,3.14.7,macOS-26.6.2-arm64-arm-64bit-Mach-O,arm,0.04358687496278435,0.14862795791123062,0.06181904207915068,0.00987812492530793,0.01062979199923575,0.0209715839009732,4.016701132059097e-05,0.01091725006699562,0.011637708055786788,0.0014129580231383443,0.044979667058214545,0.12734266696497798,0.00016183301340788603,0.1611793750198558,0.027440333040431142,0.18861970806028694,2.4707987904548645e-05,0.00015641702339053154,0.15478300000540912,0.3469978328794241,0.5127487499266863
3642,random_3639,random_cycle_chord,20260823,crossing_rich,2,200,4,9,12,6.076388751367557,True,True,,perf/incremental-yamada-frontier-order,1d8374f42cccbb16d78d44100a65ca603d7d1997,3.14.7,macOS-26.6.2-arm64-arm-64bit-Mach-O,arm,0.03879587503615767,0.14888579200487584,0.04902525001671165,0.008165000006556511,0.008266250020824373,0.016329375095665455,3.020802978426218e-05,0.00843983399681747,0.008896708022803068,0.0009509579977020621,0.03464708314277232,0.1001305419486016,7.504201494157314e-05,0.15826937498059124,0.017100541037507355,0.1753699160180986,1.925008837133646e-05,0.00010699999984353781,0.11723108298610896,0.30491275002714247,0.4674907500157133
3643,random_3640,random_cycle_chord,20260823,crossing_rich,4,200,5,9,13,6.077450220329255,True,True,,perf/incremental-yamada-frontier-order,1d8374f42cccbb16d78d44100a65ca603d7d1997,3.14.7,macOS-26.6.2-arm64-arm-64bit-Mach-O,arm,0.04260599997360259,0.14851374994032085,0.05563491606153548,0.009930791100487113,0.011093582957983017,0.021929375012405217,3.770797047764063e-05,0.011374291963875294,0.012076125014573336,0.00133666698820889,0.04675416694954038,0.12344633298926055,7.816706784069538e-05,0.17371779098175466,0.02559674996882677,0.19931454095058143,2.379098441451788e-05,0.00014329096302390099,0.14904308295808733,0.34016283287201077,0.518396291998215
3644,random_3641,random_cycle_chord,20260823,crossing_rich,4,200,5,10,14,5.531490002199061,True,True,,perf/incremental-yamada-frontier-order,1d8374f42cccbb16d78d44100a65ca603d7d1997,3.14.7,macOS-26.6.2-arm64-arm-64bit-Mach-O,arm,0.042092459043487906,0.1485835409257561,0.05050083308015019,0.009716999949887395,0.010714750038459897,0.02120812493376434,3.733299672603607e-05,0.01096562494058162,0.01170308399014175,0.0013387500075623393,0.04525291686877608,0.11621879111044109,8.77090496942401e-05,0.27891116694081575,0.02548033301718533,0.3043914999580011,2.458400558680296e-05,0.00013937498442828655,0.14169912412762642,0.3323751240968704,0.6154800829244778
3645,random_3642,random_cycle_chord,20260823,crossing_rich,6,200,6,11,16,5.226591692678491,True,True,,perf/incremental-yamada-frontier-order,1d8374f42cccbb16d78d44100a65ca603d7d1997,3.14.7,macOS-26.6.2-arm64-arm-64bit-Mach-O,arm,0.04675266693811864,0.14900066598784178,0.05055220809299499,0.011766958981752396,0.013590625021606684,0.026400708011351526,4.424992948770523e-05,0.013565875007770956,0.014492374961264431,0.0016567920101806521,0.05615999992005527,0.13210995797999203,0.00010095792822539806,0.21621254202909768,0.03472583298571408,0.25093837501481175,2.8875074349343777e-05,0.00017775001469999552,0.1668357909657061,0.36258912389166653,0.5835963339777663
3646,random_3643,random_cycle_chord,20260823,crossing_rich,5,200,5,9,13,4.1862188522855135,True,True,,perf/incremental-yamada-frontier-order,1d8374f42cccbb16d78d44100a65ca603d7d1997,3.14.7,macOS-26.6.2-arm64-arm-64bit-Mach-O,arm,0.032725834054872394,0.14849091693758965,0.03890174999833107,0.010566874989308417,0.012119041988626122,0.024019500007852912,3.7458958104252815e-05,0.012348625110462308,0.01311787508893758,0.001358125009573996,0.05088158417493105,0.11250229203142226,8.070794865489006e-05,0.17812579195015132,0.03034133301116526,0.20846712496131659,2.8540962375700474e-05,0.00016787496861070395,0.14284362504258752,0.32406037603504956,0.5066999170230702
3647,random_3644,random_cycle_chord,20260823,baseline,0,200,3,10,12,4.660730486039471,True,True,,perf/incremental-yamada-frontier-order,1d8374f42cccbb16d78d44100a65ca603d7d1997,3.14.7,macOS-26.6.2-arm64-arm-64bit-Mach-O,arm,0.03402887494303286,0.1555802091024816,0.022640165989287198,0.00705020793247968,0.007007749984040856,0.013815624988637865,2.3999949917197227e-05,0.007180624990724027,0.00737100001424551,0.0006110420217737556,0.029002291965298355,0.06572137493640184,6.999995093792677e-05,0.17738149990327656,0.011394542059861124,0.1887760419631377,2.475001383572817e-05,0.00010908301919698715,0.07711591699626297,0.26672500104177743,0.448775083059445
3648,random_3645,random_cycle_chord,20260823,crossing_rich,4,200,5,8,12,6.60199800436875,True,True,,perf/incremental-yamada-frontier-order,1d8374f42cccbb16d78d44100a65ca603d7d1997,3.14.7,macOS-26.6.2-arm64-arm-64bit-Mach-O,arm,0.05132858396973461,0.1696697500301525,0.07719783403445035,0.010997125064022839,0.011775667080655694,0.02337020798586309,4.4500106014311314e-05,0.012024416937492788,0.04428641707636416,0.002884875051677227,0.08261041715741158,0.18261879205238074,0.0002752080326899886,0.18893162498716265,0.030769167002290487,0.21970079198945314,2.9000104404985905e-05,0.00018912495579570532,0.21338795905467123,0.43438629305455834,0.6285839169286191
3649,random_3646,random_cycle_chord,20260823,crossing_rich,4,200,5,10,14,5.620399670440868,True,True,,perf/incremental-yamada-frontier-order,1d8374f42cccbb16d78d44100a65ca603d7d1997,3.14.7,macOS-26.6.2-arm64-arm-64bit-Mach-O,arm,0.04822487500496209,0.16475329105742276,0.061074708006344736,0.01099887490272522,0.011632999987341464,0.023534332984127104,4.237494431436062e-05,0.012225957936607301,0.01251937507186085,0.0014565419405698776,0.049778582877479494,0.1335239999461919,9.92499990388751e-05,0.2045751669211313,0.027774124988354743,0.23234929190948606,2.8417096473276615e-05,0.00016808300279080868,0.16129812493454665,0.3742762909969315,0.5839366249274462
3650,random_3647,random_cycle_chord,20260823,crossing_rich,8,200,7,14,20,4.292584251663935,True,True,,perf/incremental-yamada-frontier-order,1d8374f42cccbb16d78d44100a65ca603d7d1997,3.14.7,macOS-26.6.2-arm64-arm-64bit-Mach-O,arm,0.05488566600251943,0.160893417079933,0.05320595798548311,0.01693758403416723,0.017926208092831075,0.03512679203413427,6.758305244147778e-05,0.01795254205353558,0.01936220796778798,0.002252957900054753,0.07476208300795406,0.16288712504319847,0.000125208985991776,0.29033999994862825,0.048738750047050416,0.33907874999567866,3.687501884996891e-05,0.00023291702382266521,0.21162587509024888,0.4274049581727013,0.7235210830112919
3651,random_3648,random_cycle_chord,20260823,crossing_rich,5,200,5,8,12,4.171275380447659,True,True,,perf/incremental-yamada-frontier-order,1d8374f42cccbb16d78d44100a65ca603d7d1997,3.14.7,macOS-26.6.2-arm64-arm-64bit-Mach-O,arm,0.0327189170056954,0.1563684999709949,0.04542216693516821,0.011407749960198998,0.01308025000616908,0.025810750084929168,5.4541975259780884e-05,0.013817750033922493,0.01451358397025615,0.0014592920197173953,0.05565591808408499,0.12560141703579575,0.00021199998445808887,0.16994933295063674,0.029130666982382536,0.19907999993301928,2.7125002816319466e-05,0.00015312503091990948,0.15473208401817828,0.3438195009948686,0.5185630830237642
3652,random_3649,random_cycle_chord,20260823,crossing_rich,5,200,5,8,12,4.232235727327061,True,True,,perf/incremental-yamada-frontier-order,1d8374f42cccbb16d78d44100a65ca603d7d1997,3.14.7,macOS-26.6.2-arm64-arm-64bit-Mach-O,arm,0.03196141601074487,0.15116087498608977,0.0421070420416072,0.01088341698050499,0.01266887504607439,0.02486612496431917,4.0375045500695705e-05,0.012901749927550554,0.013549500028602779,0.0013498329790309072,0.052707582945004106,0.11840000003576279,0.00016175000928342342,0.26785712502896786,0.026980833034031093,0.29483795806299895,2.504198346287012e-05,0.00014699995517730713,0.14538083306979388,0.3285031240666285,0.6007276249583811
3653,random_3650,random_cycle_chord,20260823,baseline,0,200,3,9,11,5.380345055985049,True,True,,perf/incremental-yamada-frontier-order,1d8374f42cccbb16d78d44100a65ca603d7d1997,3.14.7,macOS-26.6.2-arm64-arm-64bit-Mach-O,arm,0.032774124993011355,0.14771870896220207,0.025213208980858326,0.006521875038743019,0.00644504209049046,0.012663875008001924,2.2458028979599476e-05,0.006641708081588149,0.006737166084349155,0.0005183749599382281,0.026583582162857056,0.06478254101239145,5.8957957662642e-05,0.141611292026937,0.008240374969318509,0.14985166699625552,1.366704236716032e-05,6.745895370841026e-05,0.07302291598170996,0.2535157499369234,0.39928200002759695
3654,random_3651,random_cycle_chord,20260823,crossing_rich,2,200,4,9,12,5.852474099079597,True,True,,perf/incremental-yamada-frontier-order,1d8374f42cccbb16d78d44100a65ca603d7d1997,3.14.7,macOS-26.6.2-arm64-arm-64bit-Mach-O,arm,0.03760825004428625,0.1688442078884691,0.0498227080097422,0.008891250006854534,0.008683499996550381,0.01679012505337596,4.0499959141016006e-05,0.00871737499255687,0.009074624977074564,0.0009529170347377658,0.035575542016886175,0.10300220898352563,7.52920750528574e-05,0.15734016604255885,0.0171511669177562,0.17449133296031505,1.9499915651977062e-05,0.00011100003030151129,0.12015337590128183,0.3266058338340372,0.4883965840563178
3655,random_3652,random_cycle_chord,20260823,crossing_rich,3,200,5,10,14,5.377861137108976,True,True,,perf/incremental-yamada-frontier-order,1d8374f42cccbb16d78d44100a65ca603d7d1997,3.14.7,macOS-26.6.2-arm64-arm-64bit-Mach-O,arm,0.041385874967090786,0.14861395792104304,0.0549032500712201,0.009410583996213973,0.010049665928818285,0.019849958014674485,3.716698847711086e-05,0.010313207982107997,0.010958500090055168,0.001237250049598515,0.042396083124913275,0.1167924579931423,8.300004992634058e-05,0.2642843750072643,0.022904417011886835,0.28718879201915115,2.3333006538450718e-05,0.00013191706966608763,0.13969687500502914,0.32969670789316297,0.5981683749705553
3656,random_3653,random_cycle_chord,20260823,baseline,0,200,3,9,11,5.389759998709821,True,True,,perf/incremental-yamada-frontier-order,1d8374f42cccbb16d78d44100a65ca603d7d1997,3.14.7,macOS-26.6.2-arm64-arm-64bit-Mach-O,arm,0.03189308394212276,0.14746408304199576,0.02454162505455315,0.006789540988393128,0.006994957919232547,0.013782458030618727,2.1332991309463978e-05,0.0071327920304611325,0.007319041993469,0.0005424999399110675,0.02879812498576939,0.06714320799801499,6.283307448029518e-05,0.1437752500642091,0.008769291918724775,0.15254454198293388,1.4750054106116295e-05,7.225002627819777e-05,0.07591249991673976,0.2552696669008583,0.40322587499395013
3657,random_3654,random_cycle_chord,20260823,baseline,0,200,3,8,10,6.116010884568996,True,True,,perf/incremental-yamada-frontier-order,1d8374f42cccbb16d78d44100a65ca603d7d1997,3.14.7,macOS-26.6.2-arm64-arm-64bit-Mach-O,arm,0.03289016697090119,0.14848170801997185,0.030942458077333868,0.006652332958765328,0.006718958029523492,0.013294458040036261,2.1875021047890186e-05,0.0068913750583305955,0.007090541999787092,0.0005865830462425947,0.027884833165444434,0.07221816701348871,5.6625111028552055e-05,0.12931999994907528,0.009240666055120528,0.1385606660041958,1.5666009858250618e-05,7.499998901039362e-05,0.08145883306860924,0.2628307080594823,0.39633054099977016
3658,random_3655,random_cycle_chord,20260823,crossing_rich,3,200,5,10,14,5.015950678219235,True,True,,perf/incremental-yamada-frontier-order,1d8374f42cccbb16d78d44100a65ca603d7d1997,3.14.7,macOS-26.6.2-arm64-arm-64bit-Mach-O,arm,0.03921575006097555,0.14860100008081645,0.04971120902337134,0.009581124992109835,0.01030008401721716,0.020280833006836474,3.916607238352299e-05,0.010501125012524426,0.011142625007778406,0.0012637920444831252,0.043227541144005954,0.1128535830648616,8.641707245260477e-05,0.18262270791456103,0.0227765419986099,0.20539924991317093,2.4499953724443913e-05,0.00014412496238946915,0.1356301250634715,0.3234468752052635,0.5105575419729576
3659,random_3656,random_cycle_chord,20260823,baseline,0,200,3,8,10,6.1246039641108565,True,True,,perf/incremental-yamada-frontier-order,1d8374f42cccbb16d78d44100a65ca603d7d1997,3.14.7,macOS-26.6.2-arm64-arm-64bit-Mach-O,arm,0.03249179199337959,0.14790300000458956,0.03079574997536838,0.00674083293415606,0.006667500012554228,0.013297791010700166,2.4999957531690598e-05,0.006873750011436641,0.007038499927148223,0.0005661660106852651,0.027801206917501986,0.0720242919633165,5.720800254493952e-05,0.15981229208409786,0.009927458013407886,0.16973975009750575,1.7457990907132626e-05,8.370890282094479e-05,0.08195174997672439,0.26234654197469354,0.42636283300817013
3660,random_3657,random_cycle_chord,20260823,crossing_rich,2,200,4,11,14,5.0622868092155135,True,True,,perf/incremental-yamada-frontier-order,1d8374f42cccbb16d78d44100a65ca603d7d1997,3.14.7,macOS-26.6.2-arm64-arm-64bit-Mach-O,arm,0.05503737507387996,0.19121008296497166,0.046491416986100376,0.01029479200951755,0.010527999955229461,0.02063141600228846,3.316602669656277e-05,0.010710624977946281,0.011027291999198496,0.0010223339777439833,0.043424832983873785,0.11077249993104488,9.51660331338644e-05,0.2035044999793172,0.018574166926555336,0.22207866690587252,2.4333014152944088e-05,0.00012624997179955244,0.1293466668576002,0.37559412489645183,0.5842453329823911
3661,random_3658,random_cycle_chord,20260823,baseline,0,200,3,10,12,4.710007066065199,True,True,,perf/incremental-yamada-frontier-order,1d8374f42cccbb16d78d44100a65ca603d7d1997,3.14.7,macOS-26.6.2-arm64-arm-64bit-Mach-O,arm,0.03595695807598531,0.16018337500281632,0.023345042020082474,0.0071591249434277415,0.00705262494739145,0.013809583033435047,2.3958971723914146e-05,0.007160666980780661,0.007372667081654072,0.0005460000829771161,0.02891287615057081,0.06649033294524997,6.954197306185961e-05,0.1678892499767244,0.008580041932873428,0.17646929190959781,1.5416997484862804e-05,7.270905189216137e-05,0.0750703748781234,0.27121070795692503,0.4434640419203788
3662,random_3659,random_cycle_chord,20260823,crossing_rich,8,200,7,12,18,4.828501958201297,True,True,,perf/incremental-yamada-frontier-order,1d8374f42cccbb16d78d44100a65ca603d7d1997,3.14.7,macOS-26.6.2-arm64-arm-64bit-Mach-O,arm,0.052908207988366485,0.16075062507297844,0.06008395797107369,0.01590591692365706,0.01664762501604855,0.03288508299738169,8.008303120732307e-05,0.01700833300128579,0.017854791949503124,0.0021434170193970203,0.06997170799877495,0.1626754580065608,0.0007933750748634338,0.2636535419151187,0.04220116697251797,0.30585470888763666,3.545801155269146e-05,0.00021708395797759295,0.20487662497907877,0.4185354580404237,0.6882385420612991
3663,random_3660,random_cycle_chord,20260823,crossing_rich,5,200,5,8,12,4.104145726882711,True,True,,perf/incremental-yamada-frontier-order,1d8374f42cccbb16d78d44100a65ca603d7d1997,3.14.7,macOS-26.6.2-arm64-arm-64bit-Mach-O,arm,0.03138087491970509,0.15219429193530232,0.0362803750904277,0.010988500085659325,0.012671208009123802,0.02513187495060265,3.887503407895565e-05,0.013285625027492642,0.014015666907653213,0.0014245830243453383,0.0538966249441728,0.11387100000865757,0.00016966694965958595,0.1660374579951167,0.02878254104871303,0.19481999904382974,2.395804040133953e-05,0.00015300000086426735,0.1426535410573706,0.326228707912378,0.49702958401758224
3664,random_3661,random_cycle_chord,20260823,crossing_rich,3,200,4,8,11,4.261550080537246,True,True,,perf/incremental-yamada-frontier-order,1d8374f42cccbb16d78d44100a65ca603d7d1997,3.14.7,macOS-26.6.2-arm64-arm-64bit-Mach-O,arm,0.02808404096867889,0.14888420898932964,0.04008220904506743,0.009009500034153461,0.01012316602282226,0.01993262500036508,2.9708025977015495e-05,0.0103299580514431,0.010713957948610187,0.0009567090310156345,0.041962958057411015,0.10120383405592293,7.233396172523499e-05,0.14581887505482882,0.018887125072069466,0.1647060001268983,2.108304761350155e-05,0.00011333299335092306,0.12009095912799239,0.2970592090860009,0.4470235829940066
3665,random_3662,random_cycle_chord,20260823,crossing_rich,6,200,6,13,18,4.429328385334314,True,True,,perf/incremental-yamada-frontier-order,1d8374f42cccbb16d78d44100a65ca603d7d1997,3.14.7,macOS-26.6.2-arm64-arm-64bit-Mach-O,arm,0.046523625031113625,0.14812970894854516,0.0471769159194082,0.015596500015817583,0.014093250036239624,0.02734466700349003,6.437499541789293e-05,0.014044667012058198,0.01477524999063462,0.0016500829951837659,0.05787904199678451,0.13481237494852394,0.00010808301158249378,0.24433300003875047,0.03401199996005744,0.2783449999988079,2.8709066100418568e-05,0.00018079206347465515,0.16882437490858138,0.36347770888824016,0.6124342499533668
3666,random_3663,random_cycle_chord,20260823,crossing_rich,4,200,5,9,13,6.081590087435511,True,True,,perf/incremental-yamada-frontier-order,1d8374f42cccbb16d78d44100a65ca603d7d1997,3.14.7,macOS-26.6.2-arm64-arm-64bit-Mach-O,arm,0.04216345795430243,0.14808249997440726,0.05665041599422693,0.009714458952657878,0.010942000080831349,0.021599584026262164,3.695895429700613e-05,0.011267208959907293,0.011821083957329392,0.001292833941988647,0.0460176698397845,0.123357875039801,7.829198148101568e-05,0.17324129096232355,0.024821083061397076,0.19806237402372062,2.3541972041130066e-05,0.0001390830148011446,0.14817895810119808,0.33842491602990776,0.5159963750047609
3667,random_3664,random_cycle_chord,20260823,crossing_rich,4,200,5,10,14,5.528428125434262,True,True,,perf/incremental-yamada-frontier-order,1d8374f42cccbb16d78d44100a65ca603d7d1997,3.14.7,macOS-26.6.2-arm64-arm-64bit-Mach-O,arm,0.04163679201155901,0.1507098749279976,0.051604458945803344,0.009915624978020787,0.010654374957084656,0.02101262495853007,3.733392804861069e-05,0.04959408403374255,0.01213520800229162,0.0014144590822979808,0.08419371000491083,0.15640241699293256,0.00011575000826269388,0.19264616700820625,0.026494542020373046,0.2191407090285793,2.6541994884610176e-05,0.00016075000166893005,0.1828969590133056,0.3752436259528622,0.5727475839667022
3668,random_3665,random_cycle_chord,20260823,baseline,0,200,3,9,11,5.328335796455409,True,True,,perf/incremental-yamada-frontier-order,1d8374f42cccbb16d78d44100a65ca603d7d1997,3.14.7,macOS-26.6.2-arm64-arm-64bit-Mach-O,arm,0.032148499973118305,0.1554272499633953,0.03015391598455608,0.007495792000554502,0.0073593329871073365,0.014454334042966366,2.704199869185686e-05,0.0075255000265315175,0.007777791935950518,0.000658791046589613,0.03044345905072987,0.07547616702504456,8.216698188334703e-05,0.20228420803323388,0.014880625065416098,0.21716483309864998,2.3250002413988113e-05,0.00010745797771960497,0.09035679209046066,0.27793254202697426,0.48490633396431804
3669,random_3666,random_cycle_chord,20260823,baseline,0,200,3,8,10,6.133497768622585,True,True,,perf/incremental-yamada-frontier-order,1d8374f42cccbb16d78d44100a65ca603d7d1997,3.14.7,macOS-26.6.2-arm64-arm-64bit-Mach-O,arm,0.05616791604552418,0.22734820807818323,0.040448833955451846,0.009090333012863994,0.009032499976456165,0.016852499917149544,5.04170311614871e-05,0.008382792002521455,0.008877250016666949,0.0007545409025624394,0.034917499870061874,0.09353237506002188,9.400001727044582e-05,0.17198775010183454,0.013413208071142435,0.18540095817297697,2.3583066649734974e-05,0.00010699999984353781,0.10694558313116431,0.3904617072548717,0.5679172920063138
3670,random_3667,random_cycle_chord,20260823,crossing_rich,4,200,5,8,12,6.583904123422774,True,True,,perf/incremental-yamada-frontier-order,1d8374f42cccbb16d78d44100a65ca603d7d1997,3.14.7,macOS-26.6.2-arm64-arm-64bit-Mach-O,arm,0.059784915996715426,0.18699025001842529,0.08348799997474998,0.012610084027983248,0.01301462494302541,0.025578083004802465,5.416700150817633e-05,0.015152166946791112,0.015471791964955628,0.0018878330010920763,0.05814404191914946,0.167303082998842,0.00025112496223300695,0.19934187503531575,0.03539920900948346,0.2347410840447992,3.374996595084667e-05,0.00019941607024520636,0.20270229200832546,0.44947745802346617,0.6546084999572486
3671,random_3668,random_cycle_chord,20260823,crossing_rich,2,200,4,8,11,6.587009950658207,True,True,,perf/incremental-yamada-frontier-order,1d8374f42cccbb16d78d44100a65ca603d7d1997,3.14.7,macOS-26.6.2-arm64-arm-64bit-Mach-O,arm,0.047794666956178844,0.21692470903508365,0.0692630410194397,0.010389916016720235,0.010481584002263844,0.02080899989232421,5.4292031563818455e-05,0.010856917011551559,0.011418957961723208,0.0011818750062957406,0.044321041903458536,0.13449283398222178,0.0001052080187946558,0.1877263750648126,0.022362041985616088,0.2100884170504287,2.8416980057954788e-05,0.00014050002209842205,0.15685487596783787,0.42157425195910037,0.6152993340510875
3672,random_3669,random_cycle_chord,20260823,crossing_rich,3,200,4,8,11,4.110817423466822,True,True,,perf/incremental-yamada-frontier-order,1d8374f42cccbb16d78d44100a65ca603d7d1997,3.14.7,macOS-26.6.2-arm64-arm-64bit-Mach-O,arm,0.03461949992924929,0.17590125009883195,0.04042466706596315,0.010681417072191834,0.01159725000616163,0.02294325002003461,3.458303399384022e-05,0.011871791910380125,0.012349333032034338,0.0011340839555487037,0.04833304195199162,0.11106679099611938,7.929198909550905e-05,0.16727508301846683,0.020568874897435308,0.18784395791590214,2.0707957446575165e-05,0.00012891704682260752,0.1316356658935547,0.3421564159216359,0.514641375048086
3673,random_3670,random_cycle_chord,20260823,crossing_rich,5,200,5,8,12,4.171403439333609,True,True,,perf/incremental-yamada-frontier-order,1d8374f42cccbb16d78d44100a65ca603d7d1997,3.14.7,macOS-26.6.2-arm64-arm-64bit-Mach-O,arm,0.03413679206278175,0.16842958296183497,0.044848459074273705,0.012516082962974906,0.013902875012718141,0.02743141702376306,4.499999340623617e-05,0.014232167042791843,0.01590829191263765,0.0015455830143764615,0.05916245898697525,0.1304700420005247,0.0001828339882194996,0.2907231249846518,0.045320625067688525,0.33604375005234033,5.358306225389242e-05,0.00020508305169641972,0.17579066706821322,0.37835704209282994,0.6736760420026258
3674,random_3671,random_cycle_chord,20260823,baseline,0,200,3,9,11,5.414489836297764,True,True,,perf/incremental-yamada-frontier-order,1d8374f42cccbb16d78d44100a65ca603d7d1997,3.14.7,macOS-26.6.2-arm64-arm-64bit-Mach-O,arm,0.04145087499637157,0.16520733293145895,0.03357433306518942,0.009582584025338292,0.008072500000707805,0.018158833030611277,8.062494453042746e-05,0.00992025004234165,0.011783833033405244,0.000650790985673666,0.040594332036562264,0.09188583306968212,9.533402044326067e-05,0.17481379094533622,0.010625542025081813,0.18543933297041804,2.5541987270116806e-05,9.854196105152369e-05,0.10251137509476393,0.30916958302259445,0.4894262079615146
3675,random_3672,random_cycle_chord,20260823,crossing_rich,5,200,6,11,16,4.617377068105701,True,True,,perf/incremental-yamada-frontier-order,1d8374f42cccbb16d78d44100a65ca603d7d1997,3.14.7,macOS-26.6.2-arm64-arm-64bit-Mach-O,arm,0.050356708001345396,0.17298108304385096,0.059181374963372946,0.013730707927607,0.015091583016328514,0.029792333021759987,0.00011495803482830524,0.015493416925892234,0.01629379205405712,0.0018655830062925816,0.06356008304283023,0.15163462504278868,0.00013662490528076887,0.2622488329652697,0.05833783303387463,0.3205866659991443,0.00011462497059255838,0.0005313329165801406,0.20997245807666332,0.43331024912185967,0.7064955000532791
3676,random_3673,random_cycle_chord,20260823,crossing_rich,5,200,5,8,12,4.2129158916304945,True,True,,perf/incremental-yamada-frontier-order,1d8374f42cccbb16d78d44100a65ca603d7d1997,3.14.7,macOS-26.6.2-arm64-arm-64bit-Mach-O,arm,0.2638869578950107,0.23250108398497105,0.059962708968669176,0.016637542052194476,0.020840750075876713,0.04557316692080349,0.00011383299715816975,0.0271172079956159,0.029766625026240945,0.002729833940975368,0.10530066688079387,0.2028709170408547,0.0003994160797446966,0.3753946661017835,0.06688470905646682,0.44227937515825033,0.0001289580250158906,0.0006425840547308326,0.2697556260973215,0.7661436679773033,1.1574073330266401
3677,random_3674,random_cycle_chord,20260823,crossing_rich,2,200,4,9,12,6.075526997738147,True,True,,perf/incremental-yamada-frontier-order,1d8374f42cccbb16d78d44100a65ca603d7d1997,3.14.7,macOS-26.6.2-arm64-arm-64bit-Mach-O,arm,0.121399833005853,0.3998505000490695,0.11058737500570714,0.019435625057667494,0.02264708303846419,0.033102542045526206,0.00010779197327792645,0.022725083050318062,0.01771174999885261,0.0016777919372543693,0.07532495900522918,0.22809783392585814,0.00023849995341151953,0.2879110829671845,0.027636292041279376,0.31554737500846386,6.633298471570015e-05,0.00024987501092255116,0.2557341259671375,0.77698445902206,1.0734392079757527
3678,random_3675,random_cycle_chord,20260823,crossing_rich,5,200,5,8,12,4.149759419021236,True,True,,perf/incremental-yamada-frontier-order,1d8374f42cccbb16d78d44100a65ca603d7d1997,3.14.7,macOS-26.6.2-arm64-arm-64bit-Mach-O,arm,0.04761958296876401,0.21715895901434124,0.04817766696214676,0.013308500056155026,0.015008707996457815,0.02971274999435991,4.595797508955002e-05,0.015347458072938025,0.016113541088998318,0.0015652080764994025,0.0627849152078852,0.13932079100050032,0.00024016702082008123,0.18778495793230832,0.036613708012737334,0.22439866594504565,5.000003147870302e-05,0.00019762502051889896,0.17593449901323766,0.4407130409963429,0.6341406250139698
3679,random_3676,random_cycle_chord,20260823,crossing_rich,6,200,6,11,16,5.227882083743819,True,True,,perf/incremental-yamada-frontier-order,1d8374f42cccbb16d78d44100a65ca603d7d1997,3.14.7,macOS-26.6.2-arm64-arm-64bit-Mach-O,arm,0.05862079199869186,0.1829684580443427,0.06392691598739475,0.01662062492687255,0.015984542085789144,0.031230833032168448,5.3208088502287865e-05,0.016217000083997846,0.017161207972094417,0.0018862910801544785,0.06654854025691748,0.16312849998939782,0.00011916703078895807,0.2633731249952689,0.03942179202567786,0.30279491702094674,4.841701593250036e-05,0.0002491660416126251,0.20255029201507568,0.44413954205811024,0.7134835419710726
3680,random_3677,random_cycle_chord,20260823,crossing_rich,5,200,5,8,12,4.277951156537951,True,True,,perf/incremental-yamada-frontier-order,1d8374f42cccbb16d78d44100a65ca603d7d1997,3.14.7,macOS-26.6.2-arm64-arm-64bit-Mach-O,arm,0.05183787492569536,0.30347375001292676,0.07084041694179177,0.018795042065903544,0.01819012500345707,0.037241082987748086,8.479191455990076e-05,0.0194798749871552,0.02328695810865611,0.002030333038419485,0.08212304103653878,0.1900243329582736,0.0004249580670148134,0.4152314580278471,0.042471708031371236,0.45770316605921835,5.308398976922035e-05,0.000258374959230423,0.23249604098964483,0.5878076659282669,1.0103770419955254
3681,random_3678,random_cycle_chord,20260823,baseline,0,200,3,9,11,5.39443535066304,True,True,,perf/incremental-yamada-frontier-order,1d8374f42cccbb16d78d44100a65ca603d7d1997,3.14.7,macOS-26.6.2-arm64-arm-64bit-Mach-O,arm,0.05532649997621775,0.24132316699251533,0.03992062492761761,0.010641500004567206,0.010474874987266958,0.020334041910246015,7.37080117687583e-05,0.012188042048364878,0.010887707932852209,0.000908082933165133,0.04439158283639699,0.10547845799010247,0.00012075004633516073,0.24173583392985165,0.014652375015430152,0.2563882089452818,2.516701351851225e-05,0.0001224169973284006,0.12013083300553262,0.4167804999742657,0.6651615420123562
3682,random_3679,random_cycle_chord,20260823,baseline,0,200,3,11,13,4.062696391476458,True,True,,perf/incremental-yamada-frontier-order,1d8374f42cccbb16d78d44100a65ca603d7d1997,3.14.7,macOS-26.6.2-arm64-arm-64bit-Mach-O,arm,0.0608198749832809,0.27525041601620615,0.03715066600125283,0.012043583090417087,0.012069583986885846,0.025710541987791657,8.333404548466206e-05,0.012082207947969437,0.013914249953813851,0.0010499999625608325,0.05284033389762044,0.11430520797148347,0.00017433299217373133,0.30971791595220566,0.013883459032513201,0.32360137498471886,3.108300734311342e-05,0.00012637500185519457,0.12818866700399667,0.4642589580034837,0.7813530839048326
3683,random_3680,random_cycle_chord,20260823,crossing_rich,4,200,5,8,12,6.596191614286398,True,True,,perf/incremental-yamada-frontier-order,1d8374f42cccbb16d78d44100a65ca603d7d1997,3.14.7,macOS-26.6.2-arm64-arm-64bit-Mach-O,arm,0.0701633330900222,0.19807645794935524,0.07805704197380692,0.012651707977056503,0.013322708080522716,0.026489084004424512,9.933393448591232e-05,0.014045875053852797,0.014561374904587865,0.001842707977630198,0.057038375874981284,0.1611465000314638,0.0002305000089108944,0.20600075006950647,0.03416229097638279,0.24016304104588926,4.520791117101908e-05,0.00019987497944384813,0.1953087910078466,0.46354858204722404,0.6754443750251085
3684,random_3681,random_cycle_chord,20260823,baseline,0,200,3,11,13,4.032544448570446,True,True,,perf/incremental-yamada-frontier-order,1d8374f42cccbb16d78d44100a65ca603d7d1997,3.14.7,macOS-26.6.2-arm64-arm-64bit-Mach-O,arm,0.03842920798342675,0.17092483292799443,0.022332791006192565,0.007986207958310843,0.007883250014856458,0.01551466598175466,2.491706982254982e-05,0.008042457979172468,0.008257749956101179,0.0006250420119613409,0.0324648329988122,0.07068887504283339,8.02499707788229e-05,0.18900920904707164,0.00961612502578646,0.1986253340728581,1.5791039913892746e-05,7.800001185387373e-05,0.08030500006861985,0.289659040980041,0.4834871249040589
3685,random_3682,random_cycle_chord,20260823,baseline,0,200,3,11,13,4.064762978669166,True,True,,perf/incremental-yamada-frontier-order,1d8374f42cccbb16d78d44100a65ca603d7d1997,3.14.7,macOS-26.6.2-arm64-arm-64bit-Mach-O,arm,0.03575183404609561,0.16313500003889203,0.021645500091835856,0.007162583060562611,0.007153416983783245,0.014729209011420608,4.970806185156107e-05,0.007742666988633573,0.008205707999877632,0.0006560420151799917,0.031383334076963365,0.06736750004347414,0.00010116701014339924,0.19075154198799282,0.009886499959975481,0.2006380419479683,1.8040998838841915e-05,9.050010703504086e-05,0.07725400000344962,0.27614083408843726,0.4714585409965366
3686,random_3683,random_cycle_chord,20260823,crossing_rich,2,200,4,8,11,6.387673735094002,True,True,,perf/incremental-yamada-frontier-order,1d8374f42cccbb16d78d44100a65ca603d7d1997,3.14.7,macOS-26.6.2-arm64-arm-64bit-Mach-O,arm,0.043827207991853356,0.16320841701235622,0.058306540944613516,0.010081417043693364,0.010471457964740694,0.01906558300834149,4.8874993808567524e-05,0.009954083012416959,0.010819874936714768,0.001132583012804389,0.041020998964086175,0.11993329203687608,0.00011995795648545027,0.167039499967359,0.016456832992844284,0.1834963329602033,2.2542080841958523e-05,0.00011991697829216719,0.13639012502972037,0.34342575003392994,0.5151852500857785
3687,random_3684,random_cycle_chord,20260823,crossing_rich,4,200,5,10,14,5.4311016533453484,True,True,,perf/incremental-yamada-frontier-order,1d8374f42cccbb16d78d44100a65ca603d7d1997,3.14.7,macOS-26.6.2-arm64-arm-64bit-Mach-O,arm,0.045304790954105556,0.16428083297796547,0.06003479193896055,0.012262333068065345,0.013009415939450264,0.02521345892455429,5.9292069636285305e-05,0.014096457976847887,0.01442458399105817,0.0016198749653995037,0.055413667927496135,0.14078241598326713,0.00014949997421354055,0.2407919999677688,0.03347112506162375,0.27426312502939254,3.529200330376625e-05,0.00019091705325990915,0.17425354104489088,0.3838391649769619,0.6302804169245064
3688,random_3685,random_cycle_chord,20260823,crossing_rich,5,200,5,8,12,4.137379497247207,True,True,,perf/incremental-yamada-frontier-order,1d8374f42cccbb16d78d44100a65ca603d7d1997,3.14.7,macOS-26.6.2-arm64-arm-64bit-Mach-O,arm,0.03901250008493662,0.20056420797482133,0.04852391593158245,0.014950499986298382,0.01809891697485,0.04007387498859316,0.00019237503875046968,0.019181584008038044,0.02040866599418223,0.002044708002358675,0.08190120803192258,0.16357179102487862,0.0003446249756962061,0.24218520894646645,0.03858583397231996,0.2807710429187864,3.945908974856138e-05,0.00021454191301018,0.20215762499719858,0.44173433305695653,0.6904710420640185
3689,random_3686,random_cycle_chord,20260823,baseline,0,200,4,14,17,4.291695253066676,True,True,,perf/incremental-yamada-frontier-order,1d8374f42cccbb16d78d44100a65ca603d7d1997,3.14.7,macOS-26.6.2-arm64-arm-64bit-Mach-O,arm,0.06603008299134672,0.20999200001824647,0.03453645890112966,0.012041709036566317,0.011615416966378689,0.022861334029585123,8.204102050513029e-05,0.011817832943052053,0.012316667009145021,0.0010073749581351876,0.048085249960422516,0.1063393340446055,0.0001775840064510703,0.29192383401095867,0.017380665987730026,0.3093044999986887,3.666698466986418e-05,0.00012408301699906588,0.12372000003233552,0.3997420830419287,0.6978902090340853
3690,random_3687,random_cycle_chord,20260823,crossing_rich,4,200,5,8,12,6.596405880813386,True,True,,perf/incremental-yamada-frontier-order,1d8374f42cccbb16d78d44100a65ca603d7d1997,3.14.7,macOS-26.6.2-arm64-arm-64bit-Mach-O,arm,0.0665479589952156,0.21620112494565547,0.09316449996549636,0.015401708893477917,0.01531433395575732,0.030195874976925552,0.00010783399920910597,0.01675458298996091,0.018268916988745332,0.002005374990403652,0.06733258394524455,0.19129987491760403,0.0002894579665735364,0.24276000005193055,0.03567558294162154,0.2784355829935521,3.558304160833359e-05,0.00020337500609457493,0.22697545785922557,0.5097245418000966,0.760081792017445
3691,random_3688,random_cycle_chord,20260823,crossing_rich,3,200,4,8,11,4.092801801830824,True,True,,perf/incremental-yamada-frontier-order,1d8374f42cccbb16d78d44100a65ca603d7d1997,3.14.7,macOS-26.6.2-arm64-arm-64bit-Mach-O,arm,0.04238670808263123,0.20712491706945002,0.06193912494927645,0.01396629202645272,0.014656707993708551,0.02942604199051857,7.120799273252487e-05,0.015881250030361116,0.018137292005121708,0.0015052079688757658,0.06502099998760968,0.15565008390694857,0.00012291595339775085,0.22710708295926452,0.029239790979772806,0.2563468739390373,3.204203676432371e-05,0.00016666599549353123,0.18488987488672137,0.4344015000388026,0.6678717499598861
3692,random_3689,random_cycle_chord,20260823,baseline,0,200,3,9,11,5.394882572378124,True,True,,perf/incremental-yamada-frontier-order,1d8374f42cccbb16d78d44100a65ca603d7d1997,3.14.7,macOS-26.6.2-arm64-arm-64bit-Mach-O,arm,0.04645108396653086,0.20828924991656095,0.04036300000734627,0.010059791966341436,0.008815292036160827,0.018648499972186983,6.600003689527512e-05,0.009626041981391609,0.009212250006385148,0.0019099169876426458,0.03946270898450166,0.09873216692358255,0.00011195801198482513,0.264039917034097,0.014119707979261875,0.2781596250133589,3.329210449010134e-05,0.0001229170011356473,0.11285187490284443,0.36759220878593624,0.6378170830430463
3693,random_3690,random_cycle_chord,20260823,baseline,0,200,3,9,11,5.4085858587266715,True,True,,perf/incremental-yamada-frontier-order,1d8374f42cccbb16d78d44100a65ca603d7d1997,3.14.7,macOS-26.6.2-arm64-arm-64bit-Mach-O,arm,0.049629583954811096,0.21880699996836483,0.038561333902180195,0.009486875031143427,0.00940862507559359,0.01993479102384299,7.708300836384296e-05,0.010097125079482794,0.009673417080193758,0.0007194998906925321,0.04050191608257592,0.09799499996006489,0.00011495803482830524,0.23372087499592453,0.01252720900811255,0.24624808400403708,2.3957923986017704e-05,0.00010462489444762468,0.11052220896817744,0.37895879289135337,0.6185045829042792
3694,random_3691,random_cycle_chord,20260823,crossing_rich,2,200,4,8,11,6.353490956444554,True,True,,perf/incremental-yamada-frontier-order,1d8374f42cccbb16d78d44100a65ca603d7d1997,3.14.7,macOS-26.6.2-arm64-arm-64bit-Mach-O,arm,0.05832279194146395,0.2123156669549644,0.07669854210689664,0.01287266705185175,0.01189533295109868,0.024114124942570925,8.479191455990076e-05,0.012719709076918662,0.012814958929084241,0.0014242499601095915,0.05115783482324332,0.15267241606488824,0.00012049998622387648,0.20987216697540134,0.02658225002232939,0.23645441699773073,3.604090306907892e-05,0.00016425002831965685,0.17925466608721763,0.449893124983646,0.665676417062059
3695,random_3692,random_cycle_chord,20260823,baseline,0,200,3,10,12,4.671808551107136,True,True,,perf/incremental-yamada-frontier-order,1d8374f42cccbb16d78d44100a65ca603d7d1997,3.14.7,macOS-26.6.2-arm64-arm-64bit-Mach-O,arm,0.04882654105313122,0.2698129169875756,0.03123270906507969,0.011521249893121421,0.009611499961465597,0.018858041963540018,5.733396392315626e-05,0.009889416978694499,0.009882416110485792,0.0008512919303029776,0.03953850094694644,0.09193991706706583,0.00012812507338821888,0.21492924995254725,0.013725540949963033,0.22865479090251029,2.7959002181887627e-05,0.0001080420333892107,0.10566545801702887,0.4243049160577357,0.645565916900523
3696,random_3693,random_cycle_chord,20260823,baseline,0,200,3,9,11,5.379180880987815,True,True,,perf/incremental-yamada-frontier-order,1d8374f42cccbb16d78d44100a65ca603d7d1997,3.14.7,macOS-26.6.2-arm64-arm-64bit-Mach-O,arm,0.04887720802798867,0.22774004098027945,0.03660708398092538,0.01159895898308605,0.00985083298292011,0.021022124914452434,7.974996697157621e-05,0.010289791971445084,0.010563209070824087,0.0008170830551534891,0.04277195897884667,0.10087883402593434,0.00014899997040629387,0.21861154190264642,0.012487999978475273,0.2310995418811217,2.6541994884610176e-05,9.966699872165918e-05,0.11336683400440961,0.38998408301267773,0.6148275829618797
3697,random_3694,random_cycle_chord,20260823,crossing_rich,2,200,4,8,11,6.44317954470762,True,True,,perf/incremental-yamada-frontier-order,1d8374f42cccbb16d78d44100a65ca603d7d1997,3.14.7,macOS-26.6.2-arm64-arm-64bit-Mach-O,arm,0.05758916598279029,0.2913941660663113,0.12363549997098744,0.030594625044614077,0.01719533302821219,0.05652816698420793,0.0006013750098645687,0.02415466692764312,0.021746000042185187,0.001613166998140514,0.10464337596204132,0.2762184999883175,0.0002097089309245348,0.27666299999691546,0.03876387502532452,0.31542687502224,6.604089867323637e-05,0.0003136669984087348,0.314982375013642,0.6639657070627436,0.9510924579808488
3698,random_3695,random_cycle_chord,20260823,baseline,0,200,3,13,15,4.562318458047214,True,True,,perf/incremental-yamada-frontier-order,1d8374f42cccbb16d78d44100a65ca603d7d1997,3.14.7,macOS-26.6.2-arm64-arm-64bit-Mach-O,arm,0.06938812497537583,0.3638677499257028,0.04314462502952665,0.015449083060957491,0.014543417026288807,0.037008042098023,0.00013950001448392868,0.014688333962112665,0.016476333024911582,0.0009922090684995055,0.06930441816803068,0.14251820801291615,0.00020999996922910213,0.4822087089996785,0.015805041999556124,0.4980137509992346,4.687509499490261e-05,0.00014879100490361452,0.15832325001247227,0.5915791249135509,1.0814090409548953
3699,random_3696,random_cycle_chord,20260823,crossing_rich,5,200,5,8,12,4.2217975810849095,True,True,,perf/incremental-yamada-frontier-order,1d8374f42cccbb16d78d44100a65ca603d7d1997,3.14.7,macOS-26.6.2-arm64-arm-64bit-Mach-O,arm,0.0530634579481557,0.24594083393458277,0.075082040973939,0.02343341603409499,0.02444874995853752,0.0519043750828132,0.00012683297973126173,0.023531166021712124,0.027192207984626293,0.002372833085246384,0.10512741515412927,0.2282219580374658,0.0003902920288965106,0.31387645797804,0.062147167045623064,0.37602362502366304,7.479207124561071e-05,0.00028766703326255083,0.2903691250830889,0.5893734169658273,0.9114486660109833
3700,random_3697,random_cycle_chord,20260823,crossing_rich,6,200,6,10,15,5.625703909260586,True,True,,perf/incremental-yamada-frontier-order,1d8374f42cccbb16d78d44100a65ca603d7d1997,3.14.7,macOS-26.6.2-arm64-arm-64bit-Mach-O,arm,0.0703877080231905,0.24262975004967302,0.07999854197259992,0.01735487498808652,0.019333792035467923,0.0359923749929294,0.00010016595479100943,0.019189082900993526,0.019954249961301684,0.002279957989230752,0.07751583179924637,0.1943096669856459,0.00034895900171250105,0.4232165839057416,0.07517458300571889,0.49839116691146046,8.579203858971596e-05,0.0003025829792022705,0.2694842499913648,0.5825017080642283,1.0120158330537379
3701,random_3698,random_cycle_chord,20260823,crossing_rich,5,200,5,8,12,4.23065415394276,True,True,,perf/incremental-yamada-frontier-order,1d8374f42cccbb16d78d44100a65ca603d7d1997,3.14.7,macOS-26.6.2-arm64-arm-64bit-Mach-O,arm,0.04482583294156939,0.2074587499955669,0.0633692080155015,0.0145774579141289,0.018252833979204297,0.03285391698591411,9.366695303469896e-05,0.01647204195614904,0.01801074994727969,0.001824915991164744,0.06925529183354229,0.16552304208744317,0.0004455000162124634,0.41146345797460526,0.05533500004094094,0.4667984580155462,7.399998139590025e-05,0.00025570893194526434,0.2208580421283841,0.4731426250655204,0.891242166981101
3702,random_3699,random_cycle_chord,20260823,baseline,0,200,4,11,14,4.047037080945052,True,True,,perf/incremental-yamada-frontier-order,1d8374f42cccbb16d78d44100a65ca603d7d1997,3.14.7,macOS-26.6.2-arm64-arm-64bit-Mach-O,arm,0.06229787494521588,0.21398287499323487,0.02880470803938806,0.010750666027888656,0.011222250061109662,0.020899250055663288,7.283303420990705e-05,0.01151241606567055,0.011318500037305057,0.0010237499373033643,0.044826749130152166,0.09565583406947553,0.00015400000847876072,0.2655942499404773,0.01819550001528114,0.28378974995575845,4.079192876815796e-05,0.0002800410147756338,0.11385133408475667,0.3901320840232074,0.6625324999913573
3703,random_3700,random_cycle_chord,20260823,crossing_rich,3,200,4,10,13,4.033185643231477,True,True,,perf/incremental-yamada-frontier-order,1d8374f42cccbb16d78d44100a65ca603d7d1997,3.14.7,macOS-26.6.2-arm64-arm-64bit-Mach-O,arm,0.045883625047281384,0.20294950006064028,0.042305749957449734,0.012638124986551702,0.014352250029332936,0.026909457985311747,6.520794704556465e-05,0.013675292022526264,0.014248667052015662,0.001366000040434301,0.05626462504733354,0.1256264999974519,0.00013966707047075033,0.2395842500263825,0.02711670903954655,0.26670095906592906,3.2917014323174953e-05,0.0001675420207902789,0.15274320903699845,0.4015763341449201,0.6468295420054346
3704,random_3701,random_cycle_chord,20260823,baseline,0,200,3,8,10,6.114357668801671,True,True,,perf/incremental-yamada-frontier-order,1d8374f42cccbb16d78d44100a65ca603d7d1997,3.14.7,macOS-26.6.2-arm64-arm-64bit-Mach-O,arm,0.045539208920672536,0.1973823340376839,0.04270058299880475,0.010804582969285548,0.009094332926906645,0.01819537510164082,6.329198367893696e-05,0.009228500071913004,0.009339249925687909,0.00072825001552701,0.03755466709844768,0.10018337494693696,9.833404328674078e-05,0.17860841704532504,0.011087666964158416,0.18969608400948346,2.0832987502217293e-05,9.491690434515476e-05,0.11127104191109538,0.3541925848694518,0.5385465408908203
3705,random_3702,random_cycle_chord,20260823,crossing_rich,2,200,4,8,11,6.603623806140158,True,True,,perf/incremental-yamada-frontier-order,1d8374f42cccbb16d78d44100a65ca603d7d1997,3.14.7,macOS-26.6.2-arm64-arm-64bit-Mach-O,arm,0.05325749993789941,0.1960383339319378,0.07091687491629273,0.011663208017125726,0.01144475000910461,0.02140212501399219,5.154102109372616e-05,0.011140250018797815,0.01175800000783056,0.0012892920058220625,0.045641208067536354,0.13971500005573034,0.00011341599747538567,0.19659149996005,0.02358024998102337,0.22017174994107336,2.945796586573124e-05,0.00015354203060269356,0.16329525003675371,0.41259108390659094,0.6147225829772651
3706,random_3703,random_cycle_chord,20260823,baseline,0,200,3,13,15,4.566743398664927,True,True,,perf/incremental-yamada-frontier-order,1d8374f42cccbb16d78d44100a65ca603d7d1997,3.14.7,macOS-26.6.2-arm64-arm-64bit-Mach-O,arm,0.055412375018931925,0.2027870420133695,0.02961733308620751,0.009021249949000776,0.009123333962634206,0.016713624936528504,4.216702654957771e-05,0.00855666701681912,0.008784875040873885,0.0007219170220196247,0.03481925104279071,0.08260874997358769,0.00011841696687042713,0.2650773749919608,0.013522624969482422,0.27859999996144325,2.887495793402195e-05,0.00010187504813075066,0.09613137494307011,0.35433079197537154,0.6248405000660568
3707,random_3704,random_cycle_chord,20260823,baseline,0,200,3,11,13,4.082883631954344,True,True,,perf/incremental-yamada-frontier-order,1d8374f42cccbb16d78d44100a65ca603d7d1997,3.14.7,macOS-26.6.2-arm64-arm-64bit-Mach-O,arm,0.0438847909681499,0.1951597910374403,0.026555250049568713,0.008803708013147116,0.009945750003680587,0.01820970803964883,4.662491846829653e-05,0.010261083021759987,0.009783207904547453,0.0007318330463021994,0.03903245693072677,0.08438887493684888,0.00010954204481095076,0.24181837495416403,0.013101916993036866,0.2549202919472009,2.2000051103532314e-05,9.837502148002386e-05,0.09749079192988575,0.33653537393547595,0.5843164580874145
3708,random_3705,random_cycle_chord,20260823,crossing_rich,3,200,4,8,11,4.2157009706596105,True,True,,perf/incremental-yamada-frontier-order,1d8374f42cccbb16d78d44100a65ca603d7d1997,3.14.7,macOS-26.6.2-arm64-arm-64bit-Mach-O,arm,0.03836566605605185,0.19668841699603945,0.050409500021487474,0.01268625003285706,0.013193582999520004,0.02666995907202363,8.287501987069845e-05,0.013858292018994689,0.015335750067606568,0.0013236249797046185,0.057270501158200204,0.13360604201443493,0.00011650007218122482,0.21015437494497746,0.02556691598147154,0.235721290926449,3.27499583363533e-05,0.00016445794608443975,0.15917295799590647,0.3942270410479978,0.6107011249987409
3709,random_3706,random_cycle_chord,20260823,crossing_rich,5,200,5,9,13,4.279637617155639,True,True,,perf/incremental-yamada-frontier-order,1d8374f42cccbb16d78d44100a65ca603d7d1997,3.14.7,macOS-26.6.2-arm64-arm-64bit-Mach-O,arm,0.04751649999525398,0.20085549994837493,0.05888808297459036,0.014675457961857319,0.015827625058591366,0.030811665928922594,7.216597441583872e-05,0.017260583001188934,0.016414833022281528,0.001679374952800572,0.06623862287960947,0.15569174999836832,0.00012820796109735966,0.2547105000121519,0.03981024993117899,0.2945207499433309,0.0001755409175530076,0.0007057080511003733,0.1955019999295473,0.4438739998731762,0.7058332079323009
3710,random_3707,random_cycle_chord,20260823,crossing_rich,4,200,5,11,15,5.226474690122672,True,True,,perf/incremental-yamada-frontier-order,1d8374f42cccbb16d78d44100a65ca603d7d1997,3.14.7,macOS-26.6.2-arm64-arm-64bit-Mach-O,arm,0.06036154099274427,0.20079195802100003,0.06792412500362843,0.014844874967820942,0.014928249991498888,0.03008925006724894,9.941705502569675e-05,0.016048667021095753,0.01611262501683086,0.0016456249868497252,0.06399558414705098,0.16176070901565254,0.00014104100409895182,0.2809365829452872,0.03584875003434718,0.3167853329796344,0.00012550002429634333,0.00021529197692871094,0.19760945904999971,0.458762958063744,0.7473772088997066
3711,random_3708,random_cycle_chord,20260823,baseline,0,200,4,15,18,4.052430962064257,True,True,,perf/incremental-yamada-frontier-order,1d8374f42cccbb16d78d44100a65ca603d7d1997,3.14.7,macOS-26.6.2-arm64-arm-64bit-Mach-O,arm,0.061149666900746524,0.19843129196669906,0.053136292030103505,0.018220457946881652,0.011816834099590778,0.02501550002489239,9.012501686811447e-05,0.02173658402170986,0.015658166958019137,0.004985833074897528,0.06748620909638703,0.1507362499833107,0.0013890829868614674,0.49812512495554984,0.01942049991339445,0.5175456248689443,3.862509038299322e-05,0.00015762494876980782,0.17015674989670515,0.42973770876415074,0.9366947910748422
3712,random_3709,random_cycle_chord,20260823,crossing_rich,6,200,6,12,17,4.034193981568442,True,True,,perf/incremental-yamada-frontier-order,1d8374f42cccbb16d78d44100a65ca603d7d1997,3.14.7,macOS-26.6.2-arm64-arm-64bit-Mach-O,arm,0.07003649999387562,0.22942483401857316,0.0680971669498831,0.024181999964639544,0.019234374980442226,0.04040416702628136,0.00012404192239046097,0.020053207990713418,0.022286041057668626,0.00218804192263633,0.08505549991969019,0.19664358301088214,0.00017212505917996168,0.5333640410099179,0.061192624969407916,0.5945566659793258,6.750004831701517e-05,0.00030445901211351156,0.25783620798029006,0.5572975419927388,1.0962266660062596
3713,random_3710,random_cycle_chord,20260823,crossing_rich,5,200,5,8,12,4.231946246647765,True,True,,perf/incremental-yamada-frontier-order,1d8374f42cccbb16d78d44100a65ca603d7d1997,3.14.7,macOS-26.6.2-arm64-arm-64bit-Mach-O,arm,0.043770624906755984,0.20450470899231732,0.06235362507868558,0.015918083023279905,0.017504208022728562,0.03424925007857382,7.433304563164711e-05,0.01864316698629409,0.01926545798778534,0.0018877499969676137,0.07411995809525251,0.16997554199770093,0.00039600010495632887,0.37429550010710955,0.05288741702679545,0.427182917133905,5.262496415525675e-05,0.0002169579965993762,0.22286295902449638,0.4711382929235697,0.8511322090635076
3714,random_3711,random_cycle_chord,20260823,crossing_rich,5,200,6,11,16,4.598090727425426,True,True,,perf/incremental-yamada-frontier-order,1d8374f42cccbb16d78d44100a65ca603d7d1997,3.14.7,macOS-26.6.2-arm64-arm-64bit-Mach-O,arm,0.05911899998318404,0.19782291701994836,0.05898775008972734,0.015738958027213812,0.016499666962772608,0.03201529197394848,9.183294605463743e-05,0.017131458036601543,0.018070332938805223,0.001946624950505793,0.06925554084591568,0.16054195805918425,0.00016004196368157864,0.30368691694457084,0.056040458963252604,0.35972737590782344,0.0001088329590857029,0.0003102499758824706,0.21658241702243686,0.47352433402556926,0.7846395410597324
3715,random_3712,random_cycle_chord,20260823,crossing_rich,6,200,6,11,16,5.224116209071961,True,True,,perf/incremental-yamada-frontier-order,1d8374f42cccbb16d78d44100a65ca603d7d1997,3.14.7,macOS-26.6.2-arm64-arm-64bit-Mach-O,arm,0.09002433309797198,0.23438479099422693,0.13544358301442116,0.017906749970279634,0.019621541956439614,0.03615566703956574,0.0001094999024644494,0.018361583002842963,0.019362833932973444,0.002374792005866766,0.07636437588371336,0.24943237495608628,0.0001556250499561429,0.4806876670336351,0.05362183297984302,0.5343095000134781,9.91669949144125e-05,0.00028854107949882746,0.3030542079359293,0.6274633320281282,1.1200487499590963
3716,random_3713,random_cycle_chord,20260823,crossing_rich,2,200,4,8,11,6.598798427722747,True,True,,perf/incremental-yamada-frontier-order,1d8374f42cccbb16d78d44100a65ca603d7d1997,3.14.7,macOS-26.6.2-arm64-arm-64bit-Mach-O,arm,0.05587979196570814,0.1896989590022713,0.06840579200070351,0.012669584015384316,0.011096041998825967,0.020874166046269238,7.758301217108965e-05,0.011087040998972952,0.011222667060792446,0.00118041702080518,0.044441874139010906,0.13667050004005432,0.00012179091572761536,0.17202170798555017,0.020469625014811754,0.19249133300036192,2.3458036594092846e-05,0.00013545795809477568,0.15714012505486608,0.4027188760228455,0.5802530829096213
3717,random_3714,random_cycle_chord,20260823,crossing_rich,3,200,4,9,12,4.5308277004895565,True,True,,perf/incremental-yamada-frontier-order,1d8374f42cccbb16d78d44100a65ca603d7d1997,3.14.7,macOS-26.6.2-arm64-arm-64bit-Mach-O,arm,0.035745207918807864,0.16756983404047787,0.04317383305169642,0.010773375048302114,0.011154499952681363,0.022499624988995492,6.908399518579245e-05,0.011297833058051765,0.012150374939665198,0.0013828340452164412,0.04739975102711469,0.11254574998747557,0.0001236249227076769,0.19163591600954533,0.02195387496612966,0.213589790975675,2.4333014152944088e-05,0.00013587495777755976,0.13449962495360523,0.33781466691289097,0.5344720830908045
3718,random_3715,random_cycle_chord,20260823,baseline,0,200,4,11,14,4.060514080552271,True,True,,perf/incremental-yamada-frontier-order,1d8374f42cccbb16d78d44100a65ca603d7d1997,3.14.7,macOS-26.6.2-arm64-arm-64bit-Mach-O,arm,0.03884320904035121,0.16748624993488193,0.024747083080001175,0.008825000026263297,0.009117166977375746,0.017711875028908253,3.370898775756359e-05,0.009105583070777357,0.009514042059890926,0.000784709001891315,0.037149918149225414,0.07986941596027464,0.002994457958266139,0.19548566604498774,0.012198292068205774,0.2076839581131935,2.120796125382185e-05,9.674998000264168e-05,0.09206770802848041,0.29839716700371355,0.5019883330678567
3719,random_3716,random_cycle_chord,20260823,crossing_rich,2,200,4,9,12,6.07139902373068,True,True,,perf/incremental-yamada-frontier-order,1d8374f42cccbb16d78d44100a65ca603d7d1997,3.14.7,macOS-26.6.2-arm64-arm-64bit-Mach-O,arm,0.04250437498558313,0.1635017499793321,0.05164333409629762,0.009188666008412838,0.009551416034810245,0.01868270803242922,3.112491685897112e-05,0.009728749981150031,0.016081792069599032,0.0021476660622283816,0.046672041062265635,0.11708545906003565,0.000298250000923872,0.19249133300036192,0.020992749952711165,0.21348408295307308,3.0125025659799576e-05,0.00015408406034111977,0.1380782090127468,0.344084333977662,0.5416349160950631
3720,random_3717,random_cycle_chord,20260823,crossing_rich,2,200,4,8,11,6.453241385412878,True,True,,perf/incremental-yamada-frontier-order,1d8374f42cccbb16d78d44100a65ca603d7d1997,3.14.7,macOS-26.6.2-arm64-arm-64bit-Mach-O,arm,0.042306333081796765,0.18238666595425457,0.06188162509351969,0.010108291986398399,0.00996937497984618,0.019047208945266902,3.5499921068549156e-05,0.010442500002682209,0.010652458062395453,0.0010456671006977558,0.04122333403211087,0.12321420898661017,0.0001068750862032175,0.16112491709645838,0.018032082938589156,0.17915700003504753,2.6291003450751305e-05,0.00012795801740139723,0.14124629192519933,0.36593929096125066,0.5319188750581816
3721,random_3718,random_cycle_chord,20260823,baseline,0,200,3,8,10,6.158694080406954,True,True,,perf/incremental-yamada-frontier-order,1d8374f42cccbb16d78d44100a65ca603d7d1997,3.14.7,macOS-26.6.2-arm64-arm-64bit-Mach-O,arm,0.03612658299971372,0.1621888750232756,0.035143916960805655,0.007903459016233683,0.007758749998174608,0.015268540941178799,2.4667009711265564e-05,0.007659792085178196,0.007950583007186651,0.0006747089792042971,0.03157829202245921,0.0824073749827221,6.53750030323863e-05,0.14337366702966392,0.010515542002394795,0.15388920903205872,1.6332953236997128e-05,8.983304724097252e-05,0.0929229169851169,0.29123837500810623,0.43896570801734924
3722,random_3719,random_cycle_chord,20260823,crossing_rich,3,200,5,11,15,5.024628998155434,True,True,,perf/incremental-yamada-frontier-order,1d8374f42cccbb16d78d44100a65ca603d7d1997,3.14.7,macOS-26.6.2-arm64-arm-64bit-Mach-O,arm,0.04592487507034093,0.16193716693669558,0.04763212497346103,0.010530542000196874,0.010871000005863607,0.02188083401415497,4.0917075239121914e-05,0.0114514579763636,0.011831290903501213,0.0013531669974327087,0.04655766696669161,0.11562587495427579,9.362504351884127e-05,0.22022204205859452,0.025052166893146932,0.24527420895174146,2.4667009711265564e-05,0.00014750007539987564,0.14067804184742272,0.3485400838544592,0.5734945420408621
3723,random_3720,random_cycle_chord,20260823,crossing_rich,2,200,4,8,11,6.414869490815076,True,True,,perf/incremental-yamada-frontier-order,1d8374f42cccbb16d78d44100a65ca603d7d1997,3.14.7,macOS-26.6.2-arm64-arm-64bit-Mach-O,arm,0.042625583009794354,0.16146879096049815,0.055532332975417376,0.009116541943512857,0.009270166978240013,0.018351458944380283,3.187498077750206e-05,0.00944579194765538,0.009928417042829096,0.0009593329159542918,0.03871687583159655,0.11266441596671939,8.14169179648161e-05,0.15589204092975706,0.018058500019833446,0.1739505409495905,2.4333014152944088e-05,0.00011975003872066736,0.13072291598655283,0.33481728995684534,0.49523174995556474
3724,random_3721,random_cycle_chord,20260823,baseline,0,200,3,10,12,4.630306076186747,True,True,,perf/incremental-yamada-frontier-order,1d8374f42cccbb16d78d44100a65ca603d7d1997,3.14.7,macOS-26.6.2-arm64-arm-64bit-Mach-O,arm,0.03598625003360212,0.161593500059098,0.02363266597967595,0.0072845000540837646,0.007269292022101581,0.014263082994148135,2.304196823388338e-05,0.007404834032058716,0.007585249957628548,0.0005787920672446489,0.02985500101931393,0.06806145899463445,6.654206663370132e-05,0.15300950000528246,0.008947083028033376,0.16195658303331584,1.5874975360929966e-05,7.800001185387373e-05,0.07700854202266783,0.27458829211536795,0.43195920798461884
3725,random_3722,random_cycle_chord,20260823,baseline,0,200,3,10,12,4.66585307192402,True,True,,perf/incremental-yamada-frontier-order,1d8374f42cccbb16d78d44100a65ca603d7d1997,3.14.7,macOS-26.6.2-arm64-arm-64bit-Mach-O,arm,0.0337798340478912,0.15974816703237593,0.021326916990801692,0.007267541950568557,0.007155750063247979,0.014038875000551343,2.3209024220705032e-05,0.007289542001672089,0.007485917070880532,0.0005894579226151109,0.02942700101993978,0.06519762508105487,6.699992809444666e-05,0.16225020808633417,0.008901124936528504,0.17115133302286267,1.5125027857720852e-05,7.604202255606651e-05,0.07409875001758337,0.2676267510978505,0.4342112500453368
3726,random_3723,random_cycle_chord,20260823,crossing_rich,3,200,4,8,11,4.172714123640679,True,True,,perf/incremental-yamada-frontier-order,1d8374f42cccbb16d78d44100a65ca603d7d1997,3.14.7,macOS-26.6.2-arm64-arm-64bit-Mach-O,arm,0.029937040992081165,0.1574396659852937,0.03743979102000594,0.009567333036102355,0.01049816608428955,0.020757333957590163,3.116705920547247e-05,0.010736124939285219,0.011141082970425487,0.0009814170189201832,0.043647125945426524,0.10118100000545382,6.783404387533665e-05,0.15460383298341185,0.01868600002489984,0.1732898330083117,2.0583043806254864e-05,0.00011733302380889654,0.11986700003035367,0.3072437070077285,0.4661804160568863
3727,random_3724,random_cycle_chord,20260823,crossing_rich,8,200,7,13,19,4.402966230370918,True,True,,perf/incremental-yamada-frontier-order,1d8374f42cccbb16d78d44100a65ca603d7d1997,3.14.7,macOS-26.6.2-arm64-arm-64bit-Mach-O,arm,0.05211270891595632,0.15889908303506672,0.05259787500835955,0.01731479202862829,0.01731699996162206,0.034060792066156864,9.200000204145908e-05,0.0173958339728415,0.018449584022164345,0.002113000024110079,0.07211121008731425,0.15941191604360938,0.00011629203800112009,0.27915508300065994,0.09272887499537319,0.37188395799603313,3.925000783056021e-05,0.00022525002714246511,0.25214079103898257,0.4631525829900056,0.7477543749846518
3728,random_3725,random_cycle_chord,20260823,baseline,0,200,3,10,12,4.694033933688423,True,True,,perf/incremental-yamada-frontier-order,1d8374f42cccbb16d78d44100a65ca603d7d1997,3.14.7,macOS-26.6.2-arm64-arm-64bit-Mach-O,arm,0.03374058299232274,0.15728170808870345,0.022493834025226533,0.007893832982517779,0.007359416922554374,0.014552082982845604,4.541699308902025e-05,0.007564625004306436,0.007769291987642646,0.0006321249529719353,0.03056354192085564,0.06834941706620157,8.637493010610342e-05,0.15564050001557916,0.009604250080883503,0.16524475009646267,1.704192254692316e-05,8.429109584540129e-05,0.07795366714708507,0.26897595822811127,0.4289917079731822
3729,random_3726,random_cycle_chord,20260823,baseline,0,200,3,11,13,4.104417660218055,True,True,,perf/incremental-yamada-frontier-order,1d8374f42cccbb16d78d44100a65ca603d7d1997,3.14.7,macOS-26.6.2-arm64-arm-64bit-Mach-O,arm,0.03426824999041855,0.16099075006786734,0.017593458062037826,0.007593916961923242,0.007486833026632667,0.01475545798894018,2.337503246963024e-05,0.007666417048312724,0.007877832977101207,0.0005983330775052309,0.03092141612432897,0.06361629103776067,7.195805665105581e-05,0.17847408400848508,0.009639541967771947,0.18811362597625703,1.4875084161758423e-05,7.724994793534279e-05,0.07325583300553262,0.2685148330638185,0.4512299170019105
3730,random_3727,random_cycle_chord,20260823,crossing_rich,3,200,4,8,11,4.244337530041837,True,True,,perf/incremental-yamada-frontier-order,1d8374f42cccbb16d78d44100a65ca603d7d1997,3.14.7,macOS-26.6.2-arm64-arm-64bit-Mach-O,arm,0.029965125024318695,0.15611504204571247,0.037511207978241146,0.009465874987654388,0.010524209006689489,0.020781832979992032,3.0459021218121052e-05,0.010759625001810491,0.011202207999303937,0.0010192920453846455,0.04379341704770923,0.1013227499788627,6.812496576458216e-05,0.15347045799717307,0.018467208952642977,0.17193766694981605,2.0000035874545574e-05,0.0001180421095341444,0.11978995893150568,0.30587012600153685,0.46367820899467915
3731,random_3728,random_cycle_chord,20260823,baseline,0,200,3,11,13,4.135777268939863,True,True,,perf/incremental-yamada-frontier-order,1d8374f42cccbb16d78d44100a65ca603d7d1997,3.14.7,macOS-26.6.2-arm64-arm-64bit-Mach-O,arm,0.034081040997989476,0.15460974990855902,0.01767387497238815,0.007051417022012174,0.00687137502245605,0.0135978750186041,2.2875028662383556e-05,0.00701175001449883,0.007248625042848289,0.000571875018067658,0.02845300012268126,0.060069749946706,6.845803000032902e-05,0.17725662502925843,0.009230666910298169,0.1864872919395566,1.48330582305789e-05,7.520895451307297e-05,0.06930041685700417,0.25799120776355267,0.4394344169413671
3732,random_3729,random_cycle_chord,20260823,baseline,0,200,4,13,16,4.568928858140371,True,True,,perf/incremental-yamada-frontier-order,1d8374f42cccbb16d78d44100a65ca603d7d1997,3.14.7,macOS-26.6.2-arm64-arm-64bit-Mach-O,arm,0.04503041610587388,0.1562120420858264,0.024074707995168865,0.00855383393354714,0.008724292041733861,0.01717841695062816,3.162503708153963e-05,0.008925666916184127,0.009183290996588767,0.0007732500089332461,0.03609224990941584,0.07747404207475483,8.858297951519489e-05,0.2221647499827668,0.011557291960343719,0.23372204194311053,1.962494570761919e-05,9.704194962978363e-05,0.08903133403509855,0.29027379222679883,0.5169454159913585
3733,random_3730,random_cycle_chord,20260823,baseline,0,200,3,10,12,4.696416440074149,True,True,,perf/incremental-yamada-frontier-order,1d8374f42cccbb16d78d44100a65ca603d7d1997,3.14.7,macOS-26.6.2-arm64-arm-64bit-Mach-O,arm,0.033641249989159405,0.15863645798526704,0.02585216599982232,0.007095833076164126,0.0069662920432165265,0.013922792044468224,7.320905569940805e-05,0.00756483303848654,0.007915833964943886,0.000686375075019896,0.030163043178617954,0.07010062504559755,0.00010829197708517313,0.1575498329475522,0.009793458040803671,0.16734329098835588,1.633400097489357e-05,8.445908315479755e-05,0.07989408308640122,0.2721717910608277,0.43414733291137964
3734,random_3731,random_cycle_chord,20260823,baseline,0,200,3,8,10,6.176686090080667,True,True,,perf/incremental-yamada-frontier-order,1d8374f42cccbb16d78d44100a65ca603d7d1997,3.14.7,macOS-26.6.2-arm64-arm-64bit-Mach-O,arm,0.036155834095552564,0.16512449993751943,0.034101834055036306,0.007444708026014268,0.007313249981962144,0.014231540961191058,2.3707980290055275e-05,0.007516999961808324,0.007613708032295108,0.000626583001576364,0.03001253993716091,0.07890029205009341,6.200000643730164e-05,0.14681337506044656,0.01016712503042072,0.15698050009086728,1.6958918422460556e-05,8.958298712968826e-05,0.08906741708051413,0.29034775111358613,0.4416146669536829
3735,random_3732,random_cycle_chord,20260823,crossing_rich,4,200,5,10,14,5.49114495221874,True,True,,perf/incremental-yamada-frontier-order,1d8374f42cccbb16d78d44100a65ca603d7d1997,3.14.7,macOS-26.6.2-arm64-arm-64bit-Mach-O,arm,0.04505112499464303,0.16206512495409697,0.05496954103000462,0.010941833024844527,0.01191649993415922,0.023516166023910046,4.175002686679363e-05,0.01220270898193121,0.012947999988682568,0.0013951669679954648,0.05010379198938608,0.12796645797789097,0.00010358297731727362,0.30401958303991705,0.02636441693175584,0.3303839999716729,2.7041067369282246e-05,0.00015670806169509888,0.1543308749096468,0.3614471248583868,0.6698880409821868
3736,random_3733,random_cycle_chord,20260823,baseline,0,200,3,11,13,4.080784663064032,True,True,,perf/incremental-yamada-frontier-order,1d8374f42cccbb16d78d44100a65ca603d7d1997,3.14.7,macOS-26.6.2-arm64-arm-64bit-Mach-O,arm,0.0346354590728879,0.15934266697149724,0.023927625035867095,0.007403958938084543,0.007054832996800542,0.013889165944419801,2.3292028345167637e-05,0.00720420794095844,0.007448208052664995,0.0005971658974885941,0.029162039863877,0.06756887503433973,8.954096119850874e-05,0.1917912500211969,0.010105416062287986,0.2018966660834849,1.8459046259522438e-05,8.854095358401537e-05,0.07767429109662771,0.27165241714101285,0.4679325419710949
3737,random_3734,random_cycle_chord,20260823,crossing_rich,5,200,5,9,13,4.289154226215863,True,True,,perf/incremental-yamada-frontier-order,1d8374f42cccbb16d78d44100a65ca603d7d1997,3.14.7,macOS-26.6.2-arm64-arm-64bit-Mach-O,arm,0.03574866696726531,0.16905062505975366,0.11575612495653331,0.01845725008752197,0.01588920794893056,0.03048066596966237,7.037504110485315e-05,0.015864708926528692,0.016834291978739202,0.0019320419523864985,0.06518208386842161,0.21535429207142442,0.00013749999925494194,0.24881050002295524,0.04009120806585997,0.2889017080888152,4.020892083644867e-05,0.00022404093760997057,0.2554455001372844,0.46024479216430336,0.7144804999697953
3738,random_3735,random_cycle_chord,20260823,baseline,0,200,3,8,10,6.138757897337538,True,True,,perf/incremental-yamada-frontier-order,1d8374f42cccbb16d78d44100a65ca603d7d1997,3.14.7,macOS-26.6.2-arm64-arm-64bit-Mach-O,arm,0.047397083952091634,0.19912887492682785,0.04292779206298292,0.05037129099946469,0.017775375046767294,0.023551000049337745,7.841701153665781e-05,0.011432875064201653,0.01052558294031769,0.0008949999464675784,0.046482875011861324,0.15767658303957433,0.00010854203719645739,0.1960106249898672,0.014730833005160093,0.2107414579950273,7.254199590533972e-05,0.00019029201939702034,0.17240741604473442,0.4189333749236539,0.6214351670350879
3739,random_3736,random_cycle_chord,20260823,baseline,0,200,3,11,13,4.078341981907571,True,True,,perf/incremental-yamada-frontier-order,1d8374f42cccbb16d78d44100a65ca603d7d1997,3.14.7,macOS-26.6.2-arm64-arm-64bit-Mach-O,arm,0.05329537496436387,0.22274133400060236,0.03263666701968759,0.010122374980710447,0.010435542091727257,0.01962937496136874,6.0083926655352116e-05,0.010587249998934567,0.010202583041973412,0.0007973749889060855,0.041276666917838156,0.09453079092781991,0.0001189160393550992,0.2595079579623416,0.013915666961111128,0.27342362492345273,2.3792032152414322e-05,0.0001099579967558384,0.10844645788893104,0.3844831668538973,0.6506368749542162
3740,random_3737,random_cycle_chord,20260823,crossing_rich,6,200,6,11,16,5.227529189079829,True,True,,perf/incremental-yamada-frontier-order,1d8374f42cccbb16d78d44100a65ca603d7d1997,3.14.7,macOS-26.6.2-arm64-arm-64bit-Mach-O,arm,0.08828220795840025,0.1945559160085395,0.056699209031648934,0.014252334018237889,0.01590579201001674,0.031372625031508505,0.00010720803402364254,0.016325125005096197,0.016949167009443045,0.002181457937695086,0.06693558301776648,0.15385887504089624,0.00015458289999514818,0.2592725830618292,0.04061716701835394,0.29988975008018315,3.9083999581635e-05,0.00022658391389995813,0.19447604205925018,0.4773141660261899,0.7428977079689503
3741,random_3738,random_cycle_chord,20260823,crossing_rich,4,200,5,11,15,5.219998818861618,True,True,,perf/incremental-yamada-frontier-order,1d8374f42cccbb16d78d44100a65ca603d7d1997,3.14.7,macOS-26.6.2-arm64-arm-64bit-Mach-O,arm,0.04846824996639043,0.21207445801701397,0.06968054198659956,0.013386916951276362,0.01371783297508955,0.027830749982967973,8.383393287658691e-05,0.014125208021141589,0.015118542010895908,0.0015338329831138253,0.05869216693099588,0.15553187497425824,0.0001293340465053916,0.25326333299744874,0.029625291004776955,0.2828886240022257,3.2624928280711174e-05,0.00017600005958229303,0.1851571659790352,0.4456998739624396,0.7047386249760166
3742,random_3739,random_cycle_chord,20260823,crossing_rich,4,200,5,8,12,6.600163803924014,True,True,,perf/incremental-yamada-frontier-order,1d8374f42cccbb16d78d44100a65ca603d7d1997,3.14.7,macOS-26.6.2-arm64-arm-64bit-Mach-O,arm,0.05240991595201194,0.17248854192439467,0.08097812498454005,0.01179891696665436,0.012274791020900011,0.02460799994878471,6.074993871152401e-05,0.012942125089466572,0.013599416939541698,0.001620457973331213,0.052830749889835715,0.15792312496341765,0.00023066706489771605,0.1951732919551432,0.03257795795798302,0.22775124991312623,3.200001083314419e-05,0.00019050005357712507,0.19050108292140067,0.4153995407978073,0.6384705409873277
3743,random_3740,random_cycle_chord,20260823,crossing_rich,5,200,5,8,12,4.158767460992982,True,True,,perf/incremental-yamada-frontier-order,1d8374f42cccbb16d78d44100a65ca603d7d1997,3.14.7,macOS-26.6.2-arm64-arm-64bit-Mach-O,arm,0.03662587492726743,0.174413500004448,0.0469350409694016,0.013171792030334473,0.014552208012901247,0.029306916054338217,8.30839853733778e-05,0.01518954208586365,0.016168416012078524,0.001601582975126803,0.06234954111278057,0.13705658295657486,0.00023608398623764515,0.22799291694536805,0.0329269589856267,0.26091987593099475,3.254192415624857e-05,0.00018020800780504942,0.16998354194220155,0.381022916873917,0.6144950410816818
3744,random_3741,random_cycle_chord,20260823,crossing_rich,4,200,5,10,14,5.620540110699447,True,True,,perf/incremental-yamada-frontier-order,1d8374f42cccbb16d78d44100a65ca603d7d1997,3.14.7,macOS-26.6.2-arm64-arm-64bit-Mach-O,arm,0.05183862498961389,0.1735237919492647,0.06909041595645249,0.012053458020091057,0.0126879169838503,0.024471749900840223,5.8458070270717144e-05,0.012744000065140426,0.01455804193392396,0.0018742498941719532,0.05370649986434728,0.14758370793424547,0.00013025000225752592,0.2650264169787988,0.03306650009471923,0.29809291707351804,3.5041943192481995e-05,0.00020112504716962576,0.1806502080289647,0.4060126249678433,0.6764646669616923
3745,random_3742,random_cycle_chord,20260823,crossing_rich,5,200,5,8,12,4.1755204138195126,True,True,,perf/incremental-yamada-frontier-order,1d8374f42cccbb16d78d44100a65ca603d7d1997,3.14.7,macOS-26.6.2-arm64-arm-64bit-Mach-O,arm,0.0496943750185892,0.18481800006702542,0.051936040981672704,0.014657750027254224,0.015929417102597654,0.03317745903041214,8.408306166529655e-05,0.016397709026932716,0.017048832960426807,0.0017201249720528722,0.06842820905148983,0.15100925008300692,0.00028641591779887676,0.2650536249857396,0.03804124996531755,0.30309487495105714,3.941589966416359e-05,0.00019475002773106098,0.18905050004832447,0.4235628751339391,0.6950612920336425
3746,random_3743,random_cycle_chord,20260823,baseline,0,200,3,10,12,4.628597320325632,True,True,,perf/incremental-yamada-frontier-order,1d8374f42cccbb16d78d44100a65ca603d7d1997,3.14.7,macOS-26.6.2-arm64-arm-64bit-Mach-O,arm,0.038836333085782826,0.18351400003302842,0.027449041954241693,0.008784582954831421,0.008457249961793423,0.016367165953852236,3.4791999496519566e-05,0.00825104198884219,0.00965179200284183,0.0006775830406695604,0.034982374985702336,0.07969854096882045,0.00013050006236881018,0.17253962496761233,0.009602791047655046,0.18214241601526737,1.7874990589916706e-05,8.224998600780964e-05,0.0893013320164755,0.31165166513528675,0.4900423330254853
3747,random_3744,random_cycle_chord,20260823,crossing_rich,5,200,5,8,12,4.2340504478424,True,True,,perf/incremental-yamada-frontier-order,1d8374f42cccbb16d78d44100a65ca603d7d1997,3.14.7,macOS-26.6.2-arm64-arm-64bit-Mach-O,arm,0.03576024994254112,0.2104540829313919,0.04820954205933958,0.012831250089220703,0.014483958017081022,0.028986291028559208,5.5875047110021114e-05,0.01570445904508233,0.016134125064127147,0.0019339579157531261,0.06281470810063183,0.1384100419236347,0.0003794590011239052,0.3244140420574695,0.03101820801384747,0.35543225007131696,3.0832947231829166e-05,0.00020687503274530172,0.16942824993748218,0.4156425828114152,0.7457921670284122
3748,random_3745,random_cycle_chord,20260823,baseline,0,200,3,8,10,6.145669770550621,True,True,,perf/incremental-yamada-frontier-order,1d8374f42cccbb16d78d44100a65ca603d7d1997,3.14.7,macOS-26.6.2-arm64-arm-64bit-Mach-O,arm,0.04072804201859981,0.22671670897398144,0.04762958409264684,0.009373917011544108,0.00844345788937062,0.016595790977589786,3.087497316300869e-05,0.008232041960582137,0.008497625007294118,0.000694249989464879,0.03405058290809393,0.09952266700565815,0.00010800000745803118,0.15814412501640618,0.010419207974337041,0.16856333299074322,1.704192254692316e-05,8.62909946590662e-05,0.10994187497999519,0.37738662597257644,0.5408543329685926
3749,random_3746,random_cycle_chord,20260823,crossing_rich,2,200,4,8,11,6.589641458457812,True,True,,perf/incremental-yamada-frontier-order,1d8374f42cccbb16d78d44100a65ca603d7d1997,3.14.7,macOS-26.6.2-arm64-arm-64bit-Mach-O,arm,0.04660366603638977,0.17652770900167525,0.06301300006452948,0.010050249984487891,0.010087374947033823,0.021317292004823685,8.079106919467449e-05,0.010962708038277924,0.011838708072900772,0.001326250028796494,0.04552574921399355,0.12871195806656033,0.00011612498201429844,0.22556449996773154,0.02428337500896305,0.24984787497669458,3.229198046028614e-05,0.00016362499445676804,0.15299533307552338,0.3761267081135884,0.6068658340955153
3750,random_3747,random_cycle_chord,20260823,crossing_rich,5,200,5,8,12,4.223710432590785,True,True,,perf/incremental-yamada-frontier-order,1d8374f42cccbb16d78d44100a65ca603d7d1997,3.14.7,macOS-26.6.2-arm64-arm-64bit-Mach-O,arm,0.04003591591026634,0.194662541965954,0.05525412503629923,0.01479429192841053,0.02341770799830556,0.06087954202666879,9.495799895375967e-05,0.017771583981812,0.017679666983895004,0.0017549169715493917,0.09818066796287894,0.1927759579848498,0.0003660420188680291,0.3622654579812661,0.05490783299319446,0.41717329097446054,5.420902743935585e-05,0.00021408300381153822,0.24768379097804427,0.4823822488542646,0.8499700409593061
3751,random_3748,random_cycle_chord,20260823,crossing_rich,5,200,6,11,16,4.613066440341962,True,True,,perf/incremental-yamada-frontier-order,1d8374f42cccbb16d78d44100a65ca603d7d1997,3.14.7,macOS-26.6.2-arm64-arm-64bit-Mach-O,arm,0.05603920796420425,0.24865087494254112,0.061820375034585595,0.014681166969239712,0.016874499968253076,0.03539574996102601,0.00012929190415889025,0.01818250003270805,0.018469208967871964,0.0020121249835938215,0.07418887584935874,0.16764387500006706,0.00015516707208007574,0.3186535839922726,0.039763249922543764,0.3584168339148164,4.025001544505358e-05,0.00020770810078829527,0.20740712492261082,0.5120972078293562,0.8368968330323696
3752,random_3749,random_cycle_chord,20260823,baseline,0,200,4,14,17,4.292585974711944,True,True,,perf/incremental-yamada-frontier-order,1d8374f42cccbb16d78d44100a65ca603d7d1997,3.14.7,macOS-26.6.2-arm64-arm-64bit-Mach-O,arm,0.05245833401568234,0.1819024169817567,0.026570624904707074,0.01024316600523889,0.010501749929971993,0.02084975002799183,6.04590168222785e-05,0.011175583000294864,0.012138000107370317,0.0010244171135127544,0.045248209265992045,0.09261300007347018,0.0001360410824418068,0.298857833025977,0.01651204191148281,0.3153698749374598,2.7667032554745674e-05,0.00012395798694342375,0.10912504198495299,0.343485792982392,0.6477332919603214
3753,random_3750,random_cycle_chord,20260823,crossing_rich,3,200,4,8,11,4.137363367590056,True,True,,perf/incremental-yamada-frontier-order,1d8374f42cccbb16d78d44100a65ca603d7d1997,3.14.7,macOS-26.6.2-arm64-arm-64bit-Mach-O,arm,0.044765250058844686,0.18878600001335144,0.04476658394560218,0.012587458011694252,0.013288415968418121,0.024594250018708408,5.625002086162567e-05,0.013298832927830517,0.013643624959513545,0.0012281660456210375,0.05282112397253513,0.12353350000921637,0.00011045800056308508,0.1951593749690801,0.02517529099714011,0.2203346659662202,2.654106356203556e-05,0.00015029101632535458,0.14870879100635648,0.3822600410785526,0.5828383750049397
3754,random_3751,random_cycle_chord,20260823,baseline,0,200,3,10,12,5.620869718961189,True,True,,perf/incremental-yamada-frontier-order,1d8374f42cccbb16d78d44100a65ca603d7d1997,3.14.7,macOS-26.6.2-arm64-arm-64bit-Mach-O,arm,0.08740341698285192,0.20586470793932676,0.04090016707777977,0.009196750004775822,0.009216874954290688,0.01884675002656877,5.554093513637781e-05,0.010027332929894328,0.010892416932620108,0.0007367080543190241,0.04055874887853861,0.09991554100997746,0.000120542012155056,0.18866708292625844,0.011798708001151681,0.20046579092741013,2.8249924071133137e-05,9.654194582253695e-05,0.11171424901112914,0.4049823739333078,0.5995332500897348
3755,random_3752,random_cycle_chord,20260823,crossing_rich,4,200,5,9,13,6.078335183787484,True,True,,perf/incremental-yamada-frontier-order,1d8374f42cccbb16d78d44100a65ca603d7d1997,3.14.7,macOS-26.6.2-arm64-arm-64bit-Mach-O,arm,0.06978504196740687,0.26311570906545967,0.07708941702730954,0.013186833006329834,0.01345845905598253,0.027997832978144288,0.00011929101310670376,0.015028624911792576,0.01512383297085762,0.0015875420067459345,0.05985712388064712,0.16363591700792313,0.00015666603576391935,0.22318820806685835,0.031900292029604316,0.25508850009646267,4.416704177856445e-05,0.0001807080116122961,0.19553620903752744,0.528436960070394,0.7578426250256598
3756,random_3753,random_cycle_chord,20260823,baseline,0,200,3,11,13,4.09896144490098,True,True,,perf/incremental-yamada-frontier-order,1d8374f42cccbb16d78d44100a65ca603d7d1997,3.14.7,macOS-26.6.2-arm64-arm-64bit-Mach-O,arm,0.03871374996379018,0.1730865000281483,0.02204662491567433,0.008354582940228283,0.007344542071223259,0.023411333095282316,0.00013099994976073503,0.027842832962051034,0.009503667009994388,0.0007894170703366399,0.06167825008742511,0.09944870893377811,0.00012987491209059954,0.23739533394109458,0.012829500017687678,0.25022483395878226,2.1999934688210487e-05,0.0001016249880194664,0.11227820895146579,0.32407845894340426,0.5667378329671919
3757,random_3754,random_cycle_chord,20260823,crossing_rich,5,200,5,8,12,4.11659345369093,True,True,,perf/incremental-yamada-frontier-order,1d8374f42cccbb16d78d44100a65ca603d7d1997,3.14.7,macOS-26.6.2-arm64-arm-64bit-Mach-O,arm,0.04205770802218467,0.1868756670737639,0.04651224997360259,0.01278229197487235,0.015752375009469688,0.029596582986414433,8.27909680083394e-05,0.01633429096546024,0.01713887497317046,0.0017288330709561706,0.06488137296400964,0.1400014579994604,0.00025091704446822405,0.2532615000382066,0.03464395797345787,0.28790545801166445,4.879198968410492e-05,0.0001949999714270234,0.17464541597291827,0.40357879106886685,0.6626870000036433
3758,random_3755,random_cycle_chord,20260823,crossing_rich,4,200,5,11,15,4.601262941332421,True,True,,perf/incremental-yamada-frontier-order,1d8374f42cccbb16d78d44100a65ca603d7d1997,3.14.7,macOS-26.6.2-arm64-arm-64bit-Mach-O,arm,0.046077625011093915,0.1787940840004012,0.056145708076655865,0.013869708986021578,0.013971749925985932,0.026847000000998378,6.304099224507809e-05,0.013629334047436714,0.014711832976900041,0.0015804580179974437,0.056831666035577655,0.14087266603019089,0.00014029198791831732,0.2892449999926612,0.03212479199282825,0.32136979198548943,3.129197284579277e-05,0.00017987505998462439,0.17299745802301913,0.39786916703451425,0.6929986249888316
3759,random_3756,random_cycle_chord,20260823,baseline,0,200,4,11,14,4.096004297751111,True,True,,perf/incremental-yamada-frontier-order,1d8374f42cccbb16d78d44100a65ca603d7d1997,3.14.7,macOS-26.6.2-arm64-arm-64bit-Mach-O,arm,0.04179499996826053,0.18173991702497005,0.02335508295800537,0.00945833302102983,0.010298833018168807,0.01948166696820408,7.016595918685198e-05,0.010115499957464635,0.010255916975438595,0.0008088749600574374,0.0407321248203516,0.08389595907647163,0.00010941608343273401,0.22012258309405297,0.013596249977126718,0.2337188330711797,2.5834073312580585e-05,0.000106374965980649,0.09749220905359834,0.3210271260468289,0.5463396670529619
3760,random_3757,random_cycle_chord,20260823,crossing_rich,4,200,5,11,15,5.227472680377475,True,True,,perf/incremental-yamada-frontier-order,1d8374f42cccbb16d78d44100a65ca603d7d1997,3.14.7,macOS-26.6.2-arm64-arm-64bit-Mach-O,arm,0.0521757920505479,0.19422395795118064,0.0584953329525888,0.012902415939606726,0.013240208034403622,0.02612358401529491,9.445799514651299e-05,0.015411166939884424,0.014574291999451816,0.001518709002994001,0.057722209952771664,0.14241845801007003,0.00013512501027435064,0.30409945792052895,0.03236529207788408,0.336464749998413,3.566697705537081e-05,0.00019287492614239454,0.1747837500879541,0.42118350008968264,0.7311710839858279
3761,random_3758,random_cycle_chord,20260823,baseline,0,200,3,9,11,5.331724867945476,True,True,,perf/incremental-yamada-frontier-order,1d8374f42cccbb16d78d44100a65ca603d7d1997,3.14.7,macOS-26.6.2-arm64-arm-64bit-Mach-O,arm,0.04201708303298801,0.1789397910470143,0.02925837493967265,0.008507917053066194,0.008678041980601847,0.016917290980927646,4.766695201396942e-05,0.008615833008661866,0.009076457936316729,0.0006832090439274907,0.0353404579218477,0.08182183303870261,9.65840881690383e-05,0.2398184168851003,0.01078899996355176,0.25060741684865206,1.9000028260052204e-05,9.316601790487766e-05,0.09261083300225437,0.3135677070822567,0.5582092090044171
3762,random_3759,random_cycle_chord,20260823,baseline,0,200,3,10,12,5.626482453134519,True,True,,perf/incremental-yamada-frontier-order,1d8374f42cccbb16d78d44100a65ca603d7d1997,3.14.7,macOS-26.6.2-arm64-arm-64bit-Mach-O,arm,0.04369949991814792,0.19005066598765552,0.04270841705147177,0.008480750024318695,0.008355250000022352,0.016425165929831564,2.9499991796910763e-05,0.008554665953852236,0.009218915947712958,0.0006915839621797204,0.03491983178537339,0.09450020792428404,9.833299554884434e-05,0.1805578749626875,0.010903374990448356,0.19146124995313585,2.1666986867785454e-05,9.799993131309748e-05,0.1054035829147324,0.33915374882053584,0.5254967079963535
3763,random_3760,random_cycle_chord,20260823,crossing_rich,5,200,5,9,13,4.351373710455494,True,True,,perf/incremental-yamada-frontier-order,1d8374f42cccbb16d78d44100a65ca603d7d1997,3.14.7,macOS-26.6.2-arm64-arm-64bit-Mach-O,arm,0.04342587501741946,0.2400206670863554,0.0503903339849785,0.013487334013916552,0.014654124970547855,0.028815249912440777,8.033309131860733e-05,0.014365208917297423,0.01529737503733486,0.0016819590236991644,0.06024012598209083,0.13882862508762628,0.00013791699893772602,0.2232487080618739,0.03578520892187953,0.25903391698375344,3.800005652010441e-05,0.00020104192662984133,0.1746138340095058,0.45806037611328065,0.6873133339686319
3764,random_3761,random_cycle_chord,20260823,baseline,0,200,3,9,11,5.326018516567445,True,True,,perf/incremental-yamada-frontier-order,1d8374f42cccbb16d78d44100a65ca603d7d1997,3.14.7,macOS-26.6.2-arm64-arm-64bit-Mach-O,arm,0.04314362502191216,0.23547062498982996,0.0339835420018062,0.009405000018887222,0.008639207924716175,0.017376333009451628,5.608401261270046e-05,0.009092999971471727,0.009077750029973686,0.0007510000141337514,0.03635416703764349,0.08840870799031109,9.374995715916157e-05,0.20151699997950345,0.012732582981698215,0.21424958296120167,2.437504008412361e-05,0.00010595796629786491,0.1011412909720093,0.3797555409837514,0.5868032079888508
3765,random_3762,random_cycle_chord,20260823,baseline,0,200,4,10,13,4.646550655592761,True,True,,perf/incremental-yamada-frontier-order,1d8374f42cccbb16d78d44100a65ca603d7d1997,3.14.7,macOS-26.6.2-arm64-arm-64bit-Mach-O,arm,0.04755608306732029,0.23624354205094278,0.030128833022899926,0.01116545801050961,0.011414958047680557,0.022694584098644555,7.762503810226917e-05,0.011551375035196543,0.011211207951419055,0.0009594589937478304,0.04649425111711025,0.09924491704441607,0.0001140000531449914,0.19279150001239032,0.012080915970727801,0.20487241598311812,2.391706220805645e-05,0.00010670896153897047,0.11132583301514387,0.39512545813340694,0.5936310419347137
3766,random_3763,random_cycle_chord,20260823,crossing_rich,5,200,6,12,17,4.00231133581215,True,True,,perf/incremental-yamada-frontier-order,1d8374f42cccbb16d78d44100a65ca603d7d1997,3.14.7,macOS-26.6.2-arm64-arm-64bit-Mach-O,arm,0.04863099998328835,0.1730919579276815,0.05518816690891981,0.01902095798868686,0.04998954106122255,0.03510779200587422,9.183294605463743e-05,0.016529417014680803,0.018002333003096282,0.0018857079558074474,0.07161708292551339,0.1959291669772938,0.00014887505676597357,0.3044099590042606,0.04002933297306299,0.3444392919773236,4.3332925997674465e-05,0.00021654204465448856,0.23595849995035678,0.45768145786132663,0.7675995420431718
3767,random_3764,random_cycle_chord,20260823,baseline,0,200,4,11,14,4.065506984567858,True,True,,perf/incremental-yamada-frontier-order,1d8374f42cccbb16d78d44100a65ca603d7d1997,3.14.7,macOS-26.6.2-arm64-arm-64bit-Mach-O,arm,0.045237959013320506,0.21172849996946752,0.03027079103048891,0.010429834015667439,0.010082875029183924,0.020193625008687377,6.816699169576168e-05,0.011729208985343575,0.011430582962930202,0.0011331250425428152,0.04455470899119973,0.09538258297834545,0.0001451659481972456,0.25262637494597584,0.015328458976000547,0.2679548339219764,2.804200630635023e-05,0.00012070906814187765,0.110711041954346,0.367677500937134,0.6257961660157889
3768,random_3765,random_cycle_chord,20260823,crossing_rich,2,200,4,8,11,6.602161302945252,True,True,,perf/incremental-yamada-frontier-order,1d8374f42cccbb16d78d44100a65ca603d7d1997,3.14.7,macOS-26.6.2-arm64-arm-64bit-Mach-O,arm,0.05372437508776784,0.2567487920168787,0.07661216601263732,0.012690166011452675,0.011888582957908511,0.023161125020124018,6.154202856123447e-05,0.012079957989044487,0.012693541939370334,0.0013850419782102108,0.049381208955310285,0.15063575003296137,0.00011687504593282938,0.19610524992458522,0.02372729091439396,0.21983254083897918,3.100000321865082e-05,0.00014995795208960772,0.17436304094735533,0.4848362080520019,0.6867194999940693
3769,random_3766,random_cycle_chord,20260823,crossing_rich,3,200,4,8,11,4.22051163346701,True,True,,perf/incremental-yamada-frontier-order,1d8374f42cccbb16d78d44100a65ca603d7d1997,3.14.7,macOS-26.6.2-arm64-arm-64bit-Mach-O,arm,0.03749962500296533,0.23795374995097518,0.05345866596326232,0.01285450009163469,0.013792000012472272,0.02667129202745855,6.320804823189974e-05,0.015102333971299231,0.014967874973081052,0.0014380409847944975,0.05824275000486523,0.13840249995701015,0.00013675005175173283,0.2705565419746563,0.021456292015500367,0.29201283399015665,2.65840208157897e-05,0.00013625004794448614,0.15985879197251052,0.435312166926451,0.714565375004895
3770,random_3767,random_cycle_chord,20260823,crossing_rich,5,200,5,10,14,4.08703638192673,True,True,,perf/incremental-yamada-frontier-order,1d8374f42cccbb16d78d44100a65ca603d7d1997,3.14.7,macOS-26.6.2-arm64-arm-64bit-Mach-O,arm,0.04462816601153463,0.2105804169550538,0.052837250055745244,0.014796457951888442,0.016671790974214673,0.03385670797433704,9.620899800211191e-05,0.0171435420634225,0.016734875040128827,0.0016951250145211816,0.06952645909041166,0.15388920798432082,0.0001265830360352993,0.25382758397608995,0.040890083997510374,0.29471766797360033,4.366703797131777e-05,0.00021241698414087296,0.1947792919818312,0.44998787494841963,0.7099396251142025
3771,random_3768,random_cycle_chord,20260823,baseline,0,200,3,11,13,5.2276867615026115,True,True,,perf/incremental-yamada-frontier-order,1d8374f42cccbb16d78d44100a65ca603d7d1997,3.14.7,macOS-26.6.2-arm64-arm-64bit-Mach-O,arm,0.04740862501785159,0.19269799999892712,0.03378304105717689,0.009566707885824144,0.009557042038068175,0.0183416660875082,6.200000643730164e-05,0.009869457921013236,0.009635666967369616,0.0007503340020775795,0.038659124984405935,0.09160779195372015,0.00012245902325958014,0.27390370902139693,0.012157208984717727,0.28606091800611466,2.575002145022154e-05,0.00010549998842179775,0.10376500093843788,0.3438716259552166,0.6233357089804485
3772,random_3769,random_cycle_chord,20260823,crossing_rich,3,200,4,8,11,4.220165483972747,True,True,,perf/incremental-yamada-frontier-order,1d8374f42cccbb16d78d44100a65ca603d7d1997,3.14.7,macOS-26.6.2-arm64-arm-64bit-Mach-O,arm,0.037958041997626424,0.20676283305510879,0.049547749920748174,0.012484375038184226,0.012816708069294691,0.025250709033571184,8.01250571385026e-05,0.012434000032953918,0.01346512499731034,0.0012084580957889557,0.0524384172167629,0.12744900002144277,0.00012149999383836985,0.41488654201384634,0.03910562500823289,0.45399216702207923,4.2917090468108654e-05,0.00018320907838642597,0.16655462502967566,0.41127550008241087,0.8309397919801995
3773,random_3770,random_cycle_chord,20260823,crossing_rich,4,200,5,8,12,6.5836658961014205,True,True,,perf/incremental-yamada-frontier-order,1d8374f42cccbb16d78d44100a65ca603d7d1997,3.14.7,macOS-26.6.2-arm64-arm-64bit-Mach-O,arm,0.061977250035852194,0.21220929198898375,0.08881979098077863,0.015131000080145895,0.01505383406765759,0.02823725005146116,0.00010912504512816668,0.014187333988957107,0.015808166936039925,0.0019158340292051435,0.0602577100507915,0.17935295798815787,0.00024612504057586193,0.2128834999166429,0.03955762495752424,0.25244112487416714,5.6416960433125496e-05,0.0002239999594166875,0.2189105829456821,0.49309712497051805,0.7124825830105692
3774,random_3771,random_cycle_chord,20260823,crossing_rich,5,200,6,12,17,4.408829157351683,True,True,,perf/incremental-yamada-frontier-order,1d8374f42cccbb16d78d44100a65ca603d7d1997,3.14.7,macOS-26.6.2-arm64-arm-64bit-Mach-O,arm,0.06044120795559138,0.19368999998550862,0.05387008294928819,0.015644917031750083,0.014792250003665686,0.03019724995829165,0.00012766709551215172,0.015191916027106345,0.01632312498986721,0.0019779580179601908,0.06381791608873755,0.14821599994320422,0.00016499997582286596,0.2739238749491051,0.0360709159867838,0.3099947909358889,3.787491004914045e-05,0.00020454195328056812,0.18428691592998803,0.43841812387108803,0.7182203750126064
3775,random_3772,random_cycle_chord,20260823,baseline,0,200,3,10,12,5.625924928264331,True,True,,perf/incremental-yamada-frontier-order,1d8374f42cccbb16d78d44100a65ca603d7d1997,3.14.7,macOS-26.6.2-arm64-arm-64bit-Mach-O,arm,0.04444512503687292,0.19104599999263883,0.03487920807674527,0.008543625008314848,0.007959207985550165,0.015598541940562427,2.89171002805233e-05,0.00788662489503622,0.009679334005340934,0.0007145829731598496,0.033908000914379954,0.08531495800707489,0.00011137500405311584,0.19134158291853964,0.010555458022281528,0.20189704094082117,2.0417035557329655e-05,9.204202797263861e-05,0.09587041602935642,0.33136154105886817,0.5277816660236567
3776,random_3773,random_cycle_chord,20260823,baseline,0,200,3,11,13,4.072029608318343,True,True,,perf/incremental-yamada-frontier-order,1d8374f42cccbb16d78d44100a65ca603d7d1997,3.14.7,macOS-26.6.2-arm64-arm-64bit-Mach-O,arm,0.04048291698563844,0.18272441602312028,0.0243023750372231,0.008590416982769966,0.00887662498280406,0.01814962492790073,5.691696424037218e-05,0.009633208974264562,0.009150292025879025,0.0007277920376509428,0.037717834929935634,0.07951874996069819,0.00010775006376206875,0.22057795897126198,0.012980584055185318,0.2335585430264473,2.26249685510993e-05,0.00010537495836615562,0.0924993340158835,0.31570666702464223,0.5413559579756111
3777,random_3774,random_cycle_chord,20260823,crossing_rich,4,200,5,8,12,6.598351147883156,True,True,,perf/incremental-yamada-frontier-order,1d8374f42cccbb16d78d44100a65ca603d7d1997,3.14.7,macOS-26.6.2-arm64-arm-64bit-Mach-O,arm,0.05880037497263402,0.19060179102234542,0.08680858300067484,0.013516291975975037,0.014345417032018304,0.03161445795558393,9.937502909451723e-05,0.014896124950610101,0.014631333062425256,0.0017754160799086094,0.06301670707762241,0.177736375015229,0.0002446670550853014,0.21196662506554276,0.03247054200619459,0.24443716707173735,3.7708086892962456e-05,0.0001949160359799862,0.21020691702142358,0.459609083016403,0.6775367080699652
3778,random_3775,random_cycle_chord,20260823,baseline,0,200,3,12,14,4.880543735688548,True,True,,perf/incremental-yamada-frontier-order,1d8374f42cccbb16d78d44100a65ca603d7d1997,3.14.7,macOS-26.6.2-arm64-arm-64bit-Mach-O,arm,0.046763958991505206,0.1773370000300929,0.02542616694699973,0.009298457996919751,0.007609208929352462,0.015253083081915975,4.620791878551245e-05,0.008191457949578762,0.008036665967665613,0.0006507500074803829,0.032178164925426245,0.0745359999127686,0.00010108295828104019,0.2246341670397669,0.011362791061401367,0.23599695810116827,2.0791892893612385e-05,9.39579913392663e-05,0.08589879097416997,0.30999974999576807,0.5396400830941275
3779,random_3776,random_cycle_chord,20260823,crossing_rich,4,200,5,9,13,6.079964778540651,True,True,,perf/incremental-yamada-frontier-order,1d8374f42cccbb16d78d44100a65ca603d7d1997,3.14.7,macOS-26.6.2-arm64-arm-64bit-Mach-O,arm,0.055237416992895305,0.18650979199446738,0.07082312495913357,0.01394749991595745,0.014946833020076156,0.029443540959618986,8.833291940391064e-05,0.015193708008155227,0.016835874994285405,0.0018693750025704503,0.06343083188403398,0.1632273339200765,0.00013354199472814798,0.24564704194199294,0.036043375032022595,0.28169041697401553,3.912497777491808e-05,0.00020508398301899433,0.19927070895209908,0.44101791793946177,0.6924606669927016
3780,random_3777,random_cycle_chord,20260823,crossing_rich,4,200,5,8,12,6.583880642627239,True,True,,perf/incremental-yamada-frontier-order,1d8374f42cccbb16d78d44100a65ca603d7d1997,3.14.7,macOS-26.6.2-arm64-arm-64bit-Mach-O,arm,0.05765250010881573,0.23617074999492615,0.08110979199409485,0.013726667035371065,0.013234916958026588,0.02560054208151996,8.170795626938343e-05,0.01377449999563396,0.014348958036862314,0.0018031250219792128,0.05560883309226483,0.16373374999966472,0.0002377079799771309,0.21564904099795967,0.036565833957865834,0.2522148749558255,3.9792037568986416e-05,0.0002749999985098839,0.20029958395753056,0.49412283406127244,0.7161668330663815
3781,random_3778,random_cycle_chord,20260823,baseline,0,200,3,10,12,4.706554871226948,True,True,,perf/incremental-yamada-frontier-order,1d8374f42cccbb16d78d44100a65ca603d7d1997,3.14.7,macOS-26.6.2-arm64-arm-64bit-Mach-O,arm,0.04162874992471188,0.19222816708497703,0.027436208096332848,0.008644375018775463,0.008223042008467019,0.015338542056269944,3.916607238352299e-05,0.00817833305336535,0.00831983401440084,0.0006375410594046116,0.03251341625582427,0.0768568329513073,9.762495756149292e-05,0.20748437498696148,0.011872165952809155,0.21935654093977064,2.13750172406435e-05,0.00010066700633615255,0.08872899890411645,0.32258591591380537,0.5353244580328465
3782,random_3779,random_cycle_chord,20260823,crossing_rich,5,200,5,8,12,4.179410708343658,True,True,,perf/incremental-yamada-frontier-order,1d8374f42cccbb16d78d44100a65ca603d7d1997,3.14.7,macOS-26.6.2-arm64-arm-64bit-Mach-O,arm,0.04002141591627151,0.19500237493775785,0.051253375015221536,0.013771333964541554,0.015218000044114888,0.03011270798742771,9.862496517598629e-05,0.015847417060285807,0.01707937498576939,0.0017513750353828073,0.0648895000340417,0.14517670799978077,0.0002869999734684825,0.21481958404183388,0.03661916696000844,0.2514387510018423,3.800005652010441e-05,0.00020245800260454416,0.18179587495978922,0.4168196658138186,0.6373426669742912
3783,random_3780,random_cycle_chord,20260823,crossing_rich,2,200,4,9,12,6.0752077223876295,True,True,,perf/incremental-yamada-frontier-order,1d8374f42cccbb16d78d44100a65ca603d7d1997,3.14.7,macOS-26.6.2-arm64-arm-64bit-Mach-O,arm,0.049545375048182905,0.18119204102549702,0.06568704103119671,0.01068791700527072,0.011281833983957767,0.02113895898219198,7.970794104039669e-05,0.011692916974425316,0.01176570903044194,0.0011564160231500864,0.04583370895124972,0.1335541249718517,0.00010775006376206875,0.19920958403963596,0.020486250054091215,0.21969583409372717,4.316598642617464e-05,0.0001472090370953083,0.15404037502594292,0.38477779109962285,0.5892824999755248
3784,random_3781,random_cycle_chord,20260823,baseline,0,200,4,11,14,4.053846423527712,True,True,,perf/incremental-yamada-frontier-order,1d8374f42cccbb16d78d44100a65ca603d7d1997,3.14.7,macOS-26.6.2-arm64-arm-64bit-Mach-O,arm,0.040955625008791685,0.17307199991773814,0.021980667021125555,0.010118625010363758,0.010436000069603324,0.019592750002630055,7.270800415426493e-05,0.010219333926215768,0.010268707992509007,0.0007823330815881491,0.040935833007097244,0.08354962500743568,0.0001190409529954195,0.21889179199934006,0.012232582899741828,0.23112437489908189,2.4208100512623787e-05,9.92499990388751e-05,0.09578220790717751,0.30980983283370733,0.5336633749539033
3785,random_3782,random_cycle_chord,20260823,baseline,0,200,3,9,11,5.363277761983241,True,True,,perf/incremental-yamada-frontier-order,1d8374f42cccbb16d78d44100a65ca603d7d1997,3.14.7,macOS-26.6.2-arm64-arm-64bit-Mach-O,arm,0.03792837506625801,0.17073841602541506,0.030594332958571613,0.008247916004620492,0.008423833060078323,0.016026249970309436,4.541699308902025e-05,0.00799808301962912,0.0084283750038594,0.0006167920073494315,0.03311491699423641,0.08042583300266415,9.30840615183115e-05,0.16584641602821648,0.010110915987752378,0.17595733201596886,1.958396751433611e-05,8.766702376306057e-05,0.09053674899041653,0.2992035400820896,0.4697736670495942
3786,random_3783,random_cycle_chord,20260823,baseline,0,200,3,9,11,5.333709055923862,True,True,,perf/incremental-yamada-frontier-order,1d8374f42cccbb16d78d44100a65ca603d7d1997,3.14.7,macOS-26.6.2-arm64-arm-64bit-Mach-O,arm,0.03726670902688056,0.16251275001559407,0.02782541699707508,0.007044417085126042,0.00683195807505399,0.01348924997728318,2.3083994165062904e-05,0.007011500070802867,0.007188708055764437,0.000588499940931797,0.028301042038947344,0.07002500002272427,6.65419502183795e-05,0.15289649995975196,0.010023124981671572,0.16291962494142354,1.733400858938694e-05,8.60830768942833e-05,0.08004812500439584,0.27982758404687047,0.4371128330240026
3787,random_3784,random_cycle_chord,20260823,baseline,0,200,5,14,18,4.296141419181878,True,True,,perf/incremental-yamada-frontier-order,1d8374f42cccbb16d78d44100a65ca603d7d1997,3.14.7,macOS-26.6.2-arm64-arm-64bit-Mach-O,arm,0.04944608302321285,0.15716570802032948,0.0233589579584077,0.009360583033412695,0.009861291036941111,0.01942979102022946,3.866699989885092e-05,0.01011066697537899,0.01040191703941673,0.0009530829265713692,0.0409341249614954,0.08355066704098135,9.912496898323298e-05,0.22954750002827495,0.014986791997216642,0.2445342920254916,2.7582980692386627e-05,0.00010966707486659288,0.098537459038198,0.3051492500817403,0.5393057919573039
3788,random_3785,random_cycle_chord,20260823,baseline,0,200,4,15,18,4.0536898827663785,True,True,,perf/incremental-yamada-frontier-order,1d8374f42cccbb16d78d44100a65ca603d7d1997,3.14.7,macOS-26.6.2-arm64-arm-64bit-Mach-O,arm,0.04634833300951868,0.17233708302956074,0.02336724998895079,0.009682875010184944,0.00921745807863772,0.017926375032402575,4.583306144922972e-05,0.009458707994781435,0.009600416058674455,0.0008718750905245543,0.03790320723783225,0.08024904108606279,0.00012429093476384878,0.25634820805862546,0.012265792000107467,0.2686140000587329,2.5667017325758934e-05,9.504205081611872e-05,0.09251483308617026,0.3112002491252497,0.5724003749201074
3789,random_3786,random_cycle_chord,20260823,crossing_rich,4,200,5,8,12,6.589856848701686,True,True,,perf/incremental-yamada-frontier-order,1d8374f42cccbb16d78d44100a65ca603d7d1997,3.14.7,macOS-26.6.2-arm64-arm-64bit-Mach-O,arm,0.04811212501954287,0.17967404099181294,0.07702949992381036,0.012312915991060436,0.013573999982327223,0.027457833057269454,8.341693319380283e-05,0.013455667067319155,0.014122333959676325,0.0017446659039705992,0.056863916921429336,0.15982937498483807,0.0002354169264435768,0.19531787489540875,0.03421220905147493,0.22953008394688368,4.016701132059097e-05,0.0001996250357478857,0.194041584036313,0.4218277500476688,0.6233521669637412
3790,random_3787,random_cycle_chord,20260823,crossing_rich,2,200,4,8,11,6.436768004562426,True,True,,perf/incremental-yamada-frontier-order,1d8374f42cccbb16d78d44100a65ca603d7d1997,3.14.7,macOS-26.6.2-arm64-arm-64bit-Mach-O,arm,0.044185416074469686,0.17253945802804083,0.05882470798678696,0.009700375027023256,0.009871875052340329,0.019464083947241306,3.2708048820495605e-05,0.00983454193919897,0.010557959089055657,0.001045833108946681,0.04093512613326311,0.11936191702261567,0.00010587496217340231,0.15910400007851422,0.017754332977347076,0.1768583330558613,2.237502485513687e-05,0.00011875003110617399,0.13711624999996275,0.35384112410247326,0.5177552080713212
3791,random_3788,random_cycle_chord,20260823,crossing_rich,6,200,6,11,16,5.226610024659379,True,True,,perf/incremental-yamada-frontier-order,1d8374f42cccbb16d78d44100a65ca603d7d1997,3.14.7,macOS-26.6.2-arm64-arm-64bit-Mach-O,arm,0.050794208073057234,0.16008691699244082,0.055521874921396375,0.012449500034563243,0.013796624960377812,0.027107208035886288,5.1332986913621426e-05,0.014054166967980564,0.015050333109684289,0.0017569580813869834,0.058019999181851745,0.13983112503774464,0.0001133340410888195,0.22868145897518843,0.033767292043194175,0.2624487510183826,3.0624913051724434e-05,0.00018870795611292124,0.17359841708093882,0.38447954214643687,0.618214667076245
3792,random_3789,random_cycle_chord,20260823,crossing_rich,3,200,4,8,11,4.178062033291978,True,True,,perf/incremental-yamada-frontier-order,1d8374f42cccbb16d78d44100a65ca603d7d1997,3.14.7,macOS-26.6.2-arm64-arm-64bit-Mach-O,arm,0.02980854199267924,0.15710416692309082,0.03319462505169213,0.009614665992558002,0.01054191600997001,0.020814916002564132,3.0667055398225784e-05,0.010757167008705437,0.011176416999660432,0.0010118749924004078,0.043791042058728635,0.09717058402020484,7.229100447148085e-05,0.15630916599184275,0.020019541960209608,0.17632870795205235,2.0708073861896992e-05,0.00011683302000164986,0.11719012598041445,0.3041028348961845,0.46486808406189084
3793,random_3790,random_cycle_chord,20260823,crossing_rich,2,200,4,8,11,6.603629944834286,True,True,,perf/incremental-yamada-frontier-order,1d8374f42cccbb16d78d44100a65ca603d7d1997,3.14.7,macOS-26.6.2-arm64-arm-64bit-Mach-O,arm,0.04174058395437896,0.15627679193858057,0.055921291932463646,0.00864954199641943,0.008934083976782858,0.017579750041477382,3.1917006708681583e-05,0.009214541059918702,0.009671167004853487,0.001023750053718686,0.03752112516667694,0.1110547089483589,7.145805284380913e-05,0.15000862500164658,0.0172509589465335,0.16725958394818008,1.9458006136119366e-05,0.0001116669736802578,0.1283056678948924,0.32632304378785193,0.4807657500496134
3794,random_3791,random_cycle_chord,20260823,baseline,0,200,3,9,11,5.339928771127586,True,True,,perf/incremental-yamada-frontier-order,1d8374f42cccbb16d78d44100a65ca603d7d1997,3.14.7,macOS-26.6.2-arm64-arm-64bit-Mach-O,arm,0.032651874935254455,0.14979179203510284,0.026382000069133937,0.006607666960917413,0.006719292025081813,0.013337415992282331,2.216699067503214e-05,0.006897167069837451,0.007065500016324222,0.0005255000432953238,0.02784775011241436,0.06757608405314386,6.200000643730164e-05,0.1437289579771459,0.008426207932643592,0.1521551659097895,1.391698606312275e-05,6.674998439848423e-05,0.07600229198578745,0.25844595895614475,0.40638279204722494
3795,random_3792,random_cycle_chord,20260823,crossing_rich,5,200,5,9,13,4.296279593769639,True,True,,perf/incremental-yamada-frontier-order,1d8374f42cccbb16d78d44100a65ca603d7d1997,3.14.7,macOS-26.6.2-arm64-arm-64bit-Mach-O,arm,0.033693833043798804,0.1483979580225423,0.042325459071435034,0.010652042110450566,0.012209959095343947,0.024046125006861985,3.78340482711792e-05,0.012477374984882772,0.013267790898680687,0.001402250025421381,0.051231374964118004,0.11645329103339463,8.108292240649462e-05,0.17545908293686807,0.02738583297468722,0.2028449159115553,2.345896791666746e-05,0.00015350000467151403,0.14383912400808185,0.32593091507442296,0.5058857500553131
3796,random_3793,random_cycle_chord,20260823,baseline,0,200,3,9,11,5.375075415714061,True,True,,perf/incremental-yamada-frontier-order,1d8374f42cccbb16d78d44100a65ca603d7d1997,3.14.7,macOS-26.6.2-arm64-arm-64bit-Mach-O,arm,0.0319879170274362,0.14773195795714855,0.02476049994584173,0.006506625097244978,0.006461416953243315,0.012773624970577657,2.174999099224806e-05,0.006629124982282519,0.006770125008188188,0.0005208340007811785,0.02671545895282179,0.06446258397772908,5.8999983593821526e-05,0.14176799997221678,0.008155375020578504,0.1499233749927953,1.3916054740548134e-05,6.462493911385536e-05,0.07261795899830759,0.25233783398289233,0.3982406660215929
3797,random_3794,random_cycle_chord,20260823,crossing_rich,2,200,4,9,12,6.082948360911216,True,True,,perf/incremental-yamada-frontier-order,1d8374f42cccbb16d78d44100a65ca603d7d1997,3.14.7,macOS-26.6.2-arm64-arm-64bit-Mach-O,arm,0.03865862509701401,0.14786575001198798,0.0565577499801293,0.008463500067591667,0.009156582993455231,0.01812074996996671,2.987496554851532e-05,0.009332249988801777,0.009698292007669806,0.0008837910136207938,0.0380649579456076,0.11226949992123991,6.958295125514269e-05,0.15842291596345603,0.016220750054344535,0.17464366601780057,1.8166028894484043e-05,9.724998380988836e-05,0.12849024997558445,0.31501462508458644,0.4776716249762103
3798,random_3795,random_cycle_chord,20260823,crossing_rich,5,200,6,12,17,4.442154801733897,True,True,,perf/incremental-yamada-frontier-order,1d8374f42cccbb16d78d44100a65ca603d7d1997,3.14.7,macOS-26.6.2-arm64-arm-64bit-Mach-O,arm,0.04350462497677654,0.14835641696117818,0.04572937509510666,0.011487334035336971,0.013057957985438406,0.02577775006648153,5.791697185486555e-05,0.013347500003874302,0.014152040937915444,0.0015664169332012534,0.054901624913327396,0.12522145896218717,9.566603694111109e-05,0.3265942920697853,0.04080420802347362,0.3673985000932589,2.787495031952858e-05,0.00016158295329660177,0.1660256669856608,0.3578867089236155,0.6883934170473367
3799,random_3796,random_cycle_chord,20260823,baseline,0,200,3,9,11,5.370940450276688,True,True,,perf/incremental-yamada-frontier-order,1d8374f42cccbb16d78d44100a65ca603d7d1997,3.14.7,macOS-26.6.2-arm64-arm-64bit-Mach-O,arm,0.032252415898256004,0.14767025003675371,0.026055042049847543,0.006402083090506494,0.006433167029172182,0.01263283402658999,2.1666986867785454e-05,0.00657545798458159,0.006672249990515411,0.0004842920461669564,0.026386501034721732,0.06529641698580235,6.070802919566631e-05,0.14231108408421278,0.0076351669849827886,0.14994625106919557,1.3708020560443401e-05,5.9041078202426434e-05,0.07293158397078514,0.25285424990579486,0.3992948749801144
3800,random_3797,random_cycle_chord,20260823,crossing_rich,2,200,4,11,14,4.931607759352644,True,True,,perf/incremental-yamada-frontier-order,1d8374f42cccbb16d78d44100a65ca603d7d1997,3.14.7,macOS-26.6.2-arm64-arm-64bit-Mach-O,arm,0.03951254195999354,0.17172791599296033,0.03769754199311137,0.008746417006477714,0.009016708005219698,0.017675250070169568,4.5082997530698776e-05,0.009108041995204985,0.009503207984380424,0.0009222920052707195,0.037253875052556396,0.09274866699706763,8.133403025567532e-05,0.18180029198992997,0.016094915918074548,0.19789520790800452,2.0249979570508003e-05,0.0001092919846996665,0.10884358291514218,0.32008404086809605,0.5061932920943946
3801,random_3798,random_cycle_chord,20260823,crossing_rich,5,200,5,8,12,4.201290937413912,True,True,,perf/incremental-yamada-frontier-order,1d8374f42cccbb16d78d44100a65ca603d7d1997,3.14.7,macOS-26.6.2-arm64-arm-64bit-Mach-O,arm,0.03073608293198049,0.1538724589627236,0.03663450002204627,0.010751041932962835,0.012391542084515095,0.0244836249621585,3.908306825906038e-05,0.01273358310572803,0.013380666030570865,0.0013620000099763274,0.051998957176692784,0.11180995893664658,0.00016649998724460602,0.2689529589843005,0.037516457960009575,0.30646941694431007,2.49580480158329e-05,0.00015483296010643244,0.14932641689665616,0.33393495879136026,0.6067897080210969
3802,random_3799,random_cycle_chord,20260823,crossing_rich,2,200,4,10,13,5.621647831892632,True,True,,perf/incremental-yamada-frontier-order,1d8374f42cccbb16d78d44100a65ca603d7d1997,3.14.7,macOS-26.6.2-arm64-arm-64bit-Mach-O,arm,0.03926395799499005,0.14882775000296533,0.05129449989181012,0.008618958992883563,0.009114625048823655,0.01798025006428361,2.9250048100948334e-05,0.009291750029660761,0.009715790976770222,0.0008975840173661709,0.03791462513618171,0.10696920903865248,7.25829740986228e-05,0.2381920840125531,0.01590729202143848,0.2540993760339916,2.0916922949254513e-05,0.0001026670215651393,0.12287650106009096,0.31096820905804634,0.5531179999234155
3803,random_3800,random_cycle_chord,20260823,crossing_rich,2,200,4,8,11,6.5800824371253155,True,True,,perf/incremental-yamada-frontier-order,1d8374f42cccbb16d78d44100a65ca603d7d1997,3.14.7,macOS-26.6.2-arm64-arm-64bit-Mach-O,arm,0.038884124951437116,0.1483777080429718,0.057030374999158084,0.008818959002383053,0.00931333308108151,0.017908957903273404,6.791704799979925e-05,0.009486082941293716,0.009909040993079543,0.0010197919327765703,0.03839179081842303,0.11361129209399223,9.737501386553049e-05,0.1548954170430079,0.016905124997720122,0.17180054204072803,2.1792016923427582e-05,0.00011608307249844074,0.13051641709171236,0.31777825008612126,0.4769272500416264
3804,random_3801,random_cycle_chord,20260823,crossing_rich,5,200,5,8,12,4.172380697764246,True,True,,perf/incremental-yamada-frontier-order,1d8374f42cccbb16d78d44100a65ca603d7d1997,3.14.7,macOS-26.6.2-arm64-arm-64bit-Mach-O,arm,0.03199720790144056,0.15382454206701368,0.03924258297774941,0.0112507080193609,0.012875750078819692,0.026631499989889562,7.599999662488699e-05,0.013864499982446432,0.014485666994005442,0.001476041041314602,0.056533708004280925,0.11993787507526577,0.00019895797595381737,0.27610595792066306,0.027497374918311834,0.3036033328389749,2.674991264939308e-05,0.00015937502030283213,0.1474352499935776,0.33325699996203184,0.6137457920704037
3805,random_3802,random_cycle_chord,20260823,baseline,0,200,4,13,16,4.569340293088867,True,True,,perf/incremental-yamada-frontier-order,1d8374f42cccbb16d78d44100a65ca603d7d1997,3.14.7,macOS-26.6.2-arm64-arm-64bit-Mach-O,arm,0.04550166695844382,0.167825874988921,0.025583417038433254,0.009787708055227995,0.008846750017255545,0.017426084028556943,6.074993871152401e-05,0.009205042035318911,0.009464917005971074,0.0008628329960629344,0.037019626004621387,0.08128000004217029,0.00011800008360296488,0.25780845794361085,0.014776334050111473,0.2725847919937223,3.14170029014349e-05,0.0001312500098720193,0.09605633409228176,0.30938387603964657,0.5723532909760252
3806,random_3803,random_cycle_chord,20260823,crossing_rich,2,200,4,8,11,6.6024357186438944,True,True,,perf/incremental-yamada-frontier-order,1d8374f42cccbb16d78d44100a65ca603d7d1997,3.14.7,macOS-26.6.2-arm64-arm-64bit-Mach-O,arm,0.049994333065114915,0.17304162494838238,0.06189250003080815,0.009904916980303824,0.009941458003595471,0.01917574997060001,3.308302257210016e-05,0.009998291032388806,0.010478292009793222,0.001105375005863607,0.040790791041217744,0.12256212497595698,9.270897135138512e-05,0.16148233297280967,0.019675667048431933,0.1811580000212416,2.2209016606211662e-05,0.0001287920167669654,0.1422377920243889,0.3652737500378862,0.5315969589864835
3807,random_3804,random_cycle_chord,20260823,crossing_rich,4,200,5,9,13,6.077218010787846,True,True,,perf/incremental-yamada-frontier-order,1d8374f42cccbb16d78d44100a65ca603d7d1997,3.14.7,macOS-26.6.2-arm64-arm-64bit-Mach-O,arm,0.04790033400058746,0.16366758302319795,0.06112454202957451,0.011027583037503064,0.01155962492339313,0.022718333988450468,4.541699308902025e-05,0.01163670897949487,0.012597750057466328,0.001368916011415422,0.04836712602991611,0.1321155410259962,9.220803622156382e-05,0.18907324993051589,0.025862041977234185,0.21493529190775007,2.616702113300562e-05,0.00016008294187486172,0.1579775830032304,0.3695455000270158,0.5635091250296682
3808,random_3805,random_cycle_chord,20260823,crossing_rich,5,200,5,8,12,4.15147959268002,True,True,,perf/incremental-yamada-frontier-order,1d8374f42cccbb16d78d44100a65ca603d7d1997,3.14.7,macOS-26.6.2-arm64-arm-64bit-Mach-O,arm,0.03288974997121841,0.16248241695575416,0.045160874957218766,0.01227108296006918,0.013306249980814755,0.026697790948674083,4.087504930794239e-05,0.014054999919608235,0.014488165965303779,0.0014898329973220825,0.05677166488021612,0.12754591705743223,0.0002087079919874668,0.2816370000364259,0.03097387496381998,0.31261087500024587,2.804200630635023e-05,0.00017574999947100878,0.15851979202125221,0.3538919589482248,0.6403127911034971
3809,random_3806,random_cycle_chord,20260823,crossing_rich,3,200,5,12,16,4.565027816501303,True,True,,perf/incremental-yamada-frontier-order,1d8374f42cccbb16d78d44100a65ca603d7d1997,3.14.7,macOS-26.6.2-arm64-arm-64bit-Mach-O,arm,0.04465333407279104,0.16094079206231982,0.04666287498548627,0.011076707975007594,0.011941708042286336,0.02341925003565848,4.02920413762331e-05,0.012147792032919824,0.012649292009882629,0.0012141659390181303,0.049470792058855295,0.11918783304281533,0.00011504197027534246,0.22556941700167954,0.0274179169209674,0.25298733392264694,2.562499139457941e-05,0.00013633398339152336,0.14660574996378273,0.3521998760988936,0.5824875830439851
3810,random_3807,random_cycle_chord,20260823,baseline,0,200,3,9,11,5.402602770136299,True,True,,perf/incremental-yamada-frontier-order,1d8374f42cccbb16d78d44100a65ca603d7d1997,3.14.7,macOS-26.6.2-arm64-arm-64bit-Mach-O,arm,0.033978041959926486,0.1573793749557808,0.02862320898566395,0.0070093750255182385,0.007223792024888098,0.014037332963198423,2.2916006855666637e-05,0.007401417009532452,0.007598791969940066,0.0005613750545307994,0.029621833004057407,0.07249849999789149,6.558396853506565e-05,0.14643895905464888,0.008707250002771616,0.1551462090574205,1.40840420499444e-05,6.591691635549068e-05,0.0812057500006631,0.2725631669163704,0.42318949999753386
3811,random_3808,random_cycle_chord,20260823,baseline,0,200,3,9,11,5.361393957859524,True,True,,perf/incremental-yamada-frontier-order,1d8374f42cccbb16d78d44100a65ca603d7d1997,3.14.7,macOS-26.6.2-arm64-arm-64bit-Mach-O,arm,0.033246666891500354,0.1500635000411421,0.025042791035957634,0.006426249979995191,0.006421792088076472,0.01260733394883573,2.1791085600852966e-05,0.00651058298535645,0.006723082973621786,0.0005396250635385513,0.02640241605695337,0.06431220902595669,6.033398676663637e-05,0.14176625001709908,0.008585584000684321,0.1503518340177834,1.4083925634622574e-05,6.745790597051382e-05,0.07289779302664101,0.25620795995928347,0.4020526249660179
3812,random_3809,random_cycle_chord,20260823,baseline,0,200,4,14,17,4.292564007190401,True,True,,perf/incremental-yamada-frontier-order,1d8374f42cccbb16d78d44100a65ca603d7d1997,3.14.7,macOS-26.6.2-arm64-arm-64bit-Mach-O,arm,0.042863709037192166,0.14777674991637468,0.022174417041242123,0.007601082907058299,0.007931499974802136,0.015567332971841097,2.945796586573124e-05,0.008098791004158556,0.008313708007335663,0.0007077909540385008,0.03271708090323955,0.07045083399862051,8.833303581923246e-05,0.21967870800290257,0.010994457988999784,0.23067316599190235,1.750001683831215e-05,7.883296348154545e-05,0.0814452919876203,0.27208575094118714,0.49592845805455
3813,random_3810,random_cycle_chord,20260823,crossing_rich,2,200,4,8,11,6.5886091721127285,True,True,,perf/incremental-yamada-frontier-order,1d8374f42cccbb16d78d44100a65ca603d7d1997,3.14.7,macOS-26.6.2-arm64-arm-64bit-Mach-O,arm,0.03914445801638067,0.14940145891159773,0.05446620797738433,0.008357124985195696,0.008669084054417908,0.017046332941390574,3.004202153533697e-05,0.008825375000014901,0.009341040975414217,0.0010009579127654433,0.03624374885112047,0.10776304197497666,7.17920484021306e-05,0.1428507079835981,0.01731266698334366,0.16016337496694177,1.895800232887268e-05,0.00011641695164144039,0.12507570895832032,0.3136216258862987,0.46063587500248104
3814,random_3811,random_cycle_chord,20260823,baseline,0,200,3,9,11,5.399815628581713,True,True,,perf/incremental-yamada-frontier-order,1d8374f42cccbb16d78d44100a65ca603d7d1997,3.14.7,macOS-26.6.2-arm64-arm-64bit-Mach-O,arm,0.032415791996754706,0.19329037505667657,0.028935167007148266,0.00755362503696233,0.007341874996200204,0.014473666902631521,3.8541038520634174e-05,0.0074067499954253435,0.0077401670860126615,0.0005622499156743288,0.03022137493826449,0.07407400000374764,7.525004912167788e-05,0.14924945891834795,0.008797541027888656,0.1580469999462366,1.7000013031065464e-05,7.40840332582593e-05,0.0828715410316363,0.30857770808506757,0.4621469579869881
3815,random_3812,random_cycle_chord,20260823,baseline,0,200,3,9,11,5.356662957064679,True,True,,perf/incremental-yamada-frontier-order,1d8374f42cccbb16d78d44100a65ca603d7d1997,3.14.7,macOS-26.6.2-arm64-arm-64bit-Mach-O,arm,0.03293216601014137,0.14829629205632955,0.02378691709600389,0.0064276669872924685,0.006393042043782771,0.01257825002539903,2.2082938812673092e-05,0.006535041960887611,0.006726292078383267,0.0005700829206034541,0.026431749924086034,0.06305912497919053,7.004197686910629e-05,0.1661357079865411,0.010042040958069265,0.17617774894461036,1.716695260256529e-05,7.812504190951586e-05,0.0731011659372598,0.2543296240037307,0.424560125102289
3816,random_3813,random_cycle_chord,20260823,crossing_rich,5,200,5,8,12,4.218347889411705,True,True,,perf/incremental-yamada-frontier-order,1d8374f42cccbb16d78d44100a65ca603d7d1997,3.14.7,macOS-26.6.2-arm64-arm-64bit-Mach-O,arm,0.031849083956331015,0.153846750035882,0.03606770804617554,0.010972833028063178,0.01258587499614805,0.02474975003860891,4.1041988879442215e-05,0.012777791009284556,0.013506707968190312,0.0013815409038215876,0.05245683190878481,0.11211950005963445,0.00016895798034965992,0.16298741602804512,0.027590999961830676,0.1905784159898758,2.466596197336912e-05,0.00015433295629918575,0.13971050002146512,0.32540633401367813,0.49320129200350493
3817,random_3814,random_cycle_chord,20260823,crossing_rich,3,200,4,8,11,4.202386682869677,True,True,,perf/incremental-yamada-frontier-order,1d8374f42cccbb16d78d44100a65ca603d7d1997,3.14.7,macOS-26.6.2-arm64-arm-64bit-Mach-O,arm,0.028487625066190958,0.14933520799968392,0.03194208303466439,0.009345666039735079,0.010117958066985011,0.01999745809007436,3.09160677716136e-05,0.010321332956664264,0.010872083017602563,0.0010016660671681166,0.04222345619928092,0.09365658299066126,6.80841039866209e-05,0.24351983307860792,0.02132299996446818,0.2648428330430761,3.2250070944428444e-05,0.00014162494335323572,0.11497958295512944,0.2928024160210043,0.5404366250149906
3818,random_3815,random_cycle_chord,20260823,crossing_rich,4,200,5,9,13,6.072175031080146,True,True,,perf/incremental-yamada-frontier-order,1d8374f42cccbb16d78d44100a65ca603d7d1997,3.14.7,macOS-26.6.2-arm64-arm-64bit-Mach-O,arm,0.049315416952595115,0.16162820800673217,0.06776174996048212,0.013237791019491851,0.01614349998999387,0.02523004205431789,6.487499922513962e-05,0.0130849169800058,0.013812375022098422,0.0015370830660685897,0.053729292121715844,0.15095016604755074,0.00011320796329528093,0.19370350008830428,0.027140417019836605,0.22084391710814089,2.695806324481964e-05,0.00016387493815273046,0.17809058306738734,0.3890342080267146,0.5879927090136334
3819,random_3816,random_cycle_chord,20260823,crossing_rich,3,200,4,8,11,4.100498527851831,True,True,,perf/incremental-yamada-frontier-order,1d8374f42cccbb16d78d44100a65ca603d7d1997,3.14.7,macOS-26.6.2-arm64-arm-64bit-Mach-O,arm,0.030126750003546476,0.15956804109737277,0.03777262498624623,0.010192082962021232,0.010802957927808166,0.021293833968229592,3.3458927646279335e-05,0.010998958023265004,0.011478957952931523,0.0010425410000607371,0.044847749872133136,0.10364466696046293,7.270800415426493e-05,0.1559862910071388,0.02083333395421505,0.17681962496135384,2.0708073861896992e-05,0.00012337497901171446,0.12447800091467798,0.3141727920155972,0.4749359160196036
3820,random_3817,random_cycle_chord,20260823,baseline,0,200,3,11,13,5.227598717667633,True,True,,perf/incremental-yamada-frontier-order,1d8374f42cccbb16d78d44100a65ca603d7d1997,3.14.7,macOS-26.6.2-arm64-arm-64bit-Mach-O,arm,0.03709479095414281,0.156272083055228,0.02346549998037517,0.006998208002187312,0.007213166914880276,0.014152082963846624,2.208305522799492e-05,0.007334958063438535,0.007500540930777788,0.0005209170049056411,0.029530582018196583,0.0672286250628531,7.033301517367363e-05,0.1670035000424832,0.008615957922302186,0.1756194579647854,1.5749945305287838e-05,7.083290256559849e-05,0.07584458298515528,0.2692114569945261,0.4403447079239413
3821,random_3818,random_cycle_chord,20260823,baseline,0,200,3,9,11,5.315950810097499,True,True,,perf/incremental-yamada-frontier-order,1d8374f42cccbb16d78d44100a65ca603d7d1997,3.14.7,macOS-26.6.2-arm64-arm-64bit-Mach-O,arm,0.032089042011648417,0.14772429200820625,0.024777416023425758,0.006527750054374337,0.006692124996334314,0.013171375030651689,2.220796886831522e-05,0.006796582951210439,0.006999667035415769,0.0005420000525191426,0.027531833038665354,0.06554870901163667,6.062502507120371e-05,0.14075579098425806,0.008476707967929542,0.1492324989521876,1.4416989870369434e-05,6.716698408126831e-05,0.07402541697956622,0.2538387509994209,0.398628665949218
3822,random_3819,random_cycle_chord,20260823,crossing_rich,4,200,5,11,15,5.219478167972824,True,True,,perf/incremental-yamada-frontier-order,1d8374f42cccbb16d78d44100a65ca603d7d1997,3.14.7,macOS-26.6.2-arm64-arm-64bit-Mach-O,arm,0.04343687498476356,0.14814995892811567,0.04689058300573379,0.009988332982175052,0.010998500045388937,0.021598166902549565,5.312508437782526e-05,0.011170750018209219,0.011808958952315152,0.0013470420381054282,0.04597804299555719,0.11389662500005215,8.5500068962574e-05,0.19966795796062797,0.02638091694097966,0.22604887490160763,2.3792032152414322e-05,0.00014745804946869612,0.1402775419410318,0.33186437585391104,0.5359146250411868
3823,random_3820,random_cycle_chord,20260823,crossing_rich,6,200,6,10,15,5.628566390914566,True,True,,perf/incremental-yamada-frontier-order,1d8374f42cccbb16d78d44100a65ca603d7d1997,3.14.7,macOS-26.6.2-arm64-arm-64bit-Mach-O,arm,0.04510720900725573,0.1484766659559682,0.06262362492270768,0.011655709007754922,0.013533708057366312,0.02673087501898408,4.39169816672802e-05,0.013854542048648,0.014670540927909315,0.0016507499385625124,0.056950624915771186,0.14480354194529355,0.00023037497885525227,0.29273041698616,0.042594333994202316,0.3353247509803623,3.100000321865082e-05,0.00016975007019937038,0.18739787593949586,0.3809817509027198,0.6776273750001565
3824,random_3821,random_cycle_chord,20260823,baseline,0,200,3,9,11,5.342709060073216,True,True,,perf/incremental-yamada-frontier-order,1d8374f42cccbb16d78d44100a65ca603d7d1997,3.14.7,macOS-26.6.2-arm64-arm-64bit-Mach-O,arm,0.0317418749909848,0.14738300000317395,0.027074499987065792,0.006630500080063939,0.006686749984510243,0.013126499950885773,2.133403904736042e-05,0.00678258400876075,0.0069549999898299575,0.0005067919846624136,0.027392209973186255,0.06780295807402581,5.891697946935892e-05,0.14188870904035866,0.008107541012577713,0.14999625005293638,1.4208024367690086e-05,6.170908454805613e-05,0.07591049908660352,0.25503537408076227,0.40094770793803036
3825,random_3822,random_cycle_chord,20260823,crossing_rich,5,200,6,11,16,4.689990031372822,True,True,,perf/incremental-yamada-frontier-order,1d8374f42cccbb16d78d44100a65ca603d7d1997,3.14.7,macOS-26.6.2-arm64-arm-64bit-Mach-O,arm,0.04218737501651049,0.1482680420158431,0.04484350001439452,0.011448999983258545,0.01292787492275238,0.025532583007588983,5.804200191050768e-05,0.01316412491723895,0.013914625043980777,0.0016122079687193036,0.05428158293943852,0.12355104100424796,9.820796549320221e-05,0.21445708291139454,0.031941625056788325,0.24639870796818286,2.8333975933492184e-05,0.00016799999866634607,0.1554926660610363,0.34594808309338987,0.5649297080235556
3826,random_3823,random_cycle_chord,20260823,crossing_rich,9,200,7,14,20,4.290170854524589,True,True,,perf/incremental-yamada-frontier-order,1d8374f42cccbb16d78d44100a65ca603d7d1997,3.14.7,macOS-26.6.2-arm64-arm-64bit-Mach-O,arm,0.050704583059996367,0.14892029098700732,0.048886458040215075,0.016372208017855883,0.01711620797868818,0.03367741603869945,6.52919989079237e-05,0.017388292006216943,0.018491707975044847,0.002168874954804778,0.07179158297367394,0.15422100003343076,0.00012949993833899498,0.26032925001345575,0.04960708296857774,0.3099363329820335,3.716698847711086e-05,0.00023466593120247126,0.2038280830020085,0.4034529570490122,0.668729875003919
3827,random_3824,random_cycle_chord,20260823,crossing_rich,5,200,6,11,16,4.710092292120007,True,True,,perf/incremental-yamada-frontier-order,1d8374f42cccbb16d78d44100a65ca603d7d1997,3.14.7,macOS-26.6.2-arm64-arm-64bit-Mach-O,arm,0.04213433398399502,0.15273462503682822,0.04342745803296566,0.011426583980210125,0.012807082966901362,0.0251782089471817,4.483305383473635e-05,0.013113333028741181,0.01385691692121327,0.0015507920179516077,0.053744083968922496,0.12144612497650087,9.279197547584772e-05,0.2143327919766307,0.02946333307772875,0.24379612505435944,2.7667032554745674e-05,0.00016200006939470768,0.15090945805422962,0.34577841707505286,0.5647185000125319
3828,random_3825,random_cycle_chord,20260823,crossing_rich,4,200,5,9,13,6.080241988195916,True,True,,perf/incremental-yamada-frontier-order,1d8374f42cccbb16d78d44100a65ca603d7d1997,3.14.7,macOS-26.6.2-arm64-arm-64bit-Mach-O,arm,0.04240199993364513,0.15037362498696893,0.05653737497050315,0.01001333398744464,0.011234541074372828,0.022151042008772492,3.7375022657215595e-05,0.011482374975457788,0.012090374948456883,0.0012637079926207662,0.047024874947965145,0.12484329205472022,8.037500083446503e-05,0.1722920829197392,0.023666666937060654,0.19595874985679984,2.3250002413988113e-05,0.00013579195365309715,0.14850995899178088,0.34128558391239494,0.5180400829995051
3829,random_3826,random_cycle_chord,20260823,crossing_rich,9,200,7,14,20,4.291165246309158,True,True,,perf/incremental-yamada-frontier-order,1d8374f42cccbb16d78d44100a65ca603d7d1997,3.14.7,macOS-26.6.2-arm64-arm-64bit-Mach-O,arm,0.05078829103149474,0.14956658298615366,0.04871891695074737,0.015665207989513874,0.016864625038579106,0.03333220793865621,5.454104393720627e-05,0.017232291982509196,0.01844529202207923,0.0021016659447923303,0.07116599893197417,0.15246400004252791,0.00011324998922646046,0.2750937499804422,0.047608333989046514,0.32270208396948874,3.483297768980265e-05,0.0002234580460935831,0.20007233403157443,0.4004272080492228,0.68048912496306
3830,random_3827,random_cycle_chord,20260823,crossing_rich,5,200,5,8,12,4.2424471543930995,True,True,,perf/incremental-yamada-frontier-order,1d8374f42cccbb16d78d44100a65ca603d7d1997,3.14.7,macOS-26.6.2-arm64-arm-64bit-Mach-O,arm,0.030452709062956274,0.14840904204174876,0.0440072079654783,0.01104862499050796,0.01246379199437797,0.024676957982592285,4.054198507219553e-05,0.01273166702594608,0.013383374898694456,0.0013404999626800418,0.05217304185498506,0.11973054194822907,0.0002649580128490925,0.2625789169687778,0.02535987494047731,0.2879387919092551,2.483394928276539e-05,0.0001463328953832388,0.14509041688870639,0.3239521679934114,0.5909478749381378
3831,random_3828,random_cycle_chord,20260823,crossing_rich,5,200,5,8,12,4.253953512739189,True,True,,perf/incremental-yamada-frontier-order,1d8374f42cccbb16d78d44100a65ca603d7d1997,3.14.7,macOS-26.6.2-arm64-arm-64bit-Mach-O,arm,0.031221291981637478,0.1484327499056235,0.039505750057287514,0.010923750000074506,0.012562500080093741,0.024911000044085085,3.799994010478258e-05,0.012833249988034368,0.013471500016748905,0.0013920830097049475,0.05264583299867809,0.1156717500416562,0.00026533391792327166,0.2671768330037594,0.02669033408164978,0.29386716708540916,2.5582965463399887e-05,0.00015362491831183434,0.14236208412330598,0.32201612601056695,0.5936346249654889
3832,random_3829,random_cycle_chord,20260823,crossing_rich,4,200,5,9,13,6.073660210071334,True,True,,perf/incremental-yamada-frontier-order,1d8374f42cccbb16d78d44100a65ca603d7d1997,3.14.7,macOS-26.6.2-arm64-arm-64bit-Mach-O,arm,0.042594167054630816,0.14803033391945064,0.06078975007403642,0.010028041899204254,0.011149332975037396,0.02194400003645569,3.829202614724636e-05,0.011342624900862575,0.011970875086262822,0.0012595000443980098,0.046555292094126344,0.12855645804665983,8.166709449142218e-05,0.1726429999107495,0.023726957966573536,0.19636995787732303,2.345896791666746e-05,0.0001365420175716281,0.15228341601323336,0.3429079169873148,0.5201710000401363
3833,random_3830,random_cycle_chord,20260823,baseline,0,200,3,8,10,6.156329852228754,True,True,,perf/incremental-yamada-frontier-order,1d8374f42cccbb16d78d44100a65ca603d7d1997,3.14.7,macOS-26.6.2-arm64-arm-64bit-Mach-O,arm,0.032563666929490864,0.1485593750840053,0.03310112503822893,0.006700375000946224,0.006614375044591725,0.01302062498871237,2.1082931198179722e-05,0.006797207985073328,0.0069913329789415,0.0005527909379452467,0.027383039821870625,0.07381816604174674,5.6416960433125496e-05,0.13041891704779118,0.00883683399297297,0.13925575104076415,1.5042023733258247e-05,7.458310574293137e-05,0.0826550000347197,0.26377804204821587,0.39834879094269127
3834,random_3831,random_cycle_chord,20260823,crossing_rich,5,200,6,12,17,4.441633831932074,True,True,,perf/incremental-yamada-frontier-order,1d8374f42cccbb16d78d44100a65ca603d7d1997,3.14.7,macOS-26.6.2-arm64-arm-64bit-Mach-O,arm,0.043392332969233394,0.1486332919448614,0.044077333994209766,0.011364083969965577,0.012726417044177651,0.02505941700655967,5.3875031881034374e-05,0.012919957982376218,0.013693833025172353,0.0015840419800952077,0.05331112502608448,0.12152833410073072,9.650003630667925e-05,0.2246542089851573,0.029741415986791253,0.25439562497194856,2.9041897505521774e-05,0.00016591697931289673,0.15126975008752197,0.3432953750016168,0.5725627499632537
3835,random_3832,random_cycle_chord,20260823,crossing_rich,5,200,5,8,12,4.227507010739562,True,True,,perf/incremental-yamada-frontier-order,1d8374f42cccbb16d78d44100a65ca603d7d1997,3.14.7,macOS-26.6.2-arm64-arm-64bit-Mach-O,arm,0.030759167042560875,0.15113933302927762,0.04295083391480148,0.010888584074564278,0.012462207931093872,0.02458183409180492,3.720808308571577e-05,0.012580457958392799,0.013280750019475818,0.001326582976616919,0.05180683312937617,0.11814245791174471,0.00026633404195308685,0.270917542045936,0.029220207943581045,0.30013774998951703,2.89171002805233e-05,0.0001547079300507903,0.14736266585532576,0.32926116592716426,0.6048089169198647
3836,random_3833,random_cycle_chord,20260823,crossing_rich,5,200,5,9,13,4.340362115159998,True,True,,perf/incremental-yamada-frontier-order,1d8374f42cccbb16d78d44100a65ca603d7d1997,3.14.7,macOS-26.6.2-arm64-arm-64bit-Mach-O,arm,0.034013040945865214,0.15102879202459008,0.04183858400210738,0.010952375014312565,0.012689540977589786,0.025512291002087295,5.408294964581728e-05,0.012856834102421999,0.01347658399026841,0.0014085000148043036,0.053308292059227824,0.11883362499065697,9.062490426003933e-05,0.1778286249609664,0.027556249988265336,0.20538487494923174,2.529192715883255e-05,0.00015062501188367605,0.1463898749789223,0.3314317079493776,0.5137580829905346
3837,random_3834,random_cycle_chord,20260823,crossing_rich,6,200,6,11,16,5.225020868481507,True,True,,perf/incremental-yamada-frontier-order,1d8374f42cccbb16d78d44100a65ca603d7d1997,3.14.7,macOS-26.6.2-arm64-arm-64bit-Mach-O,arm,0.04710454202722758,0.14889166702050716,0.05207295797299594,0.01135254092514515,0.012865707976743579,0.025437874952331185,4.454201553016901e-05,0.013128540944308043,0.013898583012633026,0.0016369579825550318,0.054146498907357454,0.13047979096882045,9.879202116280794e-05,0.21699262491893023,0.032797374995425344,0.24978999991435558,2.8665992431342602e-05,0.0001709581119939685,0.1632771659642458,0.35927337501198053,0.5809240409871563
3838,random_3835,random_cycle_chord,20260823,crossing_rich,4,200,5,8,12,6.584101660287643,True,True,,perf/incremental-yamada-frontier-order,1d8374f42cccbb16d78d44100a65ca603d7d1997,3.14.7,macOS-26.6.2-arm64-arm-64bit-Mach-O,arm,0.04295120795723051,0.14866379194427282,0.06721154099795967,0.009671333944424987,0.010605290997773409,0.020900666946545243,3.816699609160423e-05,0.010876375017687678,0.01156862499192357,0.0013776670675724745,0.04476150101982057,0.13228349993005395,0.0001569580053910613,0.16180579108186066,0.027252000058069825,0.1890577911399305,2.37500062212348e-05,0.00015029101632535458,0.15953549998812377,0.3511504998896271,0.5176744159543887
3839,random_3836,random_cycle_chord,20260823,baseline,0,200,3,8,10,6.140477631145128,True,True,,perf/incremental-yamada-frontier-order,1d8374f42cccbb16d78d44100a65ca603d7d1997,3.14.7,macOS-26.6.2-arm64-arm-64bit-Mach-O,arm,0.03258554101921618,0.14774120796937495,0.03048312501050532,0.0065807499922811985,0.006658415892161429,0.013121083960868418,2.2249994799494743e-05,0.006808292004279792,0.007021375000476837,0.0005696250591427088,0.02754262601956725,0.07128416700288653,5.862500984221697e-05,0.12821941694710404,0.009115291992202401,0.13733470893930644,1.4082994312047958e-05,7.091695442795753e-05,0.08039945899508893,0.26072620798368007,0.39307341701351106
3840,random_3837,random_cycle_chord,20260823,crossing_rich,3,200,4,8,11,4.112739155133557,True,True,,perf/incremental-yamada-frontier-order,1d8374f42cccbb16d78d44100a65ca603d7d1997,3.14.7,macOS-26.6.2-arm64-arm-64bit-Mach-O,arm,0.027430708054453135,0.15840708394534886,0.03589370904956013,0.009393458953127265,0.010072000091895461,0.01994550006929785,2.9833056032657623e-05,0.01035358291119337,0.010761250043287873,0.0009819159749895334,0.042072082054801285,0.09745949995703995,7.620803080499172e-05,0.14606833399739116,0.018426000024192035,0.1644943340215832,2.0666047930717468e-05,0.00011408398859202862,0.11588549998123199,0.301723291981034,0.45201066706795245
3841,random_3838,random_cycle_chord,20260823,crossing_rich,4,200,5,9,13,6.0818153272643505,True,True,,perf/incremental-yamada-frontier-order,1d8374f42cccbb16d78d44100a65ca603d7d1997,3.14.7,macOS-26.6.2-arm64-arm-64bit-Mach-O,arm,0.04271470895037055,0.1481165000004694,0.05526037502568215,0.009914750000461936,0.01113237498793751,0.021923166932538152,3.750005271285772e-05,0.011395082925446332,0.012029208010062575,0.0012692499440163374,0.046654207864776254,0.12299554096534848,8.320808410644531e-05,0.1729839580366388,0.024184957961551845,0.19716891599819064,2.3541972041130066e-05,0.00014058302622288465,0.14718049892690033,0.33801170787774026,0.5153851250652224
3842,random_3839,random_cycle_chord,20260823,baseline,0,200,4,10,13,4.6817606500972895,True,True,,perf/incremental-yamada-frontier-order,1d8374f42cccbb16d78d44100a65ca603d7d1997,3.14.7,macOS-26.6.2-arm64-arm-64bit-Mach-O,arm,0.034137916984036565,0.14842741598840803,0.022261207923293114,0.007466749986633658,0.007647167076356709,0.015006583998911083,3.075005952268839e-05,0.007805707980878651,0.008057374972850084,0.0007412079721689224,0.03164162498433143,0.06904312502592802,7.129204459488392e-05,0.15645845793187618,0.011705041048116982,0.16816349897999316,1.879199407994747e-05,8.570903446525335e-05,0.080748166074045,0.2633134990464896,0.4240678329952061
3843,random_3840,random_cycle_chord,20260823,baseline,0,200,4,13,16,4.568304009937087,True,True,,perf/incremental-yamada-frontier-order,1d8374f42cccbb16d78d44100a65ca603d7d1997,3.14.7,macOS-26.6.2-arm64-arm-64bit-Mach-O,arm,0.04117962496820837,0.14997287502046674,0.02272233390249312,0.007990125101059675,0.008480500080622733,0.016743583022616804,3.112491685897112e-05,0.008652040967717767,0.008872249978594482,0.0006964580388739705,0.034995456924661994,0.07421587500721216,8.387502748519182e-05,0.20805366698186845,0.010688625043258071,0.21874229202512652,1.8457998521625996e-05,7.870898116379976e-05,0.08490450005047023,0.27605700003914535,0.48841500002890825
3844,random_3841,random_cycle_chord,20260823,baseline,0,200,3,10,12,4.710322474519053,True,True,,perf/incremental-yamada-frontier-order,1d8374f42cccbb16d78d44100a65ca603d7d1997,3.14.7,macOS-26.6.2-arm64-arm-64bit-Mach-O,arm,0.031359209096990526,0.1482445829315111,0.021449375082738698,0.006426125066354871,0.006560417008586228,0.012837458052672446,2.204196061939001e-05,0.006668040994554758,0.006818041088990867,0.000523374998010695,0.026868957094848156,0.061324332957156,6.595894228667021e-05,0.15430387505330145,0.00825570896267891,0.16255958401598036,1.4167046174407005e-05,6.358395330607891e-05,0.06958004191983491,0.24918383394833654,0.4076382500352338
3845,random_3842,random_cycle_chord,20260823,crossing_rich,5,200,5,10,14,4.016605491399628,True,True,,perf/incremental-yamada-frontier-order,1d8374f42cccbb16d78d44100a65ca603d7d1997,3.14.7,macOS-26.6.2-arm64-arm-64bit-Mach-O,arm,0.03461837500799447,0.15184170892462134,0.04081308399327099,0.010693459073081613,0.011977749993093312,0.02365550003014505,3.754196222871542e-05,0.012268249993212521,0.01304250000976026,0.0014125410234555602,0.050416333018802106,0.11393454193603247,9.095808491110802e-05,0.17531212500762194,0.0288579169427976,0.20417004195041955,2.38749198615551e-05,0.00014954200014472008,0.14279245887883008,0.3292525428114459,0.5092753340722993
3846,random_3843,random_cycle_chord,20260823,crossing_rich,2,200,4,9,12,5.845808755495846,True,True,,perf/incremental-yamada-frontier-order,1d8374f42cccbb16d78d44100a65ca603d7d1997,3.14.7,macOS-26.6.2-arm64-arm-64bit-Mach-O,arm,0.03907954099122435,0.1496669159969315,0.046976083889603615,0.00833108404185623,0.008844041964039207,0.01736841700039804,3.091699909418821e-05,0.008993542054668069,0.009432208025828004,0.0009232079610228539,0.036748292041011155,0.1009267499903217,7.42500415071845e-05,0.15633429202716798,0.016407583956606686,0.17274187598377466,1.9499915651977062e-05,0.00010283291339874268,0.11733433394692838,0.3060807909350842,0.46666212496347725
3847,random_3844,random_cycle_chord,20260823,baseline,0,200,3,13,15,4.565566793250196,True,True,,perf/incremental-yamada-frontier-order,1d8374f42cccbb16d78d44100a65ca603d7d1997,3.14.7,macOS-26.6.2-arm64-arm-64bit-Mach-O,arm,0.038033499964512885,0.1480233339825645,0.021893167053349316,0.006707541993819177,0.0067134581040591,0.013201292022131383,2.1415995433926582e-05,0.0068638750817626715,0.007021749974228442,0.0005516250384971499,0.027659958112053573,0.06299333297647536,7.283396553248167e-05,0.19300516706425697,0.008710332913324237,0.2017154999775812,1.4291959814727306e-05,7.162499241530895e-05,0.0717036658897996,0.257760499836877,0.4549023329745978
3848,random_3845,random_cycle_chord,20260823,crossing_rich,4,200,5,10,14,5.390662534280905,True,True,,perf/incremental-yamada-frontier-order,1d8374f42cccbb16d78d44100a65ca603d7d1997,3.14.7,macOS-26.6.2-arm64-arm-64bit-Mach-O,arm,0.04206762497778982,0.14901958301197737,0.052278125076554716,0.01001458300743252,0.011052416986785829,0.02182345895562321,3.862509038299322e-05,0.011325958068482578,0.011946333921514452,0.001320375013165176,0.04645475104916841,0.11983516695909202,8.274998981505632e-05,0.27190720790531486,0.03461333294399083,0.3065205408493057,2.520799171179533e-05,0.0001431669807061553,0.15444849990308285,0.34553570789285004,0.6213261670200154
3849,random_3846,random_cycle_chord,20260823,crossing_rich,5,200,5,8,12,4.221782286829184,True,True,,perf/incremental-yamada-frontier-order,1d8374f42cccbb16d78d44100a65ca603d7d1997,3.14.7,macOS-26.6.2-arm64-arm-64bit-Mach-O,arm,0.03041766700334847,0.14907295804005116,0.03882270900066942,0.010759374941699207,0.012508124927990139,0.024678582907654345,3.787502646446228e-05,0.012793708010576665,0.01344624999910593,0.0013773749815300107,0.052333790925331414,0.11445837502833456,0.00016283406876027584,0.26974254101514816,0.027294083032757044,0.2970366240479052,2.458400558680296e-05,0.00015208299737423658,0.1417524580610916,0.32124308310449123,0.5953942498890683
3850,random_3847,random_cycle_chord,20260823,crossing_rich,4,200,5,11,15,5.22264029761924,True,True,,perf/incremental-yamada-frontier-order,1d8374f42cccbb16d78d44100a65ca603d7d1997,3.14.7,macOS-26.6.2-arm64-arm-64bit-Mach-O,arm,0.04240541695617139,0.14828562503680587,0.047125292010605335,0.009879125049337745,0.010936000035144389,0.021589791984297335,3.729097079485655e-05,0.011186291929334402,0.011720333946868777,0.0012196250027045608,0.04575333383399993,0.11372733407188207,8.91669187694788e-05,0.2031455000396818,0.024997749947942793,0.22814324998762459,2.491706982254982e-05,0.00014183297753334045,0.13872508401982486,0.3294161260128021,0.5371229999000207
3851,random_3848,random_cycle_chord,20260823,crossing_rich,2,200,4,9,12,5.705331791773827,True,True,,perf/incremental-yamada-frontier-order,1d8374f42cccbb16d78d44100a65ca603d7d1997,3.14.7,macOS-26.6.2-arm64-arm-64bit-Mach-O,arm,0.038970333989709616,0.15861991699784994,0.05443954200018197,0.00909924996085465,0.009272875031456351,0.018346708035096526,3.1667063012719154e-05,0.009514125064015388,0.00996858300641179,0.0009854580275714397,0.038846541196107864,0.11168741702567786,7.720803841948509e-05,0.17349304200615734,0.018921374925412238,0.19241441693156958,2.6209047064185143e-05,0.00012762495316565037,0.1306087919510901,0.32819904293864965,0.5063595829997212
3852,random_3849,random_cycle_chord,20260823,crossing_rich,5,200,5,8,12,4.179802636407634,True,True,,perf/incremental-yamada-frontier-order,1d8374f42cccbb16d78d44100a65ca603d7d1997,3.14.7,macOS-26.6.2-arm64-arm-64bit-Mach-O,arm,0.034514583996497095,0.16898804192896932,0.04834374994970858,0.013064333004876971,0.014375458005815744,0.028365207952447236,4.4332933612167835e-05,0.014779833029024303,0.015106874983757734,0.0015156659064814448,0.059811914805322886,0.13563591695856303,0.00021658395417034626,0.17721779202111065,0.03359312494285405,0.2108109169639647,3.27499583363533e-05,0.0001901669893413782,0.16922904190141708,0.3727316678268835,0.5553370409179479
3853,random_3850,random_cycle_chord,20260823,crossing_rich,3,200,5,11,15,5.047300237369018,True,True,,perf/incremental-yamada-frontier-order,1d8374f42cccbb16d78d44100a65ca603d7d1997,3.14.7,macOS-26.6.2-arm64-arm-64bit-Mach-O,arm,0.04940024996176362,0.16913275001570582,0.04619208292569965,0.011198666994459927,0.011625958024524152,0.022882875055074692,4.2625004425644875e-05,0.011895583011209965,0.012541708070784807,0.0013604169944301248,0.04872320813592523,0.11777849995996803,0.0001016249880194664,0.2207379579776898,0.02532562508713454,0.24606358306482434,2.566596958786249e-05,0.00014470808673650026,0.14310412504710257,0.361637125024572,0.5874296660767868
3854,random_3851,random_cycle_chord,20260823,crossing_rich,5,200,5,8,12,4.208340431350281,True,True,,perf/incremental-yamada-frontier-order,1d8374f42cccbb16d78d44100a65ca603d7d1997,3.14.7,macOS-26.6.2-arm64-arm-64bit-Mach-O,arm,0.03390891698654741,0.162271416047588,0.04649041697848588,0.011947125080041587,0.013607500004582107,0.026682417024858296,4.2458996176719666e-05,0.013559333980083466,0.014613084029406309,0.0014032089384272695,0.05630050296895206,0.1283830829197541,0.00027841702103614807,0.28891300002578646,0.039871125016361475,0.32878412504214793,2.704199869185686e-05,0.0001562919933348894,0.16825420793611556,0.36443454097025096,0.6577295419992879
3855,random_3852,random_cycle_chord,20260823,crossing_rich,5,200,5,8,12,4.144665768651725,True,True,,perf/incremental-yamada-frontier-order,1d8374f42cccbb16d78d44100a65ca603d7d1997,3.14.7,macOS-26.6.2-arm64-arm-64bit-Mach-O,arm,0.03280029201414436,0.16044212505221367,0.03727529104799032,0.01173595804721117,0.013313916977494955,0.026312542031519115,4.11659711971879e-05,0.013584457919932902,0.014312708051875234,0.0014614589745178819,0.05571233294904232,0.11807379208039492,0.00021174992434680462,0.17164895893074572,0.02893041691277176,0.20057937584351748,2.6124995201826096e-05,0.00016795797273516655,0.14700420899316669,0.3402466260595247,0.5168772919569165
3856,random_3853,random_cycle_chord,20260823,crossing_rich,4,200,5,8,12,6.58506340752414,True,True,,perf/incremental-yamada-frontier-order,1d8374f42cccbb16d78d44100a65ca603d7d1997,3.14.7,macOS-26.6.2-arm64-arm-64bit-Mach-O,arm,0.04673891607671976,0.15868566592689604,0.06505337497219443,0.010547957965172827,0.011162917013280094,0.02192770899273455,3.970798570662737e-05,0.011443666997365654,0.012447208049707115,0.0015129169914871454,0.04737120901700109,0.1341717499308288,0.00017583300359547138,0.1703966660425067,0.028372125001624227,0.19876879104413092,2.6124995201826096e-05,0.00016491708811372519,0.16254387493245304,0.36796845693606883,0.5432730410248041
3857,random_3854,random_cycle_chord,20260823,baseline,0,200,3,9,11,5.399887993960413,True,True,,perf/incremental-yamada-frontier-order,1d8374f42cccbb16d78d44100a65ca603d7d1997,3.14.7,macOS-26.6.2-arm64-arm-64bit-Mach-O,arm,0.033736833021976054,0.15234270796645433,0.024129249970428646,0.00672745902556926,0.0065242910059168935,0.012841167044825852,2.1417043171823025e-05,0.006665291963145137,0.006925041903741658,0.000560999964363873,0.027013917919248343,0.06441466591786593,6.295798812061548e-05,0.14685662498231977,0.008875957923009992,0.15573258290532976,1.4208024367690086e-05,6.862496957182884e-05,0.07329062384087592,0.2593701648293063,0.4104747499804944
3858,random_3855,random_cycle_chord,20260823,crossing_rich,3,200,4,8,11,4.164295438463283,True,True,,perf/incremental-yamada-frontier-order,1d8374f42cccbb16d78d44100a65ca603d7d1997,3.14.7,macOS-26.6.2-arm64-arm-64bit-Mach-O,arm,0.02788654202595353,0.14960816700477153,0.0366143750725314,0.00914912496227771,0.01014737505465746,0.019840666907839477,3.0166935175657272e-05,0.01022804097738117,0.01069854199886322,0.0009575410513207316,0.041754957870580256,0.09769254201091826,6.791704799979925e-05,0.14462287502828985,0.017616958008147776,0.16223983303643763,1.9000028260052204e-05,0.00010775006376206875,0.11530950001906604,0.2928042090497911,0.4416776669677347
3859,random_3856,random_cycle_chord,20260823,crossing_rich,6,200,6,11,16,5.223005931363926,True,True,,perf/incremental-yamada-frontier-order,1d8374f42cccbb16d78d44100a65ca603d7d1997,3.14.7,macOS-26.6.2-arm64-arm-64bit-Mach-O,arm,0.04566179099492729,0.14851137495134026,0.051230625016614795,0.013617541990242898,0.013590542017482221,0.026815167046152055,4.349998198449612e-05,0.013850125018507242,0.014799583004787564,0.0016897079767659307,0.05719808302819729,0.13567700004205108,9.516696445643902e-05,0.21473016601521522,0.0334865830373019,0.24821674905251712,2.954190131276846e-05,0.00017912499606609344,0.16916358307935297,0.3633367490256205,0.5827065409393981
3860,random_3857,random_cycle_chord,20260823,baseline,0,200,3,9,11,5.369442093775162,True,True,,perf/incremental-yamada-frontier-order,1d8374f42cccbb16d78d44100a65ca603d7d1997,3.14.7,macOS-26.6.2-arm64-arm-64bit-Mach-O,arm,0.03197916701901704,0.1598431250313297,0.022914583096280694,0.006732625071890652,0.0067624159855768085,0.013263916946016252,2.1124957129359245e-05,0.00691729097161442,0.0070647080428898335,0.0005472080083563924,0.027814248926006258,0.06424295902252197,6.337498780339956e-05,0.14227449998725206,0.008946541929617524,0.15122104191686958,1.6332953236997128e-05,7.1333022788167e-05,0.0731895009521395,0.26501179300248623,0.4114925420144573
3861,random_3858,random_cycle_chord,20260823,baseline,0,200,3,8,10,6.164806966554596,True,True,,perf/incremental-yamada-frontier-order,1d8374f42cccbb16d78d44100a65ca603d7d1997,3.14.7,macOS-26.6.2-arm64-arm-64bit-Mach-O,arm,0.032868666923604906,0.14804095798172057,0.030554583063349128,0.006591791054233909,0.006665250053629279,0.013057375093922019,2.1625077351927757e-05,0.006769542000256479,0.006994750001467764,0.000571875018067658,0.027415167191065848,0.07124679198022932,5.6208111345767975e-05,0.12807824998162687,0.009167166077531874,0.13724541605915874,1.4041084796190262e-05,7.141707465052605e-05,0.08041395805776119,0.26132358296308666,0.39353700005449355
3862,random_3859,random_cycle_chord,20260823,crossing_rich,2,200,4,10,13,5.598602279378973,True,True,,perf/incremental-yamada-frontier-order,1d8374f42cccbb16d78d44100a65ca603d7d1997,3.14.7,macOS-26.6.2-arm64-arm-64bit-Mach-O,arm,0.03940979193430394,0.14788691594731063,0.0468222500057891,0.008269540965557098,0.008378666010685265,0.016514582908712327,3.2125040888786316e-05,0.008577667060308158,0.009052250068634748,0.00096016691531986,0.03513679199386388,0.09863399993628263,8.27909680083394e-05,0.17020566703286022,0.017160500050522387,0.1873661670833826,1.9124941900372505e-05,0.00011162494774907827,0.11579449998680502,0.3030912078684196,0.4775965829612687
3863,random_3860,random_cycle_chord,20260823,crossing_rich,3,200,4,8,11,4.102625291903965,True,True,,perf/incremental-yamada-frontier-order,1d8374f42cccbb16d78d44100a65ca603d7d1997,3.14.7,macOS-26.6.2-arm64-arm-64bit-Mach-O,arm,0.02748883399181068,0.1619176659733057,0.04138299997430295,0.009773458004929125,0.010435833944939077,0.02049595897551626,4.937499761581421e-05,0.011147208046168089,0.011261540930718184,0.001114165992476046,0.04406824894249439,0.10569570900406688,0.00017212505917996168,0.1478978330269456,0.018902832991443574,0.16680066601838917,2.1332991309463978e-05,0.00011662498582154512,0.12459854199551046,0.31400504196062684,0.4664427499519661
3864,random_3861,random_cycle_chord,20260823,baseline,0,200,3,10,12,4.692258649141966,True,True,,perf/incremental-yamada-frontier-order,1d8374f42cccbb16d78d44100a65ca603d7d1997,3.14.7,macOS-26.6.2-arm64-arm-64bit-Mach-O,arm,0.03185008396394551,0.14815637504216284,0.021304916008375585,0.006988457986153662,0.006575749954208732,0.013060915982350707,2.6541994884610176e-05,0.006779917050153017,0.006956250057555735,0.0005393750034272671,0.027363000088371336,0.06225187494419515,7.837498560547829e-05,0.1542404160136357,0.008348000003024936,0.16258841601666063,1.6083940863609314e-05,7.025001104921103e-05,0.07059987494722009,0.25060633395332843,0.40913466608617455
3865,random_3862,random_cycle_chord,20260823,crossing_rich,5,200,5,9,13,4.3118112015343675,True,True,,perf/incremental-yamada-frontier-order,1d8374f42cccbb16d78d44100a65ca603d7d1997,3.14.7,macOS-26.6.2-arm64-arm-64bit-Mach-O,arm,0.03384170902427286,0.14819237496703863,0.039447000017389655,0.010765249957330525,0.012160375015810132,0.02406204107683152,3.862509038299322e-05,0.01245750009547919,0.013137166970409453,0.0013554999604821205,0.05105083319358528,0.11346100002992898,8.379097562283278e-05,0.17569370800629258,0.026801541913300753,0.20249524991959333,2.4125096388161182e-05,0.00014849996659904718,0.14026254194322973,0.3222966259345412,0.5024427910102531
3866,random_3863,random_cycle_chord,20260823,crossing_rich,5,200,5,8,12,4.156036286748798,True,True,,perf/incremental-yamada-frontier-order,1d8374f42cccbb16d78d44100a65ca603d7d1997,3.14.7,macOS-26.6.2-arm64-arm-64bit-Mach-O,arm,0.030926625011488795,0.1481792499544099,0.036331916926428676,0.010885625029914081,0.012487415922805667,0.024646374979056418,3.779190592467785e-05,0.012762958998791873,0.013411416905000806,0.001334875007160008,0.05219341779593378,0.11193183297291398,0.00016062508802860975,0.16186733299400657,0.02651866595260799,0.18838599894661456,2.3833010345697403e-05,0.00014725001528859138,0.13845049892552197,0.31755637389142066,0.4842541249236092
3867,random_3864,random_cycle_chord,20260823,crossing_rich,4,200,5,10,14,5.4360177930134865,True,True,,perf/incremental-yamada-frontier-order,1d8374f42cccbb16d78d44100a65ca603d7d1997,3.14.7,macOS-26.6.2-arm64-arm-64bit-Mach-O,arm,0.041094542015343904,0.14814666693564504,0.04623408301267773,0.00993779196869582,0.010858666966669261,0.021378500037826598,3.8458965718746185e-05,0.01113987504504621,0.011762790963985026,0.0013056669849902391,0.04562529199756682,0.11268962500616908,8.458306547254324e-05,0.26968150003813207,0.02490537508856505,0.2945868751266971,2.6124995201826096e-05,0.00014349992852658033,0.13759500009473413,0.3268362090457231,0.6007315840106457
3868,random_3865,random_cycle_chord,20260823,baseline,0,200,4,10,13,4.692346562573398,True,True,,perf/incremental-yamada-frontier-order,1d8374f42cccbb16d78d44100a65ca603d7d1997,3.14.7,macOS-26.6.2-arm64-arm-64bit-Mach-O,arm,0.03406508290208876,0.14863079192582518,0.023943417007103562,0.007472791941836476,0.00765570905059576,0.015022332896478474,2.8999987989664078e-05,0.007807375048287213,0.008160332916304469,0.0007609170861542225,0.03177995793521404,0.0708794160746038,7.470895070582628e-05,0.16858233406674117,0.011113459011539817,0.17969579307828099,1.8416903913021088e-05,8.170795626938343e-05,0.08199287508614361,0.26468874991405755,0.4375490830279887
3869,random_3866,random_cycle_chord,20260823,crossing_rich,4,200,5,10,14,5.421736271271236,True,True,,perf/incremental-yamada-frontier-order,1d8374f42cccbb16d78d44100a65ca603d7d1997,3.14.7,macOS-26.6.2-arm64-arm-64bit-Mach-O,arm,0.04111279209610075,0.14844470797106624,0.05163729109335691,0.010118999984115362,0.01131129206623882,0.022362833027727902,3.787502646446228e-05,0.01154270803090185,0.012202415964566171,0.001292250002734363,0.04743808205239475,0.12053949991241097,8.737493772059679e-05,0.2714329999871552,0.02398850000463426,0.29542149999178946,2.4209031835198402e-05,0.00013929198030382395,0.14452799991704524,0.3340854999842122,0.6097944159992039
3870,random_3867,random_cycle_chord,20260823,crossing_rich,4,200,5,9,13,6.073570070659566,True,True,,perf/incremental-yamada-frontier-order,1d8374f42cccbb16d78d44100a65ca603d7d1997,3.14.7,macOS-26.6.2-arm64-arm-64bit-Mach-O,arm,0.04188370890915394,0.14810133399441838,0.055190375074744225,0.009974125074222684,0.011108457925729454,0.02187000005505979,3.7041958421468735e-05,0.01132395793683827,0.011973500018939376,0.0012918750289827585,0.04649637499824166,0.12280345894396305,8.166604675352573e-05,0.17291449999902397,0.025025625014677644,0.19794012501370162,2.2999942302703857e-05,0.00013716693501919508,0.1478290839586407,0.337814126862213,0.5152160000288859
3871,random_3868,random_cycle_chord,20260823,baseline,0,200,3,10,12,5.620153497214977,True,True,,perf/incremental-yamada-frontier-order,1d8374f42cccbb16d78d44100a65ca603d7d1997,3.14.7,macOS-26.6.2-arm64-arm-64bit-Mach-O,arm,0.035478209028951824,0.14777799998410046,0.028321458026766777,0.00675887509714812,0.006960415979847312,0.013738499954342842,2.174999099224806e-05,0.00710779195651412,0.007277917000465095,0.0005277909804135561,0.02867374988272786,0.07073387503623962,6.270897574722767e-05,0.15277825004886836,0.0081431670114398,0.16092141706030816,1.4082994312047958e-05,6.495800334960222e-05,0.07887704204767942,0.2621332510607317,0.4190481250407174
3872,random_3869,random_cycle_chord,20260823,crossing_rich,4,200,5,8,12,6.591338028962667,True,True,,perf/incremental-yamada-frontier-order,1d8374f42cccbb16d78d44100a65ca603d7d1997,3.14.7,macOS-26.6.2-arm64-arm-64bit-Mach-O,arm,0.043159541906788945,0.14867020794190466,0.06267908308655024,0.00976745889056474,0.010647792019881308,0.02104679204057902,3.954197745770216e-05,0.010908124968409538,0.011576749966479838,0.0013426670338958502,0.04491387598682195,0.1280453340150416,0.0001533330651000142,0.15996033395640552,0.024750333977863193,0.1847106679342687,2.320797648280859e-05,0.00014337501488626003,0.15279566799290478,0.3446254178415984,0.5090996669605374
3873,random_3870,random_cycle_chord,20260823,baseline,0,200,3,11,13,5.2258375146758915,True,True,,perf/incremental-yamada-frontier-order,1d8374f42cccbb16d78d44100a65ca603d7d1997,3.14.7,macOS-26.6.2-arm64-arm-64bit-Mach-O,arm,0.03666741610504687,0.14768125000409782,0.025729999993927777,0.006513874977827072,0.006561500020325184,0.012881624978035688,2.1832995116710663e-05,0.006668166955932975,0.006864415947347879,0.0005426249699667096,0.026978665846399963,0.06580266600940377,6.620795466005802e-05,0.17106537497602403,0.008669083006680012,0.17973445798270404,1.6167061403393745e-05,7.629196625202894e-05,0.07447174901608378,0.25882041512522846,0.4340292919659987
3874,random_3871,random_cycle_chord,20260823,crossing_rich,4,200,5,8,12,6.5991015383532945,True,True,,perf/incremental-yamada-frontier-order,1d8374f42cccbb16d78d44100a65ca603d7d1997,3.14.7,macOS-26.6.2-arm64-arm-64bit-Mach-O,arm,0.04321837506722659,0.14957054203841835,0.06218758400063962,0.009780207998119295,0.010579208028502762,0.020825917017646134,3.662507515400648e-05,0.010836999979801476,0.011600540950894356,0.0014143750304356217,0.044714458053931594,0.12729458301328123,0.0001604169374331832,0.1602507090428844,0.02650079200975597,0.18675150105264038,2.558401320129633e-05,0.0001556669594720006,0.1537953750230372,0.34658429212868214,0.5114312079967931
3875,random_3872,random_cycle_chord,20260823,baseline,0,200,3,11,13,5.219811770231841,True,True,,perf/incremental-yamada-frontier-order,1d8374f42cccbb16d78d44100a65ca603d7d1997,3.14.7,macOS-26.6.2-arm64-arm-64bit-Mach-O,arm,0.03716987499501556,0.14796829200349748,0.025099624996073544,0.006812999956309795,0.00685454101767391,0.013570833019912243,2.2000051103532314e-05,0.007012624992057681,0.007185459020547569,0.0005637500435113907,0.028354667127132416,0.0671409999486059,6.587500683963299e-05,0.16738216707017273,0.008922290988266468,0.1763044580584392,1.3750046491622925e-05,7.004197686910629e-05,0.07606329093687236,0.2612014579353854,0.4327207909664139
3876,random_3873,random_cycle_chord,20260823,crossing_rich,2,200,4,8,11,6.587160630370907,True,True,,perf/incremental-yamada-frontier-order,1d8374f42cccbb16d78d44100a65ca603d7d1997,3.14.7,macOS-26.6.2-arm64-arm-64bit-Mach-O,arm,0.039095083018764853,0.1481649170164019,0.0559357909951359,0.008284957963041961,0.00860049994662404,0.01696150004863739,2.9125018045306206e-05,0.008807791047729552,0.009386292076669633,0.0010408749803900719,0.03622558317147195,0.10907333297654986,6.76250783726573e-05,0.14438216702546924,0.018620042013935745,0.163002209039405,1.9499915651977062e-05,0.00011608295608311892,0.1276933749904856,0.31495337502565235,0.46360395790543407
3877,random_3874,random_cycle_chord,20260823,crossing_rich,2,200,4,8,11,6.600212176528514,True,True,,perf/incremental-yamada-frontier-order,1d8374f42cccbb16d78d44100a65ca603d7d1997,3.14.7,macOS-26.6.2-arm64-arm-64bit-Mach-O,arm,0.03928183298557997,0.14854874997399747,0.055740582989528775,0.008226957987062633,0.00855883292388171,0.016879958100616932,2.954108640551567e-05,0.008762833080254495,0.009305499959737062,0.0010555409826338291,0.036033373209647834,0.10858695895876735,6.958399899303913e-05,0.14599558303598315,0.019594292039982975,0.16558987507596612,1.9499915651977062e-05,0.0001194999786093831,0.12818125099875033,0.31601183395832777,0.4662750830175355
3878,random_3875,random_cycle_chord,20260823,crossing_rich,4,200,5,10,14,5.4272947264268225,True,True,,perf/incremental-yamada-frontier-order,1d8374f42cccbb16d78d44100a65ca603d7d1997,3.14.7,macOS-26.6.2-arm64-arm-64bit-Mach-O,arm,0.04161283397115767,0.1484123329864815,0.04537454200908542,0.0098213329911232,0.010542916948907077,0.02087987493723631,4.14170790463686e-05,0.010798041010275483,0.011453332961536944,0.0012538330629467964,0.0444264990510419,0.11019820801448077,8.516700472682714e-05,0.18360395799390972,0.023744249949231744,0.20734820794314146,2.416700590401888e-05,0.00013620895333588123,0.1339424579637125,0.32396762492135167,0.5120592500315979
3879,random_3876,random_cycle_chord,20260823,crossing_rich,5,200,5,8,12,4.22893468973712,True,True,,perf/incremental-yamada-frontier-order,1d8374f42cccbb16d78d44100a65ca603d7d1997,3.14.7,macOS-26.6.2-arm64-arm-64bit-Mach-O,arm,0.03084416699130088,0.14828483294695616,0.038415791001170874,0.010849041980691254,0.012454499956220388,0.024698749999515712,3.7917052395641804e-05,0.01268699998036027,0.013319249963387847,0.0013179590459913015,0.05206087604165077,0.11381487501785159,0.00026345800142735243,0.26615891698747873,0.025560167036019266,0.291719084023498,2.454104833304882e-05,0.00013979198411107063,0.13937504205387086,0.3185040419921279,0.5891218750039116
3880,random_3877,random_cycle_chord,20260823,crossing_rich,5,200,5,9,13,4.260415889769872,True,True,,perf/incremental-yamada-frontier-order,1d8374f42cccbb16d78d44100a65ca603d7d1997,3.14.7,macOS-26.6.2-arm64-arm-64bit-Mach-O,arm,0.033404416986741126,0.15578375000040978,0.04611641599331051,0.010765042039565742,0.011943707941100001,0.02354924997780472,3.933394327759743e-05,0.012164333020336926,0.012869457947090268,0.0013714999658986926,0.049993874854408205,0.11885354202240705,8.587492629885674e-05,0.1760739590972662,0.02805862494278699,0.2041325840400532,2.637505531311035e-05,0.00015162501949816942,0.14691216696519405,0.33610033395234495,0.5168134999694303
3881,random_3878,random_cycle_chord,20260823,crossing_rich,5,200,5,9,13,4.368750772186072,True,True,,perf/incremental-yamada-frontier-order,1d8374f42cccbb16d78d44100a65ca603d7d1997,3.14.7,macOS-26.6.2-arm64-arm-64bit-Mach-O,arm,0.03368829202372581,0.14816237497143447,0.04381520801689476,0.010754332994110882,0.01213166699744761,0.023902541026473045,3.791693598031998e-05,0.012426708010025322,0.013127165962941945,0.0013861670158803463,0.05088049895130098,0.11761529196519405,9.237497579306364e-05,0.17648575000930578,0.028005875064991415,0.2044916250742972,2.3875036276876926e-05,0.00015183293726295233,0.14562116703018546,0.32747183402534574,0.5082902499707416
3882,random_3879,random_cycle_chord,20260823,crossing_rich,4,200,5,9,13,6.077045835995131,True,True,,perf/incremental-yamada-frontier-order,1d8374f42cccbb16d78d44100a65ca603d7d1997,3.14.7,macOS-26.6.2-arm64-arm-64bit-Mach-O,arm,0.0423165000975132,0.1482495419913903,0.06203045800793916,0.009947207989171147,0.011118666967377067,0.02192029100842774,3.774999640882015e-05,0.01135933306068182,0.011945166974328458,0.0012301669921725988,0.046492708032019436,0.12962304102256894,8.341704960912466e-05,0.1733694999711588,0.022962082992307842,0.19633158296346664,2.316699828952551e-05,0.00013924995437264442,0.15258512401487678,0.34315116610378027,0.5209027079399675
3883,random_3880,random_cycle_chord,20260823,baseline,0,200,3,8,10,6.136462545100164,True,True,,perf/incremental-yamada-frontier-order,1d8374f42cccbb16d78d44100a65ca603d7d1997,3.14.7,macOS-26.6.2-arm64-arm-64bit-Mach-O,arm,0.032571999938227236,0.1481759159360081,0.03422570799011737,0.006785541889257729,0.006773042026907206,0.01328183407895267,2.2083986550569534e-05,0.0069014159962534904,0.007069332990795374,0.0005330420099198818,0.027807709062471986,0.07561158400494605,6.0165999457240105e-05,0.13302229205146432,0.0086397499544546,0.14166204200591892,1.4125020243227482e-05,6.833299994468689e-05,0.08425133395940065,0.264999249833636,0.40206354192923754
3884,random_3881,random_cycle_chord,20260823,baseline,0,200,3,8,10,6.1246099901818125,True,True,,perf/incremental-yamada-frontier-order,1d8374f42cccbb16d78d44100a65ca603d7d1997,3.14.7,macOS-26.6.2-arm64-arm-64bit-Mach-O,arm,0.03220004099421203,0.1501006669132039,0.03351174993440509,0.006987790926359594,0.006656542071141303,0.01312925003003329,2.216699067503214e-05,0.006804625038057566,0.006982750026509166,0.0005357080372050405,0.027474500122480094,0.0746502080000937,5.754106678068638e-05,0.12874870898667723,0.008456749957986176,0.1372054589446634,1.4708028174936771e-05,6.762496195733547e-05,0.08310695795807987,0.2654076658654958,0.39818825002294034
3885,random_3882,random_cycle_chord,20260823,baseline,0,200,3,11,13,4.0968445409744465,True,True,,perf/incremental-yamada-frontier-order,1d8374f42cccbb16d78d44100a65ca603d7d1997,3.14.7,macOS-26.6.2-arm64-arm-64bit-Mach-O,arm,0.032312125083990395,0.14777158410288393,0.01702933304477483,0.006837958004325628,0.0066614169627428055,0.01308854203671217,2.237502485513687e-05,0.006748542073182762,0.006955916993319988,0.0005262079648673534,0.02734158409293741,0.05788929108530283,6.579107139259577e-05,0.1677504169056192,0.008361374959349632,0.17611179186496884,1.3832934200763702e-05,6.441597361117601e-05,0.06625066604465246,0.2463343752315268,0.4181144169997424
3886,random_3883,random_cycle_chord,20260823,crossing_rich,5,200,6,12,17,4.473647758675637,True,True,,perf/incremental-yamada-frontier-order,1d8374f42cccbb16d78d44100a65ca603d7d1997,3.14.7,macOS-26.6.2-arm64-arm-64bit-Mach-O,arm,0.044098166981711984,0.14807791693601757,0.05068991694133729,0.011609707958996296,0.013218209031037986,0.02609295805450529,6.53750030323863e-05,0.013515290920622647,0.014520667027682066,0.001555125112645328,0.055749416118487716,0.13131237495690584,0.00010895798914134502,0.23209833295550197,0.030541167012415826,0.2626394999679178,3.2624928280711174e-05,0.00015820900443941355,0.16185354196932167,0.3540296258870512,0.591135042021051
3887,random_3884,random_cycle_chord,20260823,baseline,0,200,3,8,10,6.177866528806869,True,True,,perf/incremental-yamada-frontier-order,1d8374f42cccbb16d78d44100a65ca603d7d1997,3.14.7,macOS-26.6.2-arm64-arm-64bit-Mach-O,arm,0.032864458044059575,0.14937462494708598,0.03045854193624109,0.006673875031992793,0.006711874972097576,0.013240915955975652,2.1707965061068535e-05,0.006871666992083192,0.007105167023837566,0.000617832993157208,0.027857290930114686,0.0717206250410527,5.7041062973439693e-05,0.12830366694834083,0.010160208097659051,0.13846387504599988,1.4625024050474167e-05,8.437491487711668e-05,0.08188083313871175,0.2641199161298573,0.3964652919676155
3888,random_3885,random_cycle_chord,20260823,crossing_rich,3,200,5,12,16,4.697337006772184,True,True,,perf/incremental-yamada-frontier-order,1d8374f42cccbb16d78d44100a65ca603d7d1997,3.14.7,macOS-26.6.2-arm64-arm-64bit-Mach-O,arm,0.04195891600102186,0.14827674999833107,0.04946349991951138,0.00976712501142174,0.010568207944743335,0.020852542016655207,3.883300814777613e-05,0.01081012503709644,0.011369750020094216,0.001211583032272756,0.044282833114266396,0.1141161669511348,9.133410640060902e-05,0.21035679196938872,0.02273049997165799,0.23308729194104671,2.3667002096772194e-05,0.00013262499123811722,0.1368466669227928,0.3270823329221457,0.5417896249564365
3889,random_3886,random_cycle_chord,20260823,crossing_rich,6,200,6,11,16,5.230538596799347,True,True,,perf/incremental-yamada-frontier-order,1d8374f42cccbb16d78d44100a65ca603d7d1997,3.14.7,macOS-26.6.2-arm64-arm-64bit-Mach-O,arm,0.045844499953091145,0.14827379200141877,0.053827541996724904,0.013267250033095479,0.013569458038546145,0.027028582990169525,4.51250234618783e-05,0.014006290934048593,0.014869333012029529,0.0016761249862611294,0.057625456945970654,0.13833024993073195,9.454099927097559e-05,0.21553495898842812,0.033182915998622775,0.2487178749870509,2.9833056032657623e-05,0.00017541705165058374,0.17151316592935473,0.36563145788386464,0.5857846250291914
3890,random_3887,random_cycle_chord,20260823,crossing_rich,4,200,5,9,13,6.077168044766471,True,True,,perf/incremental-yamada-frontier-order,1d8374f42cccbb16d78d44100a65ca603d7d1997,3.14.7,macOS-26.6.2-arm64-arm-64bit-Mach-O,arm,0.04199295805301517,0.14944533293601125,0.05614429200068116,0.009960125084035099,0.010972500080242753,0.021648416994139552,3.854196984320879e-05,0.011219915933907032,0.011894708033651114,0.0012867910554632545,0.04608837398700416,0.12319862504955381,8.174998220056295e-05,0.1733106659958139,0.024409042089246213,0.19771970808506012,2.295803278684616e-05,0.00013691606000065804,0.14760766713880002,0.33904595812782645,0.5168749579461291
3891,random_3888,random_cycle_chord,20260823,crossing_rich,4,200,5,10,14,5.621974467833553,True,True,,perf/incremental-yamada-frontier-order,1d8374f42cccbb16d78d44100a65ca603d7d1997,3.14.7,macOS-26.6.2-arm64-arm-64bit-Mach-O,arm,0.042099916958250105,0.1486016659764573,0.05171099992003292,0.009851417038589716,0.010783500038087368,0.021216250024735928,3.766699228435755e-05,0.01103137491736561,0.011673542088828981,0.0012900419533252716,0.04524887597654015,0.11762870801612735,8.391693700104952e-05,0.17330583301372826,0.02509324997663498,0.19839908299036324,2.4124979972839355e-05,0.0001413330901414156,0.14272195799276233,0.33342354092746973,0.5112590841017663
3892,random_3889,random_cycle_chord,20260823,crossing_rich,5,200,6,10,15,5.421153078821347,True,True,,perf/incremental-yamada-frontier-order,1d8374f42cccbb16d78d44100a65ca603d7d1997,3.14.7,macOS-26.6.2-arm64-arm-64bit-Mach-O,arm,0.04415349999908358,0.14836950006429106,0.05305516696535051,0.010857500019483268,0.012037000036798418,0.023750916006974876,4.595797508955002e-05,0.012311041937209666,0.013140333932824433,0.0015457080444321036,0.05079395789653063,0.12678433302789927,0.00019720906857401133,0.3003809580113739,0.02918208297342062,0.3295630409847945,3.041699528694153e-05,0.00016362499445676804,0.15596641600131989,0.3484894160646945,0.6531071660574526
3893,random_3890,random_cycle_chord,20260823,baseline,0,200,3,10,12,4.6412896229381815,True,True,,perf/incremental-yamada-frontier-order,1d8374f42cccbb16d78d44100a65ca603d7d1997,3.14.7,macOS-26.6.2-arm64-arm-64bit-Mach-O,arm,0.03103512490633875,0.1481227920157835,0.020766125060617924,0.0065767919877544045,0.006650749943219125,0.013158833957277238,2.1458021365106106e-05,0.006773000000976026,0.007023250102065504,0.0005739169428125024,0.027550459024496377,0.06156337494030595,6.362493149936199e-05,0.15537679195404053,0.009059375035576522,0.16443616698961705,1.4582998119294643e-05,7.062498480081558e-05,0.07062274997588247,0.2497806668980047,0.4091832919511944
3894,random_3891,random_cycle_chord,20260823,crossing_rich,5,200,6,11,16,4.596179369376938,True,True,,perf/incremental-yamada-frontier-order,1d8374f42cccbb16d78d44100a65ca603d7d1997,3.14.7,macOS-26.6.2-arm64-arm-64bit-Mach-O,arm,0.0422022920101881,0.1482437920058146,0.043163125053979456,0.011389250052161515,0.012832375010475516,0.025326250004582107,5.012506153434515e-05,0.01313300000037998,0.013959000003524125,0.0016315000830218196,0.054099875153042376,0.12153341702651232,0.00010662502609193325,0.21348716702777892,0.03202416701242328,0.2455113340402022,2.8041074983775616e-05,0.00017308397218585014,0.1535575840389356,0.3440036680549383,0.5624486668966711
3895,random_3892,random_cycle_chord,20260823,crossing_rich,3,200,4,8,11,4.113579769609902,True,True,,perf/incremental-yamada-frontier-order,1d8374f42cccbb16d78d44100a65ca603d7d1997,3.14.7,macOS-26.6.2-arm64-arm-64bit-Mach-O,arm,0.02796724997460842,0.14796950004529208,0.031152290990576148,0.009214875055477023,0.010152999893762171,0.020108374999836087,2.975005190819502e-05,0.010436916956678033,0.01083499996457249,0.0009958329610526562,0.04240587493404746,0.09295295795891434,6.854196544736624e-05,0.14796820806805044,0.019338875077664852,0.1673070831457153,1.9834027625620365e-05,0.00010991701856255531,0.11229183303657919,0.2882285830564797,0.44035529205575585
3896,random_3893,random_cycle_chord,20260823,crossing_rich,4,200,5,10,14,5.622231007412774,True,True,,perf/incremental-yamada-frontier-order,1d8374f42cccbb16d78d44100a65ca603d7d1997,3.14.7,macOS-26.6.2-arm64-arm-64bit-Mach-O,arm,0.04181695799343288,0.1485579169820994,0.05200066603720188,0.010057000094093382,0.011380666051991284,0.022671292070299387,3.895896952599287e-05,0.01162887504324317,0.012242249911651015,0.0012984999921172857,0.04787987598683685,0.12135204195510596,8.141703438013792e-05,0.2617514579324052,0.024059667019173503,0.2858111249515787,2.4125096388161182e-05,0.0001383339986205101,0.14541170897427946,0.33578658394981176,0.6016068329336122
3897,random_3894,random_cycle_chord,20260823,crossing_rich,5,200,5,8,12,4.201163055083607,True,True,,perf/incremental-yamada-frontier-order,1d8374f42cccbb16d78d44100a65ca603d7d1997,3.14.7,macOS-26.6.2-arm64-arm-64bit-Mach-O,arm,0.03050741704646498,0.14858879195526242,0.04267500003334135,0.010656500002369285,0.012454665964469314,0.024603083031252027,3.770797047764063e-05,0.01269604207482189,0.013400625088252127,0.0013575420016422868,0.05209500016644597,0.11791629192885011,0.0002610000083222985,0.2632500829640776,0.026688000070862472,0.28993808303494006,2.433406189084053e-05,0.00014537503011524677,0.1446042919997126,0.32370050100144,0.5912966670002788
3898,random_3895,random_cycle_chord,20260823,crossing_rich,4,200,5,10,14,5.625146347386415,True,True,,perf/incremental-yamada-frontier-order,1d8374f42cccbb16d78d44100a65ca603d7d1997,3.14.7,macOS-26.6.2-arm64-arm-64bit-Mach-O,arm,0.04251608392223716,0.14938508300110698,0.05415295797865838,0.010127624962478876,0.011377459042705595,0.022540458012372255,3.691599704325199e-05,0.011595916002988815,0.012200791970826685,0.0012632920406758785,0.04763737402390689,0.12332904210779816,9.774998761713505e-05,0.27501462504733354,0.0225136250955984,0.29752825014293194,2.333405427634716e-05,0.00012933299876749516,0.14584266720339656,0.3377438341267407,0.6168639580719173
3899,random_3896,random_cycle_chord,20260823,crossing_rich,6,200,6,11,16,5.222854743448031,True,True,,perf/incremental-yamada-frontier-order,1d8374f42cccbb16d78d44100a65ca603d7d1997,3.14.7,macOS-26.6.2-arm64-arm-64bit-Mach-O,arm,0.04599962499924004,0.15019895799923688,0.05789824994280934,0.011660207994282246,0.013434167020022869,0.02662204101216048,4.39999857917428e-05,0.01378520904108882,0.01461395900696516,0.0016091669676825404,0.05667437601368874,0.13970704202074558,9.512505494058132e-05,0.2161274580284953,0.033348499913699925,0.24947595794219524,2.7999980375170708e-05,0.0001664160517975688,0.1730555419344455,0.3692541249329224,0.5901157079497352
3900,random_3897,random_cycle_chord,20260823,crossing_rich,2,200,4,8,11,6.387785729843014,True,True,,perf/incremental-yamada-frontier-order,1d8374f42cccbb16d78d44100a65ca603d7d1997,3.14.7,macOS-26.6.2-arm64-arm-64bit-Mach-O,arm,0.03805191698484123,0.15897420805413276,0.06036033295094967,0.009959458955563605,0.010262124938890338,0.02046658401377499,7.479195483028889e-05,0.012063083006069064,0.01108700002077967,0.0010712080402299762,0.04476266703568399,0.12538016703911126,9.633391164243221e-05,0.16324720799457282,0.017315582954324782,0.1805627909488976,2.583395689725876e-05,0.00012379209510982037,0.14269574999343604,0.33972187503241,0.5074982079677284
3901,random_3898,random_cycle_chord,20260823,crossing_rich,5,200,5,8,12,4.11134093823365,True,True,,perf/incremental-yamada-frontier-order,1d8374f42cccbb16d78d44100a65ca603d7d1997,3.14.7,macOS-26.6.2-arm64-arm-64bit-Mach-O,arm,0.03394808294251561,0.161839707987383,0.042331165983341634,0.011831458075903356,0.013903291895985603,0.027298250002786517,7.258309051394463e-05,0.014791625086218119,0.015537208062596619,0.001569458981975913,0.05926912522409111,0.12737704208120704,0.00023458304349333048,0.1805352079682052,0.03100087505299598,0.2115360830212012,2.6416964828968048e-05,0.00016445806249976158,0.15837791713420302,0.35416570806410164,0.5396799590671435
3902,random_3899,random_cycle_chord,20260823,crossing_rich,5,200,5,8,12,4.221247927538866,True,True,,perf/incremental-yamada-frontier-order,1d8374f42cccbb16d78d44100a65ca603d7d1997,3.14.7,macOS-26.6.2-arm64-arm-64bit-Mach-O,arm,0.033544625039212406,0.16139991697855294,0.037497500074096024,0.01220870902761817,0.013488832977600396,0.026763166999444366,4.120892845094204e-05,0.013616500073112547,0.014459000085480511,0.0015295420307666063,0.05640941811725497,0.1196417500032112,0.0001931249862536788,0.3110578750493005,0.03093391703441739,0.3419917920837179,2.816703636199236e-05,0.00017320795450359583,0.1505756670376286,0.34552020905539393,0.6613533750642091
3903,random_3900,random_cycle_chord,20260823,crossing_rich,2,200,4,10,13,5.626454496944633,True,True,,perf/incremental-yamada-frontier-order,1d8374f42cccbb16d78d44100a65ca603d7d1997,3.14.7,macOS-26.6.2-arm64-arm-64bit-Mach-O,arm,0.043462540954351425,0.16019275004509836,0.05368379200808704,0.008847250021062791,0.008991291979327798,0.017707332968711853,3.2125040888786316e-05,0.009155999985523522,0.00960349990054965,0.0009790420299395919,0.0374779999256134,0.10902950004674494,9.316694922745228e-05,0.1787084590177983,0.01682283403351903,0.19553129305131733,2.0000035874545574e-05,0.00011250004172325134,0.12585233408026397,0.32950762507971376,0.5126672090264037
3904,random_3901,random_cycle_chord,20260823,crossing_rich,2,200,4,9,12,5.939543051562797,True,True,,perf/incremental-yamada-frontier-order,1d8374f42cccbb16d78d44100a65ca603d7d1997,3.14.7,macOS-26.6.2-arm64-arm-64bit-Mach-O,arm,0.040231999941170216,0.1547995830187574,0.05235400004312396,0.008680499973706901,0.00933324999641627,0.018328125006519258,3.074994310736656e-05,0.00957158301025629,0.00990445795468986,0.0009656669571995735,0.03880058287177235,0.10919804102741182,7.745798211544752e-05,0.16416633292101324,0.01660783390980214,0.18077416683081537,1.9458006136119366e-05,0.00010837498120963573,0.12580587493721396,0.3208374578971416,0.4893269588937983
3905,random_3902,random_cycle_chord,20260823,crossing_rich,5,200,6,11,16,4.629806948628672,True,True,,perf/incremental-yamada-frontier-order,1d8374f42cccbb16d78d44100a65ca603d7d1997,3.14.7,macOS-26.6.2-arm64-arm-64bit-Mach-O,arm,0.04347612499259412,0.1514983749948442,0.0440256668953225,0.011543417000211775,0.013171458034776151,0.02586070797406137,5.0749978981912136e-05,0.01346512499731034,0.014008790953084826,0.0016391669632866979,0.05502454086672515,0.12381420796737075,0.00010149995796382427,0.2181726669659838,0.031137790996581316,0.24931045796256512,2.858403604477644e-05,0.00017012492753565311,0.15495199896395206,0.3499264989513904,0.5726865420583636
3906,random_3903,random_cycle_chord,20260823,crossing_rich,5,200,5,8,12,4.27440086114307,True,True,,perf/incremental-yamada-frontier-order,1d8374f42cccbb16d78d44100a65ca603d7d1997,3.14.7,macOS-26.6.2-arm64-arm-64bit-Mach-O,arm,0.03113558399491012,0.14910266699735075,0.0419422920094803,0.010701959021389484,0.012352332938462496,0.024408249999396503,3.741693217307329e-05,0.012649583979509771,0.013214583974331617,0.0012992500560358167,0.05160908494144678,0.11663954192772508,0.0002708339598029852,0.25768816703930497,0.024336625006981194,0.28202479204628617,2.4333014152944088e-05,0.00014100002590566874,0.14097616693470627,0.32121441792696714,0.5833549170056358
3907,random_3904,random_cycle_chord,20260823,baseline,0,200,4,10,13,4.657944046726469,True,True,,perf/incremental-yamada-frontier-order,1d8374f42cccbb16d78d44100a65ca603d7d1997,3.14.7,macOS-26.6.2-arm64-arm-64bit-Mach-O,arm,0.0340740840183571,0.14815875003114343,0.025779042043723166,0.007484916946850717,0.0076300830114632845,0.015055874944664538,2.9999995604157448e-05,0.007799374987371266,0.008073917008005083,0.0007224170258268714,0.031681583961471915,0.07260212500113994,7.620803080499172e-05,0.16672979202121496,0.011252708034589887,0.17798250005580485,1.8542050383985043e-05,8.216709829866886e-05,0.08385483303572983,0.26608766708523035,0.43697199993766844
3908,random_3905,random_cycle_chord,20260823,crossing_rich,4,200,6,12,17,4.031688144264489,True,True,,perf/incremental-yamada-frontier-order,1d8374f42cccbb16d78d44100a65ca603d7d1997,3.14.7,macOS-26.6.2-arm64-arm-64bit-Mach-O,arm,0.041513041011057794,0.1490527919959277,0.041883125086314976,0.010912958066910505,0.012289125006645918,0.024196207989007235,4.362489562481642e-05,0.012619916931726038,0.01323862501885742,0.0014443339314311743,0.05154270876664668,0.11666754097677767,0.00010712502989917994,0.22427266603335738,0.02625250001437962,0.250525166047737,2.7125002816319466e-05,0.00015062501188367605,0.1429200409911573,0.3334858739981428,0.5622834579553455
3909,random_3906,random_cycle_chord,20260823,crossing_rich,2,200,4,10,13,5.626354997748217,True,True,,perf/incremental-yamada-frontier-order,1d8374f42cccbb16d78d44100a65ca603d7d1997,3.14.7,macOS-26.6.2-arm64-arm-64bit-Mach-O,arm,0.038644124986603856,0.14845391700509936,0.04983683302998543,0.008515542023815215,0.009236249956302345,0.01819612504914403,2.9624905437231064e-05,0.009461541078053415,0.009783750050701201,0.0008981249993667006,0.03836916608270258,0.10598408302757889,7.270800415426493e-05,0.16999829199630767,0.01584620901849121,0.18584450101479888,1.8959050066769123e-05,0.00010129204019904137,0.1218302920460701,0.3089283340377733,0.4830565000884235
3910,random_3907,random_cycle_chord,20260823,baseline,0,200,4,10,13,4.662384179511477,True,True,,perf/incremental-yamada-frontier-order,1d8374f42cccbb16d78d44100a65ca603d7d1997,3.14.7,macOS-26.6.2-arm64-arm-64bit-Mach-O,arm,0.03388112492393702,0.14803266699891537,0.025856917025521398,0.007460957975126803,0.007677416084334254,0.015019165934063494,2.8708018362522125e-05,0.007827749941498041,0.008079833001829684,0.000736583024263382,0.03169203992001712,0.0727140000090003,7.24999699741602e-05,0.15854329196736217,0.03635679103899747,0.19490008300635964,4.287506453692913e-05,0.00013408297672867775,0.10907079104799777,0.29098458297085017,0.4538674169452861
3911,random_3908,random_cycle_chord,20260823,baseline,0,200,4,11,14,4.05154354930377,True,True,,perf/incremental-yamada-frontier-order,1d8374f42cccbb16d78d44100a65ca603d7d1997,3.14.7,macOS-26.6.2-arm64-arm-64bit-Mach-O,arm,0.04263137502130121,0.15531795902643353,0.021655334043316543,0.00807141698896885,0.008522541960701346,0.016832208959385753,3.1250063329935074e-05,0.008792540989816189,0.009183292044326663,0.0007650000043213367,0.035604292061179876,0.07388154102955014,7.887498941272497e-05,0.19293587491847575,0.011672292021103203,0.20460816693957895,1.9208993762731552e-05,9.020906873047352e-05,0.08555383305065334,0.2835031670983881,0.4809021670371294
3912,random_3909,random_cycle_chord,20260823,baseline,0,200,3,13,15,4.569639533131047,True,True,,perf/incremental-yamada-frontier-order,1d8374f42cccbb16d78d44100a65ca603d7d1997,3.14.7,macOS-26.6.2-arm64-arm-64bit-Mach-O,arm,0.04052366700489074,0.1583261670311913,0.02262204105500132,0.007244084030389786,0.007463666959665716,0.014633000013418496,2.3541972041130066e-05,0.007591499947011471,0.007773500052280724,0.0005764999659731984,0.03059804195072502,0.06794833391904831,8.079106919467449e-05,0.20802337501663715,0.009395624976605177,0.21741899999324232,1.5332945622503757e-05,7.529195863753557e-05,0.07734395889565349,0.2761937929317355,0.4885465420084074
3913,random_3910,random_cycle_chord,20260823,crossing_rich,3,200,5,11,15,5.027964568242174,True,True,,perf/incremental-yamada-frontier-order,1d8374f42cccbb16d78d44100a65ca603d7d1997,3.14.7,macOS-26.6.2-arm64-arm-64bit-Mach-O,arm,0.04559916607104242,0.16162899998016655,0.05160775000695139,0.012583332951180637,0.016662416979670525,0.0264017500448972,0.00010641699191182852,0.01443187496624887,0.014362000045366585,0.0015790420584380627,0.056881084106862545,0.13785441603977233,0.0001712079392746091,0.22850258299149573,0.025215958012267947,0.2537185410037637,2.7999980375170708e-05,0.00018204201478511095,0.16307037405204028,0.37029854010324925,0.6038817500229925
3914,random_3911,random_cycle_chord,20260823,crossing_rich,4,200,5,14,18,4.24350027012269,True,True,,perf/incremental-yamada-frontier-order,1d8374f42cccbb16d78d44100a65ca603d7d1997,3.14.7,macOS-26.6.2-arm64-arm-64bit-Mach-O,arm,0.05069370800629258,0.16323658300098032,0.04129495797678828,0.011236125021241605,0.012567125027999282,0.024725041934289038,4.499999340623617e-05,0.012860540999099612,0.013377374969422817,0.0013499590568244457,0.05235791695304215,0.1174984589451924,0.00010845903307199478,0.3814158340683207,0.025431999936699867,0.40684783400502056,2.5999965146183968e-05,0.0001514999894425273,0.14293045888189226,0.35686074988916516,0.7427588750142604
3915,random_3912,random_cycle_chord,20260823,crossing_rich,2,200,4,9,12,5.971415603797378,True,True,,perf/incremental-yamada-frontier-order,1d8374f42cccbb16d78d44100a65ca603d7d1997,3.14.7,macOS-26.6.2-arm64-arm-64bit-Mach-O,arm,0.040730917011387646,0.16067179199308157,0.05224024993367493,0.009086625068448484,0.009609124972485006,0.018964792019687593,3.2125040888786316e-05,0.00981445808429271,0.010299166082404554,0.0009837080724537373,0.04009424929972738,0.11105979199055582,7.987499702721834e-05,0.16794820805080235,0.017734499997459352,0.1856827080482617,1.9875005818903446e-05,0.00011229200754314661,0.12879429198801517,0.3301970009924844,0.5025739589473233
3916,random_3913,random_cycle_chord,20260823,crossing_rich,5,200,5,9,13,4.305920127987549,True,True,,perf/incremental-yamada-frontier-order,1d8374f42cccbb16d78d44100a65ca603d7d1997,3.14.7,macOS-26.6.2-arm64-arm-64bit-Mach-O,arm,0.034650790970772505,0.15350474999286234,0.04201816697604954,0.01071754191070795,0.01259037503041327,0.024848666973412037,3.9375037886202335e-05,0.012705708970315754,0.013210167060606182,0.0013530419673770666,0.05215696000959724,0.11751820798963308,8.429097943007946e-05,0.17773266695439816,0.028192624915391207,0.20592529186978936,2.3999949917197227e-05,0.00014808401465415955,0.1457108329050243,0.33386637386865914,0.5165043330052868
3917,random_3914,random_cycle_chord,20260823,baseline,0,200,3,11,13,4.087169766042213,True,True,,perf/incremental-yamada-frontier-order,1d8374f42cccbb16d78d44100a65ca603d7d1997,3.14.7,macOS-26.6.2-arm64-arm-64bit-Mach-O,arm,0.03224625007715076,0.14865404192823917,0.01989962498191744,0.0065608329605311155,0.006629332900047302,0.013090249965898693,2.1666986867785454e-05,0.006760417018085718,0.0069272920954972506,0.0005193749675527215,0.02731900103390217,0.06042754196096212,7.079204078763723e-05,0.16772045905236155,0.008244374999776483,0.17596483405213803,1.4208024367690086e-05,6.320897955447435e-05,0.0686719169607386,0.24957220896612853,0.4213512080023065
3918,random_3915,random_cycle_chord,20260823,crossing_rich,5,200,5,8,12,4.242760729828219,True,True,,perf/incremental-yamada-frontier-order,1d8374f42cccbb16d78d44100a65ca603d7d1997,3.14.7,macOS-26.6.2-arm64-arm-64bit-Mach-O,arm,0.030701542040333152,0.14797245804220438,0.039378958055749536,0.010669125011190772,0.012474750052206218,0.02469250001013279,3.791693598031998e-05,0.012770415982231498,0.013405625009909272,0.0013437910238280892,0.05225024896208197,0.11480720899999142,0.00016616703942418098,0.2623427079524845,0.025372291915118694,0.2877149998676032,2.4707987904548645e-05,0.00014533300418406725,0.1401795009151101,0.31885350099764764,0.5853654580423608
3919,random_3916,random_cycle_chord,20260823,crossing_rich,5,200,5,8,12,4.0980737599773525,True,True,,perf/incremental-yamada-frontier-order,1d8374f42cccbb16d78d44100a65ca603d7d1997,3.14.7,macOS-26.6.2-arm64-arm-64bit-Mach-O,arm,0.030201208079233766,0.1479729589773342,0.03540695796255022,0.010658000013791025,0.012551166932098567,0.02477641706354916,3.729201853275299e-05,0.012825459009036422,0.013523209025152028,0.0013639169046655297,0.05252629402093589,0.11117641697637737,0.00018820806872099638,0.16233762493357062,0.028888999950140715,0.19122662488371134,2.3791915737092495e-05,0.0001462079817429185,0.14006541692651808,0.31823958398308605,0.48506283294409513
3920,random_3917,random_cycle_chord,20260823,baseline,0,200,4,10,13,4.653183672701667,True,True,,perf/incremental-yamada-frontier-order,1d8374f42cccbb16d78d44100a65ca603d7d1997,3.14.7,macOS-26.6.2-arm64-arm-64bit-Mach-O,arm,0.034021500032395124,0.1600195000646636,0.021709084045141935,0.007884124992415309,0.008393540978431702,0.016407832968980074,3.291596658527851e-05,0.0085699160117656,0.008786207996308804,0.0007727080956101418,0.0345695810392499,0.07258562499191612,7.808394730091095e-05,0.15700795804150403,0.010970333009026945,0.16797829105053097,2.0583043806254864e-05,9.166600648313761e-05,0.08355595800094306,0.2775969580980018,0.43885879090521485
3921,random_3918,random_cycle_chord,20260823,baseline,0,200,4,11,14,4.032407712931285,True,True,,perf/incremental-yamada-frontier-order,1d8374f42cccbb16d78d44100a65ca603d7d1997,3.14.7,macOS-26.6.2-arm64-arm-64bit-Mach-O,arm,0.034639792051166296,0.14850320806726813,0.018983874935656786,0.007905166945420206,0.00841162505093962,0.016604333999566734,2.9542017728090286e-05,0.0085913329385221,0.008774917107075453,0.0006804170552641153,0.03468054311815649,0.07000733306631446,7.870804984122515e-05,0.18093545897863805,0.010359958978369832,0.19129541795700788,1.7666956409811974e-05,7.849989924579859e-05,0.08036729204468429,0.2635102921631187,0.44860212493222207
3922,random_3919,random_cycle_chord,20260823,baseline,0,200,3,8,10,6.1994469682325875,True,True,,perf/incremental-yamada-frontier-order,1d8374f42cccbb16d78d44100a65ca603d7d1997,3.14.7,macOS-26.6.2-arm64-arm-64bit-Mach-O,arm,0.03284516709391028,0.14853570808190852,0.030042832950130105,0.006628916948102415,0.006699291989207268,0.01323191705159843,2.191704697906971e-05,0.006860499968752265,0.007063542027026415,0.0005705829244107008,0.02774845901876688,0.07113954203668982,5.5625103414058685e-05,0.1292394590564072,0.008996749995276332,0.13823620905168355,1.391698606312275e-05,7.02079851180315e-05,0.08013629203196615,0.26151716720778495,0.39476754097267985
3923,random_3920,random_cycle_chord,20260823,crossing_rich,2,200,4,8,11,6.572312044078061,True,True,,perf/incremental-yamada-frontier-order,1d8374f42cccbb16d78d44100a65ca603d7d1997,3.14.7,macOS-26.6.2-arm64-arm-64bit-Mach-O,arm,0.0392813750077039,0.14857958303764462,0.05558495898731053,0.008366541936993599,0.008801499963738024,0.01738570793531835,2.9292074032127857e-05,0.009035082999616861,0.009388083009980619,0.000901999999769032,0.03674016601871699,0.10951974999625236,6.89999433234334e-05,0.14515437500085682,0.015247875009663403,0.16040225001052022,1.954101026058197e-05,9.816698729991913e-05,0.12476762500591576,0.3126285830512643,0.4618934999452904
3924,random_3921,random_cycle_chord,20260823,baseline,0,200,3,11,13,4.065824255280435,True,True,,perf/incremental-yamada-frontier-order,1d8374f42cccbb16d78d44100a65ca603d7d1997,3.14.7,macOS-26.6.2-arm64-arm-64bit-Mach-O,arm,0.03145904198754579,0.14720412495080382,0.019578708917833865,0.006465582991950214,0.006483290926553309,0.012747625005431473,2.162496093660593e-05,0.006666500004939735,0.00680033303797245,0.0005477500380948186,0.026783833047375083,0.05933112499769777,6.304203998297453e-05,0.16834516590461135,0.008664665976539254,0.1770098318811506,1.3792072422802448e-05,6.991694681346416e-05,0.06799579097423702,0.24665895791258663,0.419018708053045
3925,random_3922,random_cycle_chord,20260823,crossing_rich,5,200,5,8,12,4.192379542240359,True,True,,perf/incremental-yamada-frontier-order,1d8374f42cccbb16d78d44100a65ca603d7d1997,3.14.7,macOS-26.6.2-arm64-arm-64bit-Mach-O,arm,0.030460958019830287,0.1480596250621602,0.04274254199117422,0.010753417038358748,0.01239879208151251,0.024465667083859444,3.7209014408290386e-05,0.01269770902581513,0.013403667020611465,0.0013775000115856528,0.05198175215627998,0.11791029199957848,0.0001597920199856162,0.3184542920207605,0.031062292051501572,0.34951658407226205,2.9709073714911938e-05,0.00018041592556983232,0.14897258405108005,0.32749316713307053,0.6503444160334766
3926,random_3923,random_cycle_chord,20260823,crossing_rich,5,200,6,10,15,5.427444030531088,True,True,,perf/incremental-yamada-frontier-order,1d8374f42cccbb16d78d44100a65ca603d7d1997,3.14.7,macOS-26.6.2-arm64-arm-64bit-Mach-O,arm,0.05086475005373359,0.21649074996821582,0.06579608400352299,0.012066500028595328,0.012838833965361118,0.024877166957594454,8.983304724097252e-05,0.01337912492454052,0.014397457940503955,0.0017070830799639225,0.054450665949843824,0.14522599999327213,0.00025220797397196293,0.3209116249345243,0.029044541995972395,0.3499561669304967,2.8957962058484554e-05,0.00016895798034965992,0.17427054198924452,0.44162604201119393,0.7673988750902936
3927,random_3924,random_cycle_chord,20260823,crossing_rich,4,200,6,13,18,4.022541465260406,True,True,,perf/incremental-yamada-frontier-order,1d8374f42cccbb16d78d44100a65ca603d7d1997,3.14.7,macOS-26.6.2-arm64-arm-64bit-Mach-O,arm,0.04647416598163545,0.15233029203955084,0.04787212505470961,0.011539667029865086,0.012932165991514921,0.025323333917185664,5.512498319149017e-05,0.013209583004936576,0.014028083067387342,0.0016010410618036985,0.05421716603450477,0.12660958396736532,0.00010475004091858864,0.24587758304551244,0.0291563750943169,0.27503395813982934,2.89171002805233e-05,0.0001611249754205346,0.15576595906168222,0.3545704170828685,0.6050726670073345
3928,random_3925,random_cycle_chord,20260823,crossing_rich,5,200,5,8,12,4.239179900236547,True,True,,perf/incremental-yamada-frontier-order,1d8374f42cccbb16d78d44100a65ca603d7d1997,3.14.7,macOS-26.6.2-arm64-arm-64bit-Mach-O,arm,0.030526874936185777,0.14874687499832362,0.038887541042640805,0.01107054203748703,0.013088083011098206,0.02470141602680087,4.1207997128367424e-05,0.012957041966728866,0.013892207993194461,0.001364917028695345,0.05295679101254791,0.11605916603002697,0.0002850840101018548,0.2609892920590937,0.02534158295020461,0.2863308750092983,2.462498378008604e-05,0.00015199999324977398,0.14140074898023158,0.320674498914741,0.5859906249679625
3929,random_3926,random_cycle_chord,20260823,crossing_rich,4,200,5,10,14,5.408310732055191,True,True,,perf/incremental-yamada-frontier-order,1d8374f42cccbb16d78d44100a65ca603d7d1997,3.14.7,macOS-26.6.2-arm64-arm-64bit-Mach-O,arm,0.10157966706901789,0.18153566704131663,0.06163558305706829,0.011493416968733072,0.012144500040449202,0.023791000014171004,5.425000563263893e-05,0.012005332973785698,0.012774124974384904,0.0014417089987546206,0.050066416966728866,0.13537941605318338,0.00010108295828104019,0.20824366598390043,0.029299541958607733,0.23754320794250816,3.574998117983341e-05,0.0001741249579936266,0.1646789580117911,0.4477942921221256,0.6612764579476789
3930,random_3927,random_cycle_chord,20260823,crossing_rich,2,200,4,8,11,6.318975020067441,True,True,,perf/incremental-yamada-frontier-order,1d8374f42cccbb16d78d44100a65ca603d7d1997,3.14.7,macOS-26.6.2-arm64-arm-64bit-Mach-O,arm,0.0424859169870615,0.17139629099983722,0.0807991250185296,0.013920457917265594,0.010344584006816149,0.01990333292633295,7.620896212756634e-05,0.010738500044681132,0.010897750034928322,0.0011675000423565507,0.04278329201042652,0.14791299996431917,0.00011616700794547796,0.16987379197962582,0.02105933299753815,0.19093312497716397,2.787495031952858e-05,0.00014766701497137547,0.16897233296185732,0.38285454094875604,0.5576710830209777
3931,random_3928,random_cycle_chord,20260823,crossing_rich,2,200,4,9,12,6.072750013232962,True,True,,perf/incremental-yamada-frontier-order,1d8374f42cccbb16d78d44100a65ca603d7d1997,3.14.7,macOS-26.6.2-arm64-arm-64bit-Mach-O,arm,0.04651995899621397,0.17479687510058284,0.06348045903723687,0.010023375041782856,0.010349749936722219,0.02023895806632936,5.929102189838886e-05,0.01053687499370426,0.010920125059783459,0.0010791249806061387,0.042834374122321606,0.12672275002114475,9.55839641392231e-05,0.18247991695534438,0.02069858298636973,0.2031784999417141,2.5458051823079586e-05,0.00013683305587619543,0.14742133300751448,0.3687381671043113,0.5562643749872223
3932,random_3929,random_cycle_chord,20260823,baseline,0,200,3,13,15,4.563213196451272,True,True,,perf/incremental-yamada-frontier-order,1d8374f42cccbb16d78d44100a65ca603d7d1997,3.14.7,macOS-26.6.2-arm64-arm-64bit-Mach-O,arm,0.045347125036641955,0.16815016709733754,0.025912374956533313,0.007750584045425057,0.0075939580565318465,0.014607165940105915,2.4541979655623436e-05,0.007487541995942593,0.0076763329561799765,0.0006191659485921264,0.030414748820476234,0.07169508398510516,8.499994874000549e-05,0.22402033291291445,0.009418291971087456,0.2334386248840019,1.9541941583156586e-05,8.51659569889307e-05,0.08111337595619261,0.2946106680901721,0.523708957945928
3933,random_3930,random_cycle_chord,20260823,baseline,0,200,4,10,13,4.661719394011414,True,True,,perf/incremental-yamada-frontier-order,1d8374f42cccbb16d78d44100a65ca603d7d1997,3.14.7,macOS-26.6.2-arm64-arm-64bit-Mach-O,arm,0.03796737501397729,0.16926083294674754,0.02508187503553927,0.008663375047035515,0.008546791039407253,0.016801040968857706,3.308302257210016e-05,0.03807029197923839,0.024568459019064903,0.0014192919479683042,0.0808921669377014,0.12321654090192169,0.00013887498062103987,0.20528866699896753,0.013776250067166984,0.2190649170661345,2.6916037313640118e-05,0.00011454091873019934,0.13699279096908867,0.3442209989298135,0.5546371670207009
3934,random_3931,random_cycle_chord,20260823,baseline,0,200,3,9,11,5.385174333230584,True,True,,perf/incremental-yamada-frontier-order,1d8374f42cccbb16d78d44100a65ca603d7d1997,3.14.7,macOS-26.6.2-arm64-arm-64bit-Mach-O,arm,0.03711579099763185,0.16751425003167242,0.03369349997956306,0.007813333068042994,0.00775229197461158,0.015572416945360601,5.4750009439885616e-05,0.008249707985669374,0.009666875004768372,0.0011565000750124454,0.03470025002025068,0.08398320793639868,0.000202624942176044,0.17475624999497086,0.010686666006222367,0.18544291600119323,1.7584068700671196e-05,9.033293463289738e-05,0.09466987394262105,0.2992999149719253,0.47889595897868276
3935,random_3932,random_cycle_chord,20260823,crossing_rich,4,200,5,8,12,6.589238277634749,True,True,,perf/incremental-yamada-frontier-order,1d8374f42cccbb16d78d44100a65ca603d7d1997,3.14.7,macOS-26.6.2-arm64-arm-64bit-Mach-O,arm,0.050965834059752524,0.17609087494201958,0.07332708302419633,0.011567250010557473,0.012139749946072698,0.02389904099982232,5.283299833536148e-05,0.012101957923732698,0.012721291044726968,0.0015007079346105456,0.05027583090122789,0.14735245902556926,0.00019524991512298584,0.1893444579327479,0.033041957998648286,0.2223864159313962,4.4792075641453266e-05,0.00023158302064985037,0.18039441702421755,0.40745112602598965,0.6024917920585722
3936,random_3933,random_cycle_chord,20260823,crossing_rich,5,200,5,9,13,4.332408266226271,True,True,,perf/incremental-yamada-frontier-order,1d8374f42cccbb16d78d44100a65ca603d7d1997,3.14.7,macOS-26.6.2-arm64-arm-64bit-Mach-O,arm,0.04331295902375132,0.19211820897180587,0.05063641699962318,0.013143041986040771,0.014472958049736917,0.02794770896434784,4.400010220706463e-05,0.01435625005979091,0.015190624981187284,0.0016049999976530671,0.059143584105186164,0.1374367089010775,9.833392687141895e-05,0.21346145798452199,0.03623016702476889,0.24969162500929087,3.354193177074194e-05,0.00018612504936754704,0.1736668759258464,0.4090980439214036,0.6285831250716001
3937,random_3934,random_cycle_chord,20260823,crossing_rich,3,200,4,8,11,4.120577185899425,True,True,,perf/incremental-yamada-frontier-order,1d8374f42cccbb16d78d44100a65ca603d7d1997,3.14.7,macOS-26.6.2-arm64-arm-64bit-Mach-O,arm,0.033840958029031754,0.17100733297411352,0.034757375018671155,0.010348542011342943,0.010771707980893552,0.02205191703978926,3.27499583363533e-05,0.0114471249980852,0.011888582957908511,0.001065584016032517,0.04648595897015184,0.10239395801909268,8.591602090746164e-05,0.15734129201155156,0.019744416931644082,0.17708570894319564,2.0666979253292084e-05,0.00012600002810359,0.12213837495073676,0.32698666595388204,0.48934087506495416
3938,random_3935,random_cycle_chord,20260823,crossing_rich,4,200,5,9,13,6.075512044000815,True,True,,perf/incremental-yamada-frontier-order,1d8374f42cccbb16d78d44100a65ca603d7d1997,3.14.7,macOS-26.6.2-arm64-arm-64bit-Mach-O,arm,0.04573104192968458,0.15945362497586757,0.05903012491762638,0.010445832973346114,0.011399041977711022,0.022496124962344766,4.070799332112074e-05,0.0117596669588238,0.012701167026534677,0.001377625041641295,0.04837529198266566,0.12928545789327472,9.608396794646978e-05,0.2292919580359012,0.026739375083707273,0.25603133311960846,2.8249924071133137e-05,0.00016808300279080868,0.156024832976982,0.36120949988253415,0.5954217080725357
3939,random_3936,random_cycle_chord,20260823,baseline,0,200,3,8,10,6.178164348690906,True,True,,perf/incremental-yamada-frontier-order,1d8374f42cccbb16d78d44100a65ca603d7d1997,3.14.7,macOS-26.6.2-arm64-arm-64bit-Mach-O,arm,0.03666891704779118,0.16080941597465426,0.03382520901504904,0.007451792014762759,0.007192707969807088,0.014101500040851533,2.4374923668801785e-05,0.00732954207342118,0.007570332963950932,0.0005861249519512057,0.029611874953843653,0.0781035830732435,6.391701754182577e-05,0.13956887496169657,0.009286999935284257,0.14885587489698082,1.5041092410683632e-05,8.087500464171171e-05,0.08739058300852776,0.2848689160309732,0.4289433329831809
3940,random_3937,random_cycle_chord,20260823,crossing_rich,2,200,4,9,12,6.069755664628511,True,True,,perf/incremental-yamada-frontier-order,1d8374f42cccbb16d78d44100a65ca603d7d1997,3.14.7,macOS-26.6.2-arm64-arm-64bit-Mach-O,arm,0.049419709015637636,0.32654795807320625,0.08599170902743936,0.015026625012978911,0.01474345801398158,0.02874283294659108,7.204199209809303e-05,0.014356083003804088,0.016689375042915344,0.0030621669720858335,0.06292249995749444,0.17878329195082188,0.0003358330577611923,0.3134474999969825,0.02278987504541874,0.33623737504240125,3.224995452910662e-05,0.00015108298975974321,0.20157316699624062,0.5775408340850845,0.897550749941729
3941,random_3938,random_cycle_chord,20260823,baseline,0,200,3,11,13,4.100071872998266,True,True,,perf/incremental-yamada-frontier-order,1d8374f42cccbb16d78d44100a65ca603d7d1997,3.14.7,macOS-26.6.2-arm64-arm-64bit-Mach-O,arm,0.044369125040248036,0.2018698750762269,0.026598667027428746,0.010960542014800012,0.009961958974599838,0.01900149998255074,5.5458047427237034e-05,0.009348458028398454,0.009435707936063409,0.0006708749569952488,0.03851199895143509,0.08607083302922547,0.00010125001426786184,0.2153826670255512,0.010076040984131396,0.2254587080096826,1.8415972590446472e-05,8.67500202730298e-05,0.09614687401335686,0.3423858741298318,0.5635246249148622
3942,random_3939,random_cycle_chord,20260823,baseline,0,200,3,8,10,6.2110948448322825,True,True,,perf/incremental-yamada-frontier-order,1d8374f42cccbb16d78d44100a65ca603d7d1997,3.14.7,macOS-26.6.2-arm64-arm-64bit-Mach-O,arm,0.04024208406917751,0.17863083397969604,0.04151774989441037,0.007817249977961183,0.007942208903841674,0.015391917084343731,4.8666028305888176e-05,0.008031500037759542,0.008188084000721574,0.0006321669789031148,0.03229233413003385,0.08961641695350409,8.433405309915543e-05,0.15743324998766184,0.011832499993033707,0.16926574998069555,2.0582927390933037e-05,9.645801037549973e-05,0.10144891694653779,0.32032183499541134,0.4826898330356926
3943,random_3940,random_cycle_chord,20260823,crossing_rich,4,200,6,12,17,4.067128368282646,True,True,,perf/incremental-yamada-frontier-order,1d8374f42cccbb16d78d44100a65ca603d7d1997,3.14.7,macOS-26.6.2-arm64-arm-64bit-Mach-O,arm,0.06083283305633813,0.18431854096706957,0.04596458398737013,0.013171375030651689,0.014039958012290299,0.027445374988019466,5.9125013649463654e-05,0.01432612503413111,0.015183791983872652,0.001722541986964643,0.058736959006637335,0.13196958391927183,0.00011437502689659595,0.26138245896436274,0.03154337499290705,0.2929258339572698,3.1084055081009865e-05,0.00017879100050777197,0.16351295891217887,0.40866433293558657,0.6753275420051068
3944,random_3941,random_cycle_chord,20260823,baseline,0,200,3,10,12,4.680021658647221,True,True,,perf/incremental-yamada-frontier-order,1d8374f42cccbb16d78d44100a65ca603d7d1997,3.14.7,macOS-26.6.2-arm64-arm-64bit-Mach-O,arm,0.036032750038430095,0.16330345801543444,0.023412875016219914,0.007400834001600742,0.007064999896101654,0.01425987493712455,2.4000066332519054e-05,0.007200666004791856,0.0075301670003682375,0.0006433749804273248,0.029658082989044487,0.06755816598888487,7.108296267688274e-05,0.16555929102469236,0.009612999972887337,0.1751722909975797,1.5542027540504932e-05,8.158304262906313e-05,0.0771711659617722,0.27650737401563674,0.44659495900850743
3945,random_3942,random_cycle_chord,20260823,crossing_rich,5,200,6,11,16,4.606441257014432,True,True,,perf/incremental-yamada-frontier-order,1d8374f42cccbb16d78d44100a65ca603d7d1997,3.14.7,macOS-26.6.2-arm64-arm-64bit-Mach-O,arm,0.045830999966710806,0.16328475007321686,0.047668625018559396,0.012136165983974934,0.013432875042781234,0.026450333069078624,4.833308048546314e-05,0.013679749914444983,0.014572084066458046,0.00172149995341897,0.05647200008388609,0.129753208020702,9.899993892759085e-05,0.22923470800742507,0.0319685839349404,0.26120329194236547,2.97910301014781e-05,0.00018383294809609652,0.1617217919556424,0.37083754199557006,0.6049759580055252
3946,random_3943,random_cycle_chord,20260823,baseline,0,200,3,8,10,6.143874226930426,True,True,,perf/incremental-yamada-frontier-order,1d8374f42cccbb16d78d44100a65ca603d7d1997,3.14.7,macOS-26.6.2-arm64-arm-64bit-Mach-O,arm,0.03435779095161706,0.15547120792325586,0.030957792070694268,0.006704916944727302,0.006771584041416645,0.013352000038139522,2.245791256427765e-05,0.006914042052812874,0.0071486670058220625,0.0005775419995188713,0.028014709008857608,0.07246858393773437,5.970802158117294e-05,0.13334645808208734,0.009660374955274165,0.1430068330373615,1.4291028492152691e-05,7.387495134025812e-05,0.08212895889300853,0.27195795776788145,0.40945625002495944
3947,random_3944,random_cycle_chord,20260823,baseline,0,200,4,11,14,4.012935319934553,True,True,,perf/incremental-yamada-frontier-order,1d8374f42cccbb16d78d44100a65ca603d7d1997,3.14.7,macOS-26.6.2-arm64-arm-64bit-Mach-O,arm,0.03553858399391174,0.155541833024472,0.02150083298329264,0.007939625065773726,0.008225874975323677,0.016175332944840193,2.97910301014781e-05,0.008404458058066666,0.008651708951219916,0.0007555839838460088,0.03401687496807426,0.07171170809306204,7.516599725931883e-05,0.191954999929294,0.012261166935786605,0.2042161668650806,2.0915991626679897e-05,9.420805145055056e-05,0.08397287502884865,0.2750532920472324,0.47130095795728266
3948,random_3945,random_cycle_chord,20260823,baseline,0,200,3,8,10,6.147423634265999,True,True,,perf/incremental-yamada-frontier-order,1d8374f42cccbb16d78d44100a65ca603d7d1997,3.14.7,macOS-26.6.2-arm64-arm-64bit-Mach-O,arm,0.03479966695886105,0.15602220909204334,0.03302299999631941,0.006888417061418295,0.007030499982647598,0.013804291957058012,2.2707972675561905e-05,0.007143542054109275,0.007412332925014198,0.0006313329795375466,0.029014207888394594,0.07597666699439287,6.0582999140024185e-05,0.13410045800264925,0.010122332954779267,0.14422279095742851,1.48330582305789e-05,7.78749817982316e-05,0.08609899994917214,0.27692087600007653,0.4152113749878481
3949,random_3946,random_cycle_chord,20260823,crossing_rich,5,200,5,8,12,4.222409370564848,True,True,,perf/incremental-yamada-frontier-order,1d8374f42cccbb16d78d44100a65ca603d7d1997,3.14.7,macOS-26.6.2-arm64-arm-64bit-Mach-O,arm,0.03184520895592868,0.15411808295175433,0.04047737503424287,0.011253083939664066,0.013038708013482392,0.025738042080774903,4.2208004742860794e-05,0.013269082992337644,0.013962041004560888,0.001427333103492856,0.05443870718590915,0.1192462919279933,0.00016562500968575478,0.27709150000009686,0.028267082991078496,0.30535858299117535,2.8250040486454964e-05,0.00017291598487645388,0.1475133749190718,0.3334766668267548,0.6149522910127416
3950,random_3947,random_cycle_chord,20260823,crossing_rich,5,200,5,8,12,4.25785016201606,True,True,,perf/incremental-yamada-frontier-order,1d8374f42cccbb16d78d44100a65ca603d7d1997,3.14.7,macOS-26.6.2-arm64-arm-64bit-Mach-O,arm,0.03272704209666699,0.15860666695516557,0.04250691598281264,0.011566624976694584,0.013344833045266569,0.026456624967977405,3.954209387302399e-05,0.013667625025846064,0.01431079104077071,0.0014242910547181964,0.0558988741831854,0.12335262505803257,0.00020745792426168919,0.17361429193988442,0.02671050000935793,0.20032479194924235,2.520799171179533e-05,0.00016066699754446745,0.1500631250673905,0.34139683411922306,0.5201135829556733
3951,random_3948,random_cycle_chord,20260823,crossing_rich,5,200,5,8,12,4.127253473053568,True,True,,perf/incremental-yamada-frontier-order,1d8374f42cccbb16d78d44100a65ca603d7d1997,3.14.7,macOS-26.6.2-arm64-arm-64bit-Mach-O,arm,0.03240695898421109,0.1605861249845475,0.03705949999857694,0.011661916971206665,0.01336624997202307,0.026367916027083993,4.0790997445583344e-05,0.01367041701450944,0.014310249942354858,0.0014173340750858188,0.05580670805647969,0.11793170892633498,0.0001902079675346613,0.1777428340865299,0.030108916922472417,0.20785175100900233,2.675002906471491e-05,0.00016683305148035288,0.1480406258488074,0.341033709817566,0.5238779580686241
3952,random_3949,random_cycle_chord,20260823,crossing_rich,6,200,6,12,17,4.876899458378203,True,True,,perf/incremental-yamada-frontier-order,1d8374f42cccbb16d78d44100a65ca603d7d1997,3.14.7,macOS-26.6.2-arm64-arm-64bit-Mach-O,arm,0.05112208391074091,0.1619727499783039,0.05704508407507092,0.015283584012649953,0.014940750086680055,0.029412042000330985,6.845803000032902e-05,0.015229832963086665,0.016219374956563115,0.001746125053614378,0.06267583300359547,0.14999633305706084,0.00011725001968443394,0.24651820899453014,0.03690779197495431,0.28342600096948445,4.300009459257126e-05,0.00020979205146431923,0.18690412503201514,0.39999895892105997,0.652293958934024
3953,random_3950,random_cycle_chord,20260823,crossing_rich,2,200,4,8,11,6.601980818318443,True,True,,perf/incremental-yamada-frontier-order,1d8374f42cccbb16d78d44100a65ca603d7d1997,3.14.7,macOS-26.6.2-arm64-arm-64bit-Mach-O,arm,0.04376995796337724,0.16544929204974324,0.06875804101582617,0.009597667027264833,0.009610790992155671,0.01913745899219066,7.9583958722651e-05,0.010128334048204124,0.010670249932445586,0.0011088339379057288,0.04112446086946875,0.12914433400146663,0.00012620794586837292,0.2102830420481041,0.03206987492740154,0.24235291697550565,3.174995072185993e-05,0.00015766697470098734,0.16121420892886817,0.37043345894198865,0.5856169159524143
3954,random_3951,random_cycle_chord,20260823,baseline,0,200,3,10,12,4.667439963634264,True,True,,perf/incremental-yamada-frontier-order,1d8374f42cccbb16d78d44100a65ca603d7d1997,3.14.7,macOS-26.6.2-arm64-arm-64bit-Mach-O,arm,0.03962629206944257,0.17337391700129956,0.023072500014677644,0.00778762495610863,0.007746750023216009,0.015216125058941543,2.4916022084653378e-05,0.007878707954660058,0.008068625000305474,0.0006173340370878577,0.031805708073079586,0.07043504191096872,0.00012049998622387648,0.1735659169498831,0.009993334067985415,0.18355925101786852,1.9875005818903446e-05,9.145797230303288e-05,0.08042837597895414,0.29342858504969627,0.4717797500779852
3955,random_3952,random_cycle_chord,20260823,crossing_rich,2,200,4,9,12,5.743839360266403,True,True,,perf/incremental-yamada-frontier-order,1d8374f42cccbb16d78d44100a65ca603d7d1997,3.14.7,macOS-26.6.2-arm64-arm-64bit-Mach-O,arm,0.04527441691607237,0.17839662497863173,0.059341083047911525,0.010280332993716002,0.010537708993069828,0.021202250034548342,6.004201713949442e-05,0.011267042020335793,0.011945541948080063,0.001295457943342626,0.04577033396344632,0.12597870803438127,0.00013204198330640793,0.20136541698593646,0.02084958297200501,0.22221499995794147,2.4999957531690598e-05,0.00013291696086525917,0.14682829100638628,0.3704993329010904,0.5768300000345334
3956,random_3953,random_cycle_chord,20260823,baseline,0,200,3,12,14,4.87580072538683,True,True,,perf/incremental-yamada-frontier-order,1d8374f42cccbb16d78d44100a65ca603d7d1997,3.14.7,macOS-26.6.2-arm64-arm-64bit-Mach-O,arm,0.04274904110934585,0.17076187499333173,0.02603616693522781,0.007783084060065448,0.008102040970697999,0.015405166079290211,2.4667009711265564e-05,0.007923916913568974,0.008091083029285073,0.0005888330051675439,0.03203366603702307,0.07397770893294364,7.991597522050142e-05,0.18304475001059473,0.009042500052601099,0.19208725006319582,1.5833997167646885e-05,8.216698188334703e-05,0.08302020898554474,0.2965311250882223,0.48423104104585946
3957,random_3954,random_cycle_chord,20260823,baseline,0,200,4,14,17,4.2917318458453115,True,True,,perf/incremental-yamada-frontier-order,1d8374f42cccbb16d78d44100a65ca603d7d1997,3.14.7,macOS-26.6.2-arm64-arm-64bit-Mach-O,arm,0.04752295801881701,0.1626839169766754,0.025319332955405116,0.008559291949495673,0.008931334014050663,0.017619207967072725,3.183400258421898e-05,0.009120125090703368,0.009357833070680499,0.0007652080385014415,0.03689420816954225,0.07973345799837261,9.062502067536116e-05,0.23555099999066442,0.012098917039111257,0.24764991702977568,1.9999919459223747e-05,9.354203939437866e-05,0.09183237503748387,0.30203925003297627,0.5421115829376504
3958,random_3955,random_cycle_chord,20260823,baseline,0,200,4,13,16,4.56594267993923,True,True,,perf/incremental-yamada-frontier-order,1d8374f42cccbb16d78d44100a65ca603d7d1997,3.14.7,macOS-26.6.2-arm64-arm-64bit-Mach-O,arm,0.044108791975304484,0.15748966694809496,0.02461791702080518,0.008307915995828807,0.008798249997198582,0.017346084001474082,3.091699909418821e-05,0.008973332936875522,0.009229250019416213,0.000775999971665442,0.03635558392852545,0.07810720906127244,8.449994493275881e-05,0.21495016606058925,0.012054833001457155,0.2270049990620464,1.8417020328342915e-05,8.741696365177631e-05,0.0901620420627296,0.29176050098612905,0.511085583944805
3959,random_3956,random_cycle_chord,20260823,crossing_rich,4,200,5,9,13,6.077292722450478,True,True,,perf/incremental-yamada-frontier-order,1d8374f42cccbb16d78d44100a65ca603d7d1997,3.14.7,macOS-26.6.2-arm64-arm-64bit-Mach-O,arm,0.04368950007483363,0.153718417044729,0.05905333301052451,0.010093000018969178,0.011339041055180132,0.022455666912719607,3.850006032735109e-05,0.011625749990344048,0.01204491697717458,0.0013013749849051237,0.04746620892547071,0.12798616604413837,8.108397014439106e-05,0.18869291699957103,0.027187666040845215,0.21588058304041624,3.1833071261644363e-05,0.0001704581081867218,0.1551738320849836,0.3525817492045462,0.5460593339521438
3960,random_3957,random_cycle_chord,20260823,baseline,0,200,3,11,13,5.228134199378119,True,True,,perf/incremental-yamada-frontier-order,1d8374f42cccbb16d78d44100a65ca603d7d1997,3.14.7,macOS-26.6.2-arm64-arm-64bit-Mach-O,arm,0.05008766602259129,0.24067954195197672,0.03491170902270824,0.009909458109177649,0.009605291998013854,0.018875250010751188,7.287494372576475e-05,0.01041012501809746,0.010009874938987195,0.0007351249223574996,0.04010324983391911,0.0945833750301972,0.0001272499794140458,0.23569849994964898,0.012958458974026144,0.24865695892367512,2.7374946512281895e-05,0.00013433408457785845,0.10754183400422335,0.39830904197879136,0.6395945840049535
3961,random_3958,random_cycle_chord,20260823,baseline,0,200,4,10,13,4.628068141836468,True,True,,perf/incremental-yamada-frontier-order,1d8374f42cccbb16d78d44100a65ca603d7d1997,3.14.7,macOS-26.6.2-arm64-arm-64bit-Mach-O,arm,0.050523333018645644,0.22056016698479652,0.07267929206136614,0.10371929197572172,0.04146974999457598,0.046187125029973686,0.00011512497439980507,0.020473459037020802,0.018103249953128397,0.001386707997880876,0.08626566699240357,0.30432762508280575,0.00016604107804596424,0.320423666969873,0.021963042090646923,0.34238670906051993,5.150004290044308e-05,0.00016924994997680187,0.3262906671734527,0.5973741671768948,0.9268054580315948
3962,random_3959,random_cycle_chord,20260823,crossing_rich,4,200,5,11,15,4.64933485888762,True,True,,perf/incremental-yamada-frontier-order,1d8374f42cccbb16d78d44100a65ca603d7d1997,3.14.7,macOS-26.6.2-arm64-arm-64bit-Mach-O,arm,0.07272687496151775,0.38611262501217425,0.0721148329321295,0.01895616704132408,0.019989124964922667,0.04024195799138397,0.00013333407696336508,0.02091012499295175,0.022119208006188273,0.0023543330607935786,0.08575895812828094,0.19693833391647786,0.00019270891789346933,0.5772550000110641,0.04772150004282594,0.62497650005389,8.354207966476679e-05,0.0002960419515147805,0.2446598339593038,0.7034993339329958,1.2904636249877512
3963,random_3960,random_cycle_chord,20260823,crossing_rich,4,200,5,10,14,5.478479095675555,True,True,,perf/incremental-yamada-frontier-order,1d8374f42cccbb16d78d44100a65ca603d7d1997,3.14.7,macOS-26.6.2-arm64-arm-64bit-Mach-O,arm,0.0691457079956308,0.2184594579739496,0.0641207080334425,0.012884249910712242,0.014312915969640017,0.027456457959488034,4.8083020374178886e-05,0.01419416710268706,0.015307791996747255,0.0017913330812007189,0.05879783316049725,0.1501629160484299,0.00014179199934005737,0.40241516602691263,0.04584699997212738,0.44826216599904,7.537507917732e-05,0.0002862090477719903,0.19600991602055728,0.4836150819901377,0.8923796659801155
3964,random_3961,random_cycle_chord,20260823,crossing_rich,2,200,4,10,13,5.625223692281985,True,True,,perf/incremental-yamada-frontier-order,1d8374f42cccbb16d78d44100a65ca603d7d1997,3.14.7,macOS-26.6.2-arm64-arm-64bit-Mach-O,arm,0.06910466705448925,0.23152291704900563,0.06172079197131097,0.013459875015541911,0.013764290953986347,0.026364165940321982,7.399998139590025e-05,0.01430720800999552,0.014536708011291921,0.0013146670535206795,0.056596748996526,0.14559041697066277,0.00012770795729011297,0.24988491705153137,0.02290883392561227,0.27279375097714365,3.358395770192146e-05,0.00018150010146200657,0.16849925089627504,0.4691268349997699,0.7262412500567734
3965,random_3962,random_cycle_chord,20260823,baseline,0,200,4,10,13,4.644735520460523,True,True,,perf/incremental-yamada-frontier-order,1d8374f42cccbb16d78d44100a65ca603d7d1997,3.14.7,macOS-26.6.2-arm64-arm-64bit-Mach-O,arm,0.05179716704878956,0.20323125005234033,0.03180916700512171,0.011039166944101453,0.011093500070273876,0.021640374907292426,6.187497638165951e-05,0.01101549994200468,0.011647624894976616,0.0010655419901013374,0.04543091671075672,0.09943104104604572,0.00012679200153797865,0.18936824996490031,0.013129916973412037,0.20249816693831235,2.295803278684616e-05,0.00010691606439650059,0.11256095801945776,0.36758937512058765,0.5627976250834763
3966,random_3963,random_cycle_chord,20260823,baseline,0,200,3,10,12,4.652091491988474,True,True,,perf/incremental-yamada-frontier-order,1d8374f42cccbb16d78d44100a65ca603d7d1997,3.14.7,macOS-26.6.2-arm64-arm-64bit-Mach-O,arm,0.03640966699458659,0.17656641697976738,0.023241500020958483,0.007840667036361992,0.007573792012408376,0.014804292004555464,2.566596958786249e-05,0.007676250068470836,0.007899624994024634,0.0006422080332413316,0.031048041069880128,0.06972741696517915,7.76670640334487e-05,0.16565750003792346,0.009832874988205731,0.1754903750261292,2.0249979570508003e-05,9.424996096640825e-05,0.07956029195338488,0.29253637592773885,0.46318362501915544
3967,random_3964,random_cycle_chord,20260823,baseline,0,200,3,9,11,5.33341230741301,True,True,,perf/incremental-yamada-frontier-order,1d8374f42cccbb16d78d44100a65ca603d7d1997,3.14.7,macOS-26.6.2-arm64-arm-64bit-Mach-O,arm,0.03934879205189645,0.23362250009085983,0.038696666015312076,0.01002433302346617,0.011780000058934093,0.018208333058282733,7.812504190951586e-05,0.010404541972093284,0.010671084048226476,0.00095083296764642,0.04031291708815843,0.1008785420563072,0.00013283302541822195,0.25526720797643065,0.018235834082588553,0.2735030420590192,2.6082969270646572e-05,0.00012233294546604156,0.11911437613889575,0.39208566828165203,0.6536609169561416
3968,random_3965,random_cycle_chord,20260823,baseline,0,200,3,8,10,6.153399105658361,True,True,,perf/incremental-yamada-frontier-order,1d8374f42cccbb16d78d44100a65ca603d7d1997,3.14.7,macOS-26.6.2-arm64-arm-64bit-Mach-O,arm,0.04944258404430002,0.22029520908836275,0.04489816690329462,0.009444333030842245,0.009075375040993094,0.017821041983552277,3.116601146757603e-05,0.00922537490259856,0.009476292063482106,0.000743082957342267,0.037296957918442786,0.100742542068474,7.937499321997166e-05,0.17558279098011553,0.011707667028531432,0.18729045800864697,2.2333930246531963e-05,9.979191236197948e-05,0.11245020909700543,0.3821880022296682,0.5638312919763848
3969,random_3966,random_cycle_chord,20260823,baseline,0,200,3,10,12,4.6358754414925345,True,True,,perf/incremental-yamada-frontier-order,1d8374f42cccbb16d78d44100a65ca603d7d1997,3.14.7,macOS-26.6.2-arm64-arm-64bit-Mach-O,arm,0.040586749906651676,0.18444970797281712,0.02671808295417577,0.008040500106289983,0.008064749999903142,0.01466512493789196,4.1500083170831203e-05,0.008522916003130376,0.008208833052776754,0.0007619999814778566,0.03220037405844778,0.07506333303172141,0.0001234590308740735,0.18085066706407815,0.010589167010039091,0.19143983407411724,2.1124957129359245e-05,9.883393067866564e-05,0.0856525000417605,0.3106889579212293,0.49651291710324585
3970,random_3967,random_cycle_chord,20260823,baseline,0,200,3,9,11,5.37151805039549,True,True,,perf/incremental-yamada-frontier-order,1d8374f42cccbb16d78d44100a65ca603d7d1997,3.14.7,macOS-26.6.2-arm64-arm-64bit-Mach-O,arm,0.03796991694252938,0.17398466600570828,0.03227562492247671,0.007608042098581791,0.007548207999207079,0.014551625004969537,2.7959002181887627e-05,0.007568374974653125,0.007796249934472144,0.0006235420005396008,0.030567750916816294,0.07802770903799683,7.908290717750788e-05,0.1665960829705,0.0098545829532668,0.1764506659237668,1.7583020962774754e-05,8.633302059024572e-05,0.08788229199126363,0.2998368749395013,0.47132362506818026
3971,random_3968,random_cycle_chord,20260823,baseline,0,200,3,9,11,5.383245328528016,True,True,,perf/incremental-yamada-frontier-order,1d8374f42cccbb16d78d44100a65ca603d7d1997,3.14.7,macOS-26.6.2-arm64-arm-64bit-Mach-O,arm,0.036549333948642015,0.16960725001990795,0.03155099996365607,0.013659292017109692,0.008114458061754704,0.01639162504579872,7.612502668052912e-05,0.008388667018152773,0.00848358403891325,0.0006314159836620092,0.03397141711320728,0.08733095799107105,0.00014783302322030067,0.18791404203511775,0.010936792008578777,0.19885083404369652,2.129189670085907e-05,8.691695984452963e-05,0.09826774999964982,0.3044243339681998,0.4973152499878779
3972,random_3969,random_cycle_chord,20260823,baseline,0,200,3,10,12,4.658898428615782,True,True,,perf/incremental-yamada-frontier-order,1d8374f42cccbb16d78d44100a65ca603d7d1997,3.14.7,macOS-26.6.2-arm64-arm-64bit-Mach-O,arm,0.0373268750263378,0.17274445795919746,0.023537417058832943,0.007789083058014512,0.007670207996852696,0.015272875083610415,2.5541987270116806e-05,0.007929207989946008,0.008161499979905784,0.0006662909872829914,0.032055416028015316,0.07107516704127192,0.00010404200293123722,0.16360475006513298,0.009782750043086708,0.17338750010821968,1.820793841034174e-05,8.845794945955276e-05,0.08085791708435863,0.2909292500698939,0.45936670794617385
3973,random_3970,random_cycle_chord,20260823,crossing_rich,2,200,4,9,12,6.083060218177502,True,True,,perf/incremental-yamada-frontier-order,1d8374f42cccbb16d78d44100a65ca603d7d1997,3.14.7,macOS-26.6.2-arm64-arm-64bit-Mach-O,arm,0.04313929192721844,0.16450674994848669,0.059881667024455965,0.009445417090319097,0.00917233305517584,0.019028333015739918,6.78329961374402e-05,0.01000866701360792,0.010752125061117113,0.0011302080238237977,0.04098716611042619,0.11953058396466076,0.0001065409742295742,0.1852947500301525,0.01953512500040233,0.20482987503055483,2.4458044208586216e-05,0.00013116700574755669,0.1390657089650631,0.3467117508407682,0.5368375410325825
3974,random_3971,random_cycle_chord,20260823,baseline,0,200,4,12,15,4.87535872023735,True,True,,perf/incremental-yamada-frontier-order,1d8374f42cccbb16d78d44100a65ca603d7d1997,3.14.7,macOS-26.6.2-arm64-arm-64bit-Mach-O,arm,0.04482295806519687,0.1648232500301674,0.02774970803875476,0.011334209004417062,0.010506542050279677,0.02138100005686283,9.987503290176392e-05,0.010893250000663102,0.011142833041958511,0.0009425838943570852,0.04445954202674329,0.09414391708560288,0.00014600006397813559,0.3094012920046225,0.01774879195727408,0.3271500839618966,7.337506394833326e-05,0.00012674997560679913,0.11189270904287696,0.32153891713824123,0.6362032080069184
3975,random_3972,random_cycle_chord,20260823,crossing_rich,4,200,5,10,14,5.453760347277961,True,True,,perf/incremental-yamada-frontier-order,1d8374f42cccbb16d78d44100a65ca603d7d1997,3.14.7,macOS-26.6.2-arm64-arm-64bit-Mach-O,arm,0.06499033304862678,0.236265541985631,0.06956837500911206,0.016716500045731664,0.014214209048077464,0.027461583027616143,9.412504732608795e-05,0.014578667003661394,0.015312874922528863,0.0016152920434251428,0.05906254204455763,0.15964104200247675,0.0001753749093040824,0.3873612500028685,0.04274487495422363,0.4301061249570921,0.00011124997399747372,0.00039566599298268557,0.20238591695670038,0.5036417919909582,0.8981579591054469
3976,random_3973,random_cycle_chord,20260823,crossing_rich,5,200,5,10,14,4.093011082512837,True,True,,perf/incremental-yamada-frontier-order,1d8374f42cccbb16d78d44100a65ca603d7d1997,3.14.7,macOS-26.6.2-arm64-arm-64bit-Mach-O,arm,0.07349195808637887,0.2598838750272989,0.04501549992710352,0.014979333966039121,0.015691124950535595,0.03016916592605412,7.491698488593102e-05,0.014880916918627918,0.016365832998417318,0.0018873750232160091,0.0633782078512013,0.1391255420166999,0.00012945802882313728,0.2662744999397546,0.05444362503476441,0.320718124974519,0.00011533405631780624,0.0003161251079291105,0.19356916705146432,0.5269450001651421,0.8009032920235768
3977,random_3974,random_cycle_chord,20260823,baseline,0,200,3,9,11,5.381268612225675,True,True,,perf/incremental-yamada-frontier-order,1d8374f42cccbb16d78d44100a65ca603d7d1997,3.14.7,macOS-26.6.2-arm64-arm-64bit-Mach-O,arm,0.05719679093454033,0.22148841700982302,0.0315320830559358,0.009083833079785109,0.009025208069942892,0.01719329203478992,3.91670037060976e-05,0.00877683307044208,0.0102183329872787,0.001391374971717596,0.037619000067934394,0.08728762506507337,0.00015062501188367605,0.18396000005304813,0.01042808301281184,0.19438808306585997,1.833401620388031e-05,9.062502067536116e-05,0.09771570807788521,0.37640091602224857,0.5657662920420989
3978,random_3975,random_cycle_chord,20260823,crossing_rich,6,200,6,11,16,5.223739739577765,True,True,,perf/incremental-yamada-frontier-order,1d8374f42cccbb16d78d44100a65ca603d7d1997,3.14.7,macOS-26.6.2-arm64-arm-64bit-Mach-O,arm,0.057779167080298066,0.2647947499062866,0.07574341702274978,0.017255541984923184,0.019096540985628963,0.03740454197395593,0.00010674993973225355,0.019218417000956833,0.02051658311393112,0.0024269589921459556,0.07967325102072209,0.19185487495269626,0.0001664169831201434,0.3614545000018552,0.046005915966816247,0.40746041596867144,3.816699609160423e-05,0.0002328749978914857,0.2378607909195125,0.5604347079060972,0.9290727499173954
3979,random_3976,random_cycle_chord,20260823,crossing_rich,3,200,5,11,15,4.714391727925275,True,True,,perf/incremental-yamada-frontier-order,1d8374f42cccbb16d78d44100a65ca603d7d1997,3.14.7,macOS-26.6.2-arm64-arm-64bit-Mach-O,arm,0.05152849992737174,0.20925529196392745,0.05381800001487136,0.0117774159880355,0.012252749991603196,0.024121916969306767,4.6083005145192146e-05,0.012421249994076788,0.012690417002886534,0.0014330839039757848,0.050712750875391066,0.12860379193443805,0.00010091601870954037,0.23719274997711182,0.03239874995779246,0.2695914999349043,4.995905328541994e-05,0.00019991595763713121,0.1610025418922305,0.4217863337835297,0.6646892910357565
3980,random_3977,random_cycle_chord,20260823,crossing_rich,5,200,5,8,12,4.112647262828205,True,True,,perf/incremental-yamada-frontier-order,1d8374f42cccbb16d78d44100a65ca603d7d1997,3.14.7,macOS-26.6.2-arm64-arm-64bit-Mach-O,arm,0.036646166001446545,0.24099579092580825,0.057024542009457946,0.016367875039577484,0.01674816699232906,0.03133220807649195,8.187501225620508e-05,0.015766625059768558,0.016693916986696422,0.0017467080615460873,0.06562133319675922,0.15583641699049622,0.00028366607148200274,0.19608554197475314,0.03163329197559506,0.2277188339503482,3.699993249028921e-05,0.0002566250041127205,0.18746970896609128,0.46511166589334607,0.6710387920029461
3981,random_3978,random_cycle_chord,20260823,crossing_rich,4,200,5,8,12,6.590573365713962,True,True,,perf/incremental-yamada-frontier-order,1d8374f42cccbb16d78d44100a65ca603d7d1997,3.14.7,macOS-26.6.2-arm64-arm-64bit-Mach-O,arm,0.051365791936405,0.17537187493871897,0.07706954202149063,0.011157041997648776,0.011912874993868172,0.02338012494146824,4.2041996493935585e-05,0.012150999973528087,0.012917749932967126,0.0015425829915329814,0.05003349983599037,0.15021174994762987,0.000179499969817698,0.17865779204294086,0.028797000064514577,0.20745479210745543,2.6708003133535385e-05,0.00017133308574557304,0.17900875001214445,0.4057464168872684,0.5899002919904888
3982,random_3979,random_cycle_chord,20260823,crossing_rich,3,200,4,8,11,4.166929540042972,True,True,,perf/incremental-yamada-frontier-order,1d8374f42cccbb16d78d44100a65ca603d7d1997,3.14.7,macOS-26.6.2-arm64-arm-64bit-Mach-O,arm,0.031012916937470436,0.16150304197799414,0.03556670795660466,0.010198624921031296,0.01103408308699727,0.021749917068518698,3.254192415624857e-05,0.011081249918788671,0.011556250043213367,0.0010940419742837548,0.04551400092896074,0.10234333400148898,7.904099766165018e-05,0.15948324999772012,0.020252082962542772,0.1797353329602629,2.2540916688740253e-05,0.00012870796490460634,0.12259541696403176,0.31511137587949634,0.47942645801231265
3983,random_3980,random_cycle_chord,20260823,crossing_rich,5,200,5,8,12,4.1661301102237,True,True,,perf/incremental-yamada-frontier-order,1d8374f42cccbb16d78d44100a65ca603d7d1997,3.14.7,macOS-26.6.2-arm64-arm-64bit-Mach-O,arm,0.032976417103782296,0.16219729091972113,0.04451012494973838,0.01225070795044303,0.013502834015525877,0.027315416955389082,4.433398135006428e-05,0.014227082952857018,0.015028040972538292,0.0015292499447241426,0.0581441248068586,0.12844479095656425,0.00021941703744232655,0.17821183300111443,0.03031116700731218,0.2085230000084266,2.975005190819502e-05,0.00017370900604873896,0.15875595796387643,0.35392966598737985,0.5374259590171278
3984,random_3981,random_cycle_chord,20260823,crossing_rich,3,200,4,8,11,4.229535882731085,True,True,,perf/incremental-yamada-frontier-order,1d8374f42cccbb16d78d44100a65ca603d7d1997,3.14.7,macOS-26.6.2-arm64-arm-64bit-Mach-O,arm,0.029991290997713804,0.16198824997991323,0.0394915419165045,0.010433792020194232,0.010861249989829957,0.02164454199373722,3.4334021620452404e-05,0.010958416969515383,0.011474333936348557,0.0010549160651862621,0.045166542986407876,0.10598408302757889,7.833295967429876e-05,0.254250125028193,0.019236208056099713,0.2734863330842927,2.5374931283295155e-05,0.00012383307330310345,0.1252202910836786,0.31719983206130564,0.576130541972816
3985,random_3982,random_cycle_chord,20260823,crossing_rich,2,200,4,8,11,6.590530266688336,True,True,,perf/incremental-yamada-frontier-order,1d8374f42cccbb16d78d44100a65ca603d7d1997,3.14.7,macOS-26.6.2-arm64-arm-64bit-Mach-O,arm,0.042668333975598216,0.16084620810579509,0.059336750069633126,0.009058083058334887,0.00919441704172641,0.018064374919049442,3.120803739875555e-05,0.009421291062608361,0.009786041104234755,0.000986000057309866,0.03828891518060118,0.11590679199434817,7.995893247425556e-05,0.1548893750878051,0.018214582931250334,0.17310395801905543,2.0208070054650307e-05,0.00011912500485777855,0.1341213749255985,0.3376359170069918,0.4971666670171544
3986,random_3983,random_cycle_chord,20260823,crossing_rich,2,200,4,8,11,6.429389564658659,True,True,,perf/incremental-yamada-frontier-order,1d8374f42cccbb16d78d44100a65ca603d7d1997,3.14.7,macOS-26.6.2-arm64-arm-64bit-Mach-O,arm,0.04114016599487513,0.15980287501588464,0.05619316594675183,0.00905612506903708,0.009503250010311604,0.018729166011326015,3.1833071261644363e-05,0.009713375009596348,0.010112208081409335,0.0009981660405173898,0.03958474821411073,0.11436504195444286,7.516599725931883e-05,0.1537620419403538,0.017306249937973917,0.17106829187832773,2.1415995433926582e-05,0.000117915915325284,0.13167129189241678,0.33261433290317655,0.49109599995426834
3987,random_3984,random_cycle_chord,20260823,crossing_rich,3,200,5,11,15,5.065512268224749,True,True,,perf/incremental-yamada-frontier-order,1d8374f42cccbb16d78d44100a65ca603d7d1997,3.14.7,macOS-26.6.2-arm64-arm-64bit-Mach-O,arm,0.045800458057783544,0.18752933398354799,0.04835283395368606,0.012029459001496434,0.01217133307363838,0.02306383301038295,5.8416975662112236e-05,0.012505582999438047,0.012638667016290128,0.001455417019315064,0.0497219170210883,0.12233049992937595,0.00013150006998330355,0.22377687506377697,0.025829709018580616,0.24960658408235759,3.27499583363533e-05,0.00016791594680398703,0.14816020894795656,0.3814900009892881,0.6106839999556541
3988,random_3985,random_cycle_chord,20260823,crossing_rich,7,200,7,13,19,4.079167149217448,True,True,,perf/incremental-yamada-frontier-order,1d8374f42cccbb16d78d44100a65ca603d7d1997,3.14.7,macOS-26.6.2-arm64-arm-64bit-Mach-O,arm,0.06834366696421057,0.18203054193872958,0.056981250061653554,0.01825079193804413,0.017431832966394722,0.034118125098757446,8.9708948507905e-05,0.017571583040989935,0.01869033300317824,0.002147875027731061,0.07261762511916459,0.16538337501697242,0.00015112501569092274,0.28595741698518395,0.04324937495402992,0.32920679193921387,4.15419926866889e-05,0.0002293330617249012,0.20863274997100234,0.4590069588739425,0.7514405000256374
3989,random_3986,random_cycle_chord,20260823,crossing_rich,5,200,5,8,12,4.10470805299394,True,True,,perf/incremental-yamada-frontier-order,1d8374f42cccbb16d78d44100a65ca603d7d1997,3.14.7,macOS-26.6.2-arm64-arm-64bit-Mach-O,arm,0.03385595791041851,0.1724025000585243,0.04382120899390429,0.01204937498550862,0.013563208049163222,0.026834334013983607,4.066701512783766e-05,0.014042458031326532,0.014898500056006014,0.0015204999363049865,0.05733645905274898,0.126814000075683,0.0002198750153183937,0.17665649997070432,0.03129404201172292,0.20795054198242724,2.6415917091071606e-05,0.00016562500968575478,0.15810804208740592,0.36436650005634874,0.5462991250678897
3990,random_3987,random_cycle_chord,20260823,crossing_rich,4,200,5,9,13,6.075268363166616,True,True,,perf/incremental-yamada-frontier-order,1d8374f42cccbb16d78d44100a65ca603d7d1997,3.14.7,macOS-26.6.2-arm64-arm-64bit-Mach-O,arm,0.047631416004151106,0.18294358300045133,0.06959550001192838,0.011537833022885025,0.012229957967065275,0.023907333030365407,4.741700831800699e-05,0.01251787506043911,0.01323499996215105,0.001512249931693077,0.05121987499296665,0.14462204196024686,0.00011945795267820358,0.19787833304144442,0.028569416026584804,0.22644774906802922,2.7125002816319466e-05,0.00016775005497038364,0.17319145798683167,0.4037664569914341,0.6074948329478502
3991,random_3988,random_cycle_chord,20260823,baseline,0,200,3,11,13,5.224711431229336,True,True,,perf/incremental-yamada-frontier-order,1d8374f42cccbb16d78d44100a65ca603d7d1997,3.14.7,macOS-26.6.2-arm64-arm-64bit-Mach-O,arm,0.04111308301798999,0.17256470897700638,0.032405000063590705,0.010051541961729527,0.008623167057521641,0.01643141603562981,5.6750024668872356e-05,0.008554582949727774,0.008664999972097576,0.0007146249990910292,0.03442237398121506,0.08554683299735188,0.00013741699513047934,0.27096891694236547,0.015857208985835314,0.2868261259282008,2.9291026294231415e-05,0.0001348749501630664,0.1014040419831872,0.31508183397818357,0.5915427079889923
3992,random_3989,random_cycle_chord,20260823,crossing_rich,3,200,4,8,11,4.231975803853018,True,True,,perf/incremental-yamada-frontier-order,1d8374f42cccbb16d78d44100a65ca603d7d1997,3.14.7,macOS-26.6.2-arm64-arm-64bit-Mach-O,arm,0.04369525006040931,0.20888483303133398,0.05103008297737688,0.014069541939534247,0.014839250012300909,0.029247333062812686,8.170900400727987e-05,0.014772541006095707,0.01581433298997581,0.001480791950598359,0.06139670801348984,0.14139012503437698,0.00012583297211676836,0.3225479159737006,0.022689291974529624,0.3452372079482302,2.5707995519042015e-05,0.00014820904470980167,0.1640794170089066,0.4166595001006499,0.744876665994525
3993,random_3990,random_cycle_chord,20260823,crossing_rich,5,200,5,9,13,4.366403394768933,True,True,,perf/incremental-yamada-frontier-order,1d8374f42cccbb16d78d44100a65ca603d7d1997,3.14.7,macOS-26.6.2-arm64-arm-64bit-Mach-O,arm,0.038968667038716376,0.17131470795720816,0.0477128749480471,0.012208083062432706,0.013827833929099143,0.02719008398707956,4.433398135006428e-05,0.014174625044688582,0.014865875011309981,0.001544749946333468,0.05781966797076166,0.13160970795433968,0.00010991701856255531,0.19452333310618997,0.0313525830861181,0.22587591619230807,2.9250048100948334e-05,0.0001681250287219882,0.16296229104045779,0.3732456660363823,0.5732529999222606
3994,random_3991,random_cycle_chord,20260823,crossing_rich,5,200,5,8,12,4.1165829554679245,True,True,,perf/incremental-yamada-frontier-order,1d8374f42cccbb16d78d44100a65ca603d7d1997,3.14.7,macOS-26.6.2-arm64-arm-64bit-Mach-O,arm,0.03358558309264481,0.16397479199804366,0.048972625052556396,0.012022874900139868,0.01355949998833239,0.026926249964162707,4.11659711971879e-05,0.014230457949452102,0.01449450000654906,0.0014862499665468931,0.05717862385790795,0.13177112489938736,0.00019154197070747614,0.17814254201948643,0.030611291993409395,0.20875383401289582,2.787495031952858e-05,0.00016995810437947512,0.16238241689279675,0.3599427919834852,0.5433635000372306
3995,random_3992,random_cycle_chord,20260823,crossing_rich,2,200,4,9,12,6.084475965769245,True,True,,perf/incremental-yamada-frontier-order,1d8374f42cccbb16d78d44100a65ca603d7d1997,3.14.7,macOS-26.6.2-arm64-arm-64bit-Mach-O,arm,0.04264391597826034,0.15940620901528746,0.05180695897433907,0.009258582955226302,0.009273334057070315,0.01821741694584489,3.320805262774229e-05,0.009484332986176014,0.009925374994054437,0.000986333005130291,0.03864666598383337,0.10901491704862565,7.566704880446196e-05,0.16636833304073662,0.016591541934758425,0.18295987497549504,1.991703175008297e-05,0.00011629203800112009,0.12560645898338407,0.32765658397693187,0.4986562089761719
3996,random_3993,random_cycle_chord,20260823,crossing_rich,4,200,5,11,15,5.22350602794725,True,True,,perf/incremental-yamada-frontier-order,1d8374f42cccbb16d78d44100a65ca603d7d1997,3.14.7,macOS-26.6.2-arm64-arm-64bit-Mach-O,arm,0.04535583395045251,0.17884308309294283,0.055613750009797513,0.011378458002582192,0.011699666967615485,0.02331358299124986,8.200004231184721e-05,0.012199082993902266,0.012284958036616445,0.0013802920002490282,0.049259916064329445,0.12799570802599192,0.00011591706424951553,0.23377312498632818,0.030711374944075942,0.2644844999304041,4.270800855010748e-05,0.00017799995839595795,0.15870708297006786,0.3829060000134632,0.6228409999748692
3997,random_3994,random_cycle_chord,20260823,baseline,0,200,3,9,11,5.412216994431445,True,True,,perf/incremental-yamada-frontier-order,1d8374f42cccbb16d78d44100a65ca603d7d1997,3.14.7,macOS-26.6.2-arm64-arm-64bit-Mach-O,arm,0.03995641693472862,0.19733758305665106,0.0307896250160411,0.00910224998369813,0.00839658291079104,0.01985949999652803,0.00010175001807510853,0.011415833025239408,0.013425332959741354,0.0008061659755185246,0.045608581975102425,0.09393066703341901,0.00013962492812424898,0.19506670790724456,0.00999891699757427,0.20506562490481883,1.708406489342451e-05,8.687505032867193e-05,0.10392958403099328,0.34122358402237296,0.5415892079472542
3998,random_3995,random_cycle_chord,20260823,crossing_rich,2,200,4,9,12,6.07607443546983,True,True,,perf/incremental-yamada-frontier-order,1d8374f42cccbb16d78d44100a65ca603d7d1997,3.14.7,macOS-26.6.2-arm64-arm-64bit-Mach-O,arm,0.15233187493868172,0.18850591697264463,0.058908792096190155,0.01022737508174032,0.010538708069361746,0.0219642500160262,8.362496737390757e-05,0.011634125025011599,0.011642707977443933,0.0010817499132826924,0.04640645789913833,0.1261268750531599,0.00012312503531575203,0.20461329200770706,0.018743042019195855,0.22335633402690291,2.695806324481964e-05,0.00013149995356798172,0.14486991707235575,0.4857077089836821,0.6957282080547884
3999,random_3996,random_cycle_chord,20260823,crossing_rich,5,200,5,8,12,4.175220939630109,True,True,,perf/incremental-yamada-frontier-order,1d8374f42cccbb16d78d44100a65ca603d7d1997,3.14.7,macOS-26.6.2-arm64-arm-64bit-Mach-O,arm,0.03519991599023342,0.17155470792204142,0.04759404202923179,0.013280916959047318,0.014628249919041991,0.02935166598763317,9.345798753201962e-05,0.015282416949048638,0.015495209023356438,0.0016007499070838094,0.061823499854654074,0.1373924579238519,0.00023016601335257292,0.303911583032459,0.029863709001801908,0.33377529203426093,2.7250032871961594e-05,0.00017795898020267487,0.16725616692565382,0.37401079083792865,0.6830961249070242
4000,random_3997,random_cycle_chord,20260823,crossing_rich,4,200,5,9,13,6.074879913519976,True,True,,perf/incremental-yamada-frontier-order,1d8374f42cccbb16d78d44100a65ca603d7d1997,3.14.7,macOS-26.6.2-arm64-arm-64bit-Mach-O,arm,0.05568070791196078,0.23512049997225404,0.0705737080425024,0.011702707968652248,0.01206883299164474,0.023804042022675276,8.441705722361803e-05,0.012473374954424798,0.013170542079024017,0.0015910830115899444,0.051123459124937654,0.14551283395849168,0.0001359580783173442,0.20853433304000646,0.02927945798728615,0.2378137910272926,3.6833109334111214e-05,0.00018454098608344793,0.17479229194577783,0.46559349982999265,0.6803840410429984
4001,random_3998,random_cycle_chord,20260823,baseline,0,200,3,10,12,4.641611579195541,True,True,,perf/incremental-yamada-frontier-order,1d8374f42cccbb16d78d44100a65ca603d7d1997,3.14.7,macOS-26.6.2-arm64-arm-64bit-Mach-O,arm,0.03684104199055582,0.1742422500392422,0.025722207967191935,0.00811045803129673,0.00752724998164922,0.014901457936502993,4.875008016824722e-05,0.00788112508598715,0.007925249985419214,0.000669333036057651,0.031425916124135256,0.07280933309812099,9.79170436039567e-05,0.167409542016685,0.010798500035889447,0.17820804205257446,1.808302477002144e-05,8.7916967459023e-05,0.08360783313401043,0.29469112516380847,0.4670305410400033
4002,random_3999,random_cycle_chord,20260823,crossing_rich,2,200,4,9,12,6.0032295700073375,True,True,,perf/incremental-yamada-frontier-order,1d8374f42cccbb16d78d44100a65ca603d7d1997,3.14.7,macOS-26.6.2-arm64-arm-64bit-Mach-O,arm,0.04282383306417614,0.1660312080057338,0.0572745829122141,0.00956666690763086,0.009290541987866163,0.018510166089981794,4.575005732476711e-05,0.009771832963451743,0.010283874929882586,0.0010816670255735517,0.03969329106621444,0.11585737497080117,0.00010791700333356857,0.17736837500706315,0.01778274995740503,0.19515112496446818,2.2209016606211662e-05,0.00012229103595018387,0.1336401249282062,0.34249516599811614,0.524697249988094
4003,random_4000,random_cycle_chord,20260823,baseline,0,200,4,10,13,4.662597870295943,True,True,,perf/incremental-yamada-frontier-order,1d8374f42cccbb16d78d44100a65ca603d7d1997,3.14.7,macOS-26.6.2-arm64-arm-64bit-Mach-O,arm,0.03764833300374448,0.16251904203090817,0.02602645894512534,0.008335791993886232,0.00823870801832527,0.016713166958652437,5.616701673716307e-05,0.009144125040620565,0.009100291994400322,0.0008209169609472156,0.0358346679713577,0.07846383308060467,0.00020250002853572369,0.18608879204839468,0.012178083998151124,0.1982668760465458,2.0957901142537594e-05,9.908305946737528e-05,0.0906419170787558,0.29080929211340845,0.4817880829796195
4004,random_4001,random_cycle_chord,20260823,crossing_rich,4,200,5,11,15,5.23130240812135,True,True,,perf/incremental-yamada-frontier-order,1d8374f42cccbb16d78d44100a65ca603d7d1997,3.14.7,macOS-26.6.2-arm64-arm-64bit-Mach-O,arm,0.048700790968723595,0.1642390409251675,0.053502083057537675,0.011450999998487532,0.01255258300807327,0.025244042044505477,6.729201413691044e-05,0.013210208038799465,0.013795292004942894,0.001528166001662612,0.05384500010404736,0.1313994579249993,0.00012099999003112316,0.22360591602046043,0.02786929195281118,0.2514752079732716,2.6499968953430653e-05,0.00016487506218254566,0.15926874987781048,0.3722085817717016,0.6011122500058264
4005,random_4002,random_cycle_chord,20260823,crossing_rich,5,200,5,8,12,4.177640012656568,True,True,,perf/incremental-yamada-frontier-order,1d8374f42cccbb16d78d44100a65ca603d7d1997,3.14.7,macOS-26.6.2-arm64-arm-64bit-Mach-O,arm,0.033405708032660186,0.16235170897562057,0.046274500084109604,0.012274458073079586,0.013311458984389901,0.02635479101445526,4.133302718400955e-05,0.013887666980735958,0.014329958008602262,0.0014624589821323752,0.05607620801310986,0.12797391705680639,0.00017945794388651848,0.2907841659616679,0.02979791595134884,0.32058208191301674,2.6957946829497814e-05,0.00016808300279080868,0.15777183300815523,0.353529250016436,0.649076999980025
4006,random_4003,random_cycle_chord,20260823,crossing_rich,6,200,6,12,17,4.051984417741464,True,True,,perf/incremental-yamada-frontier-order,1d8374f42cccbb16d78d44100a65ca603d7d1997,3.14.7,macOS-26.6.2-arm64-arm-64bit-Mach-O,arm,0.04516983299981803,0.16022087493911386,0.053354416973888874,0.01699858403299004,0.01453062507789582,0.028661040938459337,4.650000482797623e-05,0.014915250008925796,0.01579099998343736,0.0017141250427812338,0.0611279159784317,0.14605387498158962,0.00010462501086294651,0.24580237502232194,0.035929000005126,0.28173137502744794,3.104202914983034e-05,0.00018645799718797207,0.18198287498671561,0.3873735829256475,0.6381717500044033
4007,random_4004,random_cycle_chord,20260823,crossing_rich,3,200,4,8,11,4.22194484300521,True,True,,perf/incremental-yamada-frontier-order,1d8374f42cccbb16d78d44100a65ca603d7d1997,3.14.7,macOS-26.6.2-arm64-arm-64bit-Mach-O,arm,0.03037845902144909,0.1577033749781549,0.03778937493916601,0.00972637499216944,0.010460832971148193,0.02063916705083102,3.179104533046484e-05,0.010696958983317018,0.011118249967694283,0.0010752500966191292,0.043561417143791914,0.10156729200389236,7.90000194683671e-05,0.2518065420445055,0.020040375064127147,0.2718469171086326,2.1625077351927757e-05,0.00012345798313617706,0.12160766706801951,0.3096895010676235,0.5660484159598127
4008,random_4005,random_cycle_chord,20260823,baseline,0,200,3,8,10,6.172553231299402,True,True,,perf/incremental-yamada-frontier-order,1d8374f42cccbb16d78d44100a65ca603d7d1997,3.14.7,macOS-26.6.2-arm64-arm-64bit-Mach-O,arm,0.03555637504905462,0.16916512500029057,0.03570429200772196,0.007736959028989077,0.007448542048223317,0.014536250033415854,3.3833086490631104e-05,0.0076297910418361425,0.00781029206700623,0.0006543339695781469,0.030664500198327005,0.08157666702754796,8.845794945955276e-05,0.13983516697771847,0.00984625006094575,0.14968141703866422,1.6124919056892395e-05,9.483308531343937e-05,0.0914229170884937,0.2961444171378389,0.4408330419100821
4009,random_4006,random_cycle_chord,20260823,crossing_rich,4,200,5,9,13,6.08395147026418,True,True,,perf/incremental-yamada-frontier-order,1d8374f42cccbb16d78d44100a65ca603d7d1997,3.14.7,macOS-26.6.2-arm64-arm-64bit-Mach-O,arm,0.048147000023163855,0.16423354193102568,0.05977937497664243,0.01059279206674546,0.01130541693419218,0.022526042070239782,4.466692917048931e-05,0.011659417068585753,0.012319665984250605,0.001378374989144504,0.047928167041391134,0.1296464999904856,8.99159349501133e-05,0.1842467919923365,0.026338250027038157,0.21058504201937467,2.4875043891370296e-05,0.0001597090158611536,0.15598475001752377,0.3683652919717133,0.5576587079558522
4010,random_4007,random_cycle_chord,20260823,crossing_rich,4,200,5,10,14,5.501566246119418,True,True,,perf/incremental-yamada-frontier-order,1d8374f42cccbb16d78d44100a65ca603d7d1997,3.14.7,macOS-26.6.2-arm64-arm-64bit-Mach-O,arm,0.04535383405163884,0.15877324994653463,0.05335870897397399,0.010476250085048378,0.01136712497100234,0.02285641699563712,4.133395850658417e-05,0.011910750064998865,0.01263554091565311,0.0013495830353349447,0.04879362497013062,0.12403245794121176,9.291700553148985e-05,0.1996405419195071,0.026000833022408187,0.22564137494191527,2.6249908842146397e-05,0.00015541701577603817,0.15003329096361995,0.3541603749617934,0.55857025005389
4011,random_4008,random_cycle_chord,20260823,crossing_rich,2,200,4,11,14,5.0214920639549785,True,True,,perf/incremental-yamada-frontier-order,1d8374f42cccbb16d78d44100a65ca603d7d1997,3.14.7,macOS-26.6.2-arm64-arm-64bit-Mach-O,arm,0.04151087498757988,0.1563484159996733,0.041164500056765974,0.008927750051952899,0.009593750000931323,0.01884308399166912,3.2374984584748745e-05,0.009798709070309997,0.010254916967824101,0.000979584059678018,0.03990866907406598,0.09962212503887713,8.587492629885674e-05,0.192646500072442,0.017816832987591624,0.21046333306003362,1.937500201165676e-05,0.00011408398859202862,0.11743895802646875,0.31529824901372194,0.512425500084646
4012,random_4009,random_cycle_chord,20260823,baseline,0,200,5,14,18,4.297546196099532,True,True,,perf/incremental-yamada-frontier-order,1d8374f42cccbb16d78d44100a65ca603d7d1997,3.14.7,macOS-26.6.2-arm64-arm-64bit-Mach-O,arm,0.047742791939526796,0.15550137497484684,0.024268624954856932,0.009341125027276576,0.010271625011228025,0.02016216702759266,3.866699989885092e-05,0.010481290984898806,0.010833707987330854,0.0009785420261323452,0.042494375025853515,0.08641058404464275,9.716593194752932e-05,0.22993262496311218,0.014640584005974233,0.2445732089690864,2.3042084649205208e-05,0.00011108396574854851,0.10105116805061698,0.3042953349649906,0.5388801250373945
4013,random_4010,random_cycle_chord,20260823,crossing_rich,6,200,6,13,18,4.367309570108708,True,True,,perf/incremental-yamada-frontier-order,1d8374f42cccbb16d78d44100a65ca603d7d1997,3.14.7,macOS-26.6.2-arm64-arm-64bit-Mach-O,arm,0.049320791964419186,0.15588966698851436,0.04984912497457117,0.012431749957613647,0.01416483405046165,0.028141750022768974,7.254199590533972e-05,0.014741832972504199,0.01547266694251448,0.0018130000680685043,0.060241792001761496,0.13674562505912036,0.00010991690214723349,0.2577316249953583,0.036436542053706944,0.29416816704906523,3.1957984901964664e-05,0.00020000000949949026,0.1731821671128273,0.37839262606576085,0.6410546250408515
4014,random_4011,random_cycle_chord,20260823,baseline,0,200,3,10,12,4.668982125867593,True,True,,perf/incremental-yamada-frontier-order,1d8374f42cccbb16d78d44100a65ca603d7d1997,3.14.7,macOS-26.6.2-arm64-arm-64bit-Mach-O,arm,0.03354366705752909,0.1578854579711333,0.023725542007014155,0.007353833061642945,0.09702429210301489,0.058966082986444235,0.0002859160304069519,0.018811499932780862,0.011936499970033765,0.0015535419806838036,0.09155354090034962,0.21980754099786282,0.00018350000027567148,0.24893120804335922,0.012498249998316169,0.2614294580416754,2.729194238781929e-05,0.00018870900385081768,0.23230579099617898,0.42373491602484137,0.6776003330014646
4015,random_4012,random_cycle_chord,20260823,crossing_rich,2,200,4,8,11,6.386585594075374,True,True,,perf/incremental-yamada-frontier-order,1d8374f42cccbb16d78d44100a65ca603d7d1997,3.14.7,macOS-26.6.2-arm64-arm-64bit-Mach-O,arm,0.05041687504854053,0.2538514999905601,0.07905195804778486,0.014796582981944084,0.012530916021205485,0.02616708294954151,7.891689892858267e-05,0.012893834034912288,0.013143458985723555,0.0013304590247571468,0.05361375189386308,0.1600711669307202,0.0001223330618813634,0.20694375003222376,0.024362458032555878,0.23130620806477964,3.4374999813735485e-05,0.00017045799177139997,0.1844336249632761,0.48870200000237674,0.7024195410776883
4016,random_4013,random_cycle_chord,20260823,baseline,0,200,3,8,10,6.191992990460795,True,True,,perf/incremental-yamada-frontier-order,1d8374f42cccbb16d78d44100a65ca603d7d1997,3.14.7,macOS-26.6.2-arm64-arm-64bit-Mach-O,arm,0.05107833293732256,0.19484725000802428,0.04097520804498345,0.008683250052854419,0.008228625054471195,0.016404791036620736,5.76250022277236e-05,0.008802834083326161,0.008640209096483886,0.0006912080571055412,0.03459666727576405,0.09251729201059788,9.154202416539192e-05,0.1653743750648573,0.011537208105437458,0.17691158317029476,1.9875005818903446e-05,9.462505113333464e-05,0.10405450011603534,0.3499800830613822,0.5208270830335096
4017,random_4014,random_cycle_chord,20260823,crossing_rich,5,200,5,8,12,4.2277739803844305,True,True,,perf/incremental-yamada-frontier-order,1d8374f42cccbb16d78d44100a65ca603d7d1997,3.14.7,macOS-26.6.2-arm64-arm-64bit-Mach-O,arm,0.038644874934107065,0.18645999999716878,0.0502346659777686,0.013789374963380396,0.015000834013335407,0.02909904101397842,7.204199209809303e-05,0.015088582993485034,0.015797083033248782,0.0016016669105738401,0.06165841594338417,0.14075858297292143,0.0003316249931231141,0.3127350410213694,0.0313722500577569,0.3441072910791263,2.9166927561163902e-05,0.00017366604879498482,0.17213083303067833,0.3972357079619542,0.7155267500784248
4018,random_4015,random_cycle_chord,20260823,baseline,0,200,3,11,13,4.094282243261757,True,True,,perf/incremental-yamada-frontier-order,1d8374f42cccbb16d78d44100a65ca603d7d1997,3.14.7,macOS-26.6.2-arm64-arm-64bit-Mach-O,arm,0.035762415966019034,0.16764450003392994,0.02559041604399681,0.008051000069826841,0.008181374985724688,0.01617587497457862,5.449994932860136e-05,0.008456874988041818,0.008564957999624312,0.000628666952252388,0.03388087486382574,0.07574441598262638,9.987491648644209e-05,0.205957958009094,0.012084834044799209,0.2180427920538932,2.0124949514865875e-05,8.833303581923246e-05,0.08782925002742559,0.29123616602737457,0.5021344579290599
4019,random_4016,random_cycle_chord,20260823,baseline,0,200,3,10,12,5.623142024494272,True,True,,perf/incremental-yamada-frontier-order,1d8374f42cccbb16d78d44100a65ca603d7d1997,3.14.7,macOS-26.6.2-arm64-arm-64bit-Mach-O,arm,0.0427439579507336,0.1762894169660285,0.033594208071008325,0.007810708018951118,0.007719667046330869,0.01486108300741762,4.254095256328583e-05,0.007701208000071347,0.007737500010989606,0.0005887909792363644,0.030931122950278223,0.08007916598580778,8.091609925031662e-05,0.17626304109580815,0.00968408293556422,0.18594712403137237,1.850002445280552e-05,8.620892185717821e-05,0.089763248921372,0.3087966238381341,0.48998279101215303
4020,random_4017,random_cycle_chord,20260823,crossing_rich,2,200,4,9,12,6.075149437673089,True,True,,perf/incremental-yamada-frontier-order,1d8374f42cccbb16d78d44100a65ca603d7d1997,3.14.7,macOS-26.6.2-arm64-arm-64bit-Mach-O,arm,0.038894833996891975,0.1723602080019191,0.05125270795542747,0.008829541970044374,0.00920637499075383,0.01807066600304097,3.108300734311342e-05,0.009392541949637234,0.0097552090883255,0.0008772079600021243,0.03812670800834894,0.10744495899416506,7.64171127229929e-05,0.15902479097712785,0.01579995802603662,0.17482474900316447,2.0833918824791908e-05,0.00010591594036668539,0.12324491702020168,0.33449995901901275,0.4979705000296235
4021,random_4018,random_cycle_chord,20260823,crossing_rich,5,200,6,11,16,4.690840988308547,True,True,,perf/incremental-yamada-frontier-order,1d8374f42cccbb16d78d44100a65ca603d7d1997,3.14.7,macOS-26.6.2-arm64-arm-64bit-Mach-O,arm,0.04297558299731463,0.15009650005958974,0.044240333954803646,0.011318458011373878,0.012803332996554673,0.025110207963734865,6.529095117002726e-05,0.012999832979403436,0.01378570799715817,0.0016373749822378159,0.053598414873704314,0.1220127500128001,9.308301378041506e-05,0.21408716693986207,0.03159050003159791,0.24567766697145998,3.1917006708681583e-05,0.00017504103016108274,0.153603250044398,0.3466753331013024,0.5654216669499874
4022,random_4019,random_cycle_chord,20260823,baseline,0,200,3,8,10,6.1745931442234445,True,True,,perf/incremental-yamada-frontier-order,1d8374f42cccbb16d78d44100a65ca603d7d1997,3.14.7,macOS-26.6.2-arm64-arm-64bit-Mach-O,arm,0.03284241701476276,0.148776457994245,0.03111041709780693,0.006703624967485666,0.006734416936524212,0.013187500066123903,2.220796886831522e-05,0.006845999974757433,0.0070758749498054385,0.0006228750571608543,0.027754458016715944,0.07232220808509737,5.937507376074791e-05,0.12998916604556143,0.010242666001431644,0.14023183204699308,2.0999927073717117e-05,7.991597522050142e-05,0.08256487408652902,0.26418374909553677,0.3983286670409143
4023,random_4020,random_cycle_chord,20260823,baseline,0,200,3,10,12,4.655285792120665,True,True,,perf/incremental-yamada-frontier-order,1d8374f42cccbb16d78d44100a65ca603d7d1997,3.14.7,macOS-26.6.2-arm64-arm-64bit-Mach-O,arm,0.031209749984554946,0.1481778749730438,0.02178250008728355,0.006583499955013394,0.006706291111186147,0.01316924998536706,2.1249987185001373e-05,0.006837500026449561,0.007038209005258977,0.0005430829478427768,0.027609291952103376,0.06270120793487877,6.304203998297453e-05,0.15420500002801418,0.008488708059303463,0.16269370808731765,1.3582990504801273e-05,6.629200652241707e-05,0.07118991599418223,0.250577540951781,0.4089091250207275
4024,random_4021,random_cycle_chord,20260823,crossing_rich,4,200,5,10,14,5.612223505763045,True,True,,perf/incremental-yamada-frontier-order,1d8374f42cccbb16d78d44100a65ca603d7d1997,3.14.7,macOS-26.6.2-arm64-arm-64bit-Mach-O,arm,0.0419013750506565,0.1485380419762805,0.05635870900005102,0.009727332973852754,0.010532667045481503,0.020782708073966205,3.6415993236005306e-05,0.010780750075355172,0.011555084027349949,0.0013396251015365124,0.044494583271443844,0.121147041907534,8.39579151943326e-05,0.18451658403500915,0.025944249937310815,0.21046083397231996,2.675002906471491e-05,0.0001514169853180647,0.14709129184484482,0.3375307088717818,0.5265921250684187
4025,random_4022,random_cycle_chord,20260823,baseline,0,200,4,10,13,4.691368279270618,True,True,,perf/incremental-yamada-frontier-order,1d8374f42cccbb16d78d44100a65ca603d7d1997,3.14.7,macOS-26.6.2-arm64-arm-64bit-Mach-O,arm,0.0444042079616338,0.16929195798002183,0.025288125034421682,0.008187499945051968,0.00843416596762836,0.016487166984006763,3.162503708153963e-05,0.008321958011947572,0.008692041970789433,0.0008276669541373849,0.03436045895796269,0.07630220800638199,8.429097943007946e-05,0.18883604207076132,0.012279083020985126,0.20111512509174645,2.38749198615551e-05,0.00010537507478147745,0.08858129102736712,0.30227745696902275,0.4959746670210734
4026,random_4023,random_cycle_chord,20260823,baseline,0,200,3,9,11,5.354412116646919,True,True,,perf/incremental-yamada-frontier-order,1d8374f42cccbb16d78d44100a65ca603d7d1997,3.14.7,macOS-26.6.2-arm64-arm-64bit-Mach-O,arm,0.03608204098418355,0.16191758296918124,0.028824416920542717,0.0075424580136314034,0.007522791973315179,0.014173832954838872,3.3207936212420464e-05,0.007403583033010364,0.007534999982453883,0.0005969159537926316,0.02974253986030817,0.07367229100782424,9.325006976723671e-05,0.15783674991689622,0.009481624932959676,0.1673183748498559,1.637497916817665e-05,8.000002708286047e-05,0.08315391594078392,0.2811535398941487,0.443571790936403
4027,random_4024,random_cycle_chord,20260823,crossing_rich,2,200,4,8,11,6.58877147256592,True,True,,perf/incremental-yamada-frontier-order,1d8374f42cccbb16d78d44100a65ca603d7d1997,3.14.7,macOS-26.6.2-arm64-arm-64bit-Mach-O,arm,0.0445399999152869,0.16234695899765939,0.06374541600234807,0.009595792042091489,0.009594416944310069,0.01851162500679493,3.15000070258975e-05,0.00963633309584111,0.010198708972893655,0.0010545420227572322,0.039432709105312824,0.12239904189482331,9.608303662389517e-05,0.2116919590625912,0.02081799996085465,0.23250995902344584,2.562499139457941e-05,0.0001372919650748372,0.14321704185567796,0.35010400076862425,0.5666756249265745
4028,random_4025,random_cycle_chord,20260823,baseline,0,200,3,8,10,6.1432529214945335,True,True,,perf/incremental-yamada-frontier-order,1d8374f42cccbb16d78d44100a65ca603d7d1997,3.14.7,macOS-26.6.2-arm64-arm-64bit-Mach-O,arm,0.038696874980814755,0.17051249998621643,0.03559412504546344,0.007485041045583785,0.007430125027894974,0.014603624935261905,2.37500062212348e-05,0.007580582983791828,0.007715207990258932,0.0005952499341219664,0.030518415849655867,0.08104900002945215,6.591703277081251e-05,0.1413142920937389,0.009492665994912386,0.1508069580886513,1.5833997167646885e-05,8.070806507021189e-05,0.09054166602436453,0.2997510409913957,0.44568879099097103
4029,random_4026,random_cycle_chord,20260823,crossing_rich,5,200,5,9,13,4.3106949512719925,True,True,,perf/incremental-yamada-frontier-order,1d8374f42cccbb16d78d44100a65ca603d7d1997,3.14.7,macOS-26.6.2-arm64-arm-64bit-Mach-O,arm,0.037116208113729954,0.16162033309228718,0.04441995790693909,0.011519624968059361,0.012773875030688941,0.025231708073988557,4.291697405278683e-05,0.013099999981932342,0.014126416994258761,0.0015829169424250722,0.05408395896665752,0.12283612496685237,0.00012383400462567806,0.19239833299070597,0.03119191701989621,0.22359025001060218,2.7417088858783245e-05,0.00017008301801979542,0.15402804198674858,0.3527645831927657,0.5500793340615928
4030,random_4027,random_cycle_chord,20260823,crossing_rich,5,200,5,8,12,4.22536518525116,True,True,,perf/incremental-yamada-frontier-order,1d8374f42cccbb16d78d44100a65ca603d7d1997,3.14.7,macOS-26.6.2-arm64-arm-64bit-Mach-O,arm,0.0334822500590235,0.15952945803292096,0.03915604203939438,0.01179891696665436,0.013466584030538797,0.026603291975334287,4.075001925230026e-05,0.013829209026880562,0.014562792028300464,0.0015081249875947833,0.0565441680373624,0.12100233300589025,0.00021041708532720804,0.2879553750390187,0.029607833013869822,0.3175632080528885,2.654106356203556e-05,0.00016733293887227774,0.15061016601976007,0.34362187411170453,0.6363439169945195
4031,random_4028,random_cycle_chord,20260823,crossing_rich,6,200,6,13,18,4.119241742225947,True,True,,perf/incremental-yamada-frontier-order,1d8374f42cccbb16d78d44100a65ca603d7d1997,3.14.7,macOS-26.6.2-arm64-arm-64bit-Mach-O,arm,0.04754754202440381,0.15387262508738786,0.04748954193200916,0.016135541023686528,0.014402042026631534,0.02854091697372496,6.0292077250778675e-05,0.01476720895152539,0.015632249996997416,0.0017408339772373438,0.06074150197673589,0.13881933293305337,0.00010304106399416924,0.2543831670191139,0.03568075003568083,0.29006391705479473,3.3374992199242115e-05,0.00019745901226997375,0.1745000829687342,0.3759202500805259,0.6355720419669524
4032,random_4029,random_cycle_chord,20260823,crossing_rich,4,200,5,9,13,6.0695302254306185,True,True,,perf/incremental-yamada-frontier-order,1d8374f42cccbb16d78d44100a65ca603d7d1997,3.14.7,macOS-26.6.2-arm64-arm-64bit-Mach-O,arm,0.04307429201435298,0.15173737495206296,0.057657666970044374,0.010905542061664164,0.0121458750218153,0.025182042038068175,6.200000643730164e-05,0.01294608402531594,0.014589291997253895,0.0015795000363141298,0.05435891810338944,0.13511825003661215,0.00011537503451108932,0.20973145891912282,0.032499958062544465,0.24223141698166728,3.3624935895204544e-05,0.0001812089467421174,0.16761820809915662,0.36242987506557256,0.5769955409923568
4033,random_4030,random_cycle_chord,20260823,crossing_rich,4,200,5,10,14,5.496357326458595,True,True,,perf/incremental-yamada-frontier-order,1d8374f42cccbb16d78d44100a65ca603d7d1997,3.14.7,macOS-26.6.2-arm64-arm-64bit-Mach-O,arm,0.04877408395987004,0.16182445804588497,0.05525224993471056,0.010729416972026229,0.011353124980814755,0.022752666962333024,4.5208027586340904e-05,0.011835832963697612,0.012607833021320403,0.0014183330349624157,0.048659874009899795,0.12603045802097768,0.00010979105718433857,0.20054591703228652,0.02597379090730101,0.22651970793958753,2.5374931283295155e-05,0.00015395903028547764,0.15200424892827868,0.3626027909340337,0.568153916974552
4034,random_4031,random_cycle_chord,20260823,crossing_rich,2,200,4,8,11,6.583770819444911,True,True,,perf/incremental-yamada-frontier-order,1d8374f42cccbb16d78d44100a65ca603d7d1997,3.14.7,macOS-26.6.2-arm64-arm-64bit-Mach-O,arm,0.0419425000436604,0.1545567080611363,0.05582220805808902,0.008633124991320074,0.009070583037100732,0.01791095791850239,3.2624928280711174e-05,0.00929570896551013,0.0098110840190202,0.0010448750108480453,0.03809525084216148,0.11164962500333786,7.145898416638374e-05,0.1515505420975387,0.018776583019644022,0.17032712511718273,2.0083971321582794e-05,0.0001142079709097743,0.13042620802298188,0.3269254161277786,0.4829235830111429
4035,random_4032,random_cycle_chord,20260823,baseline,0,200,4,10,13,4.692098483780675,True,True,,perf/incremental-yamada-frontier-order,1d8374f42cccbb16d78d44100a65ca603d7d1997,3.14.7,macOS-26.6.2-arm64-arm-64bit-Mach-O,arm,0.03588250000029802,0.15138712502084672,0.022994832950644195,0.007567625027149916,0.007750708959065378,0.015295124961994588,2.9834103770554066e-05,0.007957999943755567,0.008216625079512596,0.0007400830509141088,0.032239667139947414,0.07058070902712643,7.095898035913706e-05,0.16119441692717373,0.011614209040999413,0.17280862596817315,1.850002445280552e-05,8.566596079617739e-05,0.08219491806812584,0.2694645430892706,0.4350117079447955
4036,random_4033,random_cycle_chord,20260823,crossing_rich,4,200,5,10,14,5.456070921636827,True,True,,perf/incremental-yamada-frontier-order,1d8374f42cccbb16d78d44100a65ca603d7d1997,3.14.7,macOS-26.6.2-arm64-arm-64bit-Mach-O,arm,0.04275645804591477,0.1964424999896437,0.05464583297725767,0.011053499998524785,0.01201375003438443,0.02390683302655816,4.045793320983648e-05,0.012445083004422486,0.01281145797111094,0.0012899159919470549,0.05049374792724848,0.12825008400250226,8.437503129243851e-05,0.2896326669724658,0.034459332935512066,0.3240919999079779,2.558401320129633e-05,0.000148500083014369,0.16270941693801433,0.4019083749735728,0.6956505420384929
4037,random_4034,random_cycle_chord,20260823,crossing_rich,2,200,4,8,11,6.587733557445615,True,True,,perf/incremental-yamada-frontier-order,1d8374f42cccbb16d78d44100a65ca603d7d1997,3.14.7,macOS-26.6.2-arm64-arm-64bit-Mach-O,arm,0.04166899994015694,0.1568495420506224,0.0562452080193907,0.00860095804091543,0.008968209032900631,0.017650249996222556,3.108393866568804e-05,0.00917762506287545,0.009590125060640275,0.000992499990388751,0.03744158404879272,0.11128383409231901,6.995897274464369e-05,0.15371291700284928,0.01803625002503395,0.17174916702788323,1.97909539565444e-05,0.0001215840457007289,0.12932008411735296,0.3278386261081323,0.48602554202079773
4038,random_4035,random_cycle_chord,20260823,crossing_rich,5,200,6,10,15,5.396980794069216,True,True,,perf/incremental-yamada-frontier-order,1d8374f42cccbb16d78d44100a65ca603d7d1997,3.14.7,macOS-26.6.2-arm64-arm-64bit-Mach-O,arm,0.04704016598407179,0.1569162920350209,0.05727087496779859,0.011258292011916637,0.012640374945476651,0.02477991592604667,4.579196684062481e-05,0.012873791973106563,0.013730417005717754,0.001662040944211185,0.0530919578159228,0.1343029170529917,0.00026308302767574787,0.3050184999592602,0.032715999986976385,0.3377344999462366,3.083306364715099e-05,0.00018566707149147987,0.16701891703996807,0.37097537505906075,0.6807252919534221
4039,random_4036,random_cycle_chord,20260823,crossing_rich,2,200,4,11,14,5.111918778666392,True,True,,perf/incremental-yamada-frontier-order,1d8374f42cccbb16d78d44100a65ca603d7d1997,3.14.7,macOS-26.6.2-arm64-arm-64bit-Mach-O,arm,0.041768915951251984,0.1556984999915585,0.04164616693742573,0.009000499965623021,0.009465457987971604,0.018617499968968332,4.079192876815796e-05,0.009625583072192967,0.01004529104102403,0.000962665886618197,0.03929183189757168,0.09943658299744129,9.045901242643595e-05,0.1946558749768883,0.01623558404389769,0.210891459020786,2.0417035557329655e-05,0.0001128750154748559,0.11567216704133898,0.31313958298414946,0.5123659999808297
4040,random_4037,random_cycle_chord,20260823,crossing_rich,2,200,4,8,11,6.581071021771799,True,True,,perf/incremental-yamada-frontier-order,1d8374f42cccbb16d78d44100a65ca603d7d1997,3.14.7,macOS-26.6.2-arm64-arm-64bit-Mach-O,arm,0.04011641698889434,0.16355275001842529,0.05726404208689928,0.008825666969642043,0.009016708005219698,0.017653458984568715,3.01670515909791e-05,0.009149457910098135,0.009550333023071289,0.0009183329530060291,0.03730174992233515,0.11243829200975597,7.441604975610971e-05,0.15007883310317993,0.01548554201144725,0.16556437511462718,2.116698306053877e-05,0.00010966695845127106,0.12792383402120322,0.33159300102852285,0.48610625008586794
4041,random_4038,random_cycle_chord,20260823,crossing_rich,5,200,5,8,12,4.220425174527277,True,True,,perf/incremental-yamada-frontier-order,1d8374f42cccbb16d78d44100a65ca603d7d1997,3.14.7,macOS-26.6.2-arm64-arm-64bit-Mach-O,arm,0.032006207969971,0.15405108302365988,0.04147904098499566,0.011149375000968575,0.013024499989114702,0.025577374966815114,4.112499300390482e-05,0.013282791944220662,0.013969834079034626,0.001421457971446216,0.054292583954520524,0.11998237506486475,0.00017683394253253937,0.1670460420427844,0.027742333943024278,0.19478837598580867,2.4458044208586216e-05,0.00015300000086426735,0.14772470900788903,0.3337820000015199,0.5054407920688391
4042,random_4039,random_cycle_chord,20260823,crossing_rich,4,200,5,10,14,5.5866661453620035,True,True,,perf/incremental-yamada-frontier-order,1d8374f42cccbb16d78d44100a65ca603d7d1997,3.14.7,macOS-26.6.2-arm64-arm-64bit-Mach-O,arm,0.04394791601225734,0.15670158294960856,0.05611474998295307,0.010363750043325126,0.011397375026717782,0.022471625008620322,3.966700751334429e-05,0.011632583918981254,0.012349417083896697,0.00137945800088346,0.04787275101989508,0.12578424997627735,8.824991527944803e-05,0.19797954196110368,0.026674665976315737,0.22465420793741941,2.5957939215004444e-05,0.00015041697770357132,0.1524589159525931,0.353108414914459,0.555818457971327
4043,random_4040,random_cycle_chord,20260823,crossing_rich,2,200,4,8,11,6.299164808834094,True,True,,perf/incremental-yamada-frontier-order,1d8374f42cccbb16d78d44100a65ca603d7d1997,3.14.7,macOS-26.6.2-arm64-arm-64bit-Mach-O,arm,0.040198582923039794,0.16075408307369798,0.06266762502491474,0.00913016707636416,0.00922991696279496,0.018179874983616173,3.583403304219246e-05,0.009967084042727947,0.010508625069633126,0.0011063750134781003,0.03979779314249754,0.12085591698996723,9.85830556601286e-05,0.15869800001382828,0.019278249936178327,0.1779762499500066,2.1875021047890186e-05,0.00012608396355062723,0.14013416692614555,0.34108683292288333,0.5044902920490131
4044,random_4041,random_cycle_chord,20260823,crossing_rich,2,200,4,9,12,5.8480515216773155,True,True,,perf/incremental-yamada-frontier-order,1d8374f42cccbb16d78d44100a65ca603d7d1997,3.14.7,macOS-26.6.2-arm64-arm-64bit-Mach-O,arm,0.04107124998699874,0.1609346669865772,0.05446245800703764,0.009049042011611164,0.009207833907566965,0.01815925003029406,3.191595897078514e-05,0.009389040991663933,0.00989420898258686,0.0011591669172048569,0.038633582880720496,0.11138208396732807,0.00010075001046061516,0.16988691606093198,0.01744837500154972,0.1873352910624817,2.0749983377754688e-05,0.0001232909271493554,0.1288304589688778,0.33083637594245374,0.5053788749501109
4045,random_4042,random_cycle_chord,20260823,crossing_rich,2,200,4,9,12,5.914556376434234,True,True,,perf/incremental-yamada-frontier-order,1d8374f42cccbb16d78d44100a65ca603d7d1997,3.14.7,macOS-26.6.2-arm64-arm-64bit-Mach-O,arm,0.040824541938491166,0.16211045801173896,0.054704666952602565,0.008760542026720941,0.008950000046752393,0.018090958008542657,3.1791976653039455e-05,0.009324791957624257,0.009811417083255947,0.0010218750685453415,0.03828083409462124,0.11072562506888062,9.529199451208115e-05,0.16706450004130602,0.018279499956406653,0.18534399999771267,2.0332983694970608e-05,0.0001176249934360385,0.12900512502528727,0.3319401249755174,0.5036123329773545
4046,random_4043,random_cycle_chord,20260823,crossing_rich,4,200,5,9,13,6.075329062087868,True,True,,perf/incremental-yamada-frontier-order,1d8374f42cccbb16d78d44100a65ca603d7d1997,3.14.7,macOS-26.6.2-arm64-arm-64bit-Mach-O,arm,0.04550091701094061,0.15860954206436872,0.05866545799653977,0.010318749933503568,0.011586999986320734,0.022798415971919894,4.541699308902025e-05,0.012178250006400049,0.012521249940618873,0.001323250005953014,0.04886658291798085,0.12947241705842316,9.583402425050735e-05,0.18063387495931238,0.025421167025342584,0.20605504198465496,2.4541979655623436e-05,0.00014462496619671583,0.15489358408376575,0.3590040431590751,0.5443134169327095
4047,random_4044,random_cycle_chord,20260823,crossing_rich,5,200,5,8,12,4.155112411091077,True,True,,perf/incremental-yamada-frontier-order,1d8374f42cccbb16d78d44100a65ca603d7d1997,3.14.7,macOS-26.6.2-arm64-arm-64bit-Mach-O,arm,0.031236249953508377,0.15186533308587968,0.08119737508241087,0.013012625044211745,0.013769582961685956,0.026907084044069052,5.0749978981912136e-05,0.013764124945737422,0.014369667042046785,0.001418833970092237,0.05651045998092741,0.16454487503506243,0.00024275004398077726,0.19002712494693696,0.030089917010627687,0.22011704195756465,2.8665992431342602e-05,0.0001639580586925149,0.19463479204569012,0.3777363750850782,0.5731613750103861
4048,random_4045,random_cycle_chord,20260823,baseline,0,200,3,10,12,4.637546341279245,True,True,,perf/incremental-yamada-frontier-order,1d8374f42cccbb16d78d44100a65ca603d7d1997,3.14.7,macOS-26.6.2-arm64-arm-64bit-Mach-O,arm,0.034470624988898635,0.16206716699525714,0.02301700005773455,0.007236999925225973,0.007027375046163797,0.013765957904979587,2.4125096388161182e-05,0.007174208993092179,0.0073553749825805426,0.0005840830272063613,0.02890375000424683,0.06620616698637605,6.895908154547215e-05,0.1553215419407934,0.009576166979968548,0.16489770892076194,1.895800232887268e-05,8.479098323732615e-05,0.0757823339663446,0.27232012595050037,0.432367124943994
4049,random_4046,random_cycle_chord,20260823,baseline,0,200,3,9,11,5.382668100649756,True,True,,perf/incremental-yamada-frontier-order,1d8374f42cccbb16d78d44100a65ca603d7d1997,3.14.7,macOS-26.6.2-arm64-arm-64bit-Mach-O,arm,0.03480666701216251,0.15706279198639095,0.025291332975029945,0.0068289999617263675,0.00673454103525728,0.013255749945528805,2.320797648280859e-05,0.00686837499961257,0.007056040922179818,0.0005590829532593489,0.02776245679706335,0.06663845898583531,6.441609002649784e-05,0.14911429199855775,0.008946749963797629,0.15806104196235538,1.491699367761612e-05,7.304095197468996e-05,0.07558520894963294,0.2674546679481864,0.4210268330061808
4050,random_4047,random_cycle_chord,20260823,crossing_rich,5,200,5,9,13,4.366345809008006,True,True,,perf/incremental-yamada-frontier-order,1d8374f42cccbb16d78d44100a65ca603d7d1997,3.14.7,macOS-26.6.2-arm64-arm-64bit-Mach-O,arm,0.035088917007669806,0.15400174993555993,0.042849333956837654,0.010999332997016609,0.01265729102306068,0.025015000021085143,3.825000021606684e-05,0.012932708021253347,0.013725292054004967,0.001434457954019308,0.05314570805057883,0.11968866595998406,8.625001646578312e-05,0.18575266702100635,0.02995345799718052,0.21570612501818687,2.6124995201826096e-05,0.00016116700135171413,0.14964212395716459,0.3387327909003943,0.5293073339853436
4051,random_4048,random_cycle_chord,20260823,baseline,0,200,4,11,14,4.051885986054783,True,True,,perf/incremental-yamada-frontier-order,1d8374f42cccbb16d78d44100a65ca603d7d1997,3.14.7,macOS-26.6.2-arm64-arm-64bit-Mach-O,arm,0.03555141598917544,0.15102437499444932,0.022366791032254696,0.007863292004913092,0.008512333035469055,0.01697662496007979,3.095902502536774e-05,0.008742832927964628,0.00900412502232939,0.0007552499882876873,0.03550979192368686,0.0742815830744803,7.645809091627598e-05,0.1907470830483362,0.011832916992716491,0.2025800000410527,1.89170241355896e-05,8.50829528644681e-05,0.08611450006719679,0.27269029105082154,0.4677879579830915
4052,random_4049,random_cycle_chord,20260823,baseline,0,200,3,9,11,5.393290163202732,True,True,,perf/incremental-yamada-frontier-order,1d8374f42cccbb16d78d44100a65ca603d7d1997,3.14.7,macOS-26.6.2-arm64-arm-64bit-Mach-O,arm,0.033396041952073574,0.1527507499558851,0.024800583021715283,0.006442375015467405,0.006548417033627629,0.012901957961730659,2.1124957129359245e-05,0.006630082963965833,0.0068276249803602695,0.0005229170201346278,0.02690370788332075,0.06471387506462634,6.008404307067394e-05,0.14635945903137326,0.008499125018715858,0.15485858405008912,1.4125020243227482e-05,6.883393507450819e-05,0.0732130000833422,0.2593597919913009,0.41002587508410215
4053,random_4050,random_cycle_chord,20260823,crossing_rich,4,200,5,8,12,6.60206319719603,True,True,,perf/incremental-yamada-frontier-order,1d8374f42cccbb16d78d44100a65ca603d7d1997,3.14.7,macOS-26.6.2-arm64-arm-64bit-Mach-O,arm,0.044948707916773856,0.1534525000024587,0.07693079195450991,0.009824292035773396,0.010820957948453724,0.021415833034552634,4.0332903154194355e-05,0.011300250072963536,0.01211741694714874,0.0014720420585945249,0.04634587501641363,0.14395645796321332,0.00016366702038794756,0.16798500006552786,0.02819216693751514,0.196177167003043,2.5667017325758934e-05,0.0001589590683579445,0.17214862490072846,0.370549832819961,0.5431865000864491
4054,random_4051,random_cycle_chord,20260823,baseline,0,200,3,8,10,6.13955807746752,True,True,,perf/incremental-yamada-frontier-order,1d8374f42cccbb16d78d44100a65ca603d7d1997,3.14.7,macOS-26.6.2-arm64-arm-64bit-Mach-O,arm,0.03483712510205805,0.15446445893030614,0.033652457990683615,0.006969334091991186,0.007060875068418682,0.013891667011193931,2.420798409730196e-05,0.007179667009040713,0.007400249945931137,0.0005959169939160347,0.029091708944179118,0.076795042026788,6.058404687792063e-05,0.134707749937661,0.009354667039588094,0.14406241697724909,1.4708028174936771e-05,7.470906712114811e-05,0.08614970906637609,0.2754512930987403,0.41449366707820445
4055,random_4052,random_cycle_chord,20260823,baseline,0,200,4,11,14,4.0588136278426665,True,True,,perf/incremental-yamada-frontier-order,1d8374f42cccbb16d78d44100a65ca603d7d1997,3.14.7,macOS-26.6.2-arm64-arm-64bit-Mach-O,arm,0.035517417010851204,0.20467516593635082,0.023236292065121233,0.009213624987751245,0.008846500073559582,0.01759637496434152,4.300009459257126e-05,0.009298165910877287,0.009295332944020629,0.0008662090403959155,0.037099082954227924,0.07842700008768588,9.787501767277718e-05,0.19807933398988098,0.01242733292747289,0.21050666691735387,2.4084001779556274e-05,9.900005534291267e-05,0.09085433301515877,0.3310469159623608,0.5340019169962034
4056,random_4053,random_cycle_chord,20260823,crossing_rich,6,200,6,14,19,4.289792301689618,True,True,,perf/incremental-yamada-frontier-order,1d8374f42cccbb16d78d44100a65ca603d7d1997,3.14.7,macOS-26.6.2-arm64-arm-64bit-Mach-O,arm,0.052723583998158574,0.16136491601355374,0.05265183397568762,0.015741667011752725,0.016311165993101895,0.031112083001062274,6.616709288209677e-05,0.015910624992102385,0.01683320803567767,0.001827209023758769,0.0657492921454832,0.15053562505636364,0.0001380409812554717,0.2585815000347793,0.03775762498844415,0.29633912502322346,3.6624958738684654e-05,0.00020224996842443943,0.1882932500448078,0.4023817500565201,0.6669034590013325
4057,random_4054,random_cycle_chord,20260823,baseline,0,200,4,12,15,4.880265365219515,True,True,,perf/incremental-yamada-frontier-order,1d8374f42cccbb16d78d44100a65ca603d7d1997,3.14.7,macOS-26.6.2-arm64-arm-64bit-Mach-O,arm,0.04367466701660305,0.15880391700193286,0.025839708046987653,0.008695167023688555,0.009110082988627255,0.01798037497792393,3.174995072185993e-05,0.009300083038397133,0.009593583992682397,0.0007711249636486173,0.03767691692337394,0.08135129103902727,8.274998981505632e-05,0.21019554196391255,0.01205779192969203,0.22225333389360458,2.0249979570508003e-05,9.22909239307046e-05,0.0934090829687193,0.2958876669872552,0.5107021669391543
4058,random_4055,random_cycle_chord,20260823,crossing_rich,4,200,5,12,16,4.076669705530988,True,True,,perf/incremental-yamada-frontier-order,1d8374f42cccbb16d78d44100a65ca603d7d1997,3.14.7,macOS-26.6.2-arm64-arm-64bit-Mach-O,arm,0.04260070889722556,0.1563259579706937,0.03487099998164922,0.010703083942644298,0.011970166000537574,0.02375354105606675,3.91670037060976e-05,0.012196791940368712,0.012858500005677342,0.001299707917496562,0.050147707923315465,0.10772683401592076,9.229104034602642e-05,0.22053358296398073,0.024773959070444107,0.24530754203442484,2.4124979972839355e-05,0.0001420410117134452,0.13250079308636487,0.33142745995428413,0.556645542033948
4059,random_4056,random_cycle_chord,20260823,baseline,0,200,3,10,12,4.705941365886718,True,True,,perf/incremental-yamada-frontier-order,1d8374f42cccbb16d78d44100a65ca603d7d1997,3.14.7,macOS-26.6.2-arm64-arm-64bit-Mach-O,arm,0.032453708932735026,0.15191883395891637,0.02409700001589954,0.006727874977514148,0.006701500038616359,0.013226957991719246,2.187490463256836e-05,0.006902290973812342,0.0070165409706532955,0.000532084028236568,0.02769974886905402,0.0652450000634417,6.366707384586334e-05,0.14570033398922533,0.00834087491966784,0.15404120890889317,1.383305061608553e-05,6.504193879663944e-05,0.07358587498310953,0.2579584178747609,0.40785954101011157
4060,random_4057,random_cycle_chord,20260823,crossing_rich,5,200,5,9,13,4.310310388137389,True,True,,perf/incremental-yamada-frontier-order,1d8374f42cccbb16d78d44100a65ca603d7d1997,3.14.7,macOS-26.6.2-arm64-arm-64bit-Mach-O,arm,0.034893999923951924,0.15915937500540167,0.04159570799674839,0.0106754160951823,0.011888833018019795,0.02334308298304677,4.3749925680458546e-05,0.012137542013078928,0.01284854207187891,0.0013400840107351542,0.04971300100442022,0.11390766699332744,8.195906411856413e-05,0.17586720804683864,0.02712049998808652,0.20298770803492516,2.5250017642974854e-05,0.00015100010205060244,0.14102816698141396,0.33508154191076756,0.5155677909497172
4061,random_4058,random_cycle_chord,20260823,crossing_rich,5,200,5,9,13,4.369477818309791,True,True,,perf/incremental-yamada-frontier-order,1d8374f42cccbb16d78d44100a65ca603d7d1997,3.14.7,macOS-26.6.2-arm64-arm-64bit-Mach-O,arm,0.03495250002015382,0.14911679201759398,0.041046957951039076,0.010592791950330138,0.011945208068937063,0.023631792049854994,3.825000021606684e-05,0.01221495890058577,0.012999250087887049,0.0013983339304104447,0.050282584968954325,0.11390250001568347,8.358398918062449e-05,0.1771511670667678,0.028041791985742748,0.20519295905251056,2.491706982254982e-05,0.00015720899682492018,0.14194429200142622,0.326013584039174,0.5077180420048535
4062,random_4059,random_cycle_chord,20260823,crossing_rich,3,200,5,13,17,4.283685895506525,True,True,,perf/incremental-yamada-frontier-order,1d8374f42cccbb16d78d44100a65ca603d7d1997,3.14.7,macOS-26.6.2-arm64-arm-64bit-Mach-O,arm,0.042547208024188876,0.14843391603790224,0.043994000065140426,0.009893833077512681,0.01104100001975894,0.021758500020951033,3.650004509836435e-05,0.011273832991719246,0.01175499998498708,0.001169458031654358,0.04599329107441008,0.11095537501387298,0.00010395899880677462,0.22351879195775837,0.02070841600652784,0.2442272079642862,2.3290980607271194e-05,0.0001264170277863741,0.13166379102040082,0.32264491508249193,0.5506545420503244
4063,random_4060,random_cycle_chord,20260823,crossing_rich,4,200,5,9,13,6.069426317726922,True,True,,perf/incremental-yamada-frontier-order,1d8374f42cccbb16d78d44100a65ca603d7d1997,3.14.7,macOS-26.6.2-arm64-arm-64bit-Mach-O,arm,0.04236579209100455,0.14968204102478921,0.05615516705438495,0.009949291008524597,0.011034041992388666,0.021804624935612082,3.712496254593134e-05,0.01122158404905349,0.011942042037844658,0.0013155000051483512,0.04632087599020451,0.12349429109599441,8.862500544637442e-05,0.17547424999065697,0.025573042104952037,0.201047292095609,2.54589831456542e-05,0.00014658388681709766,0.14906733320094645,0.3411151663167402,0.5211616250453517
4064,random_4061,random_cycle_chord,20260823,crossing_rich,2,200,4,8,11,6.600218630852591,True,True,,perf/incremental-yamada-frontier-order,1d8374f42cccbb16d78d44100a65ca603d7d1997,3.14.7,macOS-26.6.2-arm64-arm-64bit-Mach-O,arm,0.03948108304757625,0.1491945000598207,0.054027791949920356,0.008747000014409423,0.008915166952647269,0.017479166039265692,4.866695962846279e-05,0.009383124997839332,0.010168792097829282,0.0011319159530103207,0.03821166604757309,0.10993841604795307,9.424996096640825e-05,0.1597513339947909,0.019182167015969753,0.17893350101076066,2.166593912988901e-05,0.000139000010676682,0.12912058306392282,0.3177961661713198,0.48201491695363075
4065,random_4062,random_cycle_chord,20260823,crossing_rich,5,200,5,8,12,4.249811606016421,True,True,,perf/incremental-yamada-frontier-order,1d8374f42cccbb16d78d44100a65ca603d7d1997,3.14.7,macOS-26.6.2-arm64-arm-64bit-Mach-O,arm,0.03217829193454236,0.16007445892319083,0.04431437503080815,0.011499749962240458,0.013056042022071779,0.025560874957591295,4.3208012357354164e-05,0.013312374940142035,0.013991207932122052,0.0014162920415401459,0.05432395788375288,0.12323325010947883,0.00027558300644159317,0.28302945801988244,0.029444833053275943,0.3124742910731584,3.0166935175657272e-05,0.00016862503252923489,0.15267808316275477,0.34493083402048796,0.6326528339413926
4066,random_4063,random_cycle_chord,20260823,crossing_rich,5,200,5,8,12,4.245800476236184,True,True,,perf/incremental-yamada-frontier-order,1d8374f42cccbb16d78d44100a65ca603d7d1997,3.14.7,macOS-26.6.2-arm64-arm-64bit-Mach-O,arm,0.033322416013106704,0.16160045901779085,0.04262095794547349,0.011867916095070541,0.013436499983072281,0.026855167001485825,4.204094875603914e-05,0.013663292047567666,0.014428249909542501,0.0014900830574333668,0.0564788329647854,0.12444195803254843,0.00020208396017551422,0.17815433396026492,0.031447708955965936,0.20960204291623086,2.8125010430812836e-05,0.0001759999431669712,0.15588966698851436,0.3508125420194119,0.5340518329758197
4067,random_4064,random_cycle_chord,20260823,crossing_rich,4,200,5,8,12,6.6019807746407455,True,True,,perf/incremental-yamada-frontier-order,1d8374f42cccbb16d78d44100a65ca603d7d1997,3.14.7,macOS-26.6.2-arm64-arm-64bit-Mach-O,arm,0.04882662498857826,0.22913358407095075,0.0808794170152396,0.011876957956701517,0.012708333088085055,0.024552457965910435,7.725006435066462e-05,0.012868207995779812,0.01344670809339732,0.0016328749479725957,0.05257749906741083,0.15814620908349752,0.00020545802544802427,0.1836681660497561,0.030484833987429738,0.21415300003718585,2.9416056349873543e-05,0.00017962499987334013,0.18863104307092726,0.46659125213045627,0.6556676250183955
4068,random_4065,random_cycle_chord,20260823,crossing_rich,6,200,6,12,17,4.062576101949735,True,True,,perf/incremental-yamada-frontier-order,1d8374f42cccbb16d78d44100a65ca603d7d1997,3.14.7,macOS-26.6.2-arm64-arm-64bit-Mach-O,arm,0.04700929194223136,0.16283141693565995,0.04575199994724244,0.012883750023320317,0.014595333021134138,0.02923512493725866,6.258301436901093e-05,0.014991584001109004,0.015673291985876858,0.0017674160189926624,0.061729999957606196,0.1350112499203533,0.00010179099626839161,0.24935845797881484,0.0354926249710843,0.28485108294989914,3.5208999179303646e-05,0.00019529100973159075,0.1705038748914376,0.3803445837693289,0.6349369590170681
4069,random_4066,random_cycle_chord,20260823,crossing_rich,2,200,4,9,12,6.0828442578199695,True,True,,perf/incremental-yamada-frontier-order,1d8374f42cccbb16d78d44100a65ca603d7d1997,3.14.7,macOS-26.6.2-arm64-arm-64bit-Mach-O,arm,0.04165204206947237,0.15931141597684473,0.051658667041920125,0.008854750078171492,0.00914291711524129,0.01807429105974734,3.400002606213093e-05,0.009493084042333066,0.0096614999929443,0.0009615420131012797,0.038224417134188116,0.10792137496173382,8.354196324944496e-05,0.1645116249565035,0.016797708929516375,0.18130933388601989,1.966708805412054e-05,0.0001092500751838088,0.1247190838912502,0.3256825419375673,0.4947880420368165
4070,random_4067,random_cycle_chord,20260823,crossing_rich,4,200,5,9,13,6.082180851465196,True,True,,perf/incremental-yamada-frontier-order,1d8374f42cccbb16d78d44100a65ca603d7d1997,3.14.7,macOS-26.6.2-arm64-arm-64bit-Mach-O,arm,0.043830208014696836,0.1526371669024229,0.05540495796594769,0.010022124974057078,0.011296084034256637,0.022295666043646634,3.779109101742506e-05,0.011591915972530842,0.01226420805323869,0.0013138330541551113,0.0475034142145887,0.12426045804750174,8.000002708286047e-05,0.17487562505993992,0.02467733307275921,0.19955295813269913,2.2959080524742603e-05,0.00013983401004225016,0.14893779112026095,0.3454051660373807,0.5248457089764997
4071,random_4068,random_cycle_chord,20260823,crossing_rich,5,200,5,8,12,4.25887590459865,True,True,,perf/incremental-yamada-frontier-order,1d8374f42cccbb16d78d44100a65ca603d7d1997,3.14.7,macOS-26.6.2-arm64-arm-64bit-Mach-O,arm,0.030753500061109662,0.14861820789519697,0.039561625104397535,0.010938666993752122,0.01266062492504716,0.025167000014334917,5.795806646347046e-05,0.013147875084541738,0.013733249972574413,0.0014164169551804662,0.053522500093095005,0.1167222079820931,0.000276208040304482,0.17053687502630055,0.025890624965541065,0.19642749999184161,2.4541979655623436e-05,0.000161500065587461,0.14261283294763416,0.3219845409039408,0.49721099995076656
4072,random_4069,random_cycle_chord,20260823,baseline,0,200,3,10,12,4.6489613492594755,True,True,,perf/incremental-yamada-frontier-order,1d8374f42cccbb16d78d44100a65ca603d7d1997,3.14.7,macOS-26.6.2-arm64-arm-64bit-Mach-O,arm,0.03104870894458145,0.14831845799926668,0.01984449999872595,0.006642583990469575,0.006785082980059087,0.013312499970197678,2.225011121481657e-05,0.006887291907332838,0.0070465829921886325,0.0005401660455390811,0.027808791026473045,0.06110087491106242,6.541702896356583e-05,0.14209933404345065,0.00796045910101384,0.1500597931444645,1.40840420499444e-05,6.670807488262653e-05,0.06906133401207626,0.2484285009559244,0.3946532920235768
4073,random_4070,random_cycle_chord,20260823,crossing_rich,4,200,5,10,14,5.388338768589912,True,True,,perf/incremental-yamada-frontier-order,1d8374f42cccbb16d78d44100a65ca603d7d1997,3.14.7,macOS-26.6.2-arm64-arm-64bit-Mach-O,arm,0.04122370795812458,0.1489807500038296,0.053566167014651,0.00968400004785508,0.010787500068545341,0.021139292046427727,3.716698847711086e-05,0.01098991697654128,0.011717165936715901,0.0013544170651584864,0.045237959013320506,0.11930912500247359,8.691695984452963e-05,0.18769187503494322,0.026458832900971174,0.2141507079359144,2.4417066015303135e-05,0.0001469160197302699,0.14576795790344477,0.33597241586539894,0.5281925409799442
4074,random_4071,random_cycle_chord,20260823,baseline,0,200,3,11,13,5.222345812685323,True,True,,perf/incremental-yamada-frontier-order,1d8374f42cccbb16d78d44100a65ca603d7d1997,3.14.7,macOS-26.6.2-arm64-arm-64bit-Mach-O,arm,0.03631529200356454,0.14766937494277954,0.02524500002618879,0.006754583911970258,0.006972957984544337,0.01375874993391335,2.1832995116710663e-05,0.007165499962866306,0.007235750090330839,0.0004900420317426324,0.02867187501396984,0.06766366597730666,6.66249543428421e-05,0.1667930840048939,0.007632083026692271,0.17442516703158617,1.425005029886961e-05,6.0542020946741104e-05,0.07529574900399894,0.259280415950343,0.4301945420447737
4075,random_4072,random_cycle_chord,20260823,baseline,0,200,3,11,13,5.223729807068205,True,True,,perf/incremental-yamada-frontier-order,1d8374f42cccbb16d78d44100a65ca603d7d1997,3.14.7,macOS-26.6.2-arm64-arm-64bit-Mach-O,arm,0.037089459015987813,0.14816066704224795,0.02641933294944465,0.0064935419941321015,0.0067451250506564975,0.013304874999448657,2.1124957129359245e-05,0.0068677919916808605,0.007049625040963292,0.000522750080563128,0.027766167069785297,0.06744279095437378,6.616604514420033e-05,0.16739958396647125,0.008609291980974376,0.17600887594744563,1.425005029886961e-05,6.687501445412636e-05,0.07605208293534815,0.2613022089935839,0.4328680000035092
4076,random_4073,random_cycle_chord,20260823,crossing_rich,2,200,4,10,13,5.0521893542705145,True,True,,perf/incremental-yamada-frontier-order,1d8374f42cccbb16d78d44100a65ca603d7d1997,3.14.7,macOS-26.6.2-arm64-arm-64bit-Mach-O,arm,0.07919429091271013,0.15187795797828585,0.040609167073853314,0.008568542078137398,0.009193000034429133,0.018209916073828936,3.0832947231829166e-05,0.009420334012247622,0.009867083979770541,0.0009426670148968697,0.0384708340279758,0.09687020897399634,7.579207886010408e-05,0.24537283298559487,0.016288666985929012,0.2616614999715239,2.1332991309463978e-05,0.00010929105337709188,0.11315887595992535,0.34423112485092133,0.5937595419818535
4077,random_4074,random_cycle_chord,20260823,baseline,0,200,3,9,11,5.397245545609867,True,True,,perf/incremental-yamada-frontier-order,1d8374f42cccbb16d78d44100a65ca603d7d1997,3.14.7,macOS-26.6.2-arm64-arm-64bit-Mach-O,arm,0.032619333011098206,0.1491799580398947,0.02763045800384134,0.006523374933749437,0.006677917088381946,0.013101459015160799,2.1416926756501198e-05,0.006827083067037165,0.006991832982748747,0.0005449170712381601,0.027486709062941372,0.06833750009536743,6.316602230072021e-05,0.1441667079925537,0.008826792007312179,0.1529934999998659,1.466704998165369e-05,7.129099685698748e-05,0.07716429210267961,0.2589635831536725,0.40736145805567503
4078,random_4075,random_cycle_chord,20260823,baseline,0,200,3,9,11,5.362849244468017,True,True,,perf/incremental-yamada-frontier-order,1d8374f42cccbb16d78d44100a65ca603d7d1997,3.14.7,macOS-26.6.2-arm64-arm-64bit-Mach-O,arm,0.03364483395125717,0.153447916964069,0.03056845802348107,0.006651374977082014,0.006864666938781738,0.013471833080984652,2.2292020730674267e-05,0.00702758296392858,0.00716499995905906,0.0005501250270754099,0.028236833051778376,0.07234145794063807,6.420805584639311e-05,0.14944154198747128,0.009087792015634477,0.15852933400310576,1.4999997802078724e-05,7.175002247095108e-05,0.08142924995627254,0.2685220008715987,0.42227762506809086
4079,random_4076,random_cycle_chord,20260823,crossing_rich,8,200,7,12,18,4.875311230108388,True,True,,perf/incremental-yamada-frontier-order,1d8374f42cccbb16d78d44100a65ca603d7d1997,3.14.7,macOS-26.6.2-arm64-arm-64bit-Mach-O,arm,0.05255395802669227,0.16058429109398276,0.05952933290973306,0.015749832964502275,0.016044332995079458,0.031396167003549635,8.162495214492083e-05,0.016214542090892792,0.017281458945944905,0.002171332947909832,0.06714512594044209,0.1585351669928059,0.000282666995190084,0.29482433409430087,0.04905849997885525,0.3438828340731561,3.8416008464992046e-05,0.00024237495381385088,0.20759366697166115,0.4207319160923362,0.7213738339487463
4080,random_4077,random_cycle_chord,20260823,baseline,0,200,3,9,11,5.359020733351651,True,True,,perf/incremental-yamada-frontier-order,1d8374f42cccbb16d78d44100a65ca603d7d1997,3.14.7,macOS-26.6.2-arm64-arm-64bit-Mach-O,arm,0.032476208987645805,0.15882425010204315,0.06506841699592769,0.008357624989002943,0.013928750064224005,0.012933542020618916,4.079192876815796e-05,0.006807000027038157,0.0068590829614549875,0.0005767080001533031,0.02721712493803352,0.11462979204952717,7.958407513797283e-05,0.147771832998842,0.011991917039267719,0.15976375003810972,2.3083994165062904e-05,8.649996016174555e-05,0.1266217090887949,0.31792216817848384,0.4700630410807207
4081,random_4078,random_cycle_chord,20260823,crossing_rich,2,200,4,8,11,6.602661638221905,True,True,,perf/incremental-yamada-frontier-order,1d8374f42cccbb16d78d44100a65ca603d7d1997,3.14.7,macOS-26.6.2-arm64-arm-64bit-Mach-O,arm,0.048888167017139494,0.16978079092223197,0.06337495800107718,0.011103958007879555,0.010591667029075325,0.020113709033466876,6.78329961374402e-05,0.010177916963584721,0.010951082920655608,0.0011959580006077886,0.042506499914452434,0.12763737491331995,0.00010716600809246302,0.1808334580855444,0.023589084041304886,0.2044225421268493,2.9249931685626507e-05,0.00015191698912531137,0.15122645895462483,0.3698954168939963,0.555875958991237
4082,random_4079,random_cycle_chord,20260823,crossing_rich,4,200,5,8,12,6.583737194834706,True,True,,perf/incremental-yamada-frontier-order,1d8374f42cccbb16d78d44100a65ca603d7d1997,3.14.7,macOS-26.6.2-arm64-arm-64bit-Mach-O,arm,0.058243458974175155,0.26312537502963096,0.08163537504151464,0.012191083049401641,0.012512583984062076,0.02448895899578929,5.3625088185071945e-05,0.012763749924488366,0.013734583975747228,0.001703415997326374,0.05274433398153633,0.1591363330371678,0.00022541696671396494,0.19638491596560925,0.03475820901803672,0.23114312498364598,3.645906690508127e-05,0.00020845793187618256,0.1938945420552045,0.5152633760590106,0.7178446250036359
4083,random_4080,random_cycle_chord,20260823,crossing_rich,3,200,4,8,11,4.206421000189276,True,True,,perf/incremental-yamada-frontier-order,1d8374f42cccbb16d78d44100a65ca603d7d1997,3.14.7,macOS-26.6.2-arm64-arm-64bit-Mach-O,arm,0.0334764999570325,0.1761693749576807,0.0420466250507161,0.011388874961994588,0.011568499961867929,0.023604208952747285,6.750004831701517e-05,0.011823999928310513,0.012790165957994759,0.0011323340004310012,0.049418208887800574,0.11445424996782094,0.00010587496217340231,0.18072495807427913,0.021550040924921632,0.20227499899920076,2.8125010430812836e-05,0.00013537495397031307,0.13600429089274257,0.3456501658074558,0.5320233749225736
4084,random_4081,random_cycle_chord,20260823,crossing_rich,6,200,6,13,18,4.2846513685808105,True,True,,perf/incremental-yamada-frontier-order,1d8374f42cccbb16d78d44100a65ca603d7d1997,3.14.7,macOS-26.6.2-arm64-arm-64bit-Mach-O,arm,0.05427487497217953,0.17153729207348078,0.052832750021480024,0.01811329193878919,0.01712804101407528,0.03192066599149257,8.824991527944803e-05,0.01660924998577684,0.01747254200745374,0.001971165998838842,0.06806187389884144,0.1562266250839457,0.0001402080524712801,0.30924612493254244,0.04205983295105398,0.3513059578835964,4.02920413762331e-05,0.0002246249932795763,0.19828645803499967,0.42409862508066,0.7394719159929082
4085,random_4082,random_cycle_chord,20260823,baseline,0,200,5,15,19,4.045889765388947,True,True,,perf/incremental-yamada-frontier-order,1d8374f42cccbb16d78d44100a65ca603d7d1997,3.14.7,macOS-26.6.2-arm64-arm-64bit-Mach-O,arm,0.06114195904228836,0.17815200006589293,0.030002707964740694,0.011682249954901636,0.011255790945142508,0.02183520805556327,9.237509220838547e-05,0.011449624900706112,0.011663000099360943,0.0010870840633288026,0.046127292211167514,0.0991411249851808,0.00016016699373722076,0.28213833400513977,0.015861458028666675,0.29799979203380644,3.6041950806975365e-05,0.00011987506877630949,0.11500258301384747,0.35429654212202877,0.6420173340011388
4086,random_4083,random_cycle_chord,20260823,crossing_rich,3,200,5,10,14,5.464603895395614,True,True,,perf/incremental-yamada-frontier-order,1d8374f42cccbb16d78d44100a65ca603d7d1997,3.14.7,macOS-26.6.2-arm64-arm-64bit-Mach-O,arm,0.047389041050337255,0.16578441602177918,0.05543991690501571,0.01096345903351903,0.011372292065061629,0.021989500033669174,5.545897874981165e-05,0.011416375054977834,0.012005750089883804,0.001324041048064828,0.04679112520534545,0.12460704194381833,0.00011045800056308508,0.3083748749922961,0.02519816707354039,0.3335730420658365,3.8458965718746185e-05,0.00015833298675715923,0.14980520901735872,0.36297866608947515,0.6760368749964982
4087,random_4084,random_cycle_chord,20260823,crossing_rich,5,200,5,8,12,4.1761563416546315,True,True,,perf/incremental-yamada-frontier-order,1d8374f42cccbb16d78d44100a65ca603d7d1997,3.14.7,macOS-26.6.2-arm64-arm-64bit-Mach-O,arm,0.03586641699075699,0.17634737491607666,0.04457700008060783,0.012591083068400621,0.013920207973569632,0.02721324993763119,4.008400719612837e-05,0.01420924998819828,0.01519625005312264,0.0015183748910203576,0.058177208877168596,0.12930479203350842,0.00023562496062368155,0.17717745795380324,0.030616458971053362,0.2077939169248566,2.7000089175999165e-05,0.0001680420245975256,0.15992125100456178,0.37213504291139543,0.554838249925524
4088,random_4085,random_cycle_chord,20260823,crossing_rich,4,200,5,8,12,6.585797267550063,True,True,,perf/incremental-yamada-frontier-order,1d8374f42cccbb16d78d44100a65ca603d7d1997,3.14.7,macOS-26.6.2-arm64-arm-64bit-Mach-O,arm,0.04664937499910593,0.158718999940902,0.06409087497740984,0.010179416043683887,0.010831709019839764,0.021449499996379018,3.933301195502281e-05,0.011308374931104481,0.011907040956430137,0.0014473750488832593,0.04615162394475192,0.13128762505948544,0.00016720907296985388,0.16681604192126542,0.02780775004066527,0.1946237919619307,2.6082969270646572e-05,0.00015874998643994331,0.1590953751001507,0.36446375004015863,0.5361053750384599
4089,random_4086,random_cycle_chord,20260823,crossing_rich,6,200,6,11,16,5.227561956720487,True,True,,perf/incremental-yamada-frontier-order,1d8374f42cccbb16d78d44100a65ca603d7d1997,3.14.7,macOS-26.6.2-arm64-arm-64bit-Mach-O,arm,0.046982500003650784,0.15074054198339581,0.0569018330425024,0.014032708015292883,0.013646458042785525,0.02693841594737023,6.037508137524128e-05,0.013906000065617263,0.01493804098572582,0.001739625004120171,0.05758245708420873,0.14220937504433095,9.462493471801281e-05,0.21549341699574143,0.03409916709642857,0.24959258409217,3.062502946704626e-05,0.00018824997823685408,0.17630854214075953,0.3740315841278061,0.5942743339110166
4090,random_4087,random_cycle_chord,20260823,crossing_rich,5,200,5,8,12,4.244930652327553,True,True,,perf/incremental-yamada-frontier-order,1d8374f42cccbb16d78d44100a65ca603d7d1997,3.14.7,macOS-26.6.2-arm64-arm-64bit-Mach-O,arm,0.030742166098207235,0.14929420896805823,0.0459632920101285,0.010846166987903416,0.01252550003118813,0.024747416959144175,3.716698847711086e-05,0.012783083016984165,0.014380540931597352,0.0014519999967887998,0.0534002078929916,0.12276850000489503,0.0002821660600602627,0.2723370840540156,0.026954209082759917,0.2992912931367755,2.545793540775776e-05,0.00015783309936523438,0.14972270908765495,0.3297590841539204,0.6065542500000447
4091,random_4088,random_cycle_chord,20260823,crossing_rich,3,200,4,8,11,4.184421595860451,True,True,,perf/incremental-yamada-frontier-order,1d8374f42cccbb16d78d44100a65ca603d7d1997,3.14.7,macOS-26.6.2-arm64-arm-64bit-Mach-O,arm,0.02757087501231581,0.14851904194802046,0.03601233393419534,0.009073417051695287,0.010027916985563934,0.019789707963354886,2.8957962058484554e-05,0.010216250084340572,0.010690624942071736,0.0009414999512955546,0.04166704090312123,0.09680783294606954,6.854196544736624e-05,0.14526625000871718,0.01763008302077651,0.1628963330294937,1.8916092813014984e-05,0.00010850001126527786,0.11443791596684605,0.2905278329271823,0.44004345894791186
4092,random_4089,random_cycle_chord,20260823,crossing_rich,5,200,5,8,12,4.219828895121836,True,True,,perf/incremental-yamada-frontier-order,1d8374f42cccbb16d78d44100a65ca603d7d1997,3.14.7,macOS-26.6.2-arm64-arm-64bit-Mach-O,arm,0.030480084009468555,0.14823308307677507,0.036244750022888184,0.010644624941051006,0.012410084018483758,0.024542416096664965,3.604206722229719e-05,0.01272791693918407,0.01343412499409169,0.0013926250394433737,0.052133125136606395,0.11146554094739258,0.00016287504695355892,0.1613417920889333,0.027449750108644366,0.18879154219757766,2.445792779326439e-05,0.0001546660205349326,0.13891529105603695,0.3176284581422806,0.48356841690838337
4093,random_4090,random_cycle_chord,20260823,baseline,0,200,3,9,11,5.3330703264996435,True,True,,perf/incremental-yamada-frontier-order,1d8374f42cccbb16d78d44100a65ca603d7d1997,3.14.7,macOS-26.6.2-arm64-arm-64bit-Mach-O,arm,0.03200316603761166,0.14939916704315692,0.026350833009928465,0.006788624916225672,0.006555582978762686,0.012833458022214472,2.3000058718025684e-05,0.006653000018559396,0.006851250072941184,0.0005389170255511999,0.026899625197984278,0.0666146669536829,6.333307828754187e-05,0.14479525003116578,0.00870458409190178,0.15349983412306756,1.4459015801548958e-05,6.879190914332867e-05,0.07531925104558468,0.25672158412635326,0.40577575005590916
4094,random_4091,random_cycle_chord,20260823,crossing_rich,3,200,5,12,16,4.5565517703811915,True,True,,perf/incremental-yamada-frontier-order,1d8374f42cccbb16d78d44100a65ca603d7d1997,3.14.7,macOS-26.6.2-arm64-arm-64bit-Mach-O,arm,0.04205333406571299,0.1501485420158133,0.04017037502489984,0.009588750079274178,0.010046667070128024,0.019836709019728005,4.445796366780996e-05,0.010365542024374008,0.010843542055226862,0.0011802500812336802,0.042270501144230366,0.10211287497077137,9.824999142438173e-05,0.21749454096425325,0.021758334012702107,0.23925287497695535,2.370891161262989e-05,0.0001336670247837901,0.12387120898347348,0.31607308506499976,0.5381342499749735
4095,random_4092,random_cycle_chord,20260823,crossing_rich,4,200,5,11,15,5.222485519414921,True,True,,perf/incremental-yamada-frontier-order,1d8374f42cccbb16d78d44100a65ca603d7d1997,3.14.7,macOS-26.6.2-arm64-arm-64bit-Mach-O,arm,0.04402795806527138,0.15386754204519093,0.05420929205138236,0.010607666918076575,0.012103333021514118,0.023857207968831062,4.025001544505358e-05,0.012361709028482437,0.012935832957737148,0.0012941249879077077,0.05048912495840341,0.12744408298749477,9.062490426003933e-05,0.21106274996418506,0.024300791905261576,0.23536354186944664,2.562499139457941e-05,0.0001437090104445815,0.15174487489275634,0.34964037500321865,0.5654124999418855
4096,random_4093,random_cycle_chord,20260823,crossing_rich,5,200,6,13,18,4.5736280456411516,True,True,,perf/incremental-yamada-frontier-order,1d8374f42cccbb16d78d44100a65ca603d7d1997,3.14.7,macOS-26.6.2-arm64-arm-64bit-Mach-O,arm,0.04992262495215982,0.15873220888897777,0.04659245896618813,0.012106125010177493,0.013551041949540377,0.026660250034183264,4.554202314466238e-05,0.013881958089768887,0.014781042002141476,0.0017307080561295152,0.057099500205367804,0.1293912910623476,0.00011262507177889347,0.25903612503316253,0.03386399999726564,0.29290012503042817,3.5125063732266426e-05,0.00018987501971423626,0.16325529105961323,0.3719101249007508,0.6359747080132365
4097,random_4094,random_cycle_chord,20260823,crossing_rich,8,200,7,13,19,4.422450006123437,True,True,,perf/incremental-yamada-frontier-order,1d8374f42cccbb16d78d44100a65ca603d7d1997,3.14.7,macOS-26.6.2-arm64-arm-64bit-Mach-O,arm,0.05307783302851021,0.15953183406963944,0.04928683303296566,0.016279582981951535,0.017367125023156404,0.03462487494107336,0.00012016703840345144,0.01763141609262675,0.018802458071149886,0.0022795830154791474,0.07345849915873259,0.15650787495542318,0.00014320795889943838,0.30651183309964836,0.05518145801033825,0.3616932911099866,4.312500823289156e-05,0.00025387504138052464,0.21168933296576142,0.4242990000639111,0.7366736249532551
4098,random_4095,random_cycle_chord,20260823,crossing_rich,2,200,4,8,11,6.290952929588408,True,True,,perf/incremental-yamada-frontier-order,1d8374f42cccbb16d78d44100a65ca603d7d1997,3.14.7,macOS-26.6.2-arm64-arm-64bit-Mach-O,arm,0.04318708402570337,0.16390637506265193,0.059073208016343415,0.009915709029883146,0.00944037502631545,0.019569040974602103,6.78329961374402e-05,0.00988358398899436,0.010416375007480383,0.0010230840416625142,0.0409599170088768,0.11943512491416186,0.00014649995137006044,0.16285058401990682,0.017830415978096426,0.18068099999800324,2.1332991309463978e-05,0.00011962500866502523,0.1372655408922583,0.3443589999806136,0.5119209170807153
4099,random_4096,random_cycle_chord,20260823,baseline,0,200,3,12,14,4.8790326440318665,True,True,,perf/incremental-yamada-frontier-order,1d8374f42cccbb16d78d44100a65ca603d7d1997,3.14.7,macOS-26.6.2-arm64-arm-64bit-Mach-O,arm,0.04044979205355048,0.1726774590788409,0.02508179098367691,0.008412291994318366,0.007175208069384098,0.014458333025686443,4.733307287096977e-05,0.007255167001858354,0.008112749899737537,0.0006460420554503798,0.030519625055603683,0.0712117919465527,0.00011079199612140656,0.21050833398476243,0.011965874931775033,0.22247420891653746,2.0249979570508003e-05,8.68749339133501e-05,0.08317766687832773,0.2963049180107191,0.5120726249879226
4100,random_4097,random_cycle_chord,20260823,crossing_rich,4,200,5,10,14,5.425367974201914,True,True,,perf/incremental-yamada-frontier-order,1d8374f42cccbb16d78d44100a65ca603d7d1997,3.14.7,macOS-26.6.2-arm64-arm-64bit-Mach-O,arm,0.045157833956182,0.20249129098374397,0.05174995807465166,0.011197749990969896,0.011079582967795432,0.023890624986961484,6.645894609391689e-05,0.011576791992411017,0.012864334043115377,0.0013439999893307686,0.049742209957912564,0.12380950001534075,0.00010724994353950024,0.19122070795856416,0.024441624991595745,0.2156623329501599,2.537504769861698e-05,0.00014995806850492954,0.1482511250069365,0.39590024994686246,0.5920146250864491
4101,random_4098,random_cycle_chord,20260823,crossing_rich,5,200,5,8,12,4.118869586828209,True,True,,perf/incremental-yamada-frontier-order,1d8374f42cccbb16d78d44100a65ca603d7d1997,3.14.7,macOS-26.6.2-arm64-arm-64bit-Mach-O,arm,0.030877624987624586,0.1506368750706315,0.0347775419941172,0.011039000004529953,0.012679000035859644,0.024958624970167875,3.858399577438831e-05,0.01295725000090897,0.01356099999975413,0.001328082988038659,0.052843541954644024,0.11137349996715784,0.00017454195767641068,0.18683991697616875,0.03180608304683119,0.21864600002299994,3.474997356534004e-05,0.00015924999024719,0.14317958301398903,0.3246940830722451,0.5165139160817489
4102,random_4099,random_cycle_chord,20260823,crossing_rich,4,200,5,9,13,6.083399218786641,True,True,,perf/incremental-yamada-frontier-order,1d8374f42cccbb16d78d44100a65ca603d7d1997,3.14.7,macOS-26.6.2-arm64-arm-64bit-Mach-O,arm,0.046103790984489024,0.15565029194112867,0.05669320793822408,0.010171541944146156,0.011366209015250206,0.022330624982714653,3.9458973333239555e-05,0.012053834041580558,0.013610458001494408,0.0012990840477868915,0.04933346004690975,0.12760062504094094,9.737501386553049e-05,0.17790616606362164,0.024329000036232173,0.2022351660998538,2.562499139457941e-05,0.00013762491289526224,0.1519296250771731,0.3536837080027908,0.5361975830746815
4103,random_4100,random_cycle_chord,20260823,crossing_rich,2,200,4,10,13,5.040908518532261,True,True,,perf/incremental-yamada-frontier-order,1d8374f42cccbb16d78d44100a65ca603d7d1997,3.14.7,macOS-26.6.2-arm64-arm-64bit-Mach-O,arm,0.03719095897395164,0.15100370801519603,0.044555208063684404,0.008620791020803154,0.008878916967660189,0.017641540965996683,3.258301876485348e-05,0.009113625041209161,0.009521333035081625,0.0009645000100135803,0.0372735820710659,0.09935787494760007,7.312500383704901e-05,0.27203837502747774,0.017590750008821487,0.28962912503629923,2.2374908439815044e-05,0.0001217919634655118,0.11694862495642155,0.3051432919455692,0.5812485000351444
4104,random_4101,random_cycle_chord,20260823,baseline,0,200,3,10,12,4.694698650607835,True,True,,perf/incremental-yamada-frontier-order,1d8374f42cccbb16d78d44100a65ca603d7d1997,3.14.7,macOS-26.6.2-arm64-arm-64bit-Mach-O,arm,0.0335656669922173,0.15425483405124396,0.02178929198998958,0.006720375036820769,0.006779833929613233,0.013348583015613258,2.2416003048419952e-05,0.006953457952477038,0.007095750072039664,0.0005607919301837683,0.027980998973362148,0.06329129100777209,6.450002547353506e-05,0.16281491704285145,0.00903891702182591,0.17185383406467736,1.4750054106116295e-05,7.241696584969759e-05,0.072330208029598,0.26015070907305926,0.427161458064802
4105,random_4102,random_cycle_chord,20260823,baseline,0,200,3,10,12,4.67482517184091,True,True,,perf/incremental-yamada-frontier-order,1d8374f42cccbb16d78d44100a65ca603d7d1997,3.14.7,macOS-26.6.2-arm64-arm-64bit-Mach-O,arm,0.033371750032529235,0.15568929200526327,0.025601540924981236,0.006993624963797629,0.006995958974584937,0.013699208036996424,2.3124972358345985e-05,0.007090709055773914,0.007292916998267174,0.0005582090234383941,0.028664168086834252,0.06827591697219759,6.633298471570015e-05,0.15180570795200765,0.008900459040887654,0.1607061669928953,1.4584045857191086e-05,7.02079851180315e-05,0.07717637601308525,0.26623741805087775,0.42233491595834494
4106,random_4103,random_cycle_chord,20260823,crossing_rich,2,200,4,10,13,5.626894349002139,True,True,,perf/incremental-yamada-frontier-order,1d8374f42cccbb16d78d44100a65ca603d7d1997,3.14.7,macOS-26.6.2-arm64-arm-64bit-Mach-O,arm,0.04277179099153727,0.16005695797502995,0.054738166043534875,0.00903587497305125,0.009034333983436227,0.0177472090581432,3.1624920666217804e-05,0.009221957996487617,0.009657707996666431,0.0010077499318867922,0.03766624990385026,0.11050383292604238,7.612502668052912e-05,0.17780233302619308,0.02075329201761633,0.19855562504380941,3.1542032957077026e-05,0.00019299995619803667,0.1312571249436587,0.33408587391022593,0.5165212919237092
4107,random_4104,random_cycle_chord,20260823,crossing_rich,4,200,5,10,14,5.544026764035702,True,True,,perf/incremental-yamada-frontier-order,1d8374f42cccbb16d78d44100a65ca603d7d1997,3.14.7,macOS-26.6.2-arm64-arm-64bit-Mach-O,arm,0.06727495789527893,0.20718074997421354,0.08042429096531123,0.01842724997550249,0.016072374884970486,0.033589666010811925,9.583402425050735e-05,0.01977424998767674,0.020023624994792044,0.002225250005722046,0.07570862502325326,0.19073579099494964,0.0001587079605087638,0.4861527500906959,0.06675645802170038,0.5529092081123963,6.53750030323863e-05,0.0002404170809313655,0.25749224901665,0.5319479568861425,1.0239780830452219
4108,random_4105,random_cycle_chord,20260823,crossing_rich,4,200,5,10,14,5.402074339336867,True,True,,perf/incremental-yamada-frontier-order,1d8374f42cccbb16d78d44100a65ca603d7d1997,3.14.7,macOS-26.6.2-arm64-arm-64bit-Mach-O,arm,0.07202049996703863,0.20509587496053427,0.062355375033803284,0.011800582986325026,0.01264416694175452,0.024846249958500266,4.2750034481287e-05,0.012872791034169495,0.013665625010617077,0.0015249579446390271,0.05295237398240715,0.13979100005235523,9.437499102205038e-05,0.21569787489715964,0.028346582897938788,0.24404445779509842,2.929195761680603e-05,0.0001794580603018403,0.16813758295029402,0.4452539578778669,0.6662223750026897
4109,random_4106,random_cycle_chord,20260823,crossing_rich,4,200,5,8,12,6.587586517358046,True,True,,perf/incremental-yamada-frontier-order,1d8374f42cccbb16d78d44100a65ca603d7d1997,3.14.7,macOS-26.6.2-arm64-arm-64bit-Mach-O,arm,0.050279124989174306,0.16772162506822497,0.06813570798840374,0.010953916003927588,0.01134466694202274,0.022766125039197505,4.1874940507113934e-05,0.01205454207956791,0.012826999998651445,0.0015273750759661198,0.04921691713389009,0.13968750007916242,0.00017520796973258257,0.17282445903401822,0.02730387495830655,0.20012833399232477,2.6333029381930828e-05,0.0001724159810692072,0.16699137503746897,0.38499212509486824,0.5629237910034135
4110,random_4107,random_cycle_chord,20260823,baseline,0,200,4,11,14,4.078239814993635,True,True,,perf/incremental-yamada-frontier-order,1d8374f42cccbb16d78d44100a65ca603d7d1997,3.14.7,macOS-26.6.2-arm64-arm-64bit-Mach-O,arm,0.03775729099288583,0.15759695903398097,0.02175762504339218,0.008455583942122757,0.009087332990020514,0.017891624942421913,3.091699909418821e-05,0.009203792084008455,0.009522165986709297,0.0007230000337585807,0.037371500045992434,0.07670141605194658,8.425000123679638e-05,0.18825029209256172,0.010557166999205947,0.19880745909176767,1.8832972273230553e-05,8.095800876617432e-05,0.08725858305115253,0.2826128330780193,0.4753451250726357
4111,random_4108,random_cycle_chord,20260823,crossing_rich,5,200,5,8,12,4.180864811164172,True,True,,perf/incremental-yamada-frontier-order,1d8374f42cccbb16d78d44100a65ca603d7d1997,3.14.7,macOS-26.6.2-arm64-arm-64bit-Mach-O,arm,0.03153920790646225,0.15161158295813948,0.040654083946719766,0.010951709002256393,0.012696958030574024,0.025107915978878736,3.8207974284887314e-05,0.012936334009282291,0.01363337505608797,0.0013739160494878888,0.053089749068021774,0.11742654093541205,0.00018037494737654924,0.23676712496671826,0.09194841689895838,0.32871554186567664,5.4666073992848396e-05,0.00021712493617087603,0.20937495783437043,0.39252574869897217,0.6341456250520423
4112,random_4109,random_cycle_chord,20260823,crossing_rich,3,200,4,9,12,4.486636730166626,True,True,,perf/incremental-yamada-frontier-order,1d8374f42cccbb16d78d44100a65ca603d7d1997,3.14.7,macOS-26.6.2-arm64-arm-64bit-Mach-O,arm,0.037442500004544854,0.16796950006391853,0.03957787505351007,0.009692082996480167,0.010369708063080907,0.02035358303692192,3.087497316300869e-05,0.010515875066630542,0.011168249999172986,0.0011811669683083892,0.043249750044196844,0.10292012500576675,8.916703518480062e-05,0.17105004098266363,0.02180891705211252,0.19285895803477615,2.1083978936076164e-05,0.000131125096231699,0.12472904205787927,0.33014104212634265,0.5056684160372242
4113,random_4110,random_cycle_chord,20260823,baseline,0,200,4,10,13,4.635451150607073,True,True,,perf/incremental-yamada-frontier-order,1d8374f42cccbb16d78d44100a65ca603d7d1997,3.14.7,macOS-26.6.2-arm64-arm-64bit-Mach-O,arm,0.03595250006765127,0.15654708305373788,0.024541166960261762,0.008192999986931682,0.008737165946513414,0.018504709005355835,9.808293543756008e-05,0.009499290958046913,0.009969666949473321,0.0008522500284016132,0.03892399987671524,0.08042416698299348,0.00012012501247227192,0.20859745796769857,0.013598709017969668,0.22219616698566824,2.8250040486454964e-05,0.0001154579222202301,0.09402287600096315,0.2865224591223523,0.49977629201021045
4114,random_4111,random_cycle_chord,20260823,crossing_rich,4,200,5,10,14,5.627877809874969,True,True,,perf/incremental-yamada-frontier-order,1d8374f42cccbb16d78d44100a65ca603d7d1997,3.14.7,macOS-26.6.2-arm64-arm-64bit-Mach-O,arm,0.055520417052321136,0.20187508407980204,0.07595312502235174,0.014168874942697585,0.017073333030566573,0.031094333040528,9.145902004092932e-05,0.01720849995035678,0.018413249985314906,0.0021125420462340117,0.06892008404247463,0.17620733298826963,0.0002542909933254123,0.42386599991004914,0.039370167069137096,0.46323616697918624,4.499999340623617e-05,0.00024229090195149183,0.21557750005740672,0.4729730011895299,0.9027192910434678
4115,random_4112,random_cycle_chord,20260823,baseline,0,200,3,8,10,6.141349991755763,True,True,,perf/incremental-yamada-frontier-order,1d8374f42cccbb16d78d44100a65ca603d7d1997,3.14.7,macOS-26.6.2-arm64-arm-64bit-Mach-O,arm,0.04905537492595613,0.21991620806511492,0.045643749996088445,0.009794958052225411,0.010442083002999425,0.01923570898361504,4.5082997530698776e-05,0.010875792009755969,0.010231167078018188,0.0008292080601677299,0.04121695912908763,0.10715154104400426,0.00011675001587718725,0.2008361250627786,0.01491700008045882,0.2157531251432374,2.9916991479694843e-05,0.0001334159169346094,0.12206854112446308,0.3910401241155341,0.5981322079896927
4116,random_4113,random_cycle_chord,20260823,baseline,0,200,4,13,16,4.569927821483641,True,True,,perf/incremental-yamada-frontier-order,1d8374f42cccbb16d78d44100a65ca603d7d1997,3.14.7,macOS-26.6.2-arm64-arm-64bit-Mach-O,arm,0.06428970803972334,0.21615112503059208,0.03461566602345556,0.012423958978615701,0.018027584068477154,0.02654074993915856,0.00018266704864799976,0.015992332948371768,0.013949249987490475,0.0011786660179495811,0.05784366594161838,0.1230291670653969,0.000174832995980978,0.3207929170457646,0.0169580839574337,0.3377510010031983,3.345904406160116e-05,0.00014362495858222246,0.1399872510228306,0.420428084093146,0.7471630839863792
4117,random_4114,random_cycle_chord,20260823,baseline,0,200,3,13,15,4.566484694203329,True,True,,perf/incremental-yamada-frontier-order,1d8374f42cccbb16d78d44100a65ca603d7d1997,3.14.7,macOS-26.6.2-arm64-arm-64bit-Mach-O,arm,0.05942108295857906,0.21463699999731034,0.03267570794560015,0.010645082918927073,0.010530416970141232,0.022830166039057076,8.037500083446503e-05,0.011943874997086823,0.013699584058485925,0.0009111250983551145,0.049465125193819404,0.10336741607170552,0.00015050009824335575,0.29729808296542615,0.013958457973785698,0.31125654093921185,2.4000066332519054e-05,0.00011325010564178228,0.11732587404549122,0.3913839570013806,0.6950669579673558
4118,random_4115,random_cycle_chord,20260823,crossing_rich,4,200,5,8,12,6.58412334771852,True,True,,perf/incremental-yamada-frontier-order,1d8374f42cccbb16d78d44100a65ca603d7d1997,3.14.7,macOS-26.6.2-arm64-arm-64bit-Mach-O,arm,0.06616991700138897,0.22210400004405528,0.09278983401600271,0.014539666008204222,0.01517808297649026,0.03056837501935661,9.187497198581696e-05,0.015541707980446517,0.018128834082745016,0.0019927920075133443,0.0663235840620473,0.1889262500917539,0.00026412506122142076,0.2386507079936564,0.042817958048544824,0.2814686660422012,4.954100586473942e-05,0.00022129097487777472,0.23174420814029872,0.520018125185743,0.7655499170068651
4119,random_4116,random_cycle_chord,20260823,crossing_rich,4,200,5,11,15,5.0936684585685335,True,True,,perf/incremental-yamada-frontier-order,1d8374f42cccbb16d78d44100a65ca603d7d1997,3.14.7,macOS-26.6.2-arm64-arm-64bit-Mach-O,arm,0.06940454198047519,0.22156745800748467,0.06976683298125863,0.016565833939239383,0.016702083055861294,0.033213208080269396,0.00010558299254626036,0.01677516696508974,0.019179040915332735,0.0019033339340239763,0.0711763328872621,0.1743095419369638,0.0001744590699672699,0.3008960000006482,0.09625275002326816,0.39714875002391636,4.199997056275606e-05,0.00022383301984518766,0.27056229196023196,0.5615342919481918,0.8692686250433326
4120,random_4117,random_cycle_chord,20260823,crossing_rich,3,200,4,8,11,4.241505338300728,True,True,,perf/incremental-yamada-frontier-order,1d8374f42cccbb16d78d44100a65ca603d7d1997,3.14.7,macOS-26.6.2-arm64-arm-64bit-Mach-O,arm,0.04629408288747072,0.26132250006776303,0.06108725001104176,0.015144707984291017,0.016663791961036623,0.03113745804876089,8.654093835502863e-05,0.015136417001485825,0.017385666957125068,0.0015047920169308782,0.06525087496265769,0.15822941600345075,0.00013812503311783075,0.23711537499912083,0.037809208035469055,0.2749245830345899,4.7874986194074154e-05,0.00020916701760143042,0.1960386240389198,0.5036552069941536,0.7477954999776557
4121,random_4118,random_cycle_chord,20260823,baseline,0,200,4,10,13,4.646317822054228,True,True,,perf/incremental-yamada-frontier-order,1d8374f42cccbb16d78d44100a65ca603d7d1997,3.14.7,macOS-26.6.2-arm64-arm-64bit-Mach-O,arm,0.05471537506673485,0.22044675005599856,0.03480545792263001,0.011434374959208071,0.01160099997650832,0.022320959018543363,7.24999699741602e-05,0.010990459006279707,0.012612084043212235,0.0011703750351443887,0.04716637707315385,0.10507595795206726,0.00013762502931058407,0.2578497079666704,0.019419124932028353,0.27726883289869875,3.50000336766243e-05,0.0001554590417072177,0.12449508288409561,0.399657208006829,0.6634794579586014
4122,random_4119,random_cycle_chord,20260823,crossing_rich,4,200,5,8,12,6.586985072596929,True,True,,perf/incremental-yamada-frontier-order,1d8374f42cccbb16d78d44100a65ca603d7d1997,3.14.7,macOS-26.6.2-arm64-arm-64bit-Mach-O,arm,0.06802958401385695,0.21622358402237296,0.0974133750423789,0.016200457932427526,0.01571100007276982,0.03165120806079358,0.00017595791723579168,0.01579774997662753,0.018184709013439715,0.0022067910758778453,0.06801641604397446,0.1974799589952454,0.00027670792769640684,0.24670387501828372,0.04007816698867828,0.286782042006962,4.2499974370002747e-05,0.00022612500470131636,0.23755812598392367,0.5218112940201536,0.7755292500369251
4123,random_4120,random_cycle_chord,20260823,baseline,0,200,4,11,14,4.064014576455747,True,True,,perf/incremental-yamada-frontier-order,1d8374f42cccbb16d78d44100a65ca603d7d1997,3.14.7,macOS-26.6.2-arm64-arm-64bit-Mach-O,arm,0.051430041901767254,0.21544325002469122,0.032927417079918087,0.011424791999161243,0.01174958294723183,0.02526012505404651,9.366706945002079e-05,0.01279570790939033,0.013316500000655651,0.0010012920247390866,0.0524672920582816,0.10862141696270555,0.00016199995297938585,0.2708365839207545,0.016512125032022595,0.2873487089527771,3.0459021218121052e-05,0.00012620794586837292,0.12513354199472815,0.3920068339211866,0.6686547090066597
4124,random_4121,random_cycle_chord,20260823,crossing_rich,3,200,5,10,14,5.383655058764023,True,True,,perf/incremental-yamada-frontier-order,1d8374f42cccbb16d78d44100a65ca603d7d1997,3.14.7,macOS-26.6.2-arm64-arm-64bit-Mach-O,arm,0.05909062491264194,0.2218356670346111,0.08210229105316103,0.015094541013240814,0.0168055419344455,0.031021709088236094,0.00011266698129475117,0.016467834007926285,0.016952791018411517,0.001968291006051004,0.06652329210191965,0.18062016600742936,0.0001669169869273901,0.40891970798838884,0.03357075003441423,0.44249045802280307,4.241697024554014e-05,0.00019170797895640135,0.2141909160418436,0.49511720798909664,0.9116314160637558
4125,random_4122,random_cycle_chord,20260823,crossing_rich,3,200,4,9,12,6.072332519237059,True,True,,perf/incremental-yamada-frontier-order,1d8374f42cccbb16d78d44100a65ca603d7d1997,3.14.7,macOS-26.6.2-arm64-arm-64bit-Mach-O,arm,0.05819937493652105,0.2116281669586897,0.07463475002441555,0.013231583987362683,0.013444458018057048,0.02875712502282113,8.716701995581388e-05,0.014141833991743624,0.014727332978509367,0.0014634999679401517,0.059176958980970085,0.1605745831038803,0.00013470801059156656,0.2878328749211505,0.031120541971176863,0.31895341689232737,3.3791991882026196e-05,0.00018216599710285664,0.19169512507505715,0.4615226669702679,0.7554687079973519
4126,random_4123,random_cycle_chord,20260823,crossing_rich,5,200,5,8,12,4.2102948591646125,True,True,,perf/incremental-yamada-frontier-order,1d8374f42cccbb16d78d44100a65ca603d7d1997,3.14.7,macOS-26.6.2-arm64-arm-64bit-Mach-O,arm,0.04956837499048561,0.2244851249270141,0.06758983305189759,0.018093833001330495,0.021708749933168292,0.03711616701912135,8.875003550201654e-05,0.01898804202210158,0.019643542007543147,0.0020270830718800426,0.07786358415614814,0.18533958308398724,0.0002749999985098839,0.24829812499228865,0.041859959019348025,0.2901580840116367,3.954209387302399e-05,0.00021166692022234201,0.22719954210333526,0.501253042020835,0.756105792010203
4127,random_4124,random_cycle_chord,20260823,baseline,0,200,3,11,13,4.045491911277586,True,True,,perf/incremental-yamada-frontier-order,1d8374f42cccbb16d78d44100a65ca603d7d1997,3.14.7,macOS-26.6.2-arm64-arm-64bit-Mach-O,arm,0.04795216699130833,0.21391425002366304,0.024922582902945578,0.010563874966464937,0.010749582899734378,0.019247042015194893,6.40839571133256e-05,0.011650084052234888,0.010384125052951276,0.0008432089816778898,0.04218854405917227,0.0885094590485096,0.00013733399100601673,0.25491391704417765,0.01572825002949685,0.2706421670736745,3.26669542118907e-05,0.00011541694402694702,0.10423770907800645,0.3661041260929778,0.6270203749882057
4128,random_4125,random_cycle_chord,20260823,crossing_rich,5,200,5,9,13,4.2422672990494075,True,True,,perf/incremental-yamada-frontier-order,1d8374f42cccbb16d78d44100a65ca603d7d1997,3.14.7,macOS-26.6.2-arm64-arm-64bit-Mach-O,arm,0.05079387500882149,0.21416283305734396,0.05735687504056841,0.01564704196061939,0.017407375038601458,0.03426366695202887,0.00010641699191182852,0.01734412496443838,0.020257458090782166,0.0020584589801728725,0.07403012597933412,0.16454791696742177,0.00014566699974238873,0.25894704193342477,0.04341404198203236,0.30236108391545713,4.487507976591587e-05,0.00021024991292506456,0.20796195894945413,0.4729186670156196,0.7383436660747975
4129,random_4126,random_cycle_chord,20260823,crossing_rich,6,200,6,11,16,5.2226405371901405,True,True,,perf/incremental-yamada-frontier-order,1d8374f42cccbb16d78d44100a65ca603d7d1997,3.14.7,macOS-26.6.2-arm64-arm-64bit-Mach-O,arm,0.0680226250551641,0.21251812495756894,0.0741370830219239,0.01719395793043077,0.021017832914367318,0.042475666967220604,0.00011954200454056263,0.02080050006043166,0.01955866697244346,0.0023242910392582417,0.08527866704389453,0.19771891692653298,0.00017516606021672487,0.32977704203221947,0.051679000025615096,0.38145604205783457,5.662499461323023e-05,0.0002495000371709466,0.24939791695214808,0.5299386669648811,0.866904207970947
4130,random_4127,random_cycle_chord,20260823,crossing_rich,5,200,5,8,12,4.197365501181761,True,True,,perf/incremental-yamada-frontier-order,1d8374f42cccbb16d78d44100a65ca603d7d1997,3.14.7,macOS-26.6.2-arm64-arm-64bit-Mach-O,arm,0.04428791697137058,0.2104444579454139,0.052948083030059934,0.016093250014819205,0.017155750072561204,0.03387554199434817,9.066693019121885e-05,0.017933791037648916,0.020167249953374267,0.0019059170735999942,0.07397316698916256,0.16025833296589553,0.0004045000532642007,0.4050814589718357,0.05959529196843505,0.4646767509402707,5.51670091226697e-05,0.00021837500389665365,0.21985362493433058,0.47458599985111505,0.8853392919991165
4131,random_4128,random_cycle_chord,20260823,crossing_rich,9,200,7,14,20,4.295761619612928,True,True,,perf/incremental-yamada-frontier-order,1d8374f42cccbb16d78d44100a65ca603d7d1997,3.14.7,macOS-26.6.2-arm64-arm-64bit-Mach-O,arm,0.07361195795238018,0.21455712500028312,0.06749379204120487,0.023923125001601875,0.024429666926153004,0.04806337505578995,0.0001569580053910613,0.023859875043854117,0.025980624952353537,0.0028116670437157154,0.10087250010110438,0.21684774989262223,0.00019545899704098701,0.3859176250407472,0.07311537500936538,0.4590330000501126,7.195794023573399e-05,0.000348874949850142,0.2899631249019876,0.5781322078546509,0.9725893749855459
4132,random_4129,random_cycle_chord,20260823,crossing_rich,2,200,4,8,11,6.601981801914578,True,True,,perf/incremental-yamada-frontier-order,1d8374f42cccbb16d78d44100a65ca603d7d1997,3.14.7,macOS-26.6.2-arm64-arm-64bit-Mach-O,arm,0.0595824170159176,0.20707399991806597,0.08177170902490616,0.012584791984409094,0.011756125022657216,0.023924457957036793,7.816695142537355e-05,0.014298250083811581,0.012700584018602967,0.0018772080074995756,0.05287866701837629,0.15904387505725026,0.00016829208470880985,0.2136728750774637,0.026845167041756213,0.2405180421192199,3.074994310736656e-05,0.00015929201617836952,0.18588904209900647,0.45254545903299004,0.6720009170239791
4133,random_4130,random_cycle_chord,20260823,baseline,0,200,3,11,13,4.039733857193451,True,True,,perf/incremental-yamada-frontier-order,1d8374f42cccbb16d78d44100a65ca603d7d1997,3.14.7,macOS-26.6.2-arm64-arm-64bit-Mach-O,arm,0.04633641697000712,0.20615158299915493,0.029761333018541336,0.010076332953758538,0.00913237500935793,0.019166833953931928,7.308402564376593e-05,0.008965292014181614,0.01043575000949204,0.0007794579723849893,0.039420417975634336,0.08843775000423193,0.0001177910016849637,0.25669216690585017,0.016033916966989636,0.2727260838728398,2.920802216976881e-05,0.00011104193981736898,0.10447166697122157,0.3569596669403836,0.620106374961324
4134,random_4131,random_cycle_chord,20260823,baseline,0,200,3,8,10,6.155206923368876,True,True,,perf/incremental-yamada-frontier-order,1d8374f42cccbb16d78d44100a65ca603d7d1997,3.14.7,macOS-26.6.2-arm64-arm-64bit-Mach-O,arm,0.0503135840408504,0.24633037496823817,0.053287917049601674,0.011060292017646134,0.01232404203619808,0.021732875029556453,8.154194802045822e-05,0.011704167001880705,0.0116146249929443,0.0009412909857928753,0.04607449995819479,0.12286637502256781,0.00014337501488626003,0.23301299999002367,0.02225670893676579,0.25526970892678946,2.9374961741268635e-05,0.00013049994595348835,0.1451230839593336,0.4417670429684222,0.6816060410346836
4135,random_4132,random_cycle_chord,20260823,baseline,0,200,4,11,14,4.0657087691368785,True,True,,perf/incremental-yamada-frontier-order,1d8374f42cccbb16d78d44100a65ca603d7d1997,3.14.7,macOS-26.6.2-arm64-arm-64bit-Mach-O,arm,0.0778126249788329,0.3831992089981213,0.07085562509018928,0.03246599994599819,0.04237804200965911,0.03731408296152949,0.00014662498142570257,0.019201625022105873,0.018014624947682023,0.00230254209600389,0.07697950000874698,0.22277891705743968,0.0006461250595748425,0.5679098339751363,0.0381507920101285,0.6060606259852648,0.00036204198841005564,0.0003509590169414878,0.2609297090675682,0.7219415430445224,1.312570041976869
4136,random_4133,random_cycle_chord,20260823,crossing_rich,5,200,5,8,12,4.166375369777788,True,True,,perf/incremental-yamada-frontier-order,1d8374f42cccbb16d78d44100a65ca603d7d1997,3.14.7,macOS-26.6.2-arm64-arm-64bit-Mach-O,arm,0.10220250010024756,0.4351953329751268,0.1262713329633698,0.03368750005029142,0.03317800001241267,0.07644774997606874,0.00027945905458182096,0.043390833074226975,0.05282250000163913,0.003830250003375113,0.17677079210989177,0.3701662089442834,0.0008724590297788382,0.5628860839642584,0.08238483301829547,0.6452709169825539,8.483300916850567e-05,0.000778334098868072,0.4525510419625789,0.9899488750379533,1.5689071250380948
4137,random_4134,random_cycle_chord,20260823,baseline,0,200,4,11,14,4.123553109559431,True,True,,perf/incremental-yamada-frontier-order,1d8374f42cccbb16d78d44100a65ca603d7d1997,3.14.7,macOS-26.6.2-arm64-arm-64bit-Mach-O,arm,0.10438941605389118,0.3943052500253543,0.056578417075797915,0.02008645806927234,0.023109415895305574,0.044994166935794055,0.00014291703701019287,0.020764959044754505,0.024662666022777557,0.001816249918192625,0.09238095895852894,0.1922649999614805,0.0002462920965626836,0.5298885829979554,0.032481958041898906,0.5623705410398543,8.224998600780964e-05,0.00020395906176418066,0.2247469580033794,0.7234416240826249,1.2649236670695245
4138,random_4135,random_cycle_chord,20260823,crossing_rich,5,200,5,9,13,4.279054037910816,True,True,,perf/incremental-yamada-frontier-order,1d8374f42cccbb16d78d44100a65ca603d7d1997,3.14.7,macOS-26.6.2-arm64-arm-64bit-Mach-O,arm,0.08243050007149577,0.3970879999687895,0.167449124972336,0.0232429999159649,0.028617250034585595,0.04862637503538281,0.00011641602031886578,0.02255695906933397,0.02400858304463327,0.002569375094026327,0.09787770826369524,0.31730375008191913,0.0001777909928932786,0.45966979197692126,0.08292687509674579,0.542596667073667,8.91250092536211e-05,0.0003445830661803484,0.4002306251786649,0.8797491252189502,1.3526607499225065
4139,random_4136,random_cycle_chord,20260823,baseline,0,200,3,9,11,5.3822714978562125,True,True,,perf/incremental-yamada-frontier-order,1d8374f42cccbb16d78d44100a65ca603d7d1997,3.14.7,macOS-26.6.2-arm64-arm-64bit-Mach-O,arm,0.0915181249147281,0.3244501670124009,0.05756637500599027,0.015523625072091818,0.01567866699770093,0.025560708018019795,0.00010612490586936474,0.01591695798560977,0.013043874991126359,0.0009772079065442085,0.0556048738071695,0.14448195789009333,0.0001332910032942891,0.27185899997130036,0.01934095798060298,0.29119995795190334,3.3624935895204544e-05,0.00012574996799230576,0.1638229158706963,0.5797912077978253,0.860501957940869
4140,random_4137,random_cycle_chord,20260823,baseline,0,200,3,9,11,5.3951488772264415,True,True,,perf/incremental-yamada-frontier-order,1d8374f42cccbb16d78d44100a65ca603d7d1997,3.14.7,macOS-26.6.2-arm64-arm-64bit-Mach-O,arm,0.04785470897331834,0.17832579102832824,0.026872333022765815,0.007795457961037755,0.006821000017225742,0.013670166954398155,3.0667055398225784e-05,0.007252875017002225,0.007339667063206434,0.0006161659257486463,0.028909542015753686,0.07042374997399747,8.350005373358727e-05,0.1562660839408636,0.009787917020730674,0.16605400096159428,2.1666986867785454e-05,0.00010766694322228432,0.08021166699472815,0.3063921669963747,0.46753154101315886
4141,random_4138,random_cycle_chord,20260823,crossing_rich,3,200,4,8,11,4.166586930391884,True,True,,perf/incremental-yamada-frontier-order,1d8374f42cccbb16d78d44100a65ca603d7d1997,3.14.7,macOS-26.6.2-arm64-arm-64bit-Mach-O,arm,0.03015216696076095,0.1580840420210734,0.033902333001606166,0.009770792094059289,0.010517208953388035,0.02060958300717175,4.4791027903556824e-05,0.010597542044706643,0.011023291968740523,0.0010469590779393911,0.043322167126461864,0.09755345806479454,7.241591811180115e-05,0.1534957499243319,0.02664712502155453,0.18014287494588643,1.9959057681262493e-05,0.0001230000052601099,0.12420058308634907,0.3124367920681834,0.47011312504764646
4142,random_4139,random_cycle_chord,20260823,crossing_rich,5,200,5,8,12,4.2129760889587615,True,True,,perf/incremental-yamada-frontier-order,1d8374f42cccbb16d78d44100a65ca603d7d1997,3.14.7,macOS-26.6.2-arm64-arm-64bit-Mach-O,arm,0.03128833300434053,0.15165279095526785,0.04090791707858443,0.01073537499178201,0.012628750060684979,0.024804624961689115,3.7207966670393944e-05,0.012850124971009791,0.013452750048600137,0.0013595420168712735,0.05250424996484071,0.11680970806628466,0.00016020797193050385,0.16101470903959125,0.027216000016778708,0.18823070905636996,2.475001383572817e-05,0.0001514999894425273,0.14402570808306336,0.32696683204267174,0.49253462499473244
4143,random_4140,random_cycle_chord,20260823,baseline,0,200,3,10,12,4.683050882575764,True,True,,perf/incremental-yamada-frontier-order,1d8374f42cccbb16d78d44100a65ca603d7d1997,3.14.7,macOS-26.6.2-arm64-arm-64bit-Mach-O,arm,0.03166437498293817,0.15101299993693829,0.021980457939207554,0.006734333001077175,0.0068019580794498324,0.013390040956437588,2.2707972675561905e-05,0.006916666985489428,0.007130375015549362,0.0005797089543193579,0.028039499884471297,0.06357674999162555,6.374996155500412e-05,0.1496265419991687,0.009920708020217717,0.1595472500193864,1.679197885096073e-05,7.733399979770184e-05,0.07349745801184326,0.2561748329317197,0.4099170829867944
4144,random_4141,random_cycle_chord,20260823,baseline,0,200,3,10,12,4.626410376495276,True,True,,perf/incremental-yamada-frontier-order,1d8374f42cccbb16d78d44100a65ca603d7d1997,3.14.7,macOS-26.6.2-arm64-arm-64bit-Mach-O,arm,0.03223812498617917,0.1547438750276342,0.02258979098405689,0.006859083077870309,0.006991917034611106,0.013741999980993569,2.195802517235279e-05,0.007122291950508952,0.007315292023122311,0.0005815830081701279,0.028783124987967312,0.06524420797359198,6.337498780339956e-05,0.16143787500914186,0.009209624957293272,0.17064749996643513,1.537497155368328e-05,7.737497799098492e-05,0.07445383293088526,0.26143583294469863,0.4270807079738006
4145,random_4142,random_cycle_chord,20260823,crossing_rich,2,200,4,10,13,5.619596211151248,True,True,,perf/incremental-yamada-frontier-order,1d8374f42cccbb16d78d44100a65ca603d7d1997,3.14.7,macOS-26.6.2-arm64-arm-64bit-Mach-O,arm,0.04218883300200105,0.1564229999203235,0.04908787494059652,0.009036583942361176,0.00939891708549112,0.018504624953493476,3.1542032957077026e-05,0.009587041917257011,0.010056208004243672,0.0009821659186854959,0.03916158282663673,0.10671345796436071,7.941608782857656e-05,0.18196866603102535,0.01688820798881352,0.19885687401983887,2.0542065612971783e-05,0.00011695793364197016,0.12360166595317423,0.32221349887549877,0.508639125037007
4146,random_4143,random_cycle_chord,20260823,crossing_rich,3,200,4,8,11,4.181980123240592,True,True,,perf/incremental-yamada-frontier-order,1d8374f42cccbb16d78d44100a65ca603d7d1997,3.14.7,macOS-26.6.2-arm64-arm-64bit-Mach-O,arm,0.030185834039002657,0.16776208393275738,0.040401874925009906,0.009870750014670193,0.010790082975290716,0.02129437495023012,3.179104533046484e-05,0.011048833024688065,0.011934167006984353,0.0010646249866113067,0.04537379101384431,0.10646420798730105,7.479195483028889e-05,0.2670783750945702,0.04152637498918921,0.3086047500837594,4.116701893508434e-05,0.00015491701196879148,0.14799058297649026,0.3459385009482503,0.6171004170319065
4147,random_4144,random_cycle_chord,20260823,crossing_rich,5,200,5,8,12,4.243712821731853,True,True,,perf/incremental-yamada-frontier-order,1d8374f42cccbb16d78d44100a65ca603d7d1997,3.14.7,macOS-26.6.2-arm64-arm-64bit-Mach-O,arm,0.059296541032381356,0.2119974170345813,0.059605165966786444,0.01780479191802442,0.023544416995719075,0.040289250086061656,9.954208508133888e-05,0.019276083097793162,0.021924707922153175,0.002056333003565669,0.083645916194655,0.1847101249732077,0.00030170800164341927,0.44074224994983524,0.0453052909579128,0.48604754090774804,5.9542013332247734e-05,0.00023862498346716166,0.23001541593112051,0.5013093739980832,0.9486149169970304
4148,random_4145,random_cycle_chord,20260823,crossing_rich,2,200,4,8,11,6.599080615059319,True,True,,perf/incremental-yamada-frontier-order,1d8374f42cccbb16d78d44100a65ca603d7d1997,3.14.7,macOS-26.6.2-arm64-arm-64bit-Mach-O,arm,0.05852120800409466,0.1962391670094803,0.06602620810735971,0.010609625023789704,0.01050662505440414,0.020712124998681247,3.595906309783459e-05,0.010707458015531301,0.010820250026881695,0.0011268749367445707,0.04340266704093665,0.13057758298236877,8.179200813174248e-05,0.16681162500754,0.019450249965302646,0.18626187497284263,2.2292020730674267e-05,0.00013270799536257982,0.1500278329476714,0.40478820796124637,0.5766437499551103
4149,random_4146,random_cycle_chord,20260823,crossing_rich,4,200,5,9,13,6.08237019646197,True,True,,perf/incremental-yamada-frontier-order,1d8374f42cccbb16d78d44100a65ca603d7d1997,3.14.7,macOS-26.6.2-arm64-arm-64bit-Mach-O,arm,0.04893870803061873,0.17515604093205184,0.07858820795081556,0.013100333977490664,0.013970457948744297,0.026650540996342897,8.337502367794514e-05,0.01336250000167638,0.014065666939131916,0.0015304579865187407,0.05569254094734788,0.161421624943614,0.00012454099487513304,0.20888749998994172,0.029333083075471222,0.23822058306541294,2.845900598913431e-05,0.0001694579841569066,0.19075470801908523,0.4148494569817558,0.6291234160307795
4150,random_4147,random_cycle_chord,20260823,baseline,0,200,3,11,13,5.226008803489203,True,True,,perf/incremental-yamada-frontier-order,1d8374f42cccbb16d78d44100a65ca603d7d1997,3.14.7,macOS-26.6.2-arm64-arm-64bit-Mach-O,arm,0.044174915994517505,0.1698876670561731,0.028873582952655852,0.008645624970085919,0.007903624908067286,0.016782334074378014,5.2709016017615795e-05,0.008715791977010667,0.008902541943825781,0.000779583933763206,0.035232960944995284,0.08068166708108038,0.00015308393631130457,0.2100595000665635,0.011041250079870224,0.2211007501464337,1.816696021705866e-05,8.145906031131744e-05,0.0917229171609506,0.3057855002116412,0.5205953749828041
4151,random_4148,random_cycle_chord,20260823,baseline,0,200,4,10,13,4.647631876873597,True,True,,perf/incremental-yamada-frontier-order,1d8374f42cccbb16d78d44100a65ca603d7d1997,3.14.7,macOS-26.6.2-arm64-arm-64bit-Mach-O,arm,0.04091433295980096,0.16396320797502995,0.024768332950770855,0.008218708913773298,0.008392416057176888,0.016349083045497537,3.179209306836128e-05,0.00857570895459503,0.008884625043720007,0.0007895409362390637,0.03463075007312,0.07604070904199034,7.833295967429876e-05,0.19347270799335092,0.01198229193687439,0.2054549999302253,2.174999099224806e-05,0.00010699999984353781,0.08802300097886473,0.29290054191369563,0.4911470420192927
4152,random_4149,random_cycle_chord,20260823,baseline,0,200,3,9,11,5.38518594038084,True,True,,perf/incremental-yamada-frontier-order,1d8374f42cccbb16d78d44100a65ca603d7d1997,3.14.7,macOS-26.6.2-arm64-arm-64bit-Mach-O,arm,0.03568145795725286,0.16135387495160103,0.02788416703697294,0.007585542043671012,0.00744037504773587,0.014678749954327941,2.287491224706173e-05,0.007585542043671012,0.007776582962833345,0.0005873329937458038,0.030651082866825163,0.07358087494503707,9.291700553148985e-05,0.16336725000292063,0.009933499968610704,0.17330074997153133,1.662492286413908e-05,8.829194121062756e-05,0.08351437491364777,0.28054970782250166,0.44832249998580664
4153,random_4150,random_cycle_chord,20260823,crossing_rich,4,200,5,10,14,5.58481038863619,True,True,,perf/incremental-yamada-frontier-order,1d8374f42cccbb16d78d44100a65ca603d7d1997,3.14.7,macOS-26.6.2-arm64-arm-64bit-Mach-O,arm,0.04992329201195389,0.16292899998370558,0.05575512500945479,0.011018291930668056,0.013484375085681677,0.03354741702787578,0.00011204206384718418,0.015030874987132847,0.014416708028875291,0.0015106659848242998,0.0646177080925554,0.14493508299347013,0.00013749999925494194,0.31736645905766636,0.02714991697575897,0.34451637603342533,2.8999987989664078e-05,0.00016395794227719307,0.1720849999692291,0.3849372919648886,0.7068805829621851
4154,random_4151,random_cycle_chord,20260823,crossing_rich,4,200,5,10,14,5.55417343896139,True,True,,perf/incremental-yamada-frontier-order,1d8374f42cccbb16d78d44100a65ca603d7d1997,3.14.7,macOS-26.6.2-arm64-arm-64bit-Mach-O,arm,0.04640208394266665,0.16405512497294694,0.06237037491519004,0.01083520904649049,0.012073541060090065,0.023805666947737336,4.15419926866889e-05,0.012344792019575834,0.013008292065933347,0.0014207089552655816,0.05062100198119879,0.13593666697852314,0.00010345794726163149,0.30043712502811104,0.031771832960657775,0.3322089579887688,3.1415955163538456e-05,0.00017024995759129524,0.1677084999391809,0.3781657088547945,0.6832568749086931
4155,random_4152,random_cycle_chord,20260823,crossing_rich,2,200,4,9,12,6.0752651178197175,True,True,,perf/incremental-yamada-frontier-order,1d8374f42cccbb16d78d44100a65ca603d7d1997,3.14.7,macOS-26.6.2-arm64-arm-64bit-Mach-O,arm,0.04335958301089704,0.16209437500219792,0.0546272499486804,0.009134458028711379,0.009185625007376075,0.01804137509316206,3.108300734311342e-05,0.009396917070262134,0.009802708984352648,0.0009565419750288129,0.03822862613014877,0.11120604199822992,9.541702456772327e-05,0.17244004108943045,0.017437499947845936,0.1898775410372764,2.0417035557329655e-05,0.00011737493332475424,0.12864354194607586,0.3340974999591708,0.5111810829257593
4156,random_4153,random_cycle_chord,20260823,crossing_rich,4,200,5,9,13,6.0736001312164865,True,True,,perf/incremental-yamada-frontier-order,1d8374f42cccbb16d78d44100a65ca603d7d1997,3.14.7,macOS-26.6.2-arm64-arm-64bit-Mach-O,arm,0.05421295890118927,0.16103554202709347,0.060115500004030764,0.012314791907556355,0.013180874986574054,0.023996916017495096,4.437495954334736e-05,0.012360792024992406,0.012905500014312565,0.0013688750332221389,0.050676458049565554,0.13633912499062717,9.44589264690876e-05,0.19097666698507965,0.0265662909951061,0.21754295798018575,2.7125002816319466e-05,0.0001550830202177167,0.16290541598573327,0.378153916914016,0.573937667068094
4157,random_4154,random_cycle_chord,20260823,crossing_rich,3,200,5,10,14,4.960260088490521,True,True,,perf/incremental-yamada-frontier-order,1d8374f42cccbb16d78d44100a65ca603d7d1997,3.14.7,macOS-26.6.2-arm64-arm-64bit-Mach-O,arm,0.04239958303514868,0.16917749994900078,0.05292841698974371,0.011998291942290962,0.01464920793659985,0.0264409160008654,0.00010425003711134195,0.013464457937516272,0.014562416006810963,0.0015172500861808658,0.05608929006848484,0.13575258292257786,0.0001449580304324627,0.2395074999658391,0.03160070802550763,0.2711082079913467,4.345807246863842e-05,0.00017737492453306913,0.1673532909480855,0.37893037393223494,0.6237609169911593
4158,random_4155,random_cycle_chord,20260823,crossing_rich,4,200,5,8,12,6.6021497666789015,True,True,,perf/incremental-yamada-frontier-order,1d8374f42cccbb16d78d44100a65ca603d7d1997,3.14.7,macOS-26.6.2-arm64-arm-64bit-Mach-O,arm,0.05965570907574147,0.2012194579001516,0.08600429189391434,0.012994958087801933,0.012649541953578591,0.024698291905224323,7.599999662488699e-05,0.012969458010047674,0.01369229203555733,0.0016727090114727616,0.053108750958926976,0.1648224159143865,0.00023833394516259432,0.19175579107832164,0.03271408297587186,0.2244698740541935,3.529095556586981e-05,0.0001876250607892871,0.19753649889025837,0.45841166586615145,0.6557476669549942
4159,random_4156,random_cycle_chord,20260823,baseline,0,200,3,8,10,6.151732533032495,True,True,,perf/incremental-yamada-frontier-order,1d8374f42cccbb16d78d44100a65ca603d7d1997,3.14.7,macOS-26.6.2-arm64-arm-64bit-Mach-O,arm,0.038921000086702406,0.16829029098153114,0.035375166102312505,0.007725041010417044,0.007481792010366917,0.014696624944917858,2.4707987904548645e-05,0.007645249948836863,0.007871082983911037,0.0006427079206332564,0.030880373786203563,0.08148395793978125,6.666698027402163e-05,0.14222495805006474,0.010031541925854981,0.15225649997591972,1.6832957044243813e-05,9.475008118897676e-05,0.09151549986563623,0.2987267909338698,0.4455770420609042
4160,random_4157,random_cycle_chord,20260823,crossing_rich,6,200,6,11,16,5.225857249676566,True,True,,perf/incremental-yamada-frontier-order,1d8374f42cccbb16d78d44100a65ca603d7d1997,3.14.7,macOS-26.6.2-arm64-arm-64bit-Mach-O,arm,0.04835704201832414,0.22290220798458904,0.11307466600555927,0.022150374948978424,0.019090124987997115,0.051697749993763864,0.00015333294868469238,0.021867624949663877,0.02091245900373906,0.002495500026270747,0.09712666692212224,0.251510541071184,0.00018633401487022638,0.33038329100236297,0.03982987499330193,0.3702131659956649,4.199997056275606e-05,0.0002469159662723541,0.2913404160644859,0.5625996660673991,0.9040610420051962
4161,random_4158,random_cycle_chord,20260823,crossing_rich,4,200,5,8,12,6.587071721386884,True,True,,perf/incremental-yamada-frontier-order,1d8374f42cccbb16d78d44100a65ca603d7d1997,3.14.7,macOS-26.6.2-arm64-arm-64bit-Mach-O,arm,0.052780208992771804,0.2026157499058172,0.09121454204432666,0.012495874892920256,0.01235366694163531,0.024823375046253204,4.5166932977735996e-05,0.013190333032980561,0.013574374956078827,0.002130625071004033,0.05376387503929436,0.16987083305139095,0.0003393749939277768,0.21457983297295868,0.0327669580001384,0.24734679097309709,3.224995452910662e-05,0.00019754096865653992,0.20263779105152935,0.45803374995011836,0.6784066249383613
4162,random_4159,random_cycle_chord,20260823,crossing_rich,5,200,5,8,12,4.25493106898824,True,True,,perf/incremental-yamada-frontier-order,1d8374f42cccbb16d78d44100a65ca603d7d1997,3.14.7,macOS-26.6.2-arm64-arm-64bit-Mach-O,arm,0.03831983299460262,0.17644329206086695,0.053381458041258156,0.012691832962445915,0.014279916998930275,0.028328708023764193,4.579196684062481e-05,0.014681042055599391,0.015486625023186207,0.0015653329901397228,0.06010750005953014,0.14050108392257243,0.00030049995984882116,0.3096485419664532,0.03211475000716746,0.34176329197362065,2.9916060157120228e-05,0.0001771249808371067,0.1726158339297399,0.38737895898520947,0.7021590829826891
4163,random_4160,random_cycle_chord,20260823,crossing_rich,5,200,5,9,13,4.360010780852951,True,True,,perf/incremental-yamada-frontier-order,1d8374f42cccbb16d78d44100a65ca603d7d1997,3.14.7,macOS-26.6.2-arm64-arm-64bit-Mach-O,arm,0.03885787504259497,0.16665024997200817,0.046012958977371454,0.011814040946774185,0.013246792019344866,0.025615625083446503,4.0874932892620564e-05,0.013485208037309349,0.014248958905227482,0.0015023750020191073,0.05489304196089506,0.12600308295805007,8.866691496223211e-05,0.19616283406503499,0.07863545790314674,0.27479829196818173,3.454193938523531e-05,0.00019583303947001696,0.20463854086119682,0.41014666587579995,0.611549667082727
4164,random_4161,random_cycle_chord,20260823,crossing_rich,3,200,4,8,11,4.256387786115039,True,True,,perf/incremental-yamada-frontier-order,1d8374f42cccbb16d78d44100a65ca603d7d1997,3.14.7,macOS-26.6.2-arm64-arm-64bit-Mach-O,arm,0.03727416601032019,0.19792966695968062,0.04640641703736037,0.012176415999419987,0.01279058400541544,0.026574125047773123,6.224995013326406e-05,0.013971750042401254,0.014491750043816864,0.0013217920204624534,0.05642166710458696,0.12784020800609142,0.0001116669736802578,0.18896008399315178,0.02077333303168416,0.20973341702483594,2.9415939934551716e-05,0.00014849996659904718,0.14861354103777558,0.3838173740077764,0.5779457919998094
4165,random_4162,random_cycle_chord,20260823,baseline,0,200,3,10,12,4.718938361833864,True,True,,perf/incremental-yamada-frontier-order,1d8374f42cccbb16d78d44100a65ca603d7d1997,3.14.7,macOS-26.6.2-arm64-arm-64bit-Mach-O,arm,0.03750629199203104,0.17333220806904137,0.024788000038824975,0.008005707990378141,0.007662791991606355,0.01501062500756234,2.5124987587332726e-05,0.007634000037796795,0.007713250000961125,0.0006164999213069677,0.03099949995521456,0.07147895894013345,7.183302659541368e-05,0.17153745901305228,0.010030749952420592,0.18156820896547288,2.237502485513687e-05,0.0001005829544737935,0.08150970889255404,0.29234820895362645,0.46878712507896125
4166,random_4163,random_cycle_chord,20260823,crossing_rich,4,200,5,8,12,6.603629595324302,True,True,,perf/incremental-yamada-frontier-order,1d8374f42cccbb16d78d44100a65ca603d7d1997,3.14.7,macOS-26.6.2-arm64-arm-64bit-Mach-O,arm,0.050271083950065076,0.16506899998057634,0.06859575002454221,0.010669625014998019,0.011479125008918345,0.022570458007976413,4.616600926965475e-05,0.011692916043102741,0.012455875054001808,0.001504375017248094,0.04826979013159871,0.13905533403158188,0.0001787500223144889,0.17576224997173995,0.029661083943210542,0.2054233339149505,2.7082976885139942e-05,0.00017437501810491085,0.16871641797479242,0.38405650190543383,0.5650172089226544
4167,random_4164,random_cycle_chord,20260823,baseline,0,200,3,9,11,5.352904514972583,True,True,,perf/incremental-yamada-frontier-order,1d8374f42cccbb16d78d44100a65ca603d7d1997,3.14.7,macOS-26.6.2-arm64-arm-64bit-Mach-O,arm,0.03448670799843967,0.15688166697509587,0.028112833038903773,0.007223749998956919,0.007273541996255517,0.014302624971605837,2.26249685510993e-05,0.007378665963187814,0.007629957981407642,0.0005843329709023237,0.029918206855654716,0.07254812493920326,6.52919989079237e-05,0.14718341710977256,0.010168707929551601,0.15735212503932416,1.5291967429220676e-05,7.487495895475149e-05,0.08271683286875486,0.2740852078422904,0.42562529200222343
4168,random_4165,random_cycle_chord,20260823,crossing_rich,5,200,6,12,17,4.082170398556222,True,True,,perf/incremental-yamada-frontier-order,1d8374f42cccbb16d78d44100a65ca603d7d1997,3.14.7,macOS-26.6.2-arm64-arm-64bit-Mach-O,arm,0.04568683390971273,0.15535058302339166,0.05060341604985297,0.012288584024645388,0.013811499928124249,0.026750707998871803,8.291692938655615e-05,0.01405979203991592,0.014589042053557932,0.0017104999860748649,0.057192959007807076,0.1339710419997573,0.00013508391566574574,0.2387609169818461,0.03081450005993247,0.26957541704177856,2.862501423805952e-05,0.000175916007719934,0.16478554205968976,0.36582295899279416,0.6096010829787701
4169,random_4166,random_cycle_chord,20260823,crossing_rich,5,200,5,9,13,4.347623599617486,True,True,,perf/incremental-yamada-frontier-order,1d8374f42cccbb16d78d44100a65ca603d7d1997,3.14.7,macOS-26.6.2-arm64-arm-64bit-Mach-O,arm,0.034969500033184886,0.1525649579707533,0.04089795798063278,0.010588165954686701,0.012187457992695272,0.024322333047166467,3.875000402331352e-05,0.01262720802333206,0.013462165952660143,0.001485707936808467,0.05193616496399045,0.11564404203090817,8.379202336072922e-05,0.1830718331038952,0.029919791966676712,0.2129916250705719,2.4916953407227993e-05,0.00017266604118049145,0.14556383399758488,0.3330982920015231,0.5210453330073506
4170,random_4167,random_cycle_chord,20260823,baseline,0,200,4,13,16,4.571407758379996,True,True,,perf/incremental-yamada-frontier-order,1d8374f42cccbb16d78d44100a65ca603d7d1997,3.14.7,macOS-26.6.2-arm64-arm-64bit-Mach-O,arm,0.04279862507246435,0.152051999932155,0.022239416954107583,0.008160041063092649,0.008756834082305431,0.01735258405096829,2.987496554851532e-05,0.008979042060673237,0.009206957998685539,0.0007559580262750387,0.03632441710215062,0.07550829101819545,8.533301297575235e-05,0.21411754202563316,0.011602750048041344,0.2257202920736745,1.9000028260052204e-05,8.787494152784348e-05,0.0871110410662368,0.28196166607085615,0.5005227499641478
4171,random_4168,random_cycle_chord,20260823,crossing_rich,9,200,7,15,21,4.04398698894765,True,True,,perf/incremental-yamada-frontier-order,1d8374f42cccbb16d78d44100a65ca603d7d1997,3.14.7,macOS-26.6.2-arm64-arm-64bit-Mach-O,arm,0.053308374946936965,0.15567195904441178,0.048300249967724085,0.015818041982129216,0.018761707935482264,0.03710016701370478,6.870797369629145e-05,0.019149875035509467,0.020268207998014987,0.002274415921419859,0.07886137394234538,0.16179849999025464,0.00014100002590566874,0.3105327499797568,0.0470318750012666,0.35756462498102337,3.9790989831089973e-05,0.00024204200599342585,0.20883037499152124,0.41781070898287,0.7335838339058682
4172,random_4169,random_cycle_chord,20260823,crossing_rich,3,200,4,9,12,4.427205325124148,True,True,,perf/incremental-yamada-frontier-order,1d8374f42cccbb16d78d44100a65ca603d7d1997,3.14.7,macOS-26.6.2-arm64-arm-64bit-Mach-O,arm,0.03358633304014802,0.16064841707702726,0.03963058302178979,0.009686167002655566,0.01035141700413078,0.02035766700282693,3.074994310736656e-05,0.01070975000038743,0.011266208020970225,0.001046416931785643,0.043410791899077594,0.10310808301437646,7.512501906603575e-05,0.17185054207220674,0.020286542014218867,0.1921370840864256,2.0542065612971783e-05,0.00012187508400529623,0.12339462502859533,0.3176293751457706,0.4940648750634864
4173,random_4170,random_cycle_chord,20260823,crossing_rich,4,200,5,8,12,6.603659877666683,True,True,,perf/incremental-yamada-frontier-order,1d8374f42cccbb16d78d44100a65ca603d7d1997,3.14.7,macOS-26.6.2-arm64-arm-64bit-Mach-O,arm,0.04766245896462351,0.16187412501312792,0.06866925000213087,0.010648750001564622,0.011472500045783818,0.022595499991439283,4.2375060729682446e-05,0.01181670802179724,0.012568959034979343,0.0015707920538261533,0.0485943341627717,0.1394216250628233,0.00018341699615120888,0.1772477920167148,0.03435987501870841,0.21160766703542322,3.8792029954493046e-05,0.00019416690338402987,0.1737815000815317,0.38331808405928314,0.5656553750159219
4174,random_4171,random_cycle_chord,20260823,crossing_rich,4,200,5,8,12,6.602283236329597,True,True,,perf/incremental-yamada-frontier-order,1d8374f42cccbb16d78d44100a65ca603d7d1997,3.14.7,macOS-26.6.2-arm64-arm-64bit-Mach-O,arm,0.050021415925584733,0.1663921669824049,0.07837929204106331,0.011140375048853457,0.01173820800613612,0.022917250054888427,4.016607999801636e-05,0.011811292031779885,0.013013334013521671,0.001571208005771041,0.04935325018595904,0.15064758399967104,0.00017945899162441492,0.17890516703482717,0.029685042100027204,0.20859020913485438,2.804200630635023e-05,0.0001742079621180892,0.18033262609969825,0.39674620900768787,0.5810221249703318
4175,random_4172,random_cycle_chord,20260823,crossing_rich,5,200,5,8,12,4.181220910255866,True,True,,perf/incremental-yamada-frontier-order,1d8374f42cccbb16d78d44100a65ca603d7d1997,3.14.7,macOS-26.6.2-arm64-arm-64bit-Mach-O,arm,0.03374508407432586,0.1608689579879865,0.0372418750775978,0.01169683295302093,0.013286209083162248,0.026728875003755093,4.316703416407108e-05,0.013710875064134598,0.014315832988359034,0.0014271250693127513,0.05622587515972555,0.11848662502598017,0.0001784579362720251,0.18493291607592255,0.03282245900481939,0.21775537508074194,3.4542055800557137e-05,0.0001712079392746091,0.15130908403079957,0.34592312609311193,0.5360384589293972
4176,random_4173,random_cycle_chord,20260823,crossing_rich,5,200,6,11,16,4.636769587337802,True,True,,perf/incremental-yamada-frontier-order,1d8374f42cccbb16d78d44100a65ca603d7d1997,3.14.7,macOS-26.6.2-arm64-arm-64bit-Mach-O,arm,0.04817829199600965,0.16592004196718335,0.04787591705098748,0.012822958058677614,0.014474250026978552,0.02861533302348107,4.8749963752925396e-05,0.014802166959270835,0.01561695896089077,0.0016765419859439135,0.060759750893339515,0.13597758300602436,0.00010508392006158829,0.24040208396036178,0.03115120902657509,0.27155329298693687,2.9790913686156273e-05,0.00018133304547518492,0.16712879203259945,0.38122712599579245,0.6268647909164429
4177,random_4174,random_cycle_chord,20260823,crossing_rich,8,200,7,13,19,4.562692478378529,True,True,,perf/incremental-yamada-frontier-order,1d8374f42cccbb16d78d44100a65ca603d7d1997,3.14.7,macOS-26.6.2-arm64-arm-64bit-Mach-O,arm,0.05343874997925013,0.1603878749301657,0.056825665989890695,0.016027792007662356,0.01753887499216944,0.03459095803555101,6.654090248048306e-05,0.01785795798059553,0.018793458002619445,0.0020918749505653977,0.07340078987181187,0.16384887497406453,0.00011616700794547796,0.2814797080354765,0.0419743339298293,0.3234540419653058,3.78340482711792e-05,0.00022904097568243742,0.20582320890389383,0.41964983381330967,0.7070930000627413
4178,random_4175,random_cycle_chord,20260823,crossing_rich,2,200,4,9,12,5.7150046527082266,True,True,,perf/incremental-yamada-frontier-order,1d8374f42cccbb16d78d44100a65ca603d7d1997,3.14.7,macOS-26.6.2-arm64-arm-64bit-Mach-O,arm,0.039764209068380296,0.1608375000068918,0.053844916052185,0.009345291997306049,0.009632500004954636,0.018831207999028265,3.108300734311342e-05,0.009813167038373649,0.010460125049576163,0.0010200419928878546,0.040155625087209046,0.11300720798317343,9.287497960031033e-05,0.17321475001517683,0.01754395803436637,0.1907587080495432,2.174999099224806e-05,0.00011720799375325441,0.1305511660175398,0.3311528750928119,0.5090468340786174
4179,random_4176,random_cycle_chord,20260823,crossing_rich,6,200,6,10,15,5.623946650570528,True,True,,perf/incremental-yamada-frontier-order,1d8374f42cccbb16d78d44100a65ca603d7d1997,3.14.7,macOS-26.6.2-arm64-arm-64bit-Mach-O,arm,0.04892316705081612,0.15871333295945078,0.060912500019185245,0.012319458997808397,0.014060707995668054,0.027826291974633932,4.945893306285143e-05,0.014449542039074004,0.015591125003993511,0.0016869589453563094,0.05960337689612061,0.14694154192693532,0.00021779094822704792,0.31194933294318616,0.044120916980318725,0.3560702499235049,2.8832932002842426e-05,0.00017341598868370056,0.19106245890725404,0.39869895891752094,0.7148764999583364
4180,random_4177,random_cycle_chord,20260823,crossing_rich,3,200,4,8,11,4.189152799259731,True,True,,perf/incremental-yamada-frontier-order,1d8374f42cccbb16d78d44100a65ca603d7d1997,3.14.7,macOS-26.6.2-arm64-arm-64bit-Mach-O,arm,0.029018708039075136,0.16384370799642056,0.03801712498534471,0.009671833948232234,0.010538832983002067,0.02118099993094802,3.258301876485348e-05,0.011054249946027994,0.011526749935001135,0.0010588750010356307,0.04485345783177763,0.103114083991386,7.866707164794207e-05,0.1580300839850679,0.019443665980361402,0.1774737499654293,2.3916945792734623e-05,0.00012616696767508984,0.1225577499717474,0.3154201660072431,0.4781817920738831
4181,random_4178,random_cycle_chord,20260823,baseline,0,200,3,10,12,5.6220734772783185,True,True,,perf/incremental-yamada-frontier-order,1d8374f42cccbb16d78d44100a65ca603d7d1997,3.14.7,macOS-26.6.2-arm64-arm-64bit-Mach-O,arm,0.03898020798806101,0.15889541700016707,0.030028000008314848,0.007249999907799065,0.007039124961011112,0.013874417054466903,2.37500062212348e-05,0.007192916935309768,0.007421999936923385,0.0005775419995188713,0.02909062593244016,0.07342887495178729,6.758293602615595e-05,0.15440304193180054,0.009768416988663375,0.16417145892046392,1.5915953554213047e-05,7.837498560547829e-05,0.08319729194045067,0.28107291692867875,0.4398800410563126
4182,random_4179,random_cycle_chord,20260823,crossing_rich,3,200,5,11,15,4.982611642589021,True,True,,perf/incremental-yamada-frontier-order,1d8374f42cccbb16d78d44100a65ca603d7d1997,3.14.7,macOS-26.6.2-arm64-arm-64bit-Mach-O,arm,0.045391583000309765,0.16048808302730322,0.0456279159989208,0.010518333059735596,0.011413583997637033,0.02251450007315725,4.2625004425644875e-05,0.01175020809751004,0.012342000030912459,0.0013329170178622007,0.047982250223867595,0.11557991697918624,9.212503209710121e-05,0.21380387502722442,0.024161625071428716,0.23796550009865314,2.6165973395109177e-05,0.00015820900443941355,0.13974154205061495,0.34562120807822794,0.5641269999323413
4183,random_4180,random_cycle_chord,20260823,baseline,0,200,3,9,11,5.348726341107141,True,True,,perf/incremental-yamada-frontier-order,1d8374f42cccbb16d78d44100a65ca603d7d1997,3.14.7,macOS-26.6.2-arm64-arm-64bit-Mach-O,arm,0.03499187505804002,0.15978024993091822,0.028502625063993037,0.00718687498010695,0.007129417033866048,0.014028500067070127,2.266594674438238e-05,0.007278332952409983,0.007444457965902984,0.0005459579406306148,0.02931991487275809,0.07215870800428092,6.516696885228157e-05,0.15149954101070762,0.010803416022099555,0.16230295703280717,2.1292013116180897e-05,9.416707325726748e-05,0.08296212402638048,0.2777342490153387,0.4336972499731928
4184,random_4181,random_cycle_chord,20260823,crossing_rich,4,200,5,8,12,6.603858118693107,True,True,,perf/incremental-yamada-frontier-order,1d8374f42cccbb16d78d44100a65ca603d7d1997,3.14.7,macOS-26.6.2-arm64-arm-64bit-Mach-O,arm,0.05213483306579292,0.17468225001357496,0.07843245891854167,0.011852875002659857,0.011935416958294809,0.024577709031291306,8.470797911286354e-05,0.012857040972448885,0.013009290909394622,0.0015943750040605664,0.05212312389630824,0.15438566694501787,0.00042741699144244194,0.2592253750190139,0.03468004195019603,0.2939054169692099,3.112491685897112e-05,0.00018495810218155384,0.1890657088952139,0.4158827919745818,0.6806287079816684
4185,random_4182,random_cycle_chord,20260823,baseline,0,200,3,8,10,6.218662264861925,True,True,,perf/incremental-yamada-frontier-order,1d8374f42cccbb16d78d44100a65ca603d7d1997,3.14.7,macOS-26.6.2-arm64-arm-64bit-Mach-O,arm,0.04334345902316272,0.17521245800890028,0.03531154210213572,0.008486957987770438,0.008130333968438208,0.016952250036410987,8.662499021738768e-05,0.008355624973773956,0.008792375097982585,0.0007613750640302896,0.034948250162415206,0.08693020802456886,0.00010391708929091692,0.16383383399806917,0.011750834062695503,0.17558466806076467,1.879094634205103e-05,9.845907334238291e-05,0.09868104208726436,0.31723695911932737,0.48590054095257074
4186,random_4183,random_cycle_chord,20260823,crossing_rich,5,200,5,8,12,4.11895630009963,True,True,,perf/incremental-yamada-frontier-order,1d8374f42cccbb16d78d44100a65ca603d7d1997,3.14.7,macOS-26.6.2-arm64-arm-64bit-Mach-O,arm,0.036504457937553525,0.17240279202815145,0.04405983292963356,0.012276374967768788,0.014087041956372559,0.027912292047403753,4.345795605331659e-05,0.014387708040885627,0.015333250048570335,0.0015433329390361905,0.05922004103194922,0.12968200002796948,0.0002145000034943223,0.19163729099091142,0.03305054199881852,0.22468783298972994,3.51249473169446e-05,0.0002657080767676234,0.162732542026788,0.371639791992493,0.5686190829146653
4187,random_4184,random_cycle_chord,20260823,baseline,0,200,3,9,11,5.365450324546341,True,True,,perf/incremental-yamada-frontier-order,1d8374f42cccbb16d78d44100a65ca603d7d1997,3.14.7,macOS-26.6.2-arm64-arm-64bit-Mach-O,arm,0.03664525004569441,0.16254958300851285,0.03199929196853191,0.007731957943178713,0.007175124948844314,0.014542040997184813,3.658398054540157e-05,0.007422500057145953,0.00750554190017283,0.0006881660083308816,0.03019483294337988,0.0771229580277577,8.987507317215204e-05,0.17585045797750354,0.012080084066838026,0.18793054204434156,2.004089765250683e-05,8.970801718533039e-05,0.08920304209459573,0.288397875148803,0.46873650001361966
4188,random_4185,random_cycle_chord,20260823,crossing_rich,2,200,4,10,13,5.61338765959752,True,True,,perf/incremental-yamada-frontier-order,1d8374f42cccbb16d78d44100a65ca603d7d1997,3.14.7,macOS-26.6.2-arm64-arm-64bit-Mach-O,arm,0.04760095803067088,0.16637125005945563,0.050021625007502735,0.009300124947912991,0.009099166956730187,0.01762716704979539,3.170792479068041e-05,0.009153207996860147,0.009616333059966564,0.0009902500314638019,0.03741866606287658,0.10586804104968905,9.716697968542576e-05,0.1730443750275299,0.018492083996534348,0.19153645902406424,2.1332991309463978e-05,0.00012149999383836985,0.1243601250462234,0.3383323331363499,0.51598683395423
4189,random_4186,random_cycle_chord,20260823,crossing_rich,2,200,4,10,13,5.468060223603299,True,True,,perf/incremental-yamada-frontier-order,1d8374f42cccbb16d78d44100a65ca603d7d1997,3.14.7,macOS-26.6.2-arm64-arm-64bit-Mach-O,arm,0.04102004098240286,0.15912495797965676,0.047768249991349876,0.009089790983125567,0.009590750094503164,0.01872600009664893,3.1917006708681583e-05,0.009761083056218922,0.010090499999932945,0.0009294160408899188,0.0395389162003994,0.1060167500982061,0.00017454195767641068,0.2739858750719577,0.017661541001871228,0.29164741607382894,3.1542032957077026e-05,0.0001247919863089919,0.12367829110007733,0.32382329006213695,0.602211375022307
4190,random_4187,random_cycle_chord,20260823,crossing_rich,4,200,5,11,15,5.224509281641593,True,True,,perf/incremental-yamada-frontier-order,1d8374f42cccbb16d78d44100a65ca603d7d1997,3.14.7,macOS-26.6.2-arm64-arm-64bit-Mach-O,arm,0.049584000022150576,0.164699999964796,0.053488958976231515,0.011676124995574355,0.012240291922353208,0.024065458099357784,7.36661022529006e-05,0.012724750093184412,0.01402737491298467,0.001475083059631288,0.05236633226741105,0.12984220799989998,0.0001265419414266944,0.2451963749481365,0.030829875031486154,0.27602624997962266,3.450002986937761e-05,0.0001884169178083539,0.16067208303138614,0.3749560830183327,0.6253757919184864
4191,random_4188,random_cycle_chord,20260823,crossing_rich,9,200,7,15,21,4.044760220789003,True,True,,perf/incremental-yamada-frontier-order,1d8374f42cccbb16d78d44100a65ca603d7d1997,3.14.7,macOS-26.6.2-arm64-arm-64bit-Mach-O,arm,0.061307249940000474,0.16422266699373722,0.04983029095456004,0.01714095799252391,0.018222167040221393,0.03586958290543407,5.583302117884159e-05,0.01910541602410376,0.02002712502144277,0.0023423340171575546,0.077400290989317,0.16264466696884483,0.00014120794367045164,0.34119962505064905,0.05758616595994681,0.39878579101059586,4.191603511571884e-05,0.00025404198095202446,0.22023083292879164,0.44576074986252934,0.7929590420098975
4192,random_4189,random_cycle_chord,20260823,crossing_rich,4,200,5,10,14,5.4880753830618385,True,True,,perf/incremental-yamada-frontier-order,1d8374f42cccbb16d78d44100a65ca603d7d1997,3.14.7,macOS-26.6.2-arm64-arm-64bit-Mach-O,arm,0.04925929103046656,0.16838100005406886,0.05845633300486952,0.011391957988962531,0.012710707960650325,0.02492724999319762,8.341693319380283e-05,0.01301391702145338,0.01325766695663333,0.0014647920615971088,0.05274704296607524,0.13538729201536626,0.00010666600428521633,0.30869654193520546,0.06327858299482614,0.3719751249300316,0.00013087503612041473,0.00020504207350313663,0.1986658750101924,0.4163061660947278,0.7294414580101147
4193,random_4190,random_cycle_chord,20260823,crossing_rich,4,200,5,10,14,5.507319140490946,True,True,,perf/incremental-yamada-frontier-order,1d8374f42cccbb16d78d44100a65ca603d7d1997,3.14.7,macOS-26.6.2-arm64-arm-64bit-Mach-O,arm,0.06437945808283985,0.17247579200193286,0.06365604093298316,0.011183458031155169,0.012251832988113165,0.02428195800166577,4.38750721514225e-05,0.012679166975431144,0.01307945791631937,0.0013700410490855575,0.051454499014653265,0.1385866670170799,9.012501686811447e-05,0.2861008750041947,0.032678958028554916,0.3187798330327496,2.5000073947012424e-05,0.00014745804946869612,0.1712656250456348,0.4081208751304075,0.6983862499473616
4194,random_4191,random_cycle_chord,20260823,crossing_rich,4,200,5,8,12,6.585063106888435,True,True,,perf/incremental-yamada-frontier-order,1d8374f42cccbb16d78d44100a65ca603d7d1997,3.14.7,macOS-26.6.2-arm64-arm-64bit-Mach-O,arm,0.04753216600511223,0.16540304105728865,0.07907741598319262,0.011946416925638914,0.012589375022798777,0.0244773329468444,7.308297790586948e-05,0.012442082981579006,0.013375791953876615,0.0016158749349415302,0.05198416579514742,0.1556573749985546,0.00021708302665501833,0.17798766703344882,0.031737750046886504,0.20972541708033532,2.8209062293171883e-05,0.0001794580603018403,0.1873951250454411,0.40033033210784197,0.5833670409629121
4195,random_4192,random_cycle_chord,20260823,baseline,0,200,3,8,10,6.1252171139236475,True,True,,perf/incremental-yamada-frontier-order,1d8374f42cccbb16d78d44100a65ca603d7d1997,3.14.7,macOS-26.6.2-arm64-arm-64bit-Mach-O,arm,0.04317949991673231,0.1693925840081647,0.03683541598729789,0.008009207900613546,0.007715958054177463,0.014655458042398095,2.879102248698473e-05,0.0076303749810904264,0.007650124956853688,0.0006212090374901891,0.030585958040319383,0.08318712504114956,7.625005673617125e-05,0.17719029099680483,0.010487208026461303,0.18767749902326614,1.7249956727027893e-05,8.887494914233685e-05,0.09367433306761086,0.3062464169925079,0.4880009168991819
4196,random_4193,random_cycle_chord,20260823,crossing_rich,3,200,5,11,15,5.02492794438793,True,True,,perf/incremental-yamada-frontier-order,1d8374f42cccbb16d78d44100a65ca603d7d1997,3.14.7,macOS-26.6.2-arm64-arm-64bit-Mach-O,arm,0.04749820800498128,0.168203542008996,0.05131504207383841,0.011266833986155689,0.012338457978330553,0.0246930830180645,0.00012787501327693462,0.012995416997000575,0.013873707968741655,0.001330540981143713,0.05302062397822738,0.12800862500444055,0.00011966610327363014,0.2243322910508141,0.021274124970659614,0.2456064160214737,2.9499991796910763e-05,0.00014104193542152643,0.14928274997510016,0.36498449998907745,0.5947645830456167
4197,random_4194,random_cycle_chord,20260823,crossing_rich,5,200,6,11,16,4.611754062001976,True,True,,perf/incremental-yamada-frontier-order,1d8374f42cccbb16d78d44100a65ca603d7d1997,3.14.7,macOS-26.6.2-arm64-arm-64bit-Mach-O,arm,0.046177041018381715,0.1799402090255171,0.06189933291170746,0.02025816694367677,0.024738583015277982,0.0815828749909997,0.00011195801198482513,0.017691083950921893,0.01892525004222989,0.0022023330675438046,0.12051350006368011,0.2277363339671865,0.00015300000086426735,0.30743412498850375,0.04524345800746232,0.3526775829959661,5.8666919358074665e-05,0.0002393750473856926,0.27297979197464883,0.49909704201854765,0.8124868329614401
4198,random_4195,random_cycle_chord,20260823,crossing_rich,6,200,6,12,17,4.017358432625976,True,True,,perf/incremental-yamada-frontier-order,1d8374f42cccbb16d78d44100a65ca603d7d1997,3.14.7,macOS-26.6.2-arm64-arm-64bit-Mach-O,arm,0.053498500026762486,0.1798549999948591,0.05658229102846235,0.017231666948646307,0.01581195800099522,0.031211749999783933,5.012494511902332e-05,0.016117417020723224,0.016836624941788614,0.0017957499949261546,0.06601166690234095,0.15568462503142655,0.00010662502609193325,0.2614175839116797,0.03823529207147658,0.29965287598315626,3.6458950489759445e-05,0.00019687507301568985,0.19391991710290313,0.4272734171245247,0.694118416053243
4199,random_4196,random_cycle_chord,20260823,baseline,0,200,3,11,13,4.061606516018302,True,True,,perf/incremental-yamada-frontier-order,1d8374f42cccbb16d78d44100a65ca603d7d1997,3.14.7,macOS-26.6.2-arm64-arm-64bit-Mach-O,arm,0.03511924995109439,0.15983941697049886,0.023947249981574714,0.0072832920122891665,0.006812125095166266,0.013374041998758912,2.2834050469100475e-05,0.006965999957174063,0.007160709006711841,0.0006142919883131981,0.028137877001427114,0.06620145903434604,7.066596299409866e-05,0.17922449996694922,0.009885209030471742,0.18910970899742097,1.53339933604002e-05,8.120900020003319e-05,0.07608666806481779,0.27104533498641104,0.4546529159415513
4200,random_4197,random_cycle_chord,20260823,baseline,0,200,3,9,11,5.386855317390326,True,True,,perf/incremental-yamada-frontier-order,1d8374f42cccbb16d78d44100a65ca603d7d1997,3.14.7,macOS-26.6.2-arm64-arm-64bit-Mach-O,arm,0.03227570804301649,0.17213762493338436,0.02569895889610052,0.0066825420362874866,0.006689749890938401,0.013114957953803241,2.3333006538450718e-05,0.006822582916356623,0.0070361660327762365,0.000557083054445684,0.027554122963920236,0.0666463749948889,7.054198067635298e-05,0.14192291698418558,0.00868866709060967,0.15061158407479525,1.6874982975423336e-05,7.516704499721527e-05,0.07533504208549857,0.2797483750618994,0.425789957982488
4201,random_4198,random_cycle_chord,20260823,baseline,0,200,3,11,13,5.225885316657205,True,True,,perf/incremental-yamada-frontier-order,1d8374f42cccbb16d78d44100a65ca603d7d1997,3.14.7,macOS-26.6.2-arm64-arm-64bit-Mach-O,arm,0.03741054201964289,0.15081887505948544,0.02510324993636459,0.0066499169915914536,0.006772542023099959,0.0133185830200091,2.2582942619919777e-05,0.006913874996826053,0.007077416987158358,0.0005565420724451542,0.027889000019058585,0.06643429200630635,6.804207805544138e-05,0.16872508300002664,0.009225916001014411,0.17795099900104105,1.3665994629263878e-05,6.695801857858896e-05,0.07566020800732076,0.2638896250864491,0.43663858296349645
4202,random_4199,random_cycle_chord,20260823,crossing_rich,5,200,6,12,17,4.551956774124366,True,True,,perf/incremental-yamada-frontier-order,1d8374f42cccbb16d78d44100a65ca603d7d1997,3.14.7,macOS-26.6.2-arm64-arm-64bit-Mach-O,arm,0.04375283408444375,0.148715625051409,0.04984025005251169,0.011441458947956562,0.01310491596814245,0.026173707912676036,6.729201413691044e-05,0.013502832967787981,0.014258875045925379,0.0016508750850334764,0.05565358302555978,0.13009200000669807,9.937502909451723e-05,0.31962445902172476,0.02880862506572157,0.34843308408744633,2.7417088858783245e-05,0.00015670794527977705,0.15890062507241964,0.3513690842082724,0.6753014589194208
4203,random_4200,random_cycle_chord,20260823,crossing_rich,5,200,6,11,16,4.697318103958002,True,True,,perf/incremental-yamada-frontier-order,1d8374f42cccbb16d78d44100a65ca603d7d1997,3.14.7,macOS-26.6.2-arm64-arm-64bit-Mach-O,arm,0.042083124979399145,0.147996166953817,0.04476104199420661,0.010904167080298066,0.012434792006388307,0.02457925002090633,4.420790355652571e-05,0.012752915965393186,0.013530750060454011,0.0016060000052675605,0.05251312395557761,0.12065520801115781,9.720807429403067e-05,0.21425037493463606,0.030269750044681132,0.2445201249793172,2.775003667920828e-05,0.00017145799938589334,0.15092495805583894,0.3410042499890551,0.5600467920303345
4204,random_4201,random_cycle_chord,20260823,crossing_rich,4,200,5,11,15,4.670334702328914,True,True,,perf/incremental-yamada-frontier-order,1d8374f42cccbb16d78d44100a65ca603d7d1997,3.14.7,macOS-26.6.2-arm64-arm-64bit-Mach-O,arm,0.03940541693009436,0.14828233304433525,0.043107083067297935,0.009836125071160495,0.010881374939344823,0.021452790941111743,3.6917044781148434e-05,0.01112416700925678,0.01175254094414413,0.00128604203928262,0.04565245797857642,0.10951024992391467,8.570903446525335e-05,0.19745391700416803,0.023981207981705666,0.2214351249858737,2.3709028027951717e-05,0.00013741699513047934,0.13349145790562034,0.32117920788004994,0.5231401659548283
4205,random_4202,random_cycle_chord,20260823,crossing_rich,5,200,5,8,12,4.158855271397444,True,True,,perf/incremental-yamada-frontier-order,1d8374f42cccbb16d78d44100a65ca603d7d1997,3.14.7,macOS-26.6.2-arm64-arm-64bit-Mach-O,arm,0.03054733294993639,0.14803658402524889,0.0400302920024842,0.010678958962671459,0.012503542006015778,0.02465916599612683,3.733299672603607e-05,0.0127873329911381,0.013480124995112419,0.001323250005953014,0.0522872069850564,0.1155333750648424,0.00016416690777987242,0.16320604202337563,0.026925166021101177,0.1901312080444768,2.391706220805645e-05,0.00014179095160216093,0.14245854108594358,0.32104245806112885,0.48946075001731515
4206,random_4203,random_cycle_chord,20260823,crossing_rich,2,200,4,8,11,6.603623589301018,True,True,,perf/incremental-yamada-frontier-order,1d8374f42cccbb16d78d44100a65ca603d7d1997,3.14.7,macOS-26.6.2-arm64-arm-64bit-Mach-O,arm,0.03877637500409037,0.1483085840009153,0.05381879198830575,0.00825833308044821,0.008608374977484345,0.016972749959677458,2.9333983547985554e-05,0.008824334014207125,0.009286875021643937,0.000994000001810491,0.036107292980886996,0.10681870800908655,9.558303281664848e-05,0.14354620804078877,0.017671167035587132,0.1612173750763759,1.9625062122941017e-05,0.00011108303442597389,0.12448987504467368,0.31157483404967934,0.45940904202871025
4207,random_4204,random_cycle_chord,20260823,crossing_rich,5,200,5,8,12,4.165528533671556,True,True,,perf/incremental-yamada-frontier-order,1d8374f42cccbb16d78d44100a65ca603d7d1997,3.14.7,macOS-26.6.2-arm64-arm-64bit-Mach-O,arm,0.030450624995864928,0.14810845896136016,0.03527054097503424,0.01076116703916341,0.012569625047035515,0.02483354101423174,3.816699609160423e-05,0.012798708048649132,0.013597958022728562,0.0014071250334382057,0.052675499115139246,0.11131041694898158,0.00016875006258487701,0.2616072080563754,0.026815750054083765,0.28842295811045915,2.491706982254982e-05,0.00015241699293255806,0.13812616700306535,0.31668525096029043,0.582685999921523
4208,random_4205,random_cycle_chord,20260823,crossing_rich,3,200,4,8,11,4.18280477471794,True,True,,perf/incremental-yamada-frontier-order,1d8374f42cccbb16d78d44100a65ca603d7d1997,3.14.7,macOS-26.6.2-arm64-arm-64bit-Mach-O,arm,0.02786508295685053,0.14833783300127834,0.037600207957439125,0.009127333061769605,0.010035915998741984,0.019841166911646724,3.0375085771083832e-05,0.010252999956719577,0.010760375065729022,0.0010004170471802354,0.04188533406704664,0.09867550001945347,7.441709749400616e-05,0.23351445805747062,0.018067291006445885,0.2515817490639165,2.3333006538450718e-05,0.00012070802040398121,0.11674279102589935,0.2929457069840282,0.5305448330473155
4209,random_4206,random_cycle_chord,20260823,crossing_rich,4,200,5,11,15,4.650940784706303,True,True,,perf/incremental-yamada-frontier-order,1d8374f42cccbb16d78d44100a65ca603d7d1997,3.14.7,macOS-26.6.2-arm64-arm-64bit-Mach-O,arm,0.03970858291722834,0.14845862507354468,0.04296645801514387,0.009917707997374237,0.010941541055217385,0.021396041964180768,3.808306064456701e-05,0.011834708973765373,0.01327858294826001,0.0013421248877421021,0.04788954183459282,0.11174979095812887,0.00011287489905953407,0.20784908393397927,0.024037167080678046,0.23188625101465732,2.445897553116083e-05,0.00014570902567356825,0.13578695803880692,0.32395416602957994,0.5363868749700487
4210,random_4207,random_cycle_chord,20260823,crossing_rich,2,200,4,9,12,5.929664136135226,True,True,,perf/incremental-yamada-frontier-order,1d8374f42cccbb16d78d44100a65ca603d7d1997,3.14.7,macOS-26.6.2-arm64-arm-64bit-Mach-O,arm,0.038663958897814155,0.14997358398977667,0.048251917003653944,0.008444958017207682,0.00904187501873821,0.017841291963122785,3.100000321865082e-05,0.009214040939696133,0.009656624984927475,0.0009379170369356871,0.03768087492790073,0.10344729106873274,7.05420970916748e-05,0.18465766601730138,0.018017500056885183,0.20267516607418656,2.162496093660593e-05,0.00011700007598847151,0.12146479112561792,0.31010233401320875,0.4991658750222996
4211,random_4208,random_cycle_chord,20260823,crossing_rich,4,200,5,10,14,5.526018807659796,True,True,,perf/incremental-yamada-frontier-order,1d8374f42cccbb16d78d44100a65ca603d7d1997,3.14.7,macOS-26.6.2-arm64-arm-64bit-Mach-O,arm,0.045408790931105614,0.170016166055575,0.06120404205285013,0.010996791999787092,0.011689458042383194,0.02408483298495412,5.370797589421272e-05,0.012366625014692545,0.013046958018094301,0.0014284169301390648,0.05098054092377424,0.1349081660155207,9.695789776742458e-05,0.20432537503074855,0.028141207993030548,0.2324665830237791,2.883397974073887e-05,0.0001639999682083726,0.16304937400855124,0.37847433099523187,0.5880145410774276
4212,random_4209,random_cycle_chord,20260823,crossing_rich,3,200,5,11,15,4.782396973598951,True,True,,perf/incremental-yamada-frontier-order,1d8374f42cccbb16d78d44100a65ca603d7d1997,3.14.7,macOS-26.6.2-arm64-arm-64bit-Mach-O,arm,0.045008915942162275,0.17214612499810755,0.04789200006052852,0.010829249978996813,0.011697917012497783,0.022776874946430326,4.087504930794239e-05,0.01167516689747572,0.012510958942584693,0.0013115840265527368,0.04831545986235142,0.11877695901785046,9.429198689758778e-05,0.2164158329833299,0.023748750099912286,0.24016458308324218,2.4916953407227993e-05,0.0001448750263080001,0.14252570911776274,0.3596807500580326,0.5808979580178857
4213,random_4210,random_cycle_chord,20260823,crossing_rich,2,200,5,11,15,4.122448414482157,True,True,,perf/incremental-yamada-frontier-order,1d8374f42cccbb16d78d44100a65ca603d7d1997,3.14.7,macOS-26.6.2-arm64-arm-64bit-Mach-O,arm,0.0411774170352146,0.15972333296667784,0.04147399996872991,0.010223374934867024,0.011010042042471468,0.021738167037256062,4.0209037251770496e-05,0.011278458987362683,0.011815084028057754,0.0012349169701337814,0.04610683606006205,0.10885191708803177,9.116705041378736e-05,0.21250908391084522,0.02172125002834946,0.23423033393919468,2.4084001779556274e-05,0.00013699999544769526,0.13057316711638123,0.3314739171182737,0.5488042080542073
4214,random_4211,random_cycle_chord,20260823,crossing_rich,3,200,4,9,12,4.49512333806135,True,True,,perf/incremental-yamada-frontier-order,1d8374f42cccbb16d78d44100a65ca603d7d1997,3.14.7,macOS-26.6.2-arm64-arm-64bit-Mach-O,arm,0.03384154092054814,0.15845816710498184,0.04092937498353422,0.009687290992587805,0.010637582978233695,0.020822208956815302,3.145902883261442e-05,0.010801417054608464,0.011318208067677915,0.0009875830728560686,0.043960876180790365,0.10524425003677607,7.312500383704901e-05,0.17026525002438575,0.019139250041916966,0.18940450006630272,2.1042069420218468e-05,0.0001157090300694108,0.12438350007869303,0.316683208104223,0.4915137500502169
4215,random_4212,random_cycle_chord,20260823,crossing_rich,2,200,4,8,11,6.345010739147606,True,True,,perf/incremental-yamada-frontier-order,1d8374f42cccbb16d78d44100a65ca603d7d1997,3.14.7,macOS-26.6.2-arm64-arm-64bit-Mach-O,arm,0.040114542003721,0.15548025001771748,0.05235925002489239,0.0085218750173226,0.009047958999872208,0.01779325003735721,2.975005190819502e-05,0.009238000027835369,0.009684707969427109,0.0009206249378621578,0.03766633302439004,0.10762329201679677,6.812496576458216e-05,0.14632699999492615,0.016042500035837293,0.16236950003076345,1.9125058315694332e-05,0.0001003750367090106,0.12366579205263406,0.31926058407407254,0.46998162497766316
4216,random_4213,random_cycle_chord,20260823,crossing_rich,5,200,5,10,14,4.057137480831551,True,True,,perf/incremental-yamada-frontier-order,1d8374f42cccbb16d78d44100a65ca603d7d1997,3.14.7,macOS-26.6.2-arm64-arm-64bit-Mach-O,arm,0.03553916700184345,0.14942841592710465,0.03996129101142287,0.010343417059630156,0.011839499929919839,0.023437125026248395,3.729201853275299e-05,0.012109374976716936,0.012893916922621429,0.001429125084541738,0.04990683402866125,0.11208424996584654,8.662499021738768e-05,0.18534466705750674,0.02815908403135836,0.2135037510888651,2.3999949917197227e-05,0.00015233305748552084,0.1402433339972049,0.325210916926153,0.515061334008351
4217,random_4214,random_cycle_chord,20260823,baseline,0,200,3,8,10,6.143125205059391,True,True,,perf/incremental-yamada-frontier-order,1d8374f42cccbb16d78d44100a65ca603d7d1997,3.14.7,macOS-26.6.2-arm64-arm-64bit-Mach-O,arm,0.032993000000715256,0.1478475839830935,0.032129041966982186,0.006715208059176803,0.006691417074762285,0.013118000002577901,2.1792016923427582e-05,0.00681475002784282,0.007037417031824589,0.0005629169754683971,0.027554876054637134,0.07310958299785852,6.17919722571969e-05,0.128692707978189,0.008956957957707345,0.13764966593589634,1.404189970344305e-05,6.949994713068008e-05,0.08206654095556587,0.2629071249393746,0.39572408294770867
4218,random_4215,random_cycle_chord,20260823,crossing_rich,2,200,4,8,11,6.405480866181902,True,True,,perf/incremental-yamada-frontier-order,1d8374f42cccbb16d78d44100a65ca603d7d1997,3.14.7,macOS-26.6.2-arm64-arm-64bit-Mach-O,arm,0.03755904105491936,0.14855925005394965,0.05383787502069026,0.008461166988126934,0.008883500006049871,0.017555458936840296,2.8624897822737694e-05,0.009085750090889633,0.009519917075522244,0.0009116670116782188,0.03710141801275313,0.10831083299126476,6.616697646677494e-05,0.14547587500419468,0.015290457988157868,0.16076633299235255,1.858395989984274e-05,0.0001011659624055028,0.12360129097942263,0.30971958208829165,0.4594795829616487
4219,random_4216,random_cycle_chord,20260823,crossing_rich,4,200,5,9,13,6.077590108734121,True,True,,perf/incremental-yamada-frontier-order,1d8374f42cccbb16d78d44100a65ca603d7d1997,3.14.7,macOS-26.6.2-arm64-arm-64bit-Mach-O,arm,0.042635582969523966,0.15482745901681483,0.06074912496842444,0.009959666058421135,0.01105016702786088,0.021705333958379924,3.808306064456701e-05,0.011248666909523308,0.011908834101632237,0.00127670809160918,0.04617762612178922,0.12797000003047287,8.366606198251247e-05,0.17631554102990776,0.0247026669094339,0.20101820793934166,2.3792032152414322e-05,0.00013808300718665123,0.15267266693990678,0.35013570892624557,0.5311132500646636
4220,random_4217,random_cycle_chord,20260823,crossing_rich,5,200,5,10,14,4.01848701002587,True,True,,perf/incremental-yamada-frontier-order,1d8374f42cccbb16d78d44100a65ca603d7d1997,3.14.7,macOS-26.6.2-arm64-arm-64bit-Mach-O,arm,0.03496958292089403,0.15997174999210984,0.038573792087845504,0.010739249992184341,0.01225912501104176,0.02412950003053993,3.700004890561104e-05,0.012479249970056117,0.013303957995958626,0.0014007079880684614,0.051350416033528745,0.11295816709753126,8.333404548466206e-05,0.18778625002596527,0.027464082930237055,0.21525033295620233,2.5292043574154377e-05,0.00015641702339053154,0.14042225002776831,0.3353635829407722,0.5277510420419276
4221,random_4218,random_cycle_chord,20260823,crossing_rich,2,200,4,8,11,6.59430264662947,True,True,,perf/incremental-yamada-frontier-order,1d8374f42cccbb16d78d44100a65ca603d7d1997,3.14.7,macOS-26.6.2-arm64-arm-64bit-Mach-O,arm,0.0394175419351086,0.14864049991592765,0.05540908291004598,0.008391167037189007,0.008623500005342066,0.016985250054858625,2.9416056349873543e-05,0.008780458010733128,0.009258292033337057,0.000950500019825995,0.03600391617510468,0.10845383303239942,6.879190914332867e-05,0.145894916029647,0.017203582916408777,0.16309849894605577,1.89170241355896e-05,0.00010675005614757538,0.1256574159488082,0.31371545779984444,0.4637624580645934
4222,random_4219,random_cycle_chord,20260823,crossing_rich,3,200,5,12,16,4.519559808446848,True,True,,perf/incremental-yamada-frontier-order,1d8374f42cccbb16d78d44100a65ca603d7d1997,3.14.7,macOS-26.6.2-arm64-arm-64bit-Mach-O,arm,0.04159520799294114,0.15265662502497435,0.050999166909605265,0.01346425001975149,0.011701415991410613,0.022580499993637204,4.0499959141016006e-05,0.01167274999897927,0.012042540940456092,0.0011850419687107205,0.047521332860924304,0.12372254196088761,9.350001346319914e-05,0.2133661659900099,0.022058875067159534,0.23542504105716944,2.4249893613159657e-05,0.00013883400242775679,0.14578141702804714,0.34003325004596263,0.5579474580008537
4223,random_4220,random_cycle_chord,20260823,crossing_rich,3,200,5,11,15,5.042361926498828,True,True,,perf/incremental-yamada-frontier-order,1d8374f42cccbb16d78d44100a65ca603d7d1997,3.14.7,macOS-26.6.2-arm64-arm-64bit-Mach-O,arm,0.04184304107911885,0.1487742499448359,0.045888583990745246,0.009742333088070154,0.03177375008817762,0.02126641699578613,7.524993270635605e-05,0.010682708001695573,0.011196958017535508,0.001248458051122725,0.04446979099884629,0.13193549995776266,9.791599586606026e-05,0.19751854101195931,0.02267587510868907,0.22019441612064838,2.3416941985487938e-05,0.0001409579999744892,0.15461137506645173,0.3452286660904065,0.5471317089395598
4224,random_4221,random_cycle_chord,20260823,crossing_rich,5,200,5,8,12,4.164000600369759,True,True,,perf/incremental-yamada-frontier-order,1d8374f42cccbb16d78d44100a65ca603d7d1997,3.14.7,macOS-26.6.2-arm64-arm-64bit-Mach-O,arm,0.03019241604488343,0.148020459106192,0.03980350005440414,0.010769458021968603,0.012421124964021146,0.02459304197691381,3.941694740206003e-05,0.012676040991209447,0.013375584036111832,0.0013405419886112213,0.05202462594024837,0.11505170806776732,0.00019658298697322607,0.16286412510089576,0.028677667025476694,0.19154179212637246,2.4124979972839355e-05,0.00015075004193931818,0.14372937509324402,0.32194225024431944,0.4895767089910805
4225,random_4222,random_cycle_chord,20260823,baseline,0,200,3,8,10,6.13043510692712,True,True,,perf/incremental-yamada-frontier-order,1d8374f42cccbb16d78d44100a65ca603d7d1997,3.14.7,macOS-26.6.2-arm64-arm-64bit-Mach-O,arm,0.032573541975580156,0.1480470000533387,0.03373374999500811,0.006589749944396317,0.006727791973389685,0.013225083006545901,2.104195300489664e-05,0.006896209088154137,0.007048917002975941,0.0005548339104279876,0.027746084961108863,0.07481716596521437,6.841705180704594e-05,0.12905862496700138,0.00891141698230058,0.13797004194930196,1.3458076864480972e-05,6.720901001244783e-05,0.08372858294751495,0.2643491249764338,0.39742687495891005
4226,random_4223,random_cycle_chord,20260823,baseline,0,200,3,8,10,6.120693985206647,True,True,,perf/incremental-yamada-frontier-order,1d8374f42cccbb16d78d44100a65ca603d7d1997,3.14.7,macOS-26.6.2-arm64-arm-64bit-Mach-O,arm,0.0326262500602752,0.148228875012137,0.030809874995611608,0.006687624962069094,0.006671000039204955,0.013244834030047059,2.1875021047890186e-05,0.006854625069536269,0.007067290949635208,0.000602582935243845,0.02779120800551027,0.07197912503033876,5.7958997786045074e-05,0.12804420804604888,0.009586749947629869,0.13763095799367875,1.3874960131943226e-05,7.479195483028889e-05,0.08156587497796863,0.2624210000503808,0.3944823339115828
4227,random_4224,random_cycle_chord,20260823,crossing_rich,2,200,4,8,11,6.590937314877208,True,True,,perf/incremental-yamada-frontier-order,1d8374f42cccbb16d78d44100a65ca603d7d1997,3.14.7,macOS-26.6.2-arm64-arm-64bit-Mach-O,arm,0.0388874999480322,0.14849962503649294,0.05583337496500462,0.008333208970725536,0.008655917015857995,0.017076333984732628,2.970895729959011e-05,0.008894875063560903,0.009314500028267503,0.000982375000603497,0.03629779303446412,0.10914641595445573,6.708304863423109e-05,0.14389137492980808,0.01695770805235952,0.1608490829821676,1.9249971956014633e-05,0.00011020794045180082,0.12610412400681525,0.3134912489913404,0.4615212919889018
4228,random_4225,random_cycle_chord,20260823,baseline,0,200,4,11,14,4.1076911832117435,True,True,,perf/incremental-yamada-frontier-order,1d8374f42cccbb16d78d44100a65ca603d7d1997,3.14.7,macOS-26.6.2-arm64-arm-64bit-Mach-O,arm,0.034798083011992276,0.14747887500561774,0.02020641602575779,0.007652250002138317,0.008313541999086738,0.016323292045854032,2.9666000045835972e-05,0.008456790936179459,0.008665625005960464,0.0007178749656304717,0.03419324895367026,0.07039266591891646,7.224990986287594e-05,0.18293770798482,0.011127625009976327,0.19406533299479634,1.7541926354169846e-05,7.908290717750788e-05,0.08152029092889279,0.2637972489465028,0.45086179091595113
4229,random_4226,random_cycle_chord,20260823,crossing_rich,5,200,5,8,12,4.148510182543874,True,True,,perf/incremental-yamada-frontier-order,1d8374f42cccbb16d78d44100a65ca603d7d1997,3.14.7,macOS-26.6.2-arm64-arm-64bit-Mach-O,arm,0.030180125031620264,0.14840337494388223,0.04083312500733882,0.010679916944354773,0.012534042005427182,0.024835332995280623,3.729201853275299e-05,0.012814874993637204,0.013706833007745445,0.0014305419754236937,0.05282487499061972,0.11690475000068545,0.0001574170310050249,0.16649458301253617,0.02589570893906057,0.19239029195159674,2.4124979972839355e-05,0.00014395802281796932,0.14280045893974602,0.3213839589152485,0.4927849170053378
4230,random_4227,random_cycle_chord,20260823,crossing_rich,5,200,5,9,13,4.1707308792517725,True,True,,perf/incremental-yamada-frontier-order,1d8374f42cccbb16d78d44100a65ca603d7d1997,3.14.7,macOS-26.6.2-arm64-arm-64bit-Mach-O,arm,0.0324287919793278,0.14832754200324416,0.038605457986705005,0.010630083037540317,0.012311375001445413,0.024296083953231573,3.6792014725506306e-05,0.012549957958981395,0.013323625084012747,0.001414583995938301,0.05162104300688952,0.11320150003302842,8.304102811962366e-05,0.1764433749485761,0.030632250010967255,0.20707562495954335,2.3833010345697403e-05,0.00015337509103119373,0.14383375004399568,0.32459008402656764,0.5057738750474527
4231,random_4228,random_cycle_chord,20260823,crossing_rich,2,200,4,9,12,5.802277337884272,True,True,,perf/incremental-yamada-frontier-order,1d8374f42cccbb16d78d44100a65ca603d7d1997,3.14.7,macOS-26.6.2-arm64-arm-64bit-Mach-O,arm,0.03678204107563943,0.14792154205497354,0.04916912503540516,0.008320791064761579,0.008844500058330595,0.01748624991159886,2.8957962058484554e-05,0.009031708003021777,0.009491957956925035,0.0009295840281993151,0.03696845786180347,0.1033299999544397,6.89999433234334e-05,0.15675658406689763,0.016246749903075397,0.17300333396997303,1.850002445280552e-05,0.00010337494313716888,0.1195767498575151,0.30428033298812807,0.46516391704790294
4232,random_4229,random_cycle_chord,20260823,baseline,0,200,4,11,14,4.068071625351608,True,True,,perf/incremental-yamada-frontier-order,1d8374f42cccbb16d78d44100a65ca603d7d1997,3.14.7,macOS-26.6.2-arm64-arm-64bit-Mach-O,arm,0.03410045802593231,0.14783058397006243,0.022334416978992522,0.00745979102794081,0.007657791953533888,0.015104832942597568,2.8957962058484554e-05,0.007790541974827647,0.008001917041838169,0.0006893340032547712,0.03161558392457664,0.06909362506121397,7.275003008544445e-05,0.17999033397063613,0.010617541032843292,0.19060787500347942,1.77919864654541e-05,8.091703057289124e-05,0.07971116609405726,0.261642208090052,0.4457888330798596
4233,random_4230,random_cycle_chord,20260823,crossing_rich,5,200,5,8,12,4.156590505006118,True,True,,perf/incremental-yamada-frontier-order,1d8374f42cccbb16d78d44100a65ca603d7d1997,3.14.7,macOS-26.6.2-arm64-arm-64bit-Mach-O,arm,0.030706499936059117,0.14824941696133465,0.04005354200489819,0.01062766695395112,0.012470124987885356,0.024651666986756027,3.641704097390175e-05,0.012773833004757762,0.013420999981462955,0.0013343330938369036,0.05221725010778755,0.11540100001730025,0.00015874998643994331,0.16256083291955292,0.026399917085655034,0.18896075000520796,2.358399797230959e-05,0.00014612509403377771,0.14180091710295528,0.32075683400034904,0.4877440829295665
4234,random_4231,random_cycle_chord,20260823,crossing_rich,2,200,4,8,11,6.5768535514898865,True,True,,perf/incremental-yamada-frontier-order,1d8374f42cccbb16d78d44100a65ca603d7d1997,3.14.7,macOS-26.6.2-arm64-arm-64bit-Mach-O,arm,0.038943834020756185,0.14898320904467255,0.05610733397770673,0.008186375023797154,0.00855658296495676,0.01682424999307841,2.8833048418164253e-05,0.008748457999899983,0.00926612492185086,0.0010477079777047038,0.03591537394095212,0.1087927499320358,6.67079584673047e-05,0.14517912501469254,0.018425374990329146,0.1636045000050217,1.920794602483511e-05,0.00012112502008676529,0.12721812492236495,0.3151451679877937,0.46447795804124326
4235,random_4232,random_cycle_chord,20260823,crossing_rich,4,200,6,12,17,4.522564193855166,True,True,,perf/incremental-yamada-frontier-order,1d8374f42cccbb16d78d44100a65ca603d7d1997,3.14.7,macOS-26.6.2-arm64-arm-64bit-Mach-O,arm,0.045728583936579525,0.1527842910727486,0.04635945800691843,0.011631291010417044,0.013256583944894373,0.026240042061544955,5.6124990805983543e-05,0.013524582958780229,0.014272416941821575,0.0016270839842036366,0.05572025093715638,0.12701425002887845,9.862496517598629e-05,0.24078404100146145,0.03193295793607831,0.27271699893753976,2.912490162998438e-05,0.00017424998804926872,0.15894720796495676,0.3574600829742849,0.6029835420195013
4236,random_4233,random_cycle_chord,20260823,baseline,0,200,3,9,11,5.359088507141322,True,True,,perf/incremental-yamada-frontier-order,1d8374f42cccbb16d78d44100a65ca603d7d1997,3.14.7,macOS-26.6.2-arm64-arm-64bit-Mach-O,arm,0.03425050002988428,0.15901104104705155,0.025122208055108786,0.006993874907493591,0.0068301670253276825,0.013478791923262179,2.3290980607271194e-05,0.006969625013880432,0.007223209016956389,0.0006153750000521541,0.028310291934758425,0.06727645895443857,6.216694600880146e-05,0.15218162501696497,0.009496915969066322,0.1616785409860313,1.5125027857720852e-05,7.816602010279894e-05,0.07677337492350489,0.2700349160004407,0.42654345906339586
4237,random_4234,random_cycle_chord,20260823,crossing_rich,4,200,5,8,12,6.591335022274586,True,True,,perf/incremental-yamada-frontier-order,1d8374f42cccbb16d78d44100a65ca603d7d1997,3.14.7,macOS-26.6.2-arm64-arm-64bit-Mach-O,arm,0.046931292046792805,0.16091783402953297,0.06725424993783236,0.010456584044732153,0.011341957957483828,0.02237429202068597,3.979192115366459e-05,0.011601916048675776,0.012447750079445541,0.0014835000038146973,0.04794725007377565,0.13703608291689306,0.00017104099970310926,0.17151274997740984,0.027516374946571887,0.19902912492398173,2.6790890842676163e-05,0.00016862491611391306,0.16455245786346495,0.3724015839397907,0.5487103749765083
4238,random_4235,random_cycle_chord,20260823,crossing_rich,5,200,5,8,12,4.232875685833046,True,True,,perf/incremental-yamada-frontier-order,1d8374f42cccbb16d78d44100a65ca603d7d1997,3.14.7,macOS-26.6.2-arm64-arm-64bit-Mach-O,arm,0.033198832999914885,0.15875583293382078,0.044180375058203936,0.012513125082477927,0.014023958006873727,0.02672049996908754,4.0375045500695705e-05,0.013532374985516071,0.014250249951146543,0.0014277920126914978,0.05597129196394235,0.1267249999800697,0.00027829105965793133,0.28371420793700963,0.027524541947059333,0.31123874988406897,2.7374946512281895e-05,0.00015870807692408562,0.15424954192712903,0.3462042078608647,0.6345107079250738
4239,random_4236,random_cycle_chord,20260823,crossing_rich,6,200,6,14,19,4.295608635763447,True,True,,perf/incremental-yamada-frontier-order,1d8374f42cccbb16d78d44100a65ca603d7d1997,3.14.7,macOS-26.6.2-arm64-arm-64bit-Mach-O,arm,0.05242270801682025,0.16108812496531755,0.04610666702501476,0.014983957982622087,0.014846000005491078,0.029627082985825837,6.070896051824093e-05,0.01523700007237494,0.01604408398270607,0.0018069170182570815,0.06277579301968217,0.13876341690775007,0.00012404099106788635,0.24994129210244864,0.03626950003672391,0.28621079213917255,3.1125033274292946e-05,0.00019095803145319223,0.17503291694447398,0.3885437499266118,0.6434800830902532
4240,random_4237,random_cycle_chord,20260823,crossing_rich,5,200,5,8,12,4.101555401878367,True,True,,perf/incremental-yamada-frontier-order,1d8374f42cccbb16d78d44100a65ca603d7d1997,3.14.7,macOS-26.6.2-arm64-arm-64bit-Mach-O,arm,0.03054941596928984,0.16243262495845556,0.04101487493608147,0.010912582976743579,0.012460374971851707,0.02468433405738324,3.6792014725506306e-05,0.012760582962073386,0.01338920893613249,0.0013312920928001404,0.05220221006311476,0.11662462493404746,0.00016608298756182194,0.16228162497282028,0.027783624944277108,0.1900652499170974,2.5292043574154377e-05,0.00014941708650439978,0.14440824987832457,0.33739029080606997,0.5043736669467762
4241,random_4238,random_cycle_chord,20260823,crossing_rich,5,200,5,8,12,4.122392120333933,True,True,,perf/incremental-yamada-frontier-order,1d8374f42cccbb16d78d44100a65ca603d7d1997,3.14.7,macOS-26.6.2-arm64-arm-64bit-Mach-O,arm,0.030808666022494435,0.14889041590504348,0.03918983298353851,0.010783875011838973,0.012526334030553699,0.024822082952596247,3.858294803649187e-05,0.01280083297751844,0.01351562503259629,0.0014033749466761947,0.05258049885742366,0.11511441704351455,0.00017508305609226227,0.16127341706305742,0.028524500085040927,0.18979791714809835,2.3791915737092495e-05,0.0001527499407529831,0.14363891712855548,0.3233379990560934,0.48901870904956013
4242,random_4239,random_cycle_chord,20260823,crossing_rich,4,200,5,8,12,6.587852918856451,True,True,,perf/incremental-yamada-frontier-order,1d8374f42cccbb16d78d44100a65ca603d7d1997,3.14.7,macOS-26.6.2-arm64-arm-64bit-Mach-O,arm,0.042761833989061415,0.148809332982637,0.06157933303620666,0.010014208033680916,0.010729540954343975,0.02106095803901553,4.0624989196658134e-05,0.01095124997664243,0.011659667012281716,0.001394915976561606,0.04510741599369794,0.1274654169101268,0.00016845902428030968,0.1612866660580039,0.026869790977798402,0.1881564570358023,2.3875036276876926e-05,0.00015587499365210533,0.1543352078879252,0.3459063748596236,0.5116786669241264
4243,random_4240,random_cycle_chord,20260823,crossing_rich,6,200,6,10,15,5.620455723466356,True,True,,perf/incremental-yamada-frontier-order,1d8374f42cccbb16d78d44100a65ca603d7d1997,3.14.7,macOS-26.6.2-arm64-arm-64bit-Mach-O,arm,0.04588033305481076,0.15352741605602205,0.06244491599500179,0.011274124961346388,0.012795416987501085,0.02523587504401803,4.708394408226013e-05,0.013064958970062435,0.013999999966472387,0.0017244580667465925,0.054072375991381705,0.14062950003426522,0.00022483395878225565,0.2019129159161821,0.03363650001119822,0.23554941592738032,2.7916976250708103e-05,0.0001787090441212058,0.17426600004546344,0.37367374915629625,0.5805636250879616
4244,random_4241,random_cycle_chord,20260823,baseline,0,200,3,8,10,6.163384342256004,True,True,,perf/incremental-yamada-frontier-order,1d8374f42cccbb16d78d44100a65ca603d7d1997,3.14.7,macOS-26.6.2-arm64-arm-64bit-Mach-O,arm,0.032823874964378774,0.15021983394399285,0.03128579200711101,0.006703958963043988,0.0066708329832181334,0.013160625007003546,2.120796125382185e-05,0.0068359579890966415,0.00707604200579226,0.0005817919736728072,0.027675624936819077,0.07235483301337808,5.791708827018738e-05,0.12813354202080518,0.009263625019229949,0.13739716704003513,1.4166929759085178e-05,6.991694681346416e-05,0.08161845803260803,0.26466216694097966,0.39681120798923075
4245,random_4242,random_cycle_chord,20260823,crossing_rich,6,200,6,12,17,4.1221318856628955,True,True,,perf/incremental-yamada-frontier-order,1d8374f42cccbb16d78d44100a65ca603d7d1997,3.14.7,macOS-26.6.2-arm64-arm-64bit-Mach-O,arm,0.042089833063073456,0.14891787501983345,0.04795979103073478,0.014075625105760992,0.013954957947134972,0.027401541941799223,5.554105155169964e-05,0.014148958027362823,0.014969874988310039,0.0016569580184295774,0.05823287402745336,0.13426791701931506,9.575008880347013e-05,0.22687475010752678,0.03201587509829551,0.2588906252058223,2.7749920263886452e-05,0.00017612497322261333,0.16628379211761057,0.3572915002005175,0.5888194580329582
4246,random_4243,random_cycle_chord,20260823,crossing_rich,3,200,4,8,11,4.191990481014914,True,True,,perf/incremental-yamada-frontier-order,1d8374f42cccbb16d78d44100a65ca603d7d1997,3.14.7,macOS-26.6.2-arm64-arm-64bit-Mach-O,arm,0.028150124941021204,0.14831129205413163,0.032306832959875464,0.009015957941301167,0.010029166005551815,0.019838958978652954,2.954190131276846e-05,0.010205542086623609,0.01071512489579618,0.0010338330175727606,0.04182300087995827,0.09320200001820922,6.78749056532979e-05,0.2350095419678837,0.02003745804540813,0.25504700001329184,1.9875005818903446e-05,0.00011391600128263235,0.11323945806361735,0.2897008750587702,0.5287902919808403
4247,random_4244,random_cycle_chord,20260823,crossing_rich,6,200,6,14,19,4.295831845468414,True,True,,perf/incremental-yamada-frontier-order,1d8374f42cccbb16d78d44100a65ca603d7d1997,3.14.7,macOS-26.6.2-arm64-arm-64bit-Mach-O,arm,0.047553707961924374,0.14884754200465977,0.04621641605626792,0.0135045419447124,0.014479000004939735,0.028794333920814097,5.5292039178311825e-05,0.015254250029101968,0.016122457920573652,0.0016365830088034272,0.061862916918471456,0.13610483310185373,0.00011587503831833601,0.23696320899762213,0.03243783302605152,0.26940104202367365,2.9833056032657623e-05,0.00017337501049041748,0.16854266612790525,0.3649439160944894,0.6067240829579532
4248,random_4245,random_cycle_chord,20260823,crossing_rich,3,200,4,8,11,4.230778064225302,True,True,,perf/incremental-yamada-frontier-order,1d8374f42cccbb16d78d44100a65ca603d7d1997,3.14.7,macOS-26.6.2-arm64-arm-64bit-Mach-O,arm,0.028898749966174364,0.15225908299908042,0.03198445797897875,0.009190832963213325,0.010096458019688725,0.019936874974519014,2.9832939617335796e-05,0.01026370795443654,0.010729125002399087,0.000976625015027821,0.0419361658859998,0.09323537501040846,6.862496957182884e-05,0.14840991597156972,0.024514582939445972,0.1729244989110157,1.9499915651977062e-05,0.00011258292943239212,0.11774995794985443,0.2989077909151092,0.45129641704261303
4249,random_4246,random_cycle_chord,20260823,crossing_rich,5,200,5,9,13,4.380587472814087,True,True,,perf/incremental-yamada-frontier-order,1d8374f42cccbb16d78d44100a65ca603d7d1997,3.14.7,macOS-26.6.2-arm64-arm-64bit-Mach-O,arm,0.03454329201485962,0.15025337506085634,0.04661824996583164,0.01054208294954151,0.01240679097827524,0.02433033403940499,3.7209014408290386e-05,0.012631374993361533,0.013370875036343932,0.0014380000066012144,0.05180779309011996,0.12140800000634044,7.94590450823307e-05,0.17880875000264496,0.02984045899938792,0.20864920900203288,2.6333029381930828e-05,0.00016175000928342342,0.15124845900572836,0.3360451260814443,0.5196947089862078
4250,random_4247,random_cycle_chord,20260823,baseline,0,200,4,14,17,4.290144862999709,True,True,,perf/incremental-yamada-frontier-order,1d8374f42cccbb16d78d44100a65ca603d7d1997,3.14.7,macOS-26.6.2-arm64-arm-64bit-Mach-O,arm,0.04288129194173962,0.14798133296426386,0.0232019160175696,0.0075566250598058105,0.007791999960318208,0.015262875007465482,2.9166927561163902e-05,0.00794312497600913,0.008231290965341032,0.0007781250169500709,0.03224458289332688,0.07082220807205886,8.29590717330575e-05,0.23582604201510549,0.013380917022004724,0.2492069590371102,1.991703175008297e-05,9.575008880347013e-05,0.08420312509406358,0.27506575000006706,0.5151102090021595
4251,random_4248,random_cycle_chord,20260823,baseline,0,200,3,8,10,6.108413082405897,True,True,,perf/incremental-yamada-frontier-order,1d8374f42cccbb16d78d44100a65ca603d7d1997,3.14.7,macOS-26.6.2-arm64-arm-64bit-Mach-O,arm,0.0348708750680089,0.15220766596030444,0.032080624951049685,0.006738750031217933,0.006794958026148379,0.013390540960244834,2.3125088773667812e-05,0.006976499920710921,0.0071479169419035316,0.0005928750615566969,0.028130957973189652,0.0737652910174802,5.787494592368603e-05,0.13352962501812726,0.009503250010311604,0.14303287502843887,1.4791963621973991e-05,7.612502668052912e-05,0.0832685410277918,0.27034708205610514,0.4080080409767106
4252,random_4249,random_cycle_chord,20260823,crossing_rich,4,200,5,8,12,6.5859970895432935,True,True,,perf/incremental-yamada-frontier-order,1d8374f42cccbb16d78d44100a65ca603d7d1997,3.14.7,macOS-26.6.2-arm64-arm-64bit-Mach-O,arm,0.0449025840498507,0.20929137500934303,0.06801404093857855,0.01083070901222527,0.011528332950547338,0.02256058296188712,4.2791012674570084e-05,0.011743042035959661,0.012622584006749094,0.0015302919782698154,0.04849929199554026,0.13890900008846074,0.00017283298075199127,0.17352691607084125,0.029909709002822638,0.2034366250736639,3.0082999728620052e-05,0.0001794580603018403,0.16881870909128338,0.4230126681504771,0.6019283749628812
4253,random_4250,random_cycle_chord,20260823,baseline,0,200,3,11,13,5.223262410751077,True,True,,perf/incremental-yamada-frontier-order,1d8374f42cccbb16d78d44100a65ca603d7d1997,3.14.7,macOS-26.6.2-arm64-arm-64bit-Mach-O,arm,0.040417499956674874,0.15769937506411225,0.02829291601665318,0.007243750034831464,0.007198708946816623,0.014498208067379892,2.3166066966950893e-05,0.007540625054389238,0.007684207987040281,0.0005606249906122684,0.03030683216638863,0.07306287495885044,6.979098543524742e-05,0.17912883299868554,0.009212207980453968,0.1883410409791395,1.5333062037825584e-05,7.845798972994089e-05,0.08227508293930441,0.28039195796009153,0.46393887500744313
4254,random_4251,random_cycle_chord,20260823,baseline,0,200,3,9,11,5.407110972855779,True,True,,perf/incremental-yamada-frontier-order,1d8374f42cccbb16d78d44100a65ca603d7d1997,3.14.7,macOS-26.6.2-arm64-arm-64bit-Mach-O,arm,0.03483141690958291,0.15867562498897314,0.027198709081858397,0.006869332981295884,0.006939750048331916,0.013672666973434389,2.2833002731204033e-05,0.007099541951902211,0.007285833009518683,0.0005483329296112061,0.028629207867197692,0.06965720793232322,6.158300675451756e-05,0.14872904098592699,0.008658042061142623,0.1573870830470696,1.4709075912833214e-05,7.212499622255564e-05,0.07831524999346584,0.2718222918920219,0.4249250829452649
4255,random_4252,random_cycle_chord,20260823,crossing_rich,5,200,5,8,12,4.116296519265628,True,True,,perf/incremental-yamada-frontier-order,1d8374f42cccbb16d78d44100a65ca603d7d1997,3.14.7,macOS-26.6.2-arm64-arm-64bit-Mach-O,arm,0.032793750055134296,0.16737270797602832,0.046676083002239466,0.011815834091976285,0.01358945807442069,0.026680540991947055,4.0624989196658134e-05,0.014069000026211143,0.014553916058503091,0.0014819999923929572,0.056826082058250904,0.12894395797047764,0.00021116598509252071,0.1733391669113189,0.030184708070009947,0.20352387498132885,2.720800694078207e-05,0.00017487502191215754,0.1591286660404876,0.3592951240716502,0.5378452920122072
4256,random_4253,random_cycle_chord,20260823,baseline,0,200,3,10,12,4.684385942945848,True,True,,perf/incremental-yamada-frontier-order,1d8374f42cccbb16d78d44100a65ca603d7d1997,3.14.7,macOS-26.6.2-arm64-arm-64bit-Mach-O,arm,0.03397420793771744,0.15733087493572384,0.022555666975677013,0.006982541061006486,0.006832166924141347,0.013594583026133478,2.2916938178241253e-05,0.007160334032960236,0.007477832958102226,0.0005857090000063181,0.0288413759553805,0.0652320000808686,7.204094436019659e-05,0.16667950002010912,0.009277000091969967,0.17595650011207908,1.6042031347751617e-05,8.14999220892787e-05,0.07450900017283857,0.26581408304627985,0.43685641605407
4257,random_4254,random_cycle_chord,20260823,crossing_rich,6,200,6,13,18,4.37294312951795,True,True,,perf/incremental-yamada-frontier-order,1d8374f42cccbb16d78d44100a65ca603d7d1997,3.14.7,macOS-26.6.2-arm64-arm-64bit-Mach-O,arm,0.04897229094058275,0.1660419999388978,0.049054124974645674,0.015474208048544824,0.015244666952639818,0.02945070806890726,8.320796769112349e-05,0.015103583107702434,0.015833333018235862,0.0017656669951975346,0.062236499157734215,0.14207437494769692,0.00012266705743968487,0.26624925003852695,0.042939750012010336,0.3091890000505373,4.495796747505665e-05,0.00021420896518975496,0.18501412495970726,0.4000284158391878,0.671758208074607
4258,random_4255,random_cycle_chord,20260823,crossing_rich,8,200,7,13,19,4.451087449436368,True,True,,perf/incremental-yamada-frontier-order,1d8374f42cccbb16d78d44100a65ca603d7d1997,3.14.7,macOS-26.6.2-arm64-arm-64bit-Mach-O,arm,0.055528583005070686,0.1619676660047844,0.05786816694308072,0.016526749939657748,0.017549125012010336,0.035567292012274265,0.00015412503853440285,0.0191781249595806,0.019838167005218565,0.0024225839879363775,0.07716029300354421,0.1691747079603374,0.00016508391126990318,0.29867799999192357,0.043064999976195395,0.34174299996811897,4.008400719612837e-05,0.0002484589349478483,0.2122397079365328,0.4297359569463879,0.7346227089874446
4259,random_4256,random_cycle_chord,20260823,crossing_rich,5,200,5,8,12,4.167134456932584,True,True,,perf/incremental-yamada-frontier-order,1d8374f42cccbb16d78d44100a65ca603d7d1997,3.14.7,macOS-26.6.2-arm64-arm-64bit-Mach-O,arm,0.0336243329802528,0.17325287498533726,0.04948283405974507,0.013109292020089924,0.014564292039722204,0.028577208053320646,7.120799273252487e-05,0.01424458296969533,0.01652695902157575,0.0017796659376472235,0.06119962397497147,0.13842816604301333,0.00024349999148398638,0.20386079198215157,0.033862708951346576,0.23772350093349814,5.604198668152094e-05,0.00018808303866535425,0.1722908749943599,0.37916808295994997,0.5884612499503419
4260,random_4257,random_cycle_chord,20260823,crossing_rich,5,200,5,9,13,4.302095074762573,True,True,,perf/incremental-yamada-frontier-order,1d8374f42cccbb16d78d44100a65ca603d7d1997,3.14.7,macOS-26.6.2-arm64-arm-64bit-Mach-O,arm,0.03562249999959022,0.16527174995280802,0.04306433303281665,0.011076124967075884,0.012485250015743077,0.024571542046032846,4.170904867351055e-05,0.012698375037871301,0.013379583018831909,0.001407915959134698,0.052099125110544264,0.11876166705042124,8.595793042331934e-05,0.17716974997892976,0.027577250031754375,0.20474700001068413,2.62079993262887e-05,0.00015929201617836952,0.1463389170821756,0.34723316703457385,0.5294444580795243
4261,random_4258,random_cycle_chord,20260823,crossing_rich,2,200,4,8,11,6.591976250534101,True,True,,perf/incremental-yamada-frontier-order,1d8374f42cccbb16d78d44100a65ca603d7d1997,3.14.7,macOS-26.6.2-arm64-arm-64bit-Mach-O,arm,0.04128395800944418,0.15132275002542883,0.05812379205599427,0.008468125015497208,0.008701417013071477,0.017144749988801777,3.033305983990431e-05,0.008903292007744312,0.009389167069457471,0.0010188749292865396,0.036486417055130005,0.11180708301253617,7.566693238914013e-05,0.14597629196941853,0.018122500041499734,0.16409879201091826,1.9542057998478413e-05,0.00011720904149115086,0.1299295830540359,0.3225362910889089,0.4727856250246987
4262,random_4259,random_cycle_chord,20260823,crossing_rich,7,200,6,12,17,4.018887716146464,True,True,,perf/incremental-yamada-frontier-order,1d8374f42cccbb16d78d44100a65ca603d7d1997,3.14.7,macOS-26.6.2-arm64-arm-64bit-Mach-O,arm,0.04225304105784744,0.14838783303275704,0.044434959068894386,0.014517416944727302,0.014192666974849999,0.02808520896360278,4.433398135006428e-05,0.014534624991938472,0.015464834054000676,0.001736665959469974,0.05986566795036197,0.1330507081001997,9.720807429403067e-05,0.22951233305502683,0.034938332973979414,0.26445066602900624,2.8624897822737694e-05,0.00018920795992016792,0.1679890410741791,0.3586299151647836,0.5927792079746723
4263,random_4260,random_cycle_chord,20260823,baseline,0,200,3,8,10,6.178984792781964,True,True,,perf/incremental-yamada-frontier-order,1d8374f42cccbb16d78d44100a65ca603d7d1997,3.14.7,macOS-26.6.2-arm64-arm-64bit-Mach-O,arm,0.03249770903494209,0.14792187500279397,0.031127375084906816,0.0066510000033304095,0.006675957934930921,0.013082874938845634,2.2124964743852615e-05,0.006788708036765456,0.006996750016696751,0.0005740410415455699,0.027464498998597264,0.07193883298896253,5.729100666940212e-05,0.12873750005383044,0.009203249937854707,0.13794074999168515,1.3999990187585354e-05,7.354107219725847e-05,0.08114208292681724,0.2615616669645533,0.394326708978042
4264,random_4261,random_cycle_chord,20260823,crossing_rich,3,200,4,8,11,4.269561828140491,True,True,,perf/incremental-yamada-frontier-order,1d8374f42cccbb16d78d44100a65ca603d7d1997,3.14.7,macOS-26.6.2-arm64-arm-64bit-Mach-O,arm,0.02792475000023842,0.14795737492386252,0.03618637495674193,0.009043750003911555,0.010024750023148954,0.019846874987706542,2.962502185255289e-05,0.010224332916550338,0.010699667036533356,0.0009983330965042114,0.041798833059147,0.0970805831020698,6.666698027402163e-05,0.2359017499256879,0.018262959085404873,0.2541647090110928,1.958396751433611e-05,0.00011104193981736898,0.11534354218747467,0.2912256671115756,0.5310456670122221
4265,random_4262,random_cycle_chord,20260823,baseline,0,200,3,9,11,5.340961372141722,True,True,,perf/incremental-yamada-frontier-order,1d8374f42cccbb16d78d44100a65ca603d7d1997,3.14.7,macOS-26.6.2-arm64-arm-64bit-Mach-O,arm,0.032072125002741814,0.14807770808693022,0.026211041025817394,0.006766499951481819,0.006646875059232116,0.013048041961155832,2.1792016923427582e-05,0.006774583016522229,0.006994792027398944,0.0005671249236911535,0.027406333945691586,0.0670496670063585,5.8833975344896317e-05,0.14127366698812693,0.009071625070646405,0.15034529205877334,1.391698606312275e-05,7.020891644060612e-05,0.07612129207700491,0.25627112516667694,0.4015663330210373
4266,random_4263,random_cycle_chord,20260823,baseline,0,200,3,9,11,5.363974625845734,True,True,,perf/incremental-yamada-frontier-order,1d8374f42cccbb16d78d44100a65ca603d7d1997,3.14.7,macOS-26.6.2-arm64-arm-64bit-Mach-O,arm,0.03181295900139958,0.1479527079500258,0.026902375044301152,0.006468834006227553,0.006634374964050949,0.012983583030290902,2.174999099224806e-05,0.0067189589608460665,0.00691391690634191,0.0005395830376073718,0.0271777919260785,0.06720225000753999,5.8542005717754364e-05,0.14126795809715986,0.008754708105698228,0.1500226662028581,1.4040968380868435e-05,6.733299233019352e-05,0.07595695811323822,0.2557226250646636,0.401004791026935
4267,random_4264,random_cycle_chord,20260823,crossing_rich,5,200,6,13,18,4.455238252214489,True,True,,perf/incremental-yamada-frontier-order,1d8374f42cccbb16d78d44100a65ca603d7d1997,3.14.7,macOS-26.6.2-arm64-arm-64bit-Mach-O,arm,0.04585183295421302,0.14788354199845344,0.04423758294433355,0.01125241699628532,0.012804582947865129,0.025229374994523823,6.091699469834566e-05,0.013048708089627326,0.013680292060598731,0.0015601669438183308,0.053579459083266556,0.12192345899529755,9.654206223785877e-05,0.2387992920121178,0.030795917031355202,0.269595209043473,2.775003667920828e-05,0.00016645900905132294,0.15271937602665275,0.3464547509793192,0.5897198329912499
4268,random_4265,random_cycle_chord,20260823,crossing_rich,5,200,5,9,13,4.2705296538886355,True,True,,perf/incremental-yamada-frontier-order,1d8374f42cccbb16d78d44100a65ca603d7d1997,3.14.7,macOS-26.6.2-arm64-arm-64bit-Mach-O,arm,0.033158291946165264,0.14780041703488678,0.03878395806532353,0.010647374903783202,0.012299416004680097,0.024238915997557342,3.670796286314726e-05,0.012576334062032402,0.013283333973959088,0.0013464170042425394,0.05148170900065452,0.11324537498876452,7.870804984122515e-05,0.17548862507101148,0.02802075003273785,0.20350937510374933,2.3458036594092846e-05,0.0001449580304324627,0.14126612502150238,0.3222248340025544,0.5020739589817822
4269,random_4266,random_cycle_chord,20260823,crossing_rich,3,200,4,9,12,4.550073002909087,True,True,,perf/incremental-yamada-frontier-order,1d8374f42cccbb16d78d44100a65ca603d7d1997,3.14.7,macOS-26.6.2-arm64-arm-64bit-Mach-O,arm,0.03146704193204641,0.14796541701070964,0.038047124980948865,0.008788542007096112,0.009593291906639934,0.018911584047600627,2.9459013603627682e-05,0.009833167074248195,0.01024620805401355,0.0010017079766839743,0.040022126166149974,0.09647758398205042,6.849993951618671e-05,0.1575085410149768,0.019066500011831522,0.17657504102680832,1.8666964024305344e-05,0.0001176249934360385,0.11554408399388194,0.294976542936638,0.4569490000139922
4270,random_4267,random_cycle_chord,20260823,baseline,0,200,3,8,10,6.147579834268881,True,True,,perf/incremental-yamada-frontier-order,1d8374f42cccbb16d78d44100a65ca603d7d1997,3.14.7,macOS-26.6.2-arm64-arm-64bit-Mach-O,arm,0.032605124986730516,0.14802354096900672,0.03207908396143466,0.006549375015310943,0.00668370898347348,0.013172500068321824,2.133403904736042e-05,0.006817042012698948,0.007039290969260037,0.0005536660319194198,0.02760383312124759,0.07293420901987702,5.76250022277236e-05,0.12898879207205027,0.008730667061172426,0.1377194591332227,1.570803578943014e-05,6.933300755918026e-05,0.08166487608104944,0.2622935420367867,0.39530312502756715
4271,random_4268,random_cycle_chord,20260823,baseline,0,200,4,10,13,4.636372510087348,True,True,,perf/incremental-yamada-frontier-order,1d8374f42cccbb16d78d44100a65ca603d7d1997,3.14.7,macOS-26.6.2-arm64-arm-64bit-Mach-O,arm,0.03368395904544741,0.15395937499124557,0.02526600006967783,0.00887216697447002,0.009176082909107208,0.017406624974682927,3.358302637934685e-05,0.009128207922913134,0.009181041968986392,0.0007586251012980938,0.036508082994259894,0.07985054200980812,8.312496356666088e-05,0.15847920905798674,0.01034362509381026,0.168822834151797,1.9583036191761494e-05,8.808297570794821e-05,0.09019416710361838,0.27783750114031136,0.4408085410250351
4272,random_4269,random_cycle_chord,20260823,baseline,0,200,3,10,12,5.626369022756697,True,True,,perf/incremental-yamada-frontier-order,1d8374f42cccbb16d78d44100a65ca603d7d1997,3.14.7,macOS-26.6.2-arm64-arm-64bit-Mach-O,arm,0.03586362500209361,0.14767308300361037,0.028183875023387372,0.006756708025932312,0.00707354093901813,0.013955792062915862,2.0832987502217293e-05,0.0072300409665331244,0.007370542036369443,0.00047987501602619886,0.029057083069346845,0.07108975003939122,6.333296187222004e-05,0.14227504201699048,0.0076590420212596655,0.14993408403825015,1.3708020560443401e-05,5.974993109703064e-05,0.07874879206065089,0.26228550006635487,0.40855829091742635
4273,random_4270,random_cycle_chord,20260823,crossing_rich,5,200,6,10,15,5.408816110046618,True,True,,perf/incremental-yamada-frontier-order,1d8374f42cccbb16d78d44100a65ca603d7d1997,3.14.7,macOS-26.6.2-arm64-arm-64bit-Mach-O,arm,0.044185791979543865,0.1489285830175504,0.06199183303397149,0.010802207980304956,0.012016625027172267,0.023686707951128483,4.445796366780996e-05,0.012310874997638166,0.013146875076927245,0.0015899160644039512,0.050778832053765655,0.13562974997330457,0.00020754197612404823,0.2941321670077741,0.044971207971684635,0.33910337497945875,2.9125018045306206e-05,0.00016895902808755636,0.1806009579449892,0.3737153329420835,0.6717477909987792
4274,random_4271,random_cycle_chord,20260823,baseline,0,200,3,9,11,5.3683459474064374,True,True,,perf/incremental-yamada-frontier-order,1d8374f42cccbb16d78d44100a65ca603d7d1997,3.14.7,macOS-26.6.2-arm64-arm-64bit-Mach-O,arm,0.03202245896682143,0.1475143329007551,0.022800000035203993,0.006674957927316427,0.006761374999769032,0.01329529203940183,2.1999934688210487e-05,0.006903958041220903,0.007066249963827431,0.0005464579444378614,0.027833957923576236,0.06408895796630532,6.049999501556158e-05,0.14170454093255103,0.008754667011089623,0.15045920794364065,1.3750046491622925e-05,6.716698408126831e-05,0.07284362497739494,0.2523804168449715,0.3980870000086725
4275,random_4272,random_cycle_chord,20260823,baseline,0,200,3,9,11,5.370003923862594,True,True,,perf/incremental-yamada-frontier-order,1d8374f42cccbb16d78d44100a65ca603d7d1997,3.14.7,macOS-26.6.2-arm64-arm-64bit-Mach-O,arm,0.03234604198951274,0.14799120801035315,0.029736042022705078,0.006327708018943667,0.006389999995008111,0.012552457978017628,2.0915991626679897e-05,0.0065055000595748425,0.006683207931928337,0.00049512495752424,0.026257206918671727,0.06873008399270475,5.825003609061241e-05,0.14114708302076906,0.008043458103202283,0.14919054112397134,1.3708951883018017e-05,6.212503649294376e-05,0.07677354209590703,0.2571107920957729,0.40226012491621077
4276,random_4273,random_cycle_chord,20260823,crossing_rich,5,200,5,10,14,4.111752076402016,True,True,,perf/incremental-yamada-frontier-order,1d8374f42cccbb16d78d44100a65ca603d7d1997,3.14.7,macOS-26.6.2-arm64-arm-64bit-Mach-O,arm,0.03502937499433756,0.14845899993088096,0.03608950006309897,0.01042599999345839,0.011984874960035086,0.0235930000199005,3.654090687632561e-05,0.012248000013642013,0.012974916025996208,0.0013894580770283937,0.05024191504344344,0.10877512500155717,8.19170381873846e-05,0.2830762079684064,0.03919391694944352,0.3222701249178499,2.3541972041130066e-05,0.00014766701497137547,0.1479690419510007,0.3314574168762192,0.6182780840899795
4277,random_4274,random_cycle_chord,20260823,crossing_rich,3,200,5,11,15,5.077206416730756,True,True,,perf/incremental-yamada-frontier-order,1d8374f42cccbb16d78d44100a65ca603d7d1997,3.14.7,macOS-26.6.2-arm64-arm-64bit-Mach-O,arm,0.042176500079222023,0.15102787502110004,0.042662041960284114,0.009519250015728176,0.010325957904569805,0.02040599996689707,3.645801916718483e-05,0.010575250023975968,0.011215083068236709,0.001262499950826168,0.0434952910291031,0.10603666596580297,8.558295667171478e-05,0.19698454206809402,0.022667541983537376,0.2196520840516314,2.295803278684616e-05,0.00013895798474550247,0.12870420794934034,0.3219085830496624,0.5232611671090126
4278,random_4275,random_cycle_chord,20260823,crossing_rich,4,200,5,11,15,4.615064745724735,True,True,,perf/incremental-yamada-frontier-order,1d8374f42cccbb16d78d44100a65ca603d7d1997,3.14.7,macOS-26.6.2-arm64-arm-64bit-Mach-O,arm,0.03862050001043826,0.14814475004095584,0.04352916602510959,0.010040833032689989,0.01135108305606991,0.022484916960820556,4.2375060729682446e-05,0.011723499977961183,0.012233917019329965,0.0012643749359995127,0.0477490839548409,0.11270325002260506,9.67920059338212e-05,0.20012683304958045,0.02445116697344929,0.22457800002302974,2.3166066966950893e-05,0.00013558403588831425,0.13715441699605435,0.32391966704744846,0.5283914579777047
4279,random_4276,random_cycle_chord,20260823,crossing_rich,2,200,4,8,11,6.589909702243925,True,True,,perf/incremental-yamada-frontier-order,1d8374f42cccbb16d78d44100a65ca603d7d1997,3.14.7,macOS-26.6.2-arm64-arm-64bit-Mach-O,arm,0.039114790968596935,0.14871537499129772,0.05596958298701793,0.008201415999792516,0.008588167023845017,0.016891167033463717,2.9082992114126682e-05,0.008777917013503611,0.009240332990884781,0.0009639159543439746,0.03590241598431021,0.10868850001133978,7.15409405529499e-05,0.14391037495806813,0.01670862501487136,0.1606189999729395,1.8791062757372856e-05,0.00010804098565131426,0.12539712502621114,0.3132272909861058,0.4613004169659689
4280,random_4277,random_cycle_chord,20260823,baseline,0,200,3,8,10,6.163293210165547,True,True,,perf/incremental-yamada-frontier-order,1d8374f42cccbb16d78d44100a65ca603d7d1997,3.14.7,macOS-26.6.2-arm64-arm-64bit-Mach-O,arm,0.03335312497802079,0.15852820803411305,0.034421083983033895,0.0067487090127542615,0.006656624958850443,0.013124292017892003,2.1458021365106106e-05,0.006842207978479564,0.006972167058847845,0.0005515419179573655,0.027511666994541883,0.07535783294588327,6.150000263005495e-05,0.12932887498755008,0.008774415939114988,0.13810329092666507,1.7417012713849545e-05,7.366598583757877e-05,0.08413224888499826,0.2760135818971321,0.40943395800422877
4281,random_4278,random_cycle_chord,20260823,crossing_rich,4,200,5,10,14,5.495418912033823,True,True,,perf/incremental-yamada-frontier-order,1d8374f42cccbb16d78d44100a65ca603d7d1997,3.14.7,macOS-26.6.2-arm64-arm-64bit-Mach-O,arm,0.042222209041938186,0.14885241608135402,0.052749832975678146,0.00977775000501424,0.010769292013719678,0.021251457976177335,3.62499849870801e-05,0.011007207911461592,0.01170137501321733,0.0013394589768722653,0.0453357498627156,0.11866516689769924,8.345895912498236e-05,0.18625416699796915,0.025878792046569288,0.21213295904453844,2.333289012312889e-05,0.0001472911098971963,0.14454395894426852,0.33561858406756073,0.52623779210262
4282,random_4279,random_cycle_chord,20260823,crossing_rich,5,200,5,8,12,4.193577138203269,True,True,,perf/incremental-yamada-frontier-order,1d8374f42cccbb16d78d44100a65ca603d7d1997,3.14.7,macOS-26.6.2-arm64-arm-64bit-Mach-O,arm,0.030525916954502463,0.14853341702837497,0.03638166596647352,0.010793749941512942,0.012512958026491106,0.024700250010937452,3.783300053328276e-05,0.012771041016094387,0.013467667042277753,0.001361207920126617,0.05233799898996949,0.11205983406398445,0.00016175000928342342,0.2656402919674292,0.03822866699192673,0.30386895895935595,2.391706220805645e-05,0.00014812499284744263,0.15028850105591118,0.3293478350387886,0.5988430409925058
4283,random_4280,random_cycle_chord,20260823,crossing_rich,5,200,6,11,16,4.630224073549229,True,True,,perf/incremental-yamada-frontier-order,1d8374f42cccbb16d78d44100a65ca603d7d1997,3.14.7,macOS-26.6.2-arm64-arm-64bit-Mach-O,arm,0.042288416996598244,0.1485227500088513,0.04935616604052484,0.011196375009603798,0.012588458019308746,0.024799334001727402,5.52500132471323e-05,0.012818707968108356,0.013614291907288134,0.0016217500669881701,0.052909333957359195,0.1260947500122711,9.204098023474216e-05,0.21422604098916054,0.031023334013298154,0.2452493750024587,2.7957954443991184e-05,0.00016554188914597034,0.15711808402556926,0.3479292510310188,0.5666410829871893
4284,random_4281,random_cycle_chord,20260823,crossing_rich,2,200,4,8,11,6.591858499645226,True,True,,perf/incremental-yamada-frontier-order,1d8374f42cccbb16d78d44100a65ca603d7d1997,3.14.7,macOS-26.6.2-arm64-arm-64bit-Mach-O,arm,0.03893649997189641,0.14824387500993907,0.05273470806423575,0.008237416041083634,0.008603708003647625,0.016923292074352503,2.845795825123787e-05,0.008807166945189238,0.009329250082373619,0.0010509579442441463,0.036139125004410744,0.10574129200540483,6.929202936589718e-05,0.14342066692188382,0.018878708011470735,0.16229937493335456,1.908303238451481e-05,0.0001170419855043292,0.12462000001687557,0.31180037499871105,0.45938508305698633
4285,random_4282,random_cycle_chord,20260823,crossing_rich,2,200,4,8,11,6.603690354349854,True,True,,perf/incremental-yamada-frontier-order,1d8374f42cccbb16d78d44100a65ca603d7d1997,3.14.7,macOS-26.6.2-arm64-arm-64bit-Mach-O,arm,0.03955916594713926,0.14885524997953326,0.055817625019699335,0.008182291989214718,0.008657541940920055,0.016936957952566445,2.8499984182417393e-05,0.008808040991425514,0.009223999921232462,0.0009572909912094474,0.035954789840616286,0.10863887507002801,6.616697646677494e-05,0.14468291692901403,0.017410833039321005,0.16209374996833503,1.89170241355896e-05,0.00010845798533409834,0.126049708109349,0.31446412403602153,0.4632782500702888
4286,random_4283,random_cycle_chord,20260823,crossing_rich,5,200,5,8,12,4.098231064101632,True,True,,perf/incremental-yamada-frontier-order,1d8374f42cccbb16d78d44100a65ca603d7d1997,3.14.7,macOS-26.6.2-arm64-arm-64bit-Mach-O,arm,0.03007483296096325,0.14834779198281467,0.04048074991442263,0.010650625103153288,0.01246125006582588,0.024705291958525777,3.741704858839512e-05,0.012747333967126906,0.013404333963990211,0.0013044590596109629,0.05219883599784225,0.11582425003871322,0.0001562499674037099,0.1618723749415949,0.027078415965661407,0.1889507909072563,2.333405427634716e-05,0.00013887498062103987,0.14290266600437462,0.32132529094815254,0.48763616697397083
4287,random_4284,random_cycle_chord,20260823,crossing_rich,5,200,5,9,13,4.274571673813763,True,True,,perf/incremental-yamada-frontier-order,1d8374f42cccbb16d78d44100a65ca603d7d1997,3.14.7,macOS-26.6.2-arm64-arm-64bit-Mach-O,arm,0.03317608393263072,0.14829254103824496,0.03961866698227823,0.01063425000756979,0.012031250051222742,0.023709958069957793,3.695895429700613e-05,0.012301084003411233,0.013021333958022296,0.0013424999779090285,0.05041183496359736,0.1127299580257386,7.816706784069538e-05,0.17449904198292643,0.027736124931834638,0.20223516691476107,2.38749198615551e-05,0.00014433299656957388,0.14046608295757324,0.3219347079284489,0.5010204580612481
4288,random_4285,random_cycle_chord,20260823,crossing_rich,6,200,6,13,18,4.318555101226671,True,True,,perf/incremental-yamada-frontier-order,1d8374f42cccbb16d78d44100a65ca603d7d1997,3.14.7,macOS-26.6.2-arm64-arm-64bit-Mach-O,arm,0.04599437501747161,0.14826641709078103,0.04202704201452434,0.011845082975924015,0.013600667007267475,0.02687508298549801,5.791697185486555e-05,0.013887000037357211,0.014734708005562425,0.001740958890877664,0.057295666891150177,0.12481766589917243,0.00010658393148332834,0.24191087507642806,0.03622645803261548,0.27813733310904354,2.9082992114126682e-05,0.00018258299678564072,0.1610441239317879,0.35530491604004055,0.6018534159520641
4289,random_4286,random_cycle_chord,20260823,baseline,0,200,4,14,17,4.293210109295406,True,True,,perf/incremental-yamada-frontier-order,1d8374f42cccbb16d78d44100a65ca603d7d1997,3.14.7,macOS-26.6.2-arm64-arm-64bit-Mach-O,arm,0.042023791000247,0.14742545899935067,0.020955582964234054,0.007682041963562369,0.008182374993339181,0.016123916022479534,2.8125010430812836e-05,0.008366583031602204,0.008596207946538925,0.0006864160532131791,0.033801248064264655,0.07064791698940098,8.199992589652538e-05,0.2189350000116974,0.010182208963669837,0.22911720897536725,1.8333899788558483e-05,7.379194721579552e-05,0.08083012595307082,0.2702793759526685,0.49335199990309775
4290,random_4287,random_cycle_chord,20260823,crossing_rich,5,200,5,8,12,4.308883736778699,True,True,,perf/incremental-yamada-frontier-order,1d8374f42cccbb16d78d44100a65ca603d7d1997,3.14.7,macOS-26.6.2-arm64-arm-64bit-Mach-O,arm,0.030700790928676724,0.14831970899831504,0.04508195794187486,0.010729708010330796,0.01247858302667737,0.02468554093502462,3.641704097390175e-05,0.01278079196345061,0.013489000033587217,0.0013762499438598752,0.052367999916896224,0.12069154100026935,0.00015799992252141237,0.2641373749356717,0.026615333976224065,0.29075270891189575,2.4540931917726994e-05,0.00014791707508265972,0.14730687497649342,0.3263273749034852,0.594718666980043
4291,random_4288,random_cycle_chord,20260823,crossing_rich,5,200,5,8,12,4.26363101598438,True,True,,perf/incremental-yamada-frontier-order,1d8374f42cccbb16d78d44100a65ca603d7d1997,3.14.7,macOS-26.6.2-arm64-arm-64bit-Mach-O,arm,0.03100266691762954,0.1483302500564605,0.04161658394150436,0.01065570896025747,0.012479249970056117,0.024568374967202544,3.687501884996891e-05,0.012694583041593432,0.01335745898541063,0.0013231250923126936,0.05198041710536927,0.11676512495614588,0.0002602500608190894,0.2585506250616163,0.025387458968907595,0.2839380840305239,2.4250010028481483e-05,0.00014120806008577347,0.14215258392505348,0.3214855008991435,0.5844669169746339
4292,random_4289,random_cycle_chord,20260823,crossing_rich,5,200,5,10,14,4.357811287956808,True,True,,perf/incremental-yamada-frontier-order,1d8374f42cccbb16d78d44100a65ca603d7d1997,3.14.7,macOS-26.6.2-arm64-arm-64bit-Mach-O,arm,0.03579604206606746,0.148083999985829,0.04246491601224989,0.010461583035066724,0.012028541998006403,0.023710459005087614,3.683404065668583e-05,0.012328042066656053,0.012940041022375226,0.0013622079277411103,0.05037758406251669,0.11536587495356798,8.316605817526579e-05,0.3354450829792768,0.0250538750551641,0.3604989580344409,2.49580480158329e-05,0.00015083292964845896,0.14041975000873208,0.32429979206062853,0.6638255839934573
4293,random_4290,random_cycle_chord,20260823,crossing_rich,5,200,6,12,17,4.420470774182486,True,True,,perf/incremental-yamada-frontier-order,1d8374f42cccbb16d78d44100a65ca603d7d1997,3.14.7,macOS-26.6.2-arm64-arm-64bit-Mach-O,arm,0.043512666947208345,0.1499944160459563,0.044411416980437934,0.011438625049777329,0.013171916943974793,0.025956374942325056,5.5333017371594906e-05,0.013388041988946497,0.014045332907699049,0.0015184590592980385,0.054963541915640235,0.12403025000821799,0.00010083301458507776,0.31845575000625104,0.03834170801565051,0.35679745802190155,2.7458067052066326e-05,0.0001593329943716526,0.1623719580238685,0.35587904101703316,0.678120750002563
4294,random_4291,random_cycle_chord,20260823,crossing_rich,5,200,5,8,12,4.207849723784334,True,True,,perf/incremental-yamada-frontier-order,1d8374f42cccbb16d78d44100a65ca603d7d1997,3.14.7,macOS-26.6.2-arm64-arm-64bit-Mach-O,arm,0.030612000031396747,0.14816062489990145,0.03585333307273686,0.010617624968290329,0.012376292026601732,0.024477708037011325,3.604206722229719e-05,0.012641082983464003,0.013372750021517277,0.0013500000350177288,0.05187758314423263,0.11075804103165865,0.0002586659975349903,0.2652082920540124,0.026405916083604097,0.2916142081376165,2.4250010028481483e-05,0.00014470797032117844,0.13716395711526275,0.31593658204656094,0.5854889159090817
4295,random_4292,random_cycle_chord,20260823,baseline,0,200,4,10,13,4.614327119492639,True,True,,perf/incremental-yamada-frontier-order,1d8374f42cccbb16d78d44100a65ca603d7d1997,3.14.7,macOS-26.6.2-arm64-arm-64bit-Mach-O,arm,0.03414695896208286,0.1476496250834316,0.023767625098116696,0.007414749939925969,0.0076517920242622495,0.015013917000032961,2.8624897822737694e-05,0.007767625036649406,0.008048459072597325,0.0007464169757440686,0.0316050429828465,0.0704664170043543,7.225002627819777e-05,0.16971020807977766,0.01145687501411885,0.1811670830938965,2.020795363932848e-05,8.758308831602335e-05,0.08192329201847315,0.2637198760639876,0.43760066700633615
4296,random_4293,random_cycle_chord,20260823,crossing_rich,4,200,5,9,13,6.078030650041679,True,True,,perf/incremental-yamada-frontier-order,1d8374f42cccbb16d78d44100a65ca603d7d1997,3.14.7,macOS-26.6.2-arm64-arm-64bit-Mach-O,arm,0.04337237507570535,0.149177375016734,0.05526712501887232,0.009835542063228786,0.011305083055049181,0.0222618340048939,4.212500061839819e-05,0.011647999985143542,0.012418041937053204,0.0013870829716324806,0.047757083899341524,0.12419804197270423,8.854095358401537e-05,0.17333370901178569,0.024208999937400222,0.1975427089491859,2.3209024220705032e-05,0.00013808300718665123,0.14840704191010445,0.3409567920025438,0.5186410829192027
4297,random_4294,random_cycle_chord,20260823,baseline,0,200,3,8,10,6.183568555046974,True,True,,perf/incremental-yamada-frontier-order,1d8374f42cccbb16d78d44100a65ca603d7d1997,3.14.7,macOS-26.6.2-arm64-arm-64bit-Mach-O,arm,0.03256249998230487,0.14788270799908787,0.03421616705600172,0.006591542041860521,0.006644166889600456,0.013065833947621286,2.1708081476390362e-05,0.006783042103052139,0.006960041937418282,0.000538625055924058,0.027369251125492156,0.07484012504573911,5.900010000914335e-05,0.1282143749995157,0.008618999971076846,0.13683337497059256,1.383305061608553e-05,6.729201413691044e-05,0.08345912501681596,0.2639043329982087,0.3961296660127118
4298,random_4295,random_cycle_chord,20260823,crossing_rich,5,200,5,8,12,4.187329210461664,True,True,,perf/incremental-yamada-frontier-order,1d8374f42cccbb16d78d44100a65ca603d7d1997,3.14.7,macOS-26.6.2-arm64-arm-64bit-Mach-O,arm,0.030561999999918044,0.14825695904437453,0.04101954202633351,0.010641040978953242,0.012461708043701947,0.02471224998589605,3.604206722229719e-05,0.012794666923582554,0.013480000081472099,0.0013377090217545629,0.052360668079927564,0.11651716707274318,0.0001824169885367155,0.16070008289534599,0.02738749992568046,0.18808758282102644,2.3499946109950542e-05,0.00014279200695455074,0.14390466699842364,0.3227236260427162,0.48804037494119257
4299,random_4296,random_cycle_chord,20260823,crossing_rich,5,200,6,11,16,4.661965950797903,True,True,,perf/incremental-yamada-frontier-order,1d8374f42cccbb16d78d44100a65ca603d7d1997,3.14.7,macOS-26.6.2-arm64-arm-64bit-Mach-O,arm,0.04208841605577618,0.1480408749775961,0.04606049996800721,0.01136620796751231,0.01273708394728601,0.025087209069170058,4.354200791567564e-05,0.013020374928601086,0.013928166939876974,0.0016007910016924143,0.05368008394725621,0.12388366693630815,9.200000204145908e-05,0.21300333295948803,0.030396209098398685,0.24339954205788672,2.8083915822207928e-05,0.00016979093197733164,0.15427987603470683,0.3444091670680791,0.5618907919852063
4300,random_4297,random_cycle_chord,20260823,baseline,0,200,3,9,11,5.3568588423737085,True,True,,perf/incremental-yamada-frontier-order,1d8374f42cccbb16d78d44100a65ca603d7d1997,3.14.7,macOS-26.6.2-arm64-arm-64bit-Mach-O,arm,0.03519854100886732,0.1626912080682814,0.026805000030435622,0.006675333948805928,0.006509415921755135,0.012791375047527254,2.2249994799494743e-05,0.00666216597892344,0.006750750006176531,0.0005128330085426569,0.026739374035969377,0.06674887507688254,6.237498018890619e-05,0.1427521660225466,0.008429332985542715,0.1511814990080893,1.695798709988594e-05,6.89580338075757e-05,0.07517820806242526,0.273067957139574,0.41997112496756017
4301,random_4298,random_cycle_chord,20260823,crossing_rich,5,200,5,8,12,4.2874208557478575,True,True,,perf/incremental-yamada-frontier-order,1d8374f42cccbb16d78d44100a65ca603d7d1997,3.14.7,macOS-26.6.2-arm64-arm-64bit-Mach-O,arm,0.03184179193340242,0.14908650005236268,0.040511750034056604,0.010866625001654029,0.01252420898526907,0.024804749991744757,3.658398054540157e-05,0.012846834026277065,0.013527833041734993,0.0013898329343646765,0.052605833974666893,0.11654016596730798,0.0001723750028759241,0.16283983294852078,0.028904250008054078,0.19174408295657486,2.3875036276876926e-05,0.00015329103916883469,0.14544441597536206,0.32637270796112716,0.4939412920502946
4302,random_4299,random_cycle_chord,20260823,baseline,0,200,3,10,12,5.618565236651833,True,True,,perf/incremental-yamada-frontier-order,1d8374f42cccbb16d78d44100a65ca603d7d1997,3.14.7,macOS-26.6.2-arm64-arm-64bit-Mach-O,arm,0.035997083061374724,0.14794883294962347,0.027788209030404687,0.006889792042784393,0.007235249970108271,0.014169665984809399,2.1832995116710663e-05,0.007297375006601214,0.007440958055667579,0.0004782500909641385,0.02940808213315904,0.07134166697505862,6.274995394051075e-05,0.14389133302029222,0.007490666001103818,0.15138199902139604,1.3749930076301098e-05,5.958392284810543e-05,0.07883233297616243,0.2627782489871606,0.4106955419993028
4303,random_4300,random_cycle_chord,20260823,baseline,0,200,3,9,11,5.369203926176139,True,True,,perf/incremental-yamada-frontier-order,1d8374f42cccbb16d78d44100a65ca603d7d1997,3.14.7,macOS-26.6.2-arm64-arm-64bit-Mach-O,arm,0.03199920803308487,0.147321084048599,0.02868616592604667,0.0067147910594940186,0.0071067080134525895,0.014062292058952153,2.1249987185001373e-05,0.007207290967926383,0.0073778750374913216,0.0005262920167297125,0.02919500006828457,0.07172162504866719,5.949998740106821e-05,0.14278975001070648,0.008720875019207597,0.15151062502991408,1.3582990504801273e-05,6.600003689527512e-05,0.08044250006787479,0.25976279214955866,0.40654829202685505
4304,random_4301,random_cycle_chord,20260823,baseline,0,200,3,10,12,5.620034567721767,True,True,,perf/incremental-yamada-frontier-order,1d8374f42cccbb16d78d44100a65ca603d7d1997,3.14.7,macOS-26.6.2-arm64-arm-64bit-Mach-O,arm,0.036468957900069654,0.14843341591767967,0.028157291933894157,0.00641770800575614,0.006609082920476794,0.013080167002044618,2.174999099224806e-05,0.006760791991837323,0.006960083032026887,0.000544707989320159,0.027367500006221235,0.06857058394234627,6.104109343141317e-05,0.15443920902907848,0.008777457987889647,0.16321666701696813,1.3582990504801273e-05,6.787502206861973e-05,0.07734804193023592,0.26225041574798524,0.4206918750423938
4305,random_4302,random_cycle_chord,20260823,baseline,0,200,3,9,11,5.391627887290648,True,True,,perf/incremental-yamada-frontier-order,1d8374f42cccbb16d78d44100a65ca603d7d1997,3.14.7,macOS-26.6.2-arm64-arm-64bit-Mach-O,arm,0.03258154192008078,0.14832345803733915,0.02738183399196714,0.006576500018127263,0.00665658398065716,0.013132790918461978,2.166710328310728e-05,0.006838915986008942,0.007019708049483597,0.000516583095304668,0.027529665152542293,0.06816370796877891,5.77080063521862e-05,0.14168141700793058,0.008161042002029717,0.1498424590099603,1.6291975043714046e-05,6.908306386321783e-05,0.07632474997080863,0.25722974992822856,0.40293191699311137
4306,random_4303,random_cycle_chord,20260823,crossing_rich,2,200,4,9,12,5.839173512382342,True,True,,perf/incremental-yamada-frontier-order,1d8374f42cccbb16d78d44100a65ca603d7d1997,3.14.7,macOS-26.6.2-arm64-arm-64bit-Mach-O,arm,0.03733187506441027,0.14799079205840826,0.05086491699330509,0.008530582999810576,0.008951000054366887,0.017657207907177508,2.8999987989664078e-05,0.009165124967694283,0.009551791939884424,0.000919290934689343,0.03732241573743522,0.10569483402650803,6.966607179492712e-05,0.15856679191347212,0.015921749989502132,0.17448854190297425,1.8707942217588425e-05,0.00010220799595117569,0.12161658401601017,0.3069392511388287,0.46964229200966656
4307,random_4304,random_cycle_chord,20260823,crossing_rich,5,200,5,8,12,4.232320315473377,True,True,,perf/incremental-yamada-frontier-order,1d8374f42cccbb16d78d44100a65ca603d7d1997,3.14.7,macOS-26.6.2-arm64-arm-64bit-Mach-O,arm,0.0310901670018211,0.15077995893079787,0.03919816599227488,0.01074962504208088,0.01244904100894928,0.024687541997991502,3.687501884996891e-05,0.012700875056907535,0.0134680001065135,0.0013618340017274022,0.05225512618198991,0.1146855839760974,0.0002607920905575156,0.2649443330010399,0.02623149997089058,0.2911758329719305,2.3667002096772194e-05,0.00014191691298037767,0.140917083946988,0.32278720987960696,0.5919470000080764
4308,random_4305,random_cycle_chord,20260823,baseline,0,200,3,10,12,4.6556346425767385,True,True,,perf/incremental-yamada-frontier-order,1d8374f42cccbb16d78d44100a65ca603d7d1997,3.14.7,macOS-26.6.2-arm64-arm-64bit-Mach-O,arm,0.031173082999885082,0.14800308307167143,0.024196667014621198,0.006585291936062276,0.006599333020858467,0.01306062494404614,2.1707965061068535e-05,0.006748541025444865,0.006891082972288132,0.0005212079267948866,0.027243164833635092,0.06464350002352148,6.308290176093578e-05,0.14506283402442932,0.008532625040970743,0.15359545906540006,1.333397813141346e-05,6.079196464270353e-05,0.07317612506449223,0.25235229113604873,0.4014209160814062
4309,random_4306,random_cycle_chord,20260823,crossing_rich,3,200,4,9,12,4.497777534878275,True,True,,perf/incremental-yamada-frontier-order,1d8374f42cccbb16d78d44100a65ca603d7d1997,3.14.7,macOS-26.6.2-arm64-arm-64bit-Mach-O,arm,0.031248625018633902,0.14798308303579688,0.03686983301304281,0.008944917004555464,0.00975145900156349,0.01920120802242309,2.8582988306879997e-05,0.00996054196730256,0.010475415969267488,0.0010220420081168413,0.04068779095541686,0.09628016594797373,6.970798131078482e-05,0.15874374995473772,0.01959762501064688,0.1783413749653846,1.8749968148767948e-05,0.00011674989946186543,0.11587779095862061,0.2951094990130514,0.45798637496773154
4310,random_4307,random_cycle_chord,20260823,crossing_rich,5,200,5,8,12,4.148487108622938,True,True,,perf/incremental-yamada-frontier-order,1d8374f42cccbb16d78d44100a65ca603d7d1997,3.14.7,macOS-26.6.2-arm64-arm-64bit-Mach-O,arm,0.030418417067267,0.1482272919965908,0.04006229201331735,0.010644958005286753,0.01251933304592967,0.024769583018496633,3.991695120930672e-05,0.012761541991494596,0.01343033299781382,0.0013510000426322222,0.05235237500164658,0.1156128749717027,0.00017583300359547138,0.16353133297525346,0.029157542041502893,0.19268887501675636,2.3250002413988113e-05,0.00014520797412842512,0.1447704170132056,0.3234161260770634,0.49165716697461903
4311,random_4308,random_cycle_chord,20260823,baseline,0,200,3,8,10,6.150155270650318,True,True,,perf/incremental-yamada-frontier-order,1d8374f42cccbb16d78d44100a65ca603d7d1997,3.14.7,macOS-26.6.2-arm64-arm-64bit-Mach-O,arm,0.033094874932430685,0.14808762504253536,0.031938667059876025,0.006566207972355187,0.006638666964136064,0.013072500005364418,2.091703936457634e-05,0.006789332954213023,0.00701025000307709,0.0005744999507442117,0.02746749995276332,0.0726299590896815,5.745794624090195e-05,0.12836145795881748,0.009095040964893997,0.13745649892371148,1.4083925634622574e-05,7.016700692474842e-05,0.0817250000545755,0.26290750002954155,0.3952662500087172
4312,random_4309,random_cycle_chord,20260823,crossing_rich,3,200,4,8,11,4.2463713114509725,True,True,,perf/incremental-yamada-frontier-order,1d8374f42cccbb16d78d44100a65ca603d7d1997,3.14.7,macOS-26.6.2-arm64-arm-64bit-Mach-O,arm,0.02814066701103002,0.14803845901042223,0.0370912499492988,0.00906895799562335,0.009997542016208172,0.01966104202438146,2.9499991796910763e-05,0.010171124944463372,0.01068787497933954,0.001010957988910377,0.04156049992889166,0.09774554206524044,6.595801096409559e-05,0.14612158411182463,0.017850875039584935,0.16397245915140957,1.879094634205103e-05,0.00011291599366813898,0.11559641710482538,0.2917755431262776,0.4420426660217345
4313,random_4310,random_cycle_chord,20260823,baseline,0,200,4,11,14,4.04485337148962,True,True,,perf/incremental-yamada-frontier-order,1d8374f42cccbb16d78d44100a65ca603d7d1997,3.14.7,macOS-26.6.2-arm64-arm-64bit-Mach-O,arm,0.03428691695444286,0.149173624929972,0.02317158307414502,0.007803915999829769,0.00827529199887067,0.016183042083866894,2.895807847380638e-05,0.008400291088037193,0.008697708020918071,0.0007633750792592764,0.03407337435055524,0.07334979204460979,7.61660048738122e-05,0.1807690419955179,0.011666249949485064,0.19243529194500297,1.7874990589916706e-05,8.558400440961123e-05,0.08501604199409485,0.2684765838785097,0.45340474997647107
4314,random_4311,random_cycle_chord,20260823,baseline,0,200,4,14,17,4.297680698997415,True,True,,perf/incremental-yamada-frontier-order,1d8374f42cccbb16d78d44100a65ca603d7d1997,3.14.7,macOS-26.6.2-arm64-arm-64bit-Mach-O,arm,0.04314054106362164,0.14765408297535032,0.020870375097729266,0.007698250003159046,0.008116208016872406,0.016026334022171795,3.0249939300119877e-05,0.008271583006717265,0.008554250001907349,0.0007381249452009797,0.03362054191529751,0.07033299992326647,8.387502748519182e-05,0.2213951670564711,0.011238624923862517,0.23263379198033363,1.8083956092596054e-05,8.591695223003626e-05,0.08157162484712899,0.27236624888610095,0.49796054197940975
4315,random_4312,random_cycle_chord,20260823,crossing_rich,5,200,5,9,13,4.197046801407903,True,True,,perf/incremental-yamada-frontier-order,1d8374f42cccbb16d78d44100a65ca603d7d1997,3.14.7,macOS-26.6.2-arm64-arm-64bit-Mach-O,arm,0.033042000024579465,0.14840037492103875,0.044292083010077477,0.010404125088825822,0.011958833900280297,0.02363766694907099,3.7541030906140804e-05,0.012186666950583458,0.012900542002171278,0.0013780840672552586,0.050140500999987125,0.11682900006417185,8.170795626938343e-05,0.1742199589498341,0.0266416659578681,0.2008616249077022,2.429191954433918e-05,0.00014791602734476328,0.14347066602203995,0.32491304096765816,0.503509333007969
4316,random_4313,random_cycle_chord,20260823,crossing_rich,4,200,5,9,13,6.074580693310075,True,True,,perf/incremental-yamada-frontier-order,1d8374f42cccbb16d78d44100a65ca603d7d1997,3.14.7,macOS-26.6.2-arm64-arm-64bit-Mach-O,arm,0.04252799996174872,0.14809237502049655,0.05721491703297943,0.010285874945111573,0.011171416961587965,0.022028541075997055,3.654195461422205e-05,0.011440417030826211,0.012133584008552134,0.0013463329523801804,0.0469854170223698,0.1256916670827195,8.974992670118809e-05,0.1758014999795705,0.025621584034524858,0.20142308401409537,2.3999949917197227e-05,0.00014508306048810482,0.15131325111724436,0.34193362609948963,0.5221504999790341
4317,random_4314,random_cycle_chord,20260823,crossing_rich,4,200,5,8,12,6.603657798537388,True,True,,perf/incremental-yamada-frontier-order,1d8374f42cccbb16d78d44100a65ca603d7d1997,3.14.7,macOS-26.6.2-arm64-arm-64bit-Mach-O,arm,0.04325600003357977,0.14868741703685373,0.0641498330514878,0.009681500028818846,0.010734040988609195,0.021008583018556237,3.616698086261749e-05,0.010899542015977204,0.011547916918061674,0.0013047499815002084,0.04479695891495794,0.12939533300232142,0.00016904098447412252,0.16146341699641198,0.025593250058591366,0.18705666705500335,2.3416010662913322e-05,0.00014233298134058714,0.1549885830609128,0.3469320001313463,0.5128339580260217
4318,random_4315,random_cycle_chord,20260823,crossing_rich,4,200,5,11,15,4.7559494337632,True,True,,perf/incremental-yamada-frontier-order,1d8374f42cccbb16d78d44100a65ca603d7d1997,3.14.7,macOS-26.6.2-arm64-arm-64bit-Mach-O,arm,0.03994804201647639,0.14832029200624675,0.04789966600947082,0.010078625055029988,0.01141441601794213,0.022398084052838385,3.699993249028921e-05,0.011627583066001534,0.012210958055220544,0.0012646669056266546,0.04753829201217741,0.11696391692385077,8.42920271679759e-05,0.19902020902372897,0.02396662498358637,0.22298683400731534,2.3333937861025333e-05,0.00013941701035946608,0.14093054190743715,0.3291988759301603,0.5328777090180665
4319,random_4316,random_cycle_chord,20260823,crossing_rich,2,200,4,10,13,5.438354260923622,True,True,,perf/incremental-yamada-frontier-order,1d8374f42cccbb16d78d44100a65ca603d7d1997,3.14.7,macOS-26.6.2-arm64-arm-64bit-Mach-O,arm,0.03829187492374331,0.14821366604883224,0.04495483392383903,0.008305834024213254,0.008848750032484531,0.01745974994264543,2.975005190819502e-05,0.008994499919936061,0.009468000032939017,0.0009849169291555882,0.03693691687658429,0.09907250001560897,7.224990986287594e-05,0.172406583908014,0.017295834026299417,0.18970241793431342,1.9166036508977413e-05,0.00011354195885360241,0.11636833404190838,0.30287387501448393,0.4795509169343859
4320,random_4317,random_cycle_chord,20260823,crossing_rich,3,200,4,8,11,4.245150843814578,True,True,,perf/incremental-yamada-frontier-order,1d8374f42cccbb16d78d44100a65ca603d7d1997,3.14.7,macOS-26.6.2-arm64-arm-64bit-Mach-O,arm,0.028703334042802453,0.15601966704707593,0.0369462079834193,0.009377790964208543,0.010103040956892073,0.019738957984372973,2.9667047783732414e-05,0.010297833941876888,0.01073699991684407,0.0010242919670417905,0.041827750857919455,0.09828141692560166,7.479102350771427e-05,0.14905408397316933,0.026389417005702853,0.17544350097887218,2.1041021682322025e-05,0.00012137496378272772,0.12467083393130451,0.3093938350211829,0.46264308295212686
4321,random_4318,random_cycle_chord,20260823,crossing_rich,5,200,5,9,13,4.307473295877972,True,True,,perf/incremental-yamada-frontier-order,1d8374f42cccbb16d78d44100a65ca603d7d1997,3.14.7,macOS-26.6.2-arm64-arm-64bit-Mach-O,arm,0.03408087498974055,0.14870112505741417,0.0452086249133572,0.01044020801782608,0.01197483402211219,0.023595500038936734,3.766606096178293e-05,0.012218916905112565,0.01290608395356685,0.00136991695035249,0.05012808390893042,0.1177848749794066,7.725006435066462e-05,0.17564349994063377,0.027888750075362623,0.2035322500159964,2.4124979972839355e-05,0.00015433295629918575,0.14567362505476922,0.32845562510192394,0.5084360420005396
4322,random_4319,random_cycle_chord,20260823,crossing_rich,5,200,5,10,14,4.840559317550321,True,True,,perf/incremental-yamada-frontier-order,1d8374f42cccbb16d78d44100a65ca603d7d1997,3.14.7,macOS-26.6.2-arm64-arm-64bit-Mach-O,arm,0.03799404203891754,0.14860179193783551,0.043740208027884364,0.010759041062556207,0.01234275009483099,0.02431524998974055,3.716698847711086e-05,0.012560667004436255,0.01332324999384582,0.0013918329495936632,0.0516281669260934,0.11850375006906688,8.000002708286047e-05,0.17465149995405227,0.028487541945651174,0.20313904189970344,2.4667009711265564e-05,0.00015041697770357132,0.14699129201471806,0.3335871259914711,0.5126202079700306
4323,random_4320,random_cycle_chord,20260823,crossing_rich,4,200,5,10,14,5.361867370196611,True,True,,perf/incremental-yamada-frontier-order,1d8374f42cccbb16d78d44100a65ca603d7d1997,3.14.7,macOS-26.6.2-arm64-arm-64bit-Mach-O,arm,0.04122549993917346,0.14827224996406585,0.045550249982625246,0.009906291961669922,0.01108029205352068,0.021856458042748272,3.641692455857992e-05,0.011400584015063941,0.012003125040791929,0.0013038750039413571,0.04660045902710408,0.11316987499594688,8.499994874000549e-05,0.18553791695740074,0.0251689589349553,0.21070687589235604,2.295803278684616e-05,0.00013554200995713472,0.13833883393090218,0.3278365838341415,0.5177438750397414
4324,random_4321,random_cycle_chord,20260823,crossing_rich,5,200,5,8,12,4.194915169182597,True,True,,perf/incremental-yamada-frontier-order,1d8374f42cccbb16d78d44100a65ca603d7d1997,3.14.7,macOS-26.6.2-arm64-arm-64bit-Mach-O,arm,0.030600000056438148,0.14818445791024715,0.04406758293043822,0.010769707965664566,0.012511375010944903,0.024759709020145237,3.5792007111012936e-05,0.012756541022099555,0.013546166010200977,0.001393540995195508,0.05249174905475229,0.11987329192925245,0.0001712079392746091,0.1622317919973284,0.0285979580366984,0.1908297500340268,2.3916945792734623e-05,0.00015191698912531137,0.14847124996595085,0.32725570793263614,0.49395354092121124
4325,random_4322,random_cycle_chord,20260823,crossing_rich,3,200,4,8,11,4.217382356123994,True,True,,perf/incremental-yamada-frontier-order,1d8374f42cccbb16d78d44100a65ca603d7d1997,3.14.7,macOS-26.6.2-arm64-arm-64bit-Mach-O,arm,0.02774683409370482,0.14818766608368605,0.0412752500269562,0.009110791026614606,0.010060291970148683,0.019876666949130595,2.904096618294716e-05,0.010322374990209937,0.010772999958135188,0.000976208015345037,0.041977290879003704,0.10245012503582984,6.60829246044159e-05,0.2359968329546973,0.01818333298433572,0.25418016593903303,1.9875005818903446e-05,0.00010970805305987597,0.12063345802016556,0.29656795819755644,0.5365149159915745
4326,random_4323,random_cycle_chord,20260823,crossing_rich,4,200,5,9,13,6.076400639183256,True,True,,perf/incremental-yamada-frontier-order,1d8374f42cccbb16d78d44100a65ca603d7d1997,3.14.7,macOS-26.6.2-arm64-arm-64bit-Mach-O,arm,0.042450750013813376,0.14836020802613348,0.05921112501528114,0.009819124941714108,0.01126504095736891,0.022281749988906085,4.116701893508434e-05,0.011726875090971589,0.012239124975167215,0.0012511659879237413,0.047540083061903715,0.12786887504626065,7.987499702721834e-05,0.18023875006474555,0.02394400001503527,0.20418275007978082,2.445909194648266e-05,0.00013716600369662046,0.15181287506129593,0.3426238331012428,0.52724066702649
4327,random_4324,random_cycle_chord,20260823,crossing_rich,5,200,5,8,12,4.214321061363131,True,True,,perf/incremental-yamada-frontier-order,1d8374f42cccbb16d78d44100a65ca603d7d1997,3.14.7,macOS-26.6.2-arm64-arm-64bit-Mach-O,arm,0.030836874968372285,0.14877316600177437,0.03522791701834649,0.010770958033390343,0.012459708959795535,0.024630583939142525,3.699993249028921e-05,0.012767708045430481,0.013516957988031209,0.0013941670767962933,0.0523464169818908,0.11083858390338719,0.00016983295790851116,0.16225733305327594,0.0290104589657858,0.19126779201906174,2.4416018277406693e-05,0.00015079102013260126,0.139849042869173,0.31945908383931965,0.4862022079760209
4328,random_4325,random_cycle_chord,20260823,crossing_rich,6,200,6,11,16,5.2233831434442735,True,True,,perf/incremental-yamada-frontier-order,1d8374f42cccbb16d78d44100a65ca603d7d1997,3.14.7,macOS-26.6.2-arm64-arm-64bit-Mach-O,arm,0.046979417093098164,0.14847316697705537,0.05756266706157476,0.011686249985359609,0.013134708045981824,0.025998499942943454,6.025005131959915e-05,0.013340625097043812,0.014193166978657246,0.0017106669256463647,0.055303208995610476,0.1377369590336457,0.00010433304123580456,0.21844041696749628,0.035928124911151826,0.2543685418786481,3.241701051592827e-05,0.00018512492533773184,0.17366508394479752,0.36911766801495105,0.5926480829948559
4329,random_4326,random_cycle_chord,20260823,crossing_rich,4,200,5,9,13,6.085983098983855,True,True,,perf/incremental-yamada-frontier-order,1d8374f42cccbb16d78d44100a65ca603d7d1997,3.14.7,macOS-26.6.2-arm64-arm-64bit-Mach-O,arm,0.04245116701349616,0.14875608391594142,0.061338291969150305,0.009862166945822537,0.010592708014883101,0.02097129204776138,3.858294803649187e-05,0.010851416969671845,0.011511333985254169,0.0013144580880180001,0.04468708403874189,0.12651429197285324,8.037500083446503e-05,0.1734589170664549,0.024706791969947517,0.1981657090364024,2.3875036276876926e-05,0.00014391704462468624,0.15122108394280076,0.34242833487223834,0.5202554580755532
4330,random_4327,random_cycle_chord,20260823,crossing_rich,4,200,5,8,12,6.589610862863722,True,True,,perf/incremental-yamada-frontier-order,1d8374f42cccbb16d78d44100a65ca603d7d1997,3.14.7,macOS-26.6.2-arm64-arm-64bit-Mach-O,arm,0.04301387502346188,0.14893895806744695,0.0628163330256939,0.00956862501334399,0.010638250038027763,0.02098999998997897,3.774999640882015e-05,0.01089516596402973,0.0117366659687832,0.0014649999793618917,0.04512458189856261,0.1281811250373721,0.00015545799396932125,0.16155104199424386,0.02830591704696417,0.18985695904120803,2.404197584837675e-05,0.00015883299056440592,0.15648704208433628,0.3484398751752451,0.5144067499786615
4331,random_4328,random_cycle_chord,20260823,crossing_rich,5,200,5,8,12,4.12939544626942,True,True,,perf/incremental-yamada-frontier-order,1d8374f42cccbb16d78d44100a65ca603d7d1997,3.14.7,macOS-26.6.2-arm64-arm-64bit-Mach-O,arm,0.030326792038977146,0.14809620892629027,0.035245333914645016,0.010661166976206005,0.012514667003415525,0.02478387497831136,3.529200330376625e-05,0.012854084023274481,0.013522416935302317,0.0013804590562358499,0.052576126996427774,0.11102987499907613,0.000178084010258317,0.16381208295933902,0.029404459055513144,0.19321654201485217,2.3792032152414322e-05,0.000145458965562284,0.14043433405458927,0.3188573350198567,0.4872947500552982
4332,random_4329,random_cycle_chord,20260823,crossing_rich,6,200,6,10,15,5.617707226986466,True,True,,perf/incremental-yamada-frontier-order,1d8374f42cccbb16d78d44100a65ca603d7d1997,3.14.7,macOS-26.6.2-arm64-arm-64bit-Mach-O,arm,0.045564458006992936,0.1503128750482574,0.05957462498918176,0.01117012498434633,0.012657916988246143,0.02507920900825411,4.354200791567564e-05,0.013011834002099931,0.013987125013954937,0.0017443750984966755,0.05386608513072133,0.13730895810294896,0.00022262497805058956,0.20120383298490196,0.03541649994440377,0.23662033292930573,2.775003667920828e-05,0.0001840420300140977,0.17272545804735273,0.3686027911026031,0.5744344169506803
4333,random_4330,random_cycle_chord,20260823,crossing_rich,6,200,6,11,16,5.222032970568893,True,True,,perf/incremental-yamada-frontier-order,1d8374f42cccbb16d78d44100a65ca603d7d1997,3.14.7,macOS-26.6.2-arm64-arm-64bit-Mach-O,arm,0.04670745797920972,0.14840620791073889,0.05492579098790884,0.011585832922719419,0.013384624966420233,0.0264142919331789,4.64579788967967e-05,0.01367541600484401,0.014541666954755783,0.0016717079561203718,0.05634954082779586,0.13628887489903718,9.416602551937103e-05,0.21726537495851517,0.03508737497031689,0.25235274992883205,2.875004429370165e-05,0.00017512496560811996,0.17137624986935407,0.3664899157593027,0.5888350830646232
4334,random_4331,random_cycle_chord,20260823,baseline,0,200,3,8,10,6.210536666878992,True,True,,perf/incremental-yamada-frontier-order,1d8374f42cccbb16d78d44100a65ca603d7d1997,3.14.7,macOS-26.6.2-arm64-arm-64bit-Mach-O,arm,0.03287091699894518,0.14800933306105435,0.03255104192066938,0.006586833042092621,0.006668708985671401,0.013080834061838686,2.1417043171823025e-05,0.006810916936956346,0.0071891669649630785,0.0005928749451413751,0.02769520995207131,0.07352054200600833,5.8999983593821526e-05,0.12882508302573115,0.009242166997864842,0.138067250023596,1.4083925634622574e-05,6.966700311750174e-05,0.08276270900387317,0.2636429590638727,0.3964729170547798
4335,random_4332,random_cycle_chord,20260823,crossing_rich,5,200,5,8,12,4.194663624355578,True,True,,perf/incremental-yamada-frontier-order,1d8374f42cccbb16d78d44100a65ca603d7d1997,3.14.7,macOS-26.6.2-arm64-arm-64bit-Mach-O,arm,0.030655624927021563,0.14825950004160404,0.041136707994155586,0.010600749985314906,0.012482959078624845,0.024650666979141533,3.675010520964861e-05,0.012740417034365237,0.013479500077664852,0.0013672920176759362,0.05227462621405721,0.11652849998790771,0.00018199998885393143,0.16070745792239904,0.02764112502336502,0.18834858294576406,2.3707980290055275e-05,0.00014804198872298002,0.14416962501127273,0.32308474997989833,0.4882747079245746
4336,random_4333,random_cycle_chord,20260823,baseline,0,200,3,8,10,6.216510864990565,True,True,,perf/incremental-yamada-frontier-order,1d8374f42cccbb16d78d44100a65ca603d7d1997,3.14.7,macOS-26.6.2-arm64-arm-64bit-Mach-O,arm,0.0329344579949975,0.14809237502049655,0.030116082984022796,0.006616749917156994,0.006698374985717237,0.013229290954768658,2.1707965061068535e-05,0.006844124989584088,0.007048125029541552,0.0005475420039147139,0.02769079094287008,0.07114150002598763,5.8542005717754364e-05,0.12856541690416634,0.008691833005286753,0.1372572499094531,1.3666925951838493e-05,6.612506695091724e-05,0.07983333303127438,0.2608601660467684,0.39342320896685123
4337,random_4334,random_cycle_chord,20260823,crossing_rich,4,200,5,11,15,5.227541497156295,True,True,,perf/incremental-yamada-frontier-order,1d8374f42cccbb16d78d44100a65ca603d7d1997,3.14.7,macOS-26.6.2-arm64-arm-64bit-Mach-O,arm,0.043379792012274265,0.1485810000449419,0.05123383307363838,0.00987908395472914,0.010974250035360456,0.02161204197909683,4.63749747723341e-05,0.01116341701708734,0.011769916978664696,0.0012950419913977385,0.04588679294101894,0.1180127919651568,8.824991527944803e-05,0.2011738329892978,0.02605762507300824,0.22723145806230605,2.379098441451788e-05,0.00014074996579438448,0.14407041703816503,0.3360312090953812,0.5417410839581862
4338,random_4335,random_cycle_chord,20260823,crossing_rich,4,200,5,8,12,6.601984909473219,True,True,,perf/incremental-yamada-frontier-order,1d8374f42cccbb16d78d44100a65ca603d7d1997,3.14.7,macOS-26.6.2-arm64-arm-64bit-Mach-O,arm,0.04291808302514255,0.14874424994923174,0.06409983290359378,0.00966762495227158,0.010649292031303048,0.021081959013827145,3.7708086892962456e-05,0.010897999978624284,0.011741250054910779,0.0014023339608684182,0.04516125109512359,0.12961149995680898,0.00016525003593415022,0.16161029192153364,0.027476166025735438,0.18908645794726908,2.3999949917197227e-05,0.00015141605399549007,0.15708766598254442,0.3487499989569187,0.5151394170243293
4339,random_4336,random_cycle_chord,20260823,baseline,0,200,3,8,10,6.139498697066054,True,True,,perf/incremental-yamada-frontier-order,1d8374f42cccbb16d78d44100a65ca603d7d1997,3.14.7,macOS-26.6.2-arm64-arm-64bit-Mach-O,arm,0.032485916977748275,0.14795633300673217,0.03414550004526973,0.006592750083655119,0.006683291983790696,0.01315466605592519,2.174999099224806e-05,0.006806041928939521,0.0069510419853031635,0.0005202500615268946,0.027453750022687018,0.07489441602956504,6.724998820573092e-05,0.1292634999845177,0.00849462510086596,0.13775812508538365,1.354096457362175e-05,6.362493149936199e-05,0.083389041130431,0.26383129111491144,0.39710049994755536
4340,random_4337,random_cycle_chord,20260823,crossing_rich,2,200,4,8,11,6.5836814380314745,True,True,,perf/incremental-yamada-frontier-order,1d8374f42cccbb16d78d44100a65ca603d7d1997,3.14.7,macOS-26.6.2-arm64-arm-64bit-Mach-O,arm,0.039697291096672416,0.1641994999954477,0.053807666990906,0.00860558298882097,0.00862916698679328,0.017003249959088862,2.9542017728090286e-05,0.008848291006870568,0.009228333015926182,0.0009409589692950249,0.03605037496890873,0.10711908410303295,7.537507917732e-05,0.14512012503109872,0.016909540980122983,0.1620296660112217,2.095801755785942e-05,0.00011333299335092306,0.12402862508315593,0.32792541617527604,0.47730012505780905
4341,random_4338,random_cycle_chord,20260823,baseline,0,200,4,15,18,4.050417501892244,True,True,,perf/incremental-yamada-frontier-order,1d8374f42cccbb16d78d44100a65ca603d7d1997,3.14.7,macOS-26.6.2-arm64-arm-64bit-Mach-O,arm,0.04453070799354464,0.1482345829717815,0.019453749991953373,0.00774816598277539,0.007932458072900772,0.015685042017139494,3.3542048186063766e-05,0.0080825409386307,0.008369666989892721,0.0007695420645177364,0.032940334058366716,0.0681011660490185,9.733298793435097e-05,0.23032904195133597,0.011922917095944285,0.24225195904728025,1.8000020645558834e-05,8.883397094905376e-05,0.08002408314496279,0.2727893741102889,0.5073025419842452
4342,random_4339,random_cycle_chord,20260823,crossing_rich,5,200,5,8,12,4.116496403922386,True,True,,perf/incremental-yamada-frontier-order,1d8374f42cccbb16d78d44100a65ca603d7d1997,3.14.7,macOS-26.6.2-arm64-arm-64bit-Mach-O,arm,0.030331791029311717,0.1482450410258025,0.03912458289414644,0.0107826660387218,0.012572500039823353,0.024673999985679984,4.0499959141016006e-05,0.012834458029828966,0.013462458038702607,0.0013475409941747785,0.05235895700752735,0.11487191705964506,0.00017204100731760263,0.16506058303639293,0.02886083396151662,0.19392141699790955,2.487492747604847e-05,0.00015329092275351286,0.14373275102116168,0.3223095830762759,0.4918412909610197
4343,random_4340,random_cycle_chord,20260823,baseline,0,200,3,8,10,6.202386539790976,True,True,,perf/incremental-yamada-frontier-order,1d8374f42cccbb16d78d44100a65ca603d7d1997,3.14.7,macOS-26.6.2-arm64-arm-64bit-Mach-O,arm,0.03323625004850328,0.14851666695903987,0.03018454206176102,0.006819874979555607,0.006715666968375444,0.013221125002019107,2.1458021365106106e-05,0.006827750010415912,0.006999749923124909,0.0005532499635592103,0.027623332920484245,0.07136191695462912,5.7875062339007854e-05,0.12884079106152058,0.008893124992027879,0.13773391605354846,1.4082994312047958e-05,7.012509740889072e-05,0.080255041946657,0.26200795895420015,0.39487308310344815
4344,random_4341,random_cycle_chord,20260823,crossing_rich,3,200,4,8,11,4.177675338213588,True,True,,perf/incremental-yamada-frontier-order,1d8374f42cccbb16d78d44100a65ca603d7d1997,3.14.7,macOS-26.6.2-arm64-arm-64bit-Mach-O,arm,0.028010624926537275,0.14786229201126844,0.036865292000584304,0.008992542047053576,0.010099167004227638,0.01990637497510761,2.9499991796910763e-05,0.010292624938301742,0.010789665975607932,0.0009901659796014428,0.04200833186041564,0.09799216606188565,6.574997678399086e-05,0.14625395799521357,0.018918792018666863,0.16517275001388043,1.89170241355896e-05,0.0001106249401345849,0.11691095808055252,0.29278387501835823,0.4434495000168681
4345,random_4342,random_cycle_chord,20260823,crossing_rich,3,200,4,9,12,5.947256021743485,True,True,,perf/incremental-yamada-frontier-order,1d8374f42cccbb16d78d44100a65ca603d7d1997,3.14.7,macOS-26.6.2-arm64-arm-64bit-Mach-O,arm,0.03838429192546755,0.1495750000467524,0.05247995909303427,0.00870841694995761,0.009446666925214231,0.018576833070255816,3.033294342458248e-05,0.00969304097816348,0.010118540958501399,0.0009971249382942915,0.03941587288863957,0.11007824994158,6.900005973875523e-05,0.15782012499403208,0.019149124971590936,0.17696924996562302,1.8832972273230553e-05,0.00011491694021970034,0.12922737491317093,0.3171866668853909,0.47913387499284
4346,random_4343,random_cycle_chord,20260823,crossing_rich,3,200,5,11,15,5.081593746848648,True,True,,perf/incremental-yamada-frontier-order,1d8374f42cccbb16d78d44100a65ca603d7d1997,3.14.7,macOS-26.6.2-arm64-arm-64bit-Mach-O,arm,0.042631583055481315,0.14834920805878937,0.04280383395962417,0.009510250063613057,0.010302959010004997,0.02027333399746567,3.666698466986418e-05,0.010525916935876012,0.011094124987721443,0.001204208005219698,0.04313425091095269,0.10578395798802376,8.220796007663012e-05,0.19748829200398177,0.02146816602908075,0.21895645803306252,2.304196823388338e-05,0.00012949993833899498,0.1272521240171045,0.3182329151313752,0.520055582979694
4347,random_4344,random_cycle_chord,20260823,crossing_rich,2,200,4,10,13,5.609186916990507,True,True,,perf/incremental-yamada-frontier-order,1d8374f42cccbb16d78d44100a65ca603d7d1997,3.14.7,macOS-26.6.2-arm64-arm-64bit-Mach-O,arm,0.03903958294540644,0.14799437497276813,0.048132625059224665,0.00824499991722405,0.008557124994695187,0.01683191698975861,2.862501423805952e-05,0.008729624911211431,0.009100499912165105,0.0008938329992815852,0.03558449982665479,0.10054608399514109,7.695797830820084e-05,0.16928066592663527,0.01538254099432379,0.18466320692095906,1.8666964024305344e-05,0.00010145804844796658,0.11592862498946488,0.30296258290763944,0.47639287495985627
4348,random_4345,random_cycle_chord,20260823,crossing_rich,2,200,4,9,12,6.073932635008797,True,True,,perf/incremental-yamada-frontier-order,1d8374f42cccbb16d78d44100a65ca603d7d1997,3.14.7,macOS-26.6.2-arm64-arm-64bit-Mach-O,arm,0.03872583294287324,0.14866479206830263,0.04976025002542883,0.008329625008627772,0.008915666956454515,0.01758175005670637,2.9582995921373367e-05,0.009101958014070988,0.009436000022105873,0.0009200830245390534,0.037069374113343656,0.10410183295607567,7.016700692474842e-05,0.15757949999533594,0.015965959057211876,0.1735454590525478,1.8874998204410076e-05,0.00010241707786917686,0.12006779201328754,0.3074584170244634,0.4691914579598233
4349,random_4346,random_cycle_chord,20260823,crossing_rich,3,200,5,11,15,5.025042520233811,True,True,,perf/incremental-yamada-frontier-order,1d8374f42cccbb16d78d44100a65ca603d7d1997,3.14.7,macOS-26.6.2-arm64-arm-64bit-Mach-O,arm,0.04189945792313665,0.1480967910028994,0.04262149997521192,0.009732999955303967,0.010790167027153075,0.021384250023402274,3.800005652010441e-05,0.011081415927037597,0.01160025002900511,0.0011865409323945642,0.04529045696835965,0.10846862499602139,9.108404628932476e-05,0.19645545806270093,0.020639374968595803,0.21709483303129673,2.274999860674143e-05,0.00012733298353850842,0.1291079999646172,0.31910424889065325,0.5198967920150608
4350,random_4347,random_cycle_chord,20260823,baseline,0,200,3,9,11,5.364745481036192,True,True,,perf/incremental-yamada-frontier-order,1d8374f42cccbb16d78d44100a65ca603d7d1997,3.14.7,macOS-26.6.2-arm64-arm-64bit-Mach-O,arm,0.032331790891475976,0.14748383301775903,0.02687149995472282,0.0063885420095175505,0.006387999979779124,0.012636165949515998,2.2500054910779e-05,0.006527208024635911,0.006706040934659541,0.0005409170407801867,0.026432832004502416,0.06609991693403572,5.895807407796383e-05,0.14194429107010365,0.00871404109057039,0.15065833216067404,1.4082994312047958e-05,7.025001104921103e-05,0.07481395802460611,0.2546295819338411,0.40058462496381253
4351,random_4348,random_cycle_chord,20260823,baseline,0,200,3,10,12,5.621383796581947,True,True,,perf/incremental-yamada-frontier-order,1d8374f42cccbb16d78d44100a65ca603d7d1997,3.14.7,macOS-26.6.2-arm64-arm-64bit-Mach-O,arm,0.0366204580059275,0.14829920802731067,0.028685375000350177,0.006818625028245151,0.006982375052757561,0.013788999989628792,2.195802517235279e-05,0.007117458037100732,0.007302250014618039,0.0005369170103222132,0.02876758307684213,0.07127308298368007,6.566697265952826e-05,0.14634141698479652,0.007997000007890165,0.1543384169926867,1.3249926269054413e-05,6.0542020946741104e-05,0.07927008299157023,0.2641897490248084,0.4145593330031261
4352,random_4349,random_cycle_chord,20260823,crossing_rich,2,200,4,9,12,6.086301332413782,True,True,,perf/incremental-yamada-frontier-order,1d8374f42cccbb16d78d44100a65ca603d7d1997,3.14.7,macOS-26.6.2-arm64-arm-64bit-Mach-O,arm,0.03930158296134323,0.14805745799094439,0.05266625003423542,0.00818766700103879,0.008434624993242323,0.01663583400659263,2.916704397648573e-05,0.00860954204108566,0.009001040947623551,0.0009268750436604023,0.03520245908293873,0.10451725008897483,7.133395411074162e-05,0.15661437495145947,0.016472000046633184,0.17308637499809265,1.8417020328342915e-05,0.00010387494694441557,0.12098925013560802,0.30834829108789563,0.46912520902696997
4353,random_4350,random_cycle_chord,20260823,crossing_rich,4,200,5,9,13,6.077198448918029,True,True,,perf/incremental-yamada-frontier-order,1d8374f42cccbb16d78d44100a65ca603d7d1997,3.14.7,macOS-26.6.2-arm64-arm-64bit-Mach-O,arm,0.04241337499115616,0.14892824995331466,0.06211170891765505,0.009793292032554746,0.01120325003284961,0.02197170804720372,3.6958022974431515e-05,0.011419374961405993,0.012024834053590894,0.0012811250053346157,0.04673400009050965,0.12987520801834762,8.191599044948816e-05,0.17352920805569738,0.02390762499999255,0.19743683305568993,2.308306284248829e-05,0.000137584051117301,0.15378283301834017,0.345124457962811,0.5230145420646295
4354,random_4351,random_cycle_chord,20260823,crossing_rich,9,200,7,13,19,4.570708407637393,True,True,,perf/incremental-yamada-frontier-order,1d8374f42cccbb16d78d44100a65ca603d7d1997,3.14.7,macOS-26.6.2-arm64-arm-64bit-Mach-O,arm,0.049327958025969565,0.14969508396461606,0.05401495797559619,0.014619791996665299,0.01676537492312491,0.03311266691889614,5.854107439517975e-05,0.01718729198910296,0.01828358299098909,0.0021206659730523825,0.07076274894643575,0.1562118340516463,0.00011224998161196709,0.26063262508250773,0.04679416608996689,0.3074267911724746,3.395893145352602e-05,0.00022499996703118086,0.20300600014161319,0.4020290421321988,0.6678523749578744
4355,random_4352,random_cycle_chord,20260823,baseline,0,200,5,14,18,4.290224762889011,True,True,,perf/incremental-yamada-frontier-order,1d8374f42cccbb16d78d44100a65ca603d7d1997,3.14.7,macOS-26.6.2-arm64-arm-64bit-Mach-O,arm,0.0448551659937948,0.14816620899364352,0.024776875041425228,0.008389375056140125,0.008892874931916595,0.0174739999929443,3.670796286314726e-05,0.009119209018535912,0.0094455829821527,0.0009310829918831587,0.03700658294837922,0.07909866701811552,9.370804764330387e-05,0.2321628329809755,0.014089416014030576,0.24625224899500608,2.1709012798964977e-05,9.695801418274641e-05,0.0931880830321461,0.2862094580195844,0.5227202500682324
4356,random_4353,random_cycle_chord,20260823,baseline,0,200,3,10,12,4.668143032980711,True,True,,perf/incremental-yamada-frontier-order,1d8374f42cccbb16d78d44100a65ca603d7d1997,3.14.7,macOS-26.6.2-arm64-arm-64bit-Mach-O,arm,0.0309348339214921,0.14723816700279713,0.023896041908301413,0.0064992919797077775,0.006528125028125942,0.012839416041970253,2.1916930563747883e-05,0.0066532500786706805,0.006839249981567264,0.0005633330438286066,0.02691716607660055,0.06385945901274681,6.162491627037525e-05,0.14418587507680058,0.008290916914120317,0.1524767919909209,1.425005029886961e-05,6.679096259176731e-05,0.07215037592686713,0.25032337685115635,0.3985162499593571
4357,random_4354,random_cycle_chord,20260823,crossing_rich,5,200,5,8,12,4.262379311527762,True,True,,perf/incremental-yamada-frontier-order,1d8374f42cccbb16d78d44100a65ca603d7d1997,3.14.7,macOS-26.6.2-arm64-arm-64bit-Mach-O,arm,0.030845000059343874,0.14842425007373095,0.03944733296521008,0.010738625074736774,0.012547291931696236,0.024674999993294477,3.708305303007364e-05,0.012797917006537318,0.013459958019666374,0.001388541073538363,0.052358499146066606,0.11512512492481619,0.00025629193987697363,0.1896922499872744,0.026403583004139364,0.21609583299141377,2.2999942302703857e-05,0.00014925003051757812,0.14152870792895555,0.3207979580620304,0.5150595410959795
4358,random_4355,random_cycle_chord,20260823,crossing_rich,4,200,5,8,12,6.603410231884506,True,True,,perf/incremental-yamada-frontier-order,1d8374f42cccbb16d78d44100a65ca603d7d1997,3.14.7,macOS-26.6.2-arm64-arm-64bit-Mach-O,arm,0.04317016596905887,0.1488583340542391,0.06414362497162074,0.009649583022110164,0.010709833935834467,0.02101637504529208,3.712496254593134e-05,0.0109277080046013,0.0117413749685511,0.0014009169535711408,0.04512349993456155,0.12966004095505923,0.00015279196668416262,0.161185042001307,0.027126208995468915,0.18831125099677593,2.3667002096772194e-05,0.00015129102393984795,0.15678624995052814,0.3488147499738261,0.5144267079886049
4359,random_4356,random_cycle_chord,20260823,baseline,0,200,4,15,18,4.0461296029757525,True,True,,perf/incremental-yamada-frontier-order,1d8374f42cccbb16d78d44100a65ca603d7d1997,3.14.7,macOS-26.6.2-arm64-arm-64bit-Mach-O,arm,0.04365316696930677,0.14755483297631145,0.019899750011973083,0.007549458066932857,0.00795449991710484,0.015639042016118765,2.8582988306879997e-05,0.00812725001014769,0.008350207936018705,0.0007454999722540379,0.03289058292284608,0.06832008296623826,8.320808410644531e-05,0.23119633400347084,0.011520667001605034,0.24271700100507587,1.8042046576738358e-05,8.195801638066769e-05,0.0798407499678433,0.2710487499134615,0.5064014999661595
4360,random_4357,random_cycle_chord,20260823,crossing_rich,5,200,5,8,12,4.1046126492227355,True,True,,perf/incremental-yamada-frontier-order,1d8374f42cccbb16d78d44100a65ca603d7d1997,3.14.7,macOS-26.6.2-arm64-arm-64bit-Mach-O,arm,0.030625208048149943,0.15821579203475267,0.041929124970920384,0.011261875042691827,0.012745374930091202,0.025299708009697497,6.0875085182487965e-05,0.013543916051276028,0.013861124985851347,0.0014039999805390835,0.054169624112546444,0.1201428750064224,0.00021799991372972727,0.16508583293762058,0.02885491610504687,0.19394074904266745,2.5165965780615807e-05,0.00015654205344617367,0.14899779111146927,0.3378387911943719,0.5075456670019776
4361,random_4358,random_cycle_chord,20260823,crossing_rich,5,200,5,9,13,4.2763687010278675,True,True,,perf/incremental-yamada-frontier-order,1d8374f42cccbb16d78d44100a65ca603d7d1997,3.14.7,macOS-26.6.2-arm64-arm-64bit-Mach-O,arm,0.03358412499073893,0.15828945802059025,0.04466312495060265,0.011222209082916379,0.012401250074617565,0.02419975004158914,7.48330494388938e-05,0.012559916940517724,0.013160915928892791,0.0014398329658433795,0.05143524892628193,0.11977929202839732,0.00010291603393852711,0.1837562919827178,0.03232058300636709,0.2160768749890849,2.8540962375700474e-05,0.00016308296471834183,0.1520998750347644,0.3439734580460936,0.5331420830916613
4362,random_4359,random_cycle_chord,20260823,crossing_rich,3,200,4,8,11,4.208496473501967,True,True,,perf/incremental-yamada-frontier-order,1d8374f42cccbb16d78d44100a65ca603d7d1997,3.14.7,macOS-26.6.2-arm64-arm-64bit-Mach-O,arm,0.029835624969564378,0.1539519999641925,0.041070958017371595,0.009274999960325658,0.01020637503825128,0.02012300002388656,3.0249939300119877e-05,0.010403458029031754,0.010792875080369413,0.0009907919447869062,0.042340375017374754,0.10292041697539389,6.791693158447742e-05,0.2340429580071941,0.018437457969412208,0.2524804159766063,2.0625069737434387e-05,0.00011541706044226885,0.1213578749448061,0.305145499878563,0.5431749579729512
4363,random_4360,random_cycle_chord,20260823,baseline,0,200,3,9,11,5.384059925205958,True,True,,perf/incremental-yamada-frontier-order,1d8374f42cccbb16d78d44100a65ca603d7d1997,3.14.7,macOS-26.6.2-arm64-arm-64bit-Mach-O,arm,0.03231395792681724,0.14848879096098244,0.025763833080418408,0.007112750085070729,0.007741208071820438,0.014769375091418624,5.162495654076338e-05,0.007391333929263055,0.00777554209344089,0.0006140840705484152,0.030601960141211748,0.07126404100563377,8.92080133780837e-05,0.14944945799652487,0.0086547079263255,0.15810416592285037,1.4874967746436596e-05,7.004092913120985e-05,0.07991874893195927,0.26072149781975895,0.41427870898041874
4364,random_4361,random_cycle_chord,20260823,crossing_rich,4,200,5,9,13,6.073478151179338,True,True,,perf/incremental-yamada-frontier-order,1d8374f42cccbb16d78d44100a65ca603d7d1997,3.14.7,macOS-26.6.2-arm64-arm-64bit-Mach-O,arm,0.04347029095515609,0.1490139999659732,0.05707099998835474,0.009501416934654117,0.01036412501707673,0.02047766710165888,3.708305303007364e-05,0.010650207987055182,0.011279749916866422,0.001312499982304871,0.04375720804091543,0.12072599993553013,7.895904127508402e-05,0.18049333291128278,0.025848250021226704,0.20634158293250948,2.662499900907278e-05,0.00015491701196879148,0.14657424995675683,0.3390585408778861,0.5239872499369085
4365,random_4362,random_cycle_chord,20260823,baseline,0,200,3,9,11,5.373922855520402,True,True,,perf/incremental-yamada-frontier-order,1d8374f42cccbb16d78d44100a65ca603d7d1997,3.14.7,macOS-26.6.2-arm64-arm-64bit-Mach-O,arm,0.03327404207084328,0.14854716695845127,0.02539312490262091,0.006911249947734177,0.007486957940272987,0.014314792002551258,3.779097460210323e-05,0.008073833072558045,0.00757566699758172,0.0005509170005097985,0.030553000047802925,0.07037929096259177,7.645797450095415e-05,0.15040491695981473,0.009232125012204051,0.15963704197201878,1.5415949746966362e-05,7.258402183651924e-05,0.07961141597479582,0.26143262500409037,0.41590458306018263
4366,random_4363,random_cycle_chord,20260823,crossing_rich,5,200,5,8,12,4.265631402939417,True,True,,perf/incremental-yamada-frontier-order,1d8374f42cccbb16d78d44100a65ca603d7d1997,3.14.7,macOS-26.6.2-arm64-arm-64bit-Mach-O,arm,0.030929166940040886,0.14914462494198233,0.04462545795831829,0.010763125028461218,0.012493374990299344,0.02721641701646149,6.67079584673047e-05,0.014403957989998162,0.01771416689734906,0.0018060420406982303,0.06120729190297425,0.12912408297415823,0.00019583292305469513,0.17569395899772644,0.02848170802462846,0.2041756670223549,2.6416964828968048e-05,0.00014729099348187447,0.1576057909987867,0.3376795828808099,0.5178509580437094
4367,random_4364,random_cycle_chord,20260823,crossing_rich,5,200,5,8,12,4.229523280033192,True,True,,perf/incremental-yamada-frontier-order,1d8374f42cccbb16d78d44100a65ca603d7d1997,3.14.7,macOS-26.6.2-arm64-arm-64bit-Mach-O,arm,0.03209366707596928,0.1533241249853745,0.04361370799597353,0.0372122919652611,0.14466583298053592,0.10204166697803885,8.279201574623585e-05,0.013538667000830173,0.013939625001512468,0.0014242909383028746,0.1310270419344306,0.3565985420718789,0.00029025005642324686,0.2741372080054134,0.03389362501911819,0.3080308330245316,3.4791999496519566e-05,0.00016529194545000792,0.3904921670909971,0.5759099591523409,0.8547350829467177
4368,random_4365,random_cycle_chord,20260823,crossing_rich,4,200,5,10,14,5.621579554594692,True,True,,perf/incremental-yamada-frontier-order,1d8374f42cccbb16d78d44100a65ca603d7d1997,3.14.7,macOS-26.6.2-arm64-arm-64bit-Mach-O,arm,0.04783287493046373,0.20723249996080995,0.08489666599780321,0.014444166095927358,0.016776292002759874,0.053543625050224364,7.041706703603268e-05,0.01540870894677937,0.016536874929443002,0.0014212499372661114,0.08698087593074888,0.20323529106099159,0.00011029199231415987,0.5329941250383854,0.03152550000231713,0.5645196250407025,4.4166925363242626e-05,0.00017566699534654617,0.23476079106330872,0.4898261659545824,1.0276803750311956
4369,random_4366,random_cycle_chord,20260823,crossing_rich,3,200,5,12,16,4.474970934981947,True,True,,perf/incremental-yamada-frontier-order,1d8374f42cccbb16d78d44100a65ca603d7d1997,3.14.7,macOS-26.6.2-arm64-arm-64bit-Mach-O,arm,0.04694354103412479,0.1583511660574004,0.04526033392176032,0.010360041982494295,0.011118417023681104,0.02192754205316305,5.837494973093271e-05,0.011554375058040023,0.011688541970215738,0.0011820419458672404,0.046410875977016985,0.1132011249428615,0.00010195793583989143,0.23727470904123038,0.025109500042162836,0.2623842090833932,2.820801455527544e-05,0.00015229207929223776,0.13831062498502433,0.34360533207654953,0.5861636250047013
4370,random_4367,random_cycle_chord,20260823,crossing_rich,3,200,5,10,14,5.626764850326534,True,True,,perf/incremental-yamada-frontier-order,1d8374f42cccbb16d78d44100a65ca603d7d1997,3.14.7,macOS-26.6.2-arm64-arm-64bit-Mach-O,arm,0.04734449996612966,0.17373445897828788,0.0561019170563668,0.010419041034765542,0.01112016593106091,0.021533000050112605,4.129204899072647e-05,0.01123283407650888,0.011983417090959847,0.0013667920138686895,0.04615733528044075,0.12383666599635035,0.00010616600047796965,0.21258570801001042,0.02503975003492087,0.2376254580449313,2.8250040486454964e-05,0.000165084027685225,0.14887641603127122,0.36995537497568876,0.5876107079675421
4371,random_4368,random_cycle_chord,20260823,crossing_rich,6,200,6,10,15,5.624459189163451,True,True,,perf/incremental-yamada-frontier-order,1d8374f42cccbb16d78d44100a65ca603d7d1997,3.14.7,macOS-26.6.2-arm64-arm-64bit-Mach-O,arm,0.05526699998881668,0.17655370803549886,0.06812354200519621,0.013229375006631017,0.014329459052532911,0.028504707966931164,5.137501284480095e-05,0.014857791014946997,0.0153986249351874,0.0018106249626725912,0.06062312389258295,0.1563507920363918,0.00027870899066329,0.2386179999448359,0.03800358308944851,0.2766215830342844,3.458303399384022e-05,0.000202000024728477,0.1943543751258403,0.42617508315015584,0.6703741659875959
4372,random_4369,random_cycle_chord,20260823,crossing_rich,2,200,4,8,11,6.59860378181806,True,True,,perf/incremental-yamada-frontier-order,1d8374f42cccbb16d78d44100a65ca603d7d1997,3.14.7,macOS-26.6.2-arm64-arm-64bit-Mach-O,arm,0.045244916109368205,0.16639741708058864,0.06193879200145602,0.009291124995797873,0.009499749983660877,0.018711167038418353,3.2291049137711525e-05,0.009718957939185202,0.01023875002283603,0.0011124999728053808,0.03981366602238268,0.1205733329989016,8.01669666543603e-05,0.15834487497340888,0.01889725006185472,0.1772421250352636,2.1832995116710663e-05,0.00012862507719546556,0.13947058306075633,0.35111291625071317,0.5142072919989005
4373,random_4370,random_cycle_chord,20260823,crossing_rich,2,200,4,8,11,6.6037879807271525,True,True,,perf/incremental-yamada-frontier-order,1d8374f42cccbb16d78d44100a65ca603d7d1997,3.14.7,macOS-26.6.2-arm64-arm-64bit-Mach-O,arm,0.043148124939762056,0.1640379170421511,0.05916675005573779,0.009341125027276576,0.009506833972409368,0.01870920800138265,3.245798870921135e-05,0.009439124958589673,0.010135374963283539,0.0011465420247986913,0.03946270793676376,0.1175071659963578,9.250000584870577e-05,0.15874504204839468,0.023369875038042665,0.18211491708643734,2.6209047064185143e-05,0.0001449170522391796,0.14087704103440046,0.3480630830163136,0.5116446670144796
4374,random_4371,random_cycle_chord,20260823,crossing_rich,2,200,4,10,13,5.61543710031217,True,True,,perf/incremental-yamada-frontier-order,1d8374f42cccbb16d78d44100a65ca603d7d1997,3.14.7,macOS-26.6.2-arm64-arm-64bit-Mach-O,arm,0.0434834168991074,0.16122125007677823,0.049487250042147934,0.009064459009096026,0.009085707948543131,0.01795020792633295,3.5208999179303646e-05,0.009328542044386268,0.009782625013031065,0.001022542011924088,0.038119125994853675,0.10578816698398441,8.037500083446503e-05,0.18057824997231364,0.018747500027529895,0.19932574999984354,1.9666971638798714e-05,0.00012008391786366701,0.1245356670115143,0.32924033398739994,0.5144181660143659
4375,random_4372,random_cycle_chord,20260823,crossing_rich,3,200,5,10,14,4.906902176797485,True,True,,perf/incremental-yamada-frontier-order,1d8374f42cccbb16d78d44100a65ca603d7d1997,3.14.7,macOS-26.6.2-arm64-arm-64bit-Mach-O,arm,0.041322333039715886,0.15829175000544637,0.04486758296843618,0.010161417070776224,0.01080020796507597,0.021360707934945822,3.804208245128393e-05,0.011024041916243732,0.011720708920620382,0.0012877919944003224,0.04543129284866154,0.11129458399955183,8.500006515532732e-05,0.19325933302752674,0.0227761659771204,0.21603549900464714,2.4333014152944088e-05,0.00014479097444564104,0.13407074997667223,0.3336848330218345,0.5317009160062298
4376,random_4373,random_cycle_chord,20260823,crossing_rich,3,200,4,8,11,4.202905545024757,True,True,,perf/incremental-yamada-frontier-order,1d8374f42cccbb16d78d44100a65ca603d7d1997,3.14.7,macOS-26.6.2-arm64-arm-64bit-Mach-O,arm,0.029063374968245625,0.15408295905217528,0.03796354110818356,0.009420500020496547,0.010386125068180263,0.02053874998819083,3.0415947549045086e-05,0.010579250054433942,0.011004041065461934,0.0009906250052154064,0.04314308206085116,0.10094104195013642,7.004197686910629e-05,0.24387816595844924,0.018593000015243888,0.26247116597369313,2.2875028662383556e-05,0.00012087507639080286,0.11953404196538031,0.3026803759858012,0.5508118330035359
4377,random_4374,random_cycle_chord,20260823,crossing_rich,5,200,5,8,12,4.283674463877134,True,True,,perf/incremental-yamada-frontier-order,1d8374f42cccbb16d78d44100a65ca603d7d1997,3.14.7,macOS-26.6.2-arm64-arm-64bit-Mach-O,arm,0.03132329205982387,0.1496715829707682,0.039643459022045135,0.010784416925162077,0.012460333993658423,0.02463212504517287,3.708398435264826e-05,0.012750209076330066,0.013441666960716248,0.0013838750310242176,0.05224496009759605,0.11516649997793138,0.0001852919813245535,0.16200579097494483,0.028789250063709915,0.19079504103865474,2.3292028345167637e-05,0.00015091709792613983,0.1439557500416413,0.3249506250722334,0.49157270789146423
4378,random_4375,random_cycle_chord,20260823,baseline,0,200,4,11,14,4.102367145952676,True,True,,perf/incremental-yamada-frontier-order,1d8374f42cccbb16d78d44100a65ca603d7d1997,3.14.7,macOS-26.6.2-arm64-arm-64bit-Mach-O,arm,0.034541542059741914,0.14810654206667095,0.019511166960000992,0.007672625011764467,0.008244124939665198,0.016265374957583845,2.9166927561163902e-05,0.008426957996562123,0.008648292045108974,0.0007385000353679061,0.03410829196218401,0.06956149998586625,7.404189091175795e-05,0.18730874999891967,0.012665292015299201,0.19997404201421887,2.3333006538450718e-05,8.862500544637442e-05,0.08222679200116545,0.2648748761275783,0.456495916005224
4379,random_4376,random_cycle_chord,20260823,baseline,0,200,3,9,11,5.399128354265581,True,True,,perf/incremental-yamada-frontier-order,1d8374f42cccbb16d78d44100a65ca603d7d1997,3.14.7,macOS-26.6.2-arm64-arm-64bit-Mach-O,arm,0.03550320793874562,0.15254345803987235,0.03140779200475663,0.007612750050611794,0.007315458031371236,0.015220875036902726,5.212496034801006e-05,0.05518083297647536,0.01821029104758054,0.0007047909311950207,0.08936891495250165,0.13573741703294218,0.00011191703379154205,0.2273734170012176,0.014296917011961341,0.24167033401317894,2.4708104319870472e-05,9.724998380988836e-05,0.15003433404490352,0.3380810000235215,0.5701015419326723
4380,random_4377,random_cycle_chord,20260823,crossing_rich,5,200,5,8,12,4.122012492608524,True,True,,perf/incremental-yamada-frontier-order,1d8374f42cccbb16d78d44100a65ca603d7d1997,3.14.7,macOS-26.6.2-arm64-arm-64bit-Mach-O,arm,0.031255624955520034,0.1587624999228865,0.04028616601135582,0.011201500077731907,0.012694166041910648,0.024994999985210598,3.754196222871542e-05,0.012927125091664493,0.013693958055227995,0.0013981249649077654,0.053051750059239566,0.11726962507236749,0.00016345898620784283,0.16453687497414649,0.028422041912563145,0.19295891688670963,2.5916029699146748e-05,0.00016233406495302916,0.14569166698493063,0.33570979186333716,0.5048373329918832
4381,random_4378,random_cycle_chord,20260823,crossing_rich,4,200,6,12,17,4.077800198044351,True,True,,perf/incremental-yamada-frontier-order,1d8374f42cccbb16d78d44100a65ca603d7d1997,3.14.7,macOS-26.6.2-arm64-arm-64bit-Mach-O,arm,0.04241558304056525,0.14869549998547882,0.04009874991606921,0.011065250029787421,0.012114583048969507,0.02382687502540648,4.712492227554321e-05,0.012349750031717122,0.013049709028564394,0.0014358749613165855,0.050709333969280124,0.11403070797678083,9.491702076047659e-05,0.22387404192704707,0.026320875040255487,0.25019491696730256,2.8125010430812836e-05,0.00015070801600813866,0.14035158301703632,0.3314626660430804,0.5598512080032378
4382,random_4379,random_cycle_chord,20260823,crossing_rich,2,200,4,8,11,6.585798622811028,True,True,,perf/incremental-yamada-frontier-order,1d8374f42cccbb16d78d44100a65ca603d7d1997,3.14.7,macOS-26.6.2-arm64-arm-64bit-Mach-O,arm,0.03895737510174513,0.14906295796390623,0.054863166995346546,0.008334499900229275,0.008594625047408044,0.016851707943715155,2.8665992431342602e-05,0.008720000041648746,0.009225458023138344,0.0009936250280588865,0.035819457028992474,0.10763824998866767,6.583298090845346e-05,0.14420616696588695,0.01786279201041907,0.16206895897630602,1.933402381837368e-05,0.00011404207907617092,0.12550104199908674,0.3135213750647381,0.4619180830195546
4383,random_4380,random_cycle_chord,20260823,crossing_rich,3,200,5,12,16,4.496809583707301,True,True,,perf/incremental-yamada-frontier-order,1d8374f42cccbb16d78d44100a65ca603d7d1997,3.14.7,macOS-26.6.2-arm64-arm-64bit-Mach-O,arm,0.04124583303928375,0.14859391597565264,0.04203450004570186,0.009623708087019622,0.01028775004670024,0.020242332946509123,4.9459049478173256e-05,0.010471333982422948,0.010869292076677084,0.0011445001000538468,0.042776918155141175,0.1047637090086937,9.420805145055056e-05,0.21103304193820804,0.020935499924235046,0.2319685418624431,2.3582950234413147e-05,0.0001271669752895832,0.12569920893292874,0.31553895794786513,0.5309202080825344
4384,random_4381,random_cycle_chord,20260823,baseline,0,200,3,10,12,5.626377277020843,True,True,,perf/incremental-yamada-frontier-order,1d8374f42cccbb16d78d44100a65ca603d7d1997,3.14.7,macOS-26.6.2-arm64-arm-64bit-Mach-O,arm,0.0357762910425663,0.1479700420750305,0.0313179160002619,0.006537250010296702,0.0066085829166695476,0.012948459014296532,2.1832995116710663e-05,0.006736624985933304,0.006926291971467435,0.0005589170614257455,0.027192126028239727,0.07167454203590751,6.354192737489939e-05,0.14340900001116097,0.008365999907255173,0.15177499991841614,1.366704236716032e-05,6.116600707173347e-05,0.08004054194316268,0.2637868750607595,0.4111972500104457
4385,random_4382,random_cycle_chord,20260823,crossing_rich,6,200,6,13,18,4.356743599547714,True,True,,perf/incremental-yamada-frontier-order,1d8374f42cccbb16d78d44100a65ca603d7d1997,3.14.7,macOS-26.6.2-arm64-arm-64bit-Mach-O,arm,0.04594158299732953,0.14853191701695323,0.04991754097864032,0.014675042009912431,0.014091084012761712,0.027766167069785297,6.391608621925116e-05,0.01425208302680403,0.014928249991498888,0.0016122079687193036,0.05862262414302677,0.13735791703220457,0.0001004999503493309,0.24430366698652506,0.03432312502991408,0.27862679201643914,2.8665992431342602e-05,0.00017216603737324476,0.17168104206211865,0.3661545420764014,0.615287416963838
4386,random_4383,random_cycle_chord,20260823,crossing_rich,5,200,5,8,12,4.241088905675078,True,True,,perf/incremental-yamada-frontier-order,1d8374f42cccbb16d78d44100a65ca603d7d1997,3.14.7,macOS-26.6.2-arm64-arm-64bit-Mach-O,arm,0.03058070898987353,0.14888616697862744,0.03444075002335012,0.010756875039078295,0.01250379194971174,0.02475208300165832,3.729201853275299e-05,0.012771750101819634,0.013476791908033192,0.001361000002361834,0.052398917032405734,0.11013445793651044,0.00015829107724130154,0.259364458033815,0.025308458949439228,0.28467291698325425,2.404197584837675e-05,0.00014233298134058714,0.13544291688594967,0.31490979285445064,0.5783783750375733
4387,random_4384,random_cycle_chord,20260823,crossing_rich,3,200,5,10,14,5.599186648887857,True,True,,perf/incremental-yamada-frontier-order,1d8374f42cccbb16d78d44100a65ca603d7d1997,3.14.7,macOS-26.6.2-arm64-arm-64bit-Mach-O,arm,0.04257112496998161,0.1492106249788776,0.051758249988779426,0.009451000019907951,0.010149333975277841,0.01991216593887657,3.724999260157347e-05,0.010384791996330023,0.010977083002217114,0.0011965829180553555,0.042507873848080635,0.11389933305326849,8.587492629885674e-05,0.18482283398043364,0.021970166941173375,0.20679300092160702,2.2959080524742603e-05,0.0001300419680774212,0.13586949999444187,0.3276512499433011,0.5168200000189245
4388,random_4385,random_cycle_chord,20260823,crossing_rich,3,200,5,10,14,5.6266411038981765,True,True,,perf/incremental-yamada-frontier-order,1d8374f42cccbb16d78d44100a65ca603d7d1997,3.14.7,macOS-26.6.2-arm64-arm-64bit-Mach-O,arm,0.042798333102837205,0.14901712501887232,0.05399695795495063,0.00941195897758007,0.010173958027735353,0.020019083051010966,3.716710489243269e-05,0.01040258293505758,0.010890375007875264,0.0011677499860525131,0.042516958084888756,0.11613329197280109,9.504205081611872e-05,0.18406304204836488,0.02140845893882215,0.20547150098718703,2.3082946427166462e-05,0.00012504193000495434,0.13754175091162324,0.32935720903333277,0.5177511669462547
4389,random_4386,random_cycle_chord,20260823,crossing_rich,6,200,6,11,16,5.222480865298031,True,True,,perf/incremental-yamada-frontier-order,1d8374f42cccbb16d78d44100a65ca603d7d1997,3.14.7,macOS-26.6.2-arm64-arm-64bit-Mach-O,arm,0.04581729101482779,0.15651724999770522,0.05353449995163828,0.011830916977487504,0.013415541965514421,0.026420250069350004,5.5875047110021114e-05,0.013677874929271638,0.014436041936278343,0.0017084999708458781,0.056298541952855885,0.13512949994765222,0.000100292032584548,0.22321162500884384,0.03447249997407198,0.2576841249829158,3.0249939300119877e-05,0.0001876250607892871,0.1696019999217242,0.3719365409342572,0.6000455419998616
4390,random_4387,random_cycle_chord,20260823,crossing_rich,2,200,4,9,12,5.84199221185961,True,True,,perf/incremental-yamada-frontier-order,1d8374f42cccbb16d78d44100a65ca603d7d1997,3.14.7,macOS-26.6.2-arm64-arm-64bit-Mach-O,arm,0.04066225001588464,0.15760637493804097,0.05120204109698534,0.008870832971297204,0.009208083967678249,0.01808745798189193,3.158394247293472e-05,0.009400874958373606,0.00990766694303602,0.0010105000110343099,0.0384380838368088,0.1077476249774918,7.945799734443426e-05,0.170462750014849,0.017787582939490676,0.18825033295433968,1.9833911210298538e-05,0.00011879100929945707,0.12553520791698247,0.3238038328709081,0.49874708300922066
4391,random_4388,random_cycle_chord,20260823,baseline,0,200,3,11,13,4.049565572819264,True,True,,perf/incremental-yamada-frontier-order,1d8374f42cccbb16d78d44100a65ca603d7d1997,3.14.7,macOS-26.6.2-arm64-arm-64bit-Mach-O,arm,0.03509445791132748,0.16006070899311453,0.01958729198668152,0.007464041002094746,0.00733162509277463,0.014899416011758149,2.287491224706173e-05,0.007531416951678693,0.007790874922648072,0.000584124936722219,0.030828707735054195,0.06523208401631564,7.42500415071845e-05,0.18326295795850456,0.009132666047662497,0.19239562400616705,1.529103610664606e-05,7.462501525878906e-05,0.07436475006397814,0.26951991696842015,0.45715045800898224
4392,random_4389,random_cycle_chord,20260823,crossing_rich,5,200,6,12,17,4.4796791163942,True,True,,perf/incremental-yamada-frontier-order,1d8374f42cccbb16d78d44100a65ca603d7d1997,3.14.7,macOS-26.6.2-arm64-arm-64bit-Mach-O,arm,0.04763699998147786,0.16137591702863574,0.046215540962293744,0.012620916008017957,0.014211750007234514,0.028227790957316756,6.324995774775743e-05,0.014685000060126185,0.015181208960711956,0.001592291984707117,0.05974954192060977,0.1328510419698432,0.00010299996938556433,0.35332787490915507,0.03786833398044109,0.39119620888959616,2.9833056032657623e-05,0.00016850000247359276,0.1707193759502843,0.3797322929603979,0.7371504590846598
4393,random_4390,random_cycle_chord,20260823,baseline,0,200,3,9,11,5.419940110014925,True,True,,perf/incremental-yamada-frontier-order,1d8374f42cccbb16d78d44100a65ca603d7d1997,3.14.7,macOS-26.6.2-arm64-arm-64bit-Mach-O,arm,0.035029416903853416,0.16146441700402647,0.03228308307006955,0.007975540938787162,0.007646624930202961,0.014528832980431616,4.0209037251770496e-05,0.007688833051361144,0.007714208099059761,0.0005964169977232814,0.030568500165827572,0.07849987503141165,7.720792200416327e-05,0.15350479108747095,0.00938595796469599,0.16289074905216694,1.5332945622503757e-05,7.791700772941113e-05,0.08788583299610764,0.2843796669039875,0.4422713329549879
4394,random_4391,random_cycle_chord,20260823,crossing_rich,5,200,5,8,12,4.142950008785788,True,True,,perf/incremental-yamada-frontier-order,1d8374f42cccbb16d78d44100a65ca603d7d1997,3.14.7,macOS-26.6.2-arm64-arm-64bit-Mach-O,arm,0.032876000041142106,0.1581292919581756,0.042655750061385334,0.01164041692391038,0.01331095804926008,0.026257833000272512,3.9375037886202335e-05,0.013585499953478575,0.014416209072805941,0.0014997499529272318,0.05579866701737046,0.12344141700305045,0.00017008301801979542,0.174574707983993,0.030346833053044975,0.20492154103703797,2.5541987270116806e-05,0.00016612501349300146,0.15378825005609542,0.3447935420554131,0.5244101249845698
4395,random_4392,random_cycle_chord,20260823,baseline,0,200,3,9,11,5.386204032947699,True,True,,perf/incremental-yamada-frontier-order,1d8374f42cccbb16d78d44100a65ca603d7d1997,3.14.7,macOS-26.6.2-arm64-arm-64bit-Mach-O,arm,0.03463900007773191,0.15554779197555035,0.0311489999294281,0.006991417030803859,0.007226709043607116,0.014257167000323534,2.2249994799494743e-05,0.007378624984994531,0.00755883299279958,0.000554208061657846,0.029771083034574986,0.07515829103067517,6.070896051824093e-05,0.14723612496163696,0.008746749954298139,0.1559828749159351,1.4124903827905655e-05,6.770796608179808e-05,0.08390504098497331,0.2740918330382556,0.4254918750375509
4396,random_4393,random_cycle_chord,20260823,crossing_rich,2,200,4,8,11,6.598503322847583,True,True,,perf/incremental-yamada-frontier-order,1d8374f42cccbb16d78d44100a65ca603d7d1997,3.14.7,macOS-26.6.2-arm64-arm-64bit-Mach-O,arm,0.04054854193236679,0.15136429201811552,0.05467541597317904,0.008307749987579882,0.008739833952859044,0.017254458041861653,2.9542017728090286e-05,0.008904416928999126,0.009407958015799522,0.0009415419772267342,0.036537916981615126,0.10828733304515481,6.683298852294683e-05,0.14541141700465232,0.01626466598827392,0.16167608299292624,1.837499439716339e-05,0.0001051250146701932,0.12455199903342873,0.31646483298391104,0.4660631249425933
4397,random_4394,random_cycle_chord,20260823,baseline,0,200,3,8,10,6.142552786730116,True,True,,perf/incremental-yamada-frontier-order,1d8374f42cccbb16d78d44100a65ca603d7d1997,3.14.7,macOS-26.6.2-arm64-arm-64bit-Mach-O,arm,0.03290574997663498,0.1484184170840308,0.031719708000309765,0.006598791922442615,0.006731832982040942,0.01327949995175004,2.174999099224806e-05,0.00685250002425164,0.007040999946184456,0.0005674159619957209,0.027762165875174105,0.07283129205461591,5.5042095482349396e-05,0.1288452090229839,0.009043541038408875,0.13788875006139278,1.3791956007480621e-05,6.904103793203831e-05,0.08187483309302479,0.2631990001536906,0.3960475829662755
4398,random_4395,random_cycle_chord,20260823,baseline,0,200,3,9,11,5.408193497936075,True,True,,perf/incremental-yamada-frontier-order,1d8374f42cccbb16d78d44100a65ca603d7d1997,3.14.7,macOS-26.6.2-arm64-arm-64bit-Mach-O,arm,0.0325256249634549,0.1480344160227105,0.02510600001551211,0.006521124974824488,0.006639957893639803,0.013137541012838483,2.1707965061068535e-05,0.006811292027123272,0.006963582942262292,0.0005293330177664757,0.02746345696505159,0.0657490830635652,5.945796146988869e-05,0.14269458397757262,0.008392499992623925,0.15108708397019655,1.3708020560443401e-05,6.587500683963299e-05,0.07414158305618912,0.2547016240423545,0.4014294589869678
4399,random_4396,random_cycle_chord,20260823,baseline,0,200,3,11,13,5.226045981389149,True,True,,perf/incremental-yamada-frontier-order,1d8374f42cccbb16d78d44100a65ca603d7d1997,3.14.7,macOS-26.6.2-arm64-arm-64bit-Mach-O,arm,0.036925500025972724,0.14943412493448704,0.027017166023142636,0.006404499989002943,0.0065923749934881926,0.01297162496484816,2.1290965378284454e-05,0.006731541943736374,0.006908208946697414,0.0005305829690769315,0.027163249789737165,0.0671962919877842,7.229100447148085e-05,0.16625579097308218,0.00854183395858854,0.17479762493167073,1.3625016435980797e-05,6.491702515631914e-05,0.07573812594637275,0.2620977509068325,0.43236391607206315
4400,random_4397,random_cycle_chord,20260823,baseline,0,200,3,9,11,5.377672589740833,True,True,,perf/incremental-yamada-frontier-order,1d8374f42cccbb16d78d44100a65ca603d7d1997,3.14.7,macOS-26.6.2-arm64-arm-64bit-Mach-O,arm,0.032379208016209304,0.15756891702767462,0.026059624971821904,0.006588625023141503,0.006358624901622534,0.012465458014048636,2.0542065612971783e-05,0.006486041937023401,0.006701208068989217,0.0005479160463437438,0.02622116613201797,0.0652472919318825,6.112491246312857e-05,0.14184883295092732,0.008776415954343975,0.1506252489052713,1.6291975043714046e-05,7.508299313485622e-05,0.07402370788622648,0.2639718329301104,0.40993629198055714
4401,random_4398,random_cycle_chord,20260823,crossing_rich,2,200,4,10,13,5.619625606967712,True,True,,perf/incremental-yamada-frontier-order,1d8374f42cccbb16d78d44100a65ca603d7d1997,3.14.7,macOS-26.6.2-arm64-arm-64bit-Mach-O,arm,0.03951595793478191,0.14819237508345395,0.04770904197357595,0.008197957999072969,0.008472416084259748,0.016683083027601242,2.970895729959011e-05,0.008620708016678691,0.0090410829288885,0.0009328750893473625,0.035307458019815385,0.09971566696185619,8.20419518277049e-05,0.17065904196351767,0.016801209072582424,0.1874602510361001,2.174999099224806e-05,0.0001057089539244771,0.11651687603443861,0.3042252090526745,0.4790698339929804
4402,random_4399,random_cycle_chord,20260823,crossing_rich,5,200,6,11,16,4.6840255421906685,True,True,,perf/incremental-yamada-frontier-order,1d8374f42cccbb16d78d44100a65ca603d7d1997,3.14.7,macOS-26.6.2-arm64-arm-64bit-Mach-O,arm,0.04253025003708899,0.14841758296824992,0.0430230830097571,0.011475584004074335,0.013165833079256117,0.025887500029057264,4.6874978579580784e-05,0.01330133294686675,0.014105207985267043,0.0014990420313552022,0.05483995797112584,0.12254820798989385,9.20839374884963e-05,0.21613333304412663,0.029790958971716464,0.2459242920158431,2.8291018679738045e-05,0.00015970796812325716,0.15233916696161032,0.3432869999669492,0.564468500087969
4403,random_4400,random_cycle_chord,20260823,baseline,0,200,4,11,14,4.093484727213966,True,True,,perf/incremental-yamada-frontier-order,1d8374f42cccbb16d78d44100a65ca603d7d1997,3.14.7,macOS-26.6.2-arm64-arm-64bit-Mach-O,arm,0.03494383301585913,0.14916350005660206,0.020526374923065305,0.00795645802281797,0.00876499991863966,0.017309917020611465,2.8832932002842426e-05,0.008945457986555994,0.009172374964691699,0.0007092920131981373,0.03616587491706014,0.07344079203903675,7.500010542571545e-05,0.1871014580829069,0.010816500056535006,0.1979179581394419,1.8583028577268124e-05,7.979199290275574e-05,0.08425729209557176,0.26836462516803294,0.45970583299640566
4404,random_4401,random_cycle_chord,20260823,crossing_rich,5,200,5,8,12,4.225249127893147,True,True,,perf/incremental-yamada-frontier-order,1d8374f42cccbb16d78d44100a65ca603d7d1997,3.14.7,macOS-26.6.2-arm64-arm-64bit-Mach-O,arm,0.031532624969258904,0.1541320839896798,0.04070312494877726,0.011136707966215909,0.013069832930341363,0.026031457935459912,4.025001544505358e-05,0.013737958041019738,0.014449791051447392,0.0014532499480992556,0.05571270699147135,0.12065749999601394,0.00020725000649690628,0.17291116598062217,0.030652874964289367,0.20356404094491154,2.5084009394049644e-05,0.00016033300198614597,0.1513103749603033,0.336975083919242,0.5148157080402598
4405,random_4402,random_cycle_chord,20260823,baseline,0,200,3,11,13,4.058374019366954,True,True,,perf/incremental-yamada-frontier-order,1d8374f42cccbb16d78d44100a65ca603d7d1997,3.14.7,macOS-26.6.2-arm64-arm-64bit-Mach-O,arm,0.03445533395279199,0.15897987503558397,0.018994208076037467,0.007048750063404441,0.006888957927003503,0.013560749939642847,2.283393405377865e-05,0.007038958021439612,0.007260833051986992,0.0005881249671801925,0.028471499914303422,0.06142404105048627,7.037504110485315e-05,0.1836939170025289,0.009523916989564896,0.1932178339920938,1.6208970919251442e-05,7.783400360494852e-05,0.07094795804005116,0.2643831670284271,0.4524823749670759
4406,random_4403,random_cycle_chord,20260823,baseline,0,200,4,14,17,4.2914131375809115,True,True,,perf/incremental-yamada-frontier-order,1d8374f42cccbb16d78d44100a65ca603d7d1997,3.14.7,macOS-26.6.2-arm64-arm-64bit-Mach-O,arm,0.04714554199017584,0.16186641703825444,0.024357749964110553,0.008579917019233108,0.009167208918370306,0.017972250003367662,3.129197284579277e-05,0.009125125012360513,0.009671000065281987,0.0008181669982150197,0.037617834052070975,0.07975229097064584,0.0001277080737054348,0.23750133404973894,0.011414167005568743,0.2489155010553077,2.0666979253292084e-05,9.095901623368263e-05,0.09116645797621459,0.30017841700464487,0.542228167061694
4407,random_4404,random_cycle_chord,20260823,crossing_rich,4,200,5,8,12,6.583807330455498,True,True,,perf/incremental-yamada-frontier-order,1d8374f42cccbb16d78d44100a65ca603d7d1997,3.14.7,macOS-26.6.2-arm64-arm-64bit-Mach-O,arm,0.0471135419793427,0.16113791696261615,0.07217083394061774,0.01062962505966425,0.011381917051039636,0.022366916062310338,3.91670037060976e-05,0.011563749983906746,0.012494249967858195,0.0015411670319736004,0.04800525004975498,0.14222279202658683,0.0001717910636216402,0.17205220798496157,0.029828792088665068,0.20188100007362664,2.5124987587332726e-05,0.0001705000177025795,0.1720515841152519,0.38030304305721074,0.5571717080892995
4408,random_4405,random_cycle_chord,20260823,baseline,0,200,3,10,12,4.63962658126116,True,True,,perf/incremental-yamada-frontier-order,1d8374f42cccbb16d78d44100a65ca603d7d1997,3.14.7,macOS-26.6.2-arm64-arm-64bit-Mach-O,arm,0.033573416993021965,0.1581505419453606,0.02212154201697558,0.007154874969273806,0.007263124920427799,0.014280583942309022,2.2459076717495918e-05,0.00743899994995445,0.007614790927618742,0.0005808330606669188,0.02993766695726663,0.06649737502448261,7.233303040266037e-05,0.15295162505935878,0.008683499996550381,0.16163512505590916,1.4874967746436596e-05,7.183302659541368e-05,0.07518087502103299,0.26690483395941556,0.4241776670096442
4409,random_4406,random_cycle_chord,20260823,crossing_rich,2,200,4,8,11,6.592995357788105,True,True,,perf/incremental-yamada-frontier-order,1d8374f42cccbb16d78d44100a65ca603d7d1997,3.14.7,macOS-26.6.2-arm64-arm-64bit-Mach-O,arm,0.041594999958761036,0.1555874589830637,0.0558151250006631,0.008560499991290271,0.009053874993696809,0.017920541926287115,3.333296626806259e-05,0.009265709086321294,0.009680000017397106,0.0009870000649243593,0.03788658406119794,0.11134583305101842,7.058295886963606e-05,0.15099562495015562,0.01772687491029501,0.16872249986045063,1.950003206729889e-05,0.00010841700714081526,0.12907270796131343,0.32625516690313816,0.4815927919698879
4410,random_4407,random_cycle_chord,20260823,crossing_rich,6,200,6,11,16,5.222680814005382,True,True,,perf/incremental-yamada-frontier-order,1d8374f42cccbb16d78d44100a65ca603d7d1997,3.14.7,macOS-26.6.2-arm64-arm-64bit-Mach-O,arm,0.04799720901064575,0.15253941691480577,0.053257000050507486,0.01178299996536225,0.013476249994710088,0.026535999961197376,4.7042034566402435e-05,0.013738708919845521,0.014571917010471225,0.0016441670013591647,0.05653783492743969,0.1350964589510113,9.39579913392663e-05,0.21889608295168728,0.034186917007900774,0.25308299995958805,2.9666931368410587e-05,0.00017262494657188654,0.16928337595891207,0.3698200018843636,0.5935467079980299
4411,random_4408,random_cycle_chord,20260823,crossing_rich,5,200,5,8,12,4.195739350358618,True,True,,perf/incremental-yamada-frontier-order,1d8374f42cccbb16d78d44100a65ca603d7d1997,3.14.7,macOS-26.6.2-arm64-arm-64bit-Mach-O,arm,0.031006624922156334,0.15035358304157853,0.039489208022132516,0.010867416043765843,0.01250983402132988,0.02471974992658943,3.708305303007364e-05,0.012772000045515597,0.013471791986376047,0.0013800420565530658,0.05238066706806421,0.11528074997477233,0.0001568750012665987,0.16605224995873868,0.029240333009511232,0.19529258296824992,2.4625100195407867e-05,0.0001557499635964632,0.14452108298428357,0.32588129094801843,0.4963802919955924
4412,random_4409,random_cycle_chord,20260823,crossing_rich,4,200,5,9,13,6.075224864109966,True,True,,perf/incremental-yamada-frontier-order,1d8374f42cccbb16d78d44100a65ca603d7d1997,3.14.7,macOS-26.6.2-arm64-arm-64bit-Mach-O,arm,0.044178874930366874,0.15330300002824515,0.05727916595060378,0.010008957935497165,0.011358125018887222,0.02239270810969174,3.741704858839512e-05,0.011556708021089435,0.01224087504670024,0.0012716669589281082,0.047499375184997916,0.12617945799138397,7.933401502668858e-05,0.1764238749165088,0.02463887503836304,0.20106274995487183,3.204203676432371e-05,0.0001514999894425273,0.150818333029747,0.34830020798835903,0.5292383750202134
4413,random_4410,random_cycle_chord,20260823,crossing_rich,5,200,5,8,12,4.140008226449203,True,True,,perf/incremental-yamada-frontier-order,1d8374f42cccbb16d78d44100a65ca603d7d1997,3.14.7,macOS-26.6.2-arm64-arm-64bit-Mach-O,arm,0.03262037492822856,0.1716390420915559,0.10084800003096461,0.015034167096018791,0.015285500092431903,0.02894958306569606,5.920790135860443e-05,0.014708540984429419,0.015485625015571713,0.0015968329971656203,0.06079978996422142,0.19201608397997916,0.00022591708693653345,0.18296912498772144,0.031036874977871776,0.21400599996559322,3.0832947231829166e-05,0.00018758291844278574,0.22305295895785093,0.4273123759776354,0.615739208064042
4414,random_4411,random_cycle_chord,20260823,crossing_rich,2,200,4,8,11,6.4334828746172965,True,True,,perf/incremental-yamada-frontier-order,1d8374f42cccbb16d78d44100a65ca603d7d1997,3.14.7,macOS-26.6.2-arm64-arm-64bit-Mach-O,arm,0.042804041993804276,0.1628645840100944,0.0642029169248417,0.009400791022926569,0.009824917069636285,0.019248584052547812,3.516697324812412e-05,0.010029583005234599,0.010212082997895777,0.0009374589426442981,0.04046287597157061,0.12392454198561609,7.137504871934652e-05,0.15831616602372378,0.016114708967506886,0.17443087499123067,2.1666986867785454e-05,0.00011779193300753832,0.14003925095312297,0.34570787695702165,0.5085156250279397
4415,random_4412,random_cycle_chord,20260823,baseline,0,200,3,14,16,4.288361608448277,True,True,,perf/incremental-yamada-frontier-order,1d8374f42cccbb16d78d44100a65ca603d7d1997,3.14.7,macOS-26.6.2-arm64-arm-64bit-Mach-O,arm,0.04379345802590251,0.16006933292374015,0.02305620803963393,0.007588875014334917,0.007293917005881667,0.014456250006332994,2.2875028662383556e-05,0.007497875019907951,0.007654332905076444,0.0005851660389453173,0.03021649899892509,0.06817604193929583,7.883401121944189e-05,0.2229306660592556,0.009149582940153778,0.23208024899940938,1.5625031664967537e-05,8.13750084489584e-05,0.0773256248794496,0.28118841582909226,0.5085127499187365
4416,random_4413,random_cycle_chord,20260823,crossing_rich,4,200,5,10,14,5.619855308685259,True,True,,perf/incremental-yamada-frontier-order,1d8374f42cccbb16d78d44100a65ca603d7d1997,3.14.7,macOS-26.6.2-arm64-arm-64bit-Mach-O,arm,0.04647691606078297,0.16042441606987268,0.056300916941836476,0.01064245798625052,0.011501792003400624,0.022772332886233926,4.2791012674570084e-05,0.011837332975119352,0.012465709005482495,0.0013703330187126994,0.04848849889822304,0.1269724159501493,9.216705802828074e-05,0.1849010830046609,0.026675625005736947,0.21157670801039785,2.529192715883255e-05,0.00015204190276563168,0.15364804095588624,0.3605493730865419,0.5503101659705862
4417,random_4414,random_cycle_chord,20260823,baseline,0,200,3,9,11,5.349508308526058,True,True,,perf/incremental-yamada-frontier-order,1d8374f42cccbb16d78d44100a65ca603d7d1997,3.14.7,macOS-26.6.2-arm64-arm-64bit-Mach-O,arm,0.03422262496314943,0.15612999990116805,0.02568620804231614,0.006660250015556812,0.0066212499514222145,0.013073333888314664,2.2458028979599476e-05,0.006779541959986091,0.007028667023405433,0.0006188750267028809,0.027522875927388668,0.06651029200293124,6.029102951288223e-05,0.14764458301942796,0.010007958975620568,0.15765254199504852,1.4416989870369434e-05,7.49579630792141e-05,0.0765182509785518,0.2668708758428693,0.4186759580625221
4418,random_4415,random_cycle_chord,20260823,crossing_rich,5,200,5,8,12,4.249133663321192,True,True,,perf/incremental-yamada-frontier-order,1d8374f42cccbb16d78d44100a65ca603d7d1997,3.14.7,macOS-26.6.2-arm64-arm-64bit-Mach-O,arm,0.03193824994377792,0.15274383395444602,0.03599058405961841,0.011129708029329777,0.012872332939878106,0.02548208402004093,3.862509038299322e-05,0.01319037505891174,0.013907833024859428,0.0013882500352337956,0.05400716722942889,0.11403337505180389,0.00019591604359447956,0.16577812493778765,0.028267459012567997,0.19404558395035565,2.475001383572817e-05,0.00015670806169509888,0.14230083406437188,0.3269829179625958,0.4974211249500513
4419,random_4416,random_cycle_chord,20260823,baseline,0,200,3,8,10,6.160636626143159,True,True,,perf/incremental-yamada-frontier-order,1d8374f42cccbb16d78d44100a65ca603d7d1997,3.14.7,macOS-26.6.2-arm64-arm-64bit-Mach-O,arm,0.03387987497262657,0.15162812499329448,0.03447816602420062,0.006681917002424598,0.006758915958926082,0.013355667004361749,2.2458028979599476e-05,0.006926041096448898,0.0070926250191405416,0.0005414580227807164,0.027938249171711504,0.07587675005197525,5.9165991842746735e-05,0.1321539580821991,0.008824625052511692,0.1409785831347108,2.0749983377754688e-05,6.88750296831131e-05,0.08470137510448694,0.270209375070408,0.4064686669735238
4420,random_4417,random_cycle_chord,20260823,baseline,0,200,3,10,12,4.673504682628018,True,True,,perf/incremental-yamada-frontier-order,1d8374f42cccbb16d78d44100a65ca603d7d1997,3.14.7,macOS-26.6.2-arm64-arm-64bit-Mach-O,arm,0.03223266697023064,0.16996216599363834,0.02111387497279793,0.006715749972499907,0.006542124901898205,0.012903250055387616,2.1583051420748234e-05,0.006709458073601127,0.006853125058114529,0.0005745829548686743,0.027061999193392694,0.06145354104228318,6.679107900708914e-05,0.14298345893621445,0.00912054197397083,0.15210400091018528,1.6249949112534523e-05,7.583398837596178e-05,0.07057408301625401,0.272768915980123,0.41992258303798735
4421,random_4418,random_cycle_chord,20260823,baseline,0,200,3,10,12,4.67625219148102,True,True,,perf/incremental-yamada-frontier-order,1d8374f42cccbb16d78d44100a65ca603d7d1997,3.14.7,macOS-26.6.2-arm64-arm-64bit-Mach-O,arm,0.03139558306429535,0.15310975001193583,0.022390333004295826,0.0067726250272244215,0.007098208065144718,0.014054875005967915,2.166605554521084e-05,0.007228040951304138,0.007439209031872451,0.0005266249645501375,0.029270416009239852,0.06555012497119606,6.762496195733547e-05,0.1541317499941215,0.008083541062660515,0.162215291056782,1.3750046491622925e-05,6.470899097621441e-05,0.07363366603385657,0.25813899911008775,0.4163000420667231
4422,random_4419,random_cycle_chord,20260823,crossing_rich,4,200,5,10,14,5.416087420233951,True,True,,perf/incremental-yamada-frontier-order,1d8374f42cccbb16d78d44100a65ca603d7d1997,3.14.7,macOS-26.6.2-arm64-arm-64bit-Mach-O,arm,0.041464915964752436,0.14892458403483033,0.056954207946546376,0.009949582978151739,0.011168499942868948,0.02209499990567565,3.829202614724636e-05,0.011423874995671213,0.012047584052197635,0.001291458960622549,0.04689620994031429,0.12500329199247062,8.395803160965443e-05,0.26468762499280274,0.03449895791709423,0.29918658290989697,2.350006252527237e-05,0.00014000001829117537,0.15950224990956485,0.3498917499091476,0.6183214160846546
4423,random_4420,random_cycle_chord,20260823,crossing_rich,3,200,4,8,11,4.242091551968026,True,True,,perf/incremental-yamada-frontier-order,1d8374f42cccbb16d78d44100a65ca603d7d1997,3.14.7,macOS-26.6.2-arm64-arm-64bit-Mach-O,arm,0.02774012496229261,0.1489997919416055,0.04178170801606029,0.009270958020351827,0.010200665914453566,0.02016137505415827,2.9792077839374542e-05,0.010329082957468927,0.010785666992887855,0.0009311659960076213,0.04223708307836205,0.1035168340895325,6.954197306185961e-05,0.15018387499731034,0.01785908406600356,0.1680429590633139,2.216699067503214e-05,0.00011733302380889654,0.12137591815553606,0.2981158350594342,0.4528521249303594
4424,random_4421,random_cycle_chord,20260823,crossing_rich,2,200,4,9,12,5.987465730520256,True,True,,perf/incremental-yamada-frontier-order,1d8374f42cccbb16d78d44100a65ca603d7d1997,3.14.7,macOS-26.6.2-arm64-arm-64bit-Mach-O,arm,0.04198400001041591,0.15899687504861504,0.051712666056118906,0.008997833007015288,0.00944054196588695,0.018624500022269785,3.2374984584748745e-05,0.009813416982069612,0.01045150007121265,0.0010254580993205309,0.039947250159457326,0.11012674996163696,8.458294905722141e-05,0.1697330839233473,0.018414708087220788,0.18814779201056808,2.1249987185001373e-05,0.00011766701936721802,0.12854145804885775,0.3295223331078887,0.5037044580094516
4425,random_4422,random_cycle_chord,20260823,crossing_rich,3,200,4,8,11,4.193868750348924,True,True,,perf/incremental-yamada-frontier-order,1d8374f42cccbb16d78d44100a65ca603d7d1997,3.14.7,macOS-26.6.2-arm64-arm-64bit-Mach-O,arm,0.03055795794352889,0.16076108301058412,0.039007917046546936,0.009932625107467175,0.010723582934588194,0.021630250033922493,3.1708041206002235e-05,0.011227000039070845,0.011512790923006833,0.001022457960061729,0.0454242069972679,0.10511770797893405,7.820897735655308e-05,0.15958733297884464,0.020435124984942377,0.18002245796378702,2.1332991309463978e-05,0.00012450001668184996,0.12555283296387643,0.31687187391798943,0.48124120803549886
4426,random_4423,random_cycle_chord,20260823,crossing_rich,4,200,5,8,12,6.602604756552498,True,True,,perf/incremental-yamada-frontier-order,1d8374f42cccbb16d78d44100a65ca603d7d1997,3.14.7,macOS-26.6.2-arm64-arm-64bit-Mach-O,arm,0.04788837500382215,0.2208351669833064,0.07454870804212987,0.011152249993756413,0.012058915919624269,0.023668207926675677,4.145794082432985e-05,0.011995083070360124,0.012923084083013237,0.0016235420480370522,0.05025137506891042,0.14804745907895267,0.00017383403610438108,0.18086087505798787,0.03178645798470825,0.21264733304269612,2.850010059773922e-05,0.00018720794469118118,0.17983391706366092,0.4485574590507895,0.634582957951352
4427,random_4424,random_cycle_chord,20260823,crossing_rich,5,200,5,8,12,4.175021993983829,True,True,,perf/incremental-yamada-frontier-order,1d8374f42cccbb16d78d44100a65ca603d7d1997,3.14.7,macOS-26.6.2-arm64-arm-64bit-Mach-O,arm,0.033865417004562914,0.16331879200879484,0.04847833304665983,0.012130084098316729,0.013765666051767766,0.026842250023037195,4.183303099125624e-05,0.014118166989646852,0.014630750054493546,0.001460583065636456,0.057093583163805306,0.13150295894593,0.0001747499918565154,0.2856024169595912,0.028081999975256622,0.31368441693484783,2.762500662356615e-05,0.00016262498684227467,0.15958495892118663,0.3567691679345444,0.6470891250064597
4428,random_4425,random_cycle_chord,20260823,baseline,0,200,3,9,11,5.400830087229731,True,True,,perf/incremental-yamada-frontier-order,1d8374f42cccbb16d78d44100a65ca603d7d1997,3.14.7,macOS-26.6.2-arm64-arm-64bit-Mach-O,arm,0.03531333396676928,0.16011483396869153,0.029906292096711695,0.0073632089188322425,0.007428999990224838,0.014611165970563889,2.320797648280859e-05,0.007608082960359752,0.0077552079455927014,0.0005846250569447875,0.030582289909943938,0.07530066696926951,6.700004450976849e-05,0.15220504207536578,0.009473750018514693,0.16167879209388047,1.5584053471684456e-05,7.645797450095415e-05,0.0847744169877842,0.280202584923245,0.4367925419937819
4429,random_4426,random_cycle_chord,20260823,crossing_rich,3,200,4,10,13,5.623987816113527,True,True,,perf/incremental-yamada-frontier-order,1d8374f42cccbb16d78d44100a65ca603d7d1997,3.14.7,macOS-26.6.2-arm64-arm-64bit-Mach-O,arm,0.04236466600559652,0.15925433300435543,0.05250695801805705,0.009498000028543174,0.010201999917626381,0.020110458019189537,3.170897252857685e-05,0.010386875015683472,0.01091204199474305,0.0010621669935062528,0.04250325099565089,0.11473870906047523,7.937499321997166e-05,0.18277050007600337,0.02029650006443262,0.203067000140436,2.0958948880434036e-05,0.00012433400843292475,0.13503520912490785,0.3366542081348598,0.5241768329869956
4430,random_4427,random_cycle_chord,20260823,crossing_rich,5,200,6,11,16,4.670770606368236,True,True,,perf/incremental-yamada-frontier-order,1d8374f42cccbb16d78d44100a65ca603d7d1997,3.14.7,macOS-26.6.2-arm64-arm-64bit-Mach-O,arm,0.04489279200788587,0.15786904096603394,0.04927499999757856,0.012459457968361676,0.014091958990320563,0.0276047500083223,5.083298310637474e-05,0.01484324992634356,0.01573133294004947,0.0017344580264762044,0.05996462388429791,0.1358395420247689,0.0001331660896539688,0.3062645000172779,0.03674108302220702,0.3430055830394849,4.9875001423060894e-05,0.000202624942176044,0.1725806250469759,0.3753424580208957,0.6868889159522951
4431,random_4428,random_cycle_chord,20260823,baseline,0,200,3,9,11,5.352451033644812,True,True,,perf/incremental-yamada-frontier-order,1d8374f42cccbb16d78d44100a65ca603d7d1997,3.14.7,macOS-26.6.2-arm64-arm-64bit-Mach-O,arm,0.04034270893316716,0.21136462490539998,0.029258041991852224,0.007977749919518828,0.0076387920416891575,0.015083167003467679,2.9624905437231064e-05,0.007829000009223819,0.008042292087338865,0.000614333082921803,0.0315984170883894,0.07649424998089671,8.045800495892763e-05,0.16222737508360296,0.009614040958695114,0.17184141604229808,1.5916069969534874e-05,8.849997539073229e-05,0.08610829093959183,0.33781562477815896,0.5051545830210671
4432,random_4429,random_cycle_chord,20260823,baseline,0,200,3,8,10,6.1065808956839565,True,True,,perf/incremental-yamada-frontier-order,1d8374f42cccbb16d78d44100a65ca603d7d1997,3.14.7,macOS-26.6.2-arm64-arm-64bit-Mach-O,arm,0.03850816609337926,0.17113074997905642,0.03653137502260506,0.007554291980341077,0.007431083009578288,0.014617832959629595,2.4999957531690598e-05,0.007598667056299746,0.007867083069868386,0.0006644580280408263,0.030773041071370244,0.08231141697615385,6.566697265952826e-05,0.14443437498994172,0.010339208063669503,0.15477358305361122,1.8750084564089775e-05,0.00010841595940291882,0.09265062503982335,0.30228954111225903,0.4515753750456497
4433,random_4430,random_cycle_chord,20260823,crossing_rich,4,200,5,8,12,6.588121745490587,True,True,,perf/incremental-yamada-frontier-order,1d8374f42cccbb16d78d44100a65ca603d7d1997,3.14.7,macOS-26.6.2-arm64-arm-64bit-Mach-O,arm,0.04849625006318092,0.1650990410707891,0.06882225000299513,0.01090079196728766,0.011814999976195395,0.023271957994438708,4.158297087997198e-05,0.011777958017773926,0.012788916938006878,0.0015682920347899199,0.049448707955889404,0.1410227919695899,0.0001723750028759241,0.17602162505500019,0.03019558300729841,0.2062172080622986,2.7000089175999165e-05,0.0001813329290598631,0.1712183749768883,0.3848136661108583,0.565953042008914
4434,random_4431,random_cycle_chord,20260823,crossing_rich,3,200,5,12,16,4.443451812717081,True,True,,perf/incremental-yamada-frontier-order,1d8374f42cccbb16d78d44100a65ca603d7d1997,3.14.7,macOS-26.6.2-arm64-arm-64bit-Mach-O,arm,0.044617375009693205,0.16196841595228761,0.04814683296717703,0.010658541927114129,0.011667666025459766,0.023006209055893123,5.4999953135848045e-05,0.011869375011883676,0.012368666008114815,0.0012677499325945973,0.04856699996162206,0.11908170802053064,9.741599205881357e-05,0.22590245795436203,0.021485624951310456,0.2473880829056725,2.4250010028481483e-05,0.0001372910337522626,0.1405673329718411,0.3471531239338219,0.5778515409911051
4435,random_4432,random_cycle_chord,20260823,crossing_rich,4,200,5,10,14,5.619470380219664,True,True,,perf/incremental-yamada-frontier-order,1d8374f42cccbb16d78d44100a65ca603d7d1997,3.14.7,macOS-26.6.2-arm64-arm-64bit-Mach-O,arm,0.04551970795728266,0.1615840420126915,0.05821199994534254,0.010435791919007897,0.011318875011056662,0.022243082989007235,4.025001544505358e-05,0.011576541932299733,0.012296249973587692,0.0013701249845325947,0.04752624989487231,0.12752866698428988,8.791591972112656e-05,0.19823904195800424,0.025449291919358075,0.2236883338773623,2.5416025891900063e-05,0.0001522499369457364,0.15297795890364796,0.3600817088736221,0.5633421250386164
4436,random_4433,random_cycle_chord,20260823,crossing_rich,5,200,5,8,12,4.153844271827468,True,True,,perf/incremental-yamada-frontier-order,1d8374f42cccbb16d78d44100a65ca603d7d1997,3.14.7,macOS-26.6.2-arm64-arm-64bit-Mach-O,arm,0.032923500053584576,0.15910041704773903,0.04414508305490017,0.011673542088828981,0.013334625051356852,0.026360042043961585,3.9291917346417904e-05,0.013733917032368481,0.014364833943545818,0.0014444590779021382,0.05594254401512444,0.12513304105959833,0.00017187499906867743,0.17705383407883346,0.03671337501145899,0.21376720909029245,2.5250017642974854e-05,0.0001581249525770545,0.16184641607105732,0.3538703331723809,0.5355071669910103
4437,random_4434,random_cycle_chord,20260823,crossing_rich,5,200,5,8,12,4.191829222948143,True,True,,perf/incremental-yamada-frontier-order,1d8374f42cccbb16d78d44100a65ca603d7d1997,3.14.7,macOS-26.6.2-arm64-arm-64bit-Mach-O,arm,0.032906083040870726,0.158529834006913,0.037403375026769936,0.011671375017613173,0.013329582987353206,0.02638454199768603,3.999995533376932e-05,0.013661707984283566,0.014371374971233308,0.0014382920926436782,0.05589591700118035,0.11833645799197257,0.0001867079408839345,0.17483558307867497,0.030680792056955397,0.20551637513563037,2.575002145022154e-05,0.000157458009198308,0.14901725004892796,0.3404531670967117,0.5204602080630139
4438,random_4435,random_cycle_chord,20260823,crossing_rich,5,200,6,10,15,5.486080349426249,True,True,,perf/incremental-yamada-frontier-order,1d8374f42cccbb16d78d44100a65ca603d7d1997,3.14.7,macOS-26.6.2-arm64-arm-64bit-Mach-O,arm,0.04816266696434468,0.1569639160297811,0.05947629199363291,0.011937791015952826,0.013869417016394436,0.027300292043946683,5.6124990805983543e-05,0.014213541056960821,0.015063332975842059,0.00176679203286767,0.05840008310042322,0.1437366659520194,0.0003048329381272197,0.30594512494280934,0.030934249982237816,0.33687937492504716,3.3374992199242115e-05,0.00017579097766429186,0.1746709159342572,0.379797498928383,0.6906033330596983
4439,random_4436,random_cycle_chord,20260823,crossing_rich,5,200,5,8,12,4.255136701060803,True,True,,perf/incremental-yamada-frontier-order,1d8374f42cccbb16d78d44100a65ca603d7d1997,3.14.7,macOS-26.6.2-arm64-arm-64bit-Mach-O,arm,0.03286512498743832,0.1595692919800058,0.04929287498816848,0.011828457936644554,0.013232583994977176,0.025994083029218018,4.241697024554014e-05,0.013507666997611523,0.014258582959882915,0.001486875000409782,0.05528962495736778,0.1296833329834044,0.0002792499726638198,0.2771120419492945,0.027622916037216783,0.3047349579865113,2.6832916773855686e-05,0.0001646669115871191,0.15730624902062118,0.3497406659880653,0.6316179999848828
4440,random_4437,random_cycle_chord,20260823,baseline,0,200,3,11,13,5.228962124010209,True,True,,perf/incremental-yamada-frontier-order,1d8374f42cccbb16d78d44100a65ca603d7d1997,3.14.7,macOS-26.6.2-arm64-arm-64bit-Mach-O,arm,0.03815775003749877,0.16180891590192914,0.024780292063951492,0.006921792053617537,0.00668200000654906,0.013158958056010306,2.1542073227465153e-05,0.006921958993189037,0.007141208974644542,0.0005765419919043779,0.027820210088975728,0.06622387492097914,7.233396172523499e-05,0.1744112919550389,0.009554499993100762,0.18396579194813967,1.6708974726498127e-05,8.02080612629652e-05,0.0757783749140799,0.2757450408535078,0.4543772500474006
4441,random_4438,random_cycle_chord,20260823,crossing_rich,5,200,5,8,12,4.160084472235879,True,True,,perf/incremental-yamada-frontier-order,1d8374f42cccbb16d78d44100a65ca603d7d1997,3.14.7,macOS-26.6.2-arm64-arm-64bit-Mach-O,arm,0.03237233299296349,0.15670912503264844,0.04958079196512699,0.013260124949738383,0.01448174996767193,0.028491499950177968,4.38750721514225e-05,0.014765250030905008,0.015436084009706974,0.0015055000549182296,0.0602422091178596,0.1376085829688236,0.0001848749816417694,0.2915979160461575,0.03871195903047919,0.33030987507663667,2.6833033189177513e-05,0.00016704201698303223,0.1763205419993028,0.36540200002491474,0.6611361670074984
4442,random_4439,random_cycle_chord,20260823,crossing_rich,4,200,5,11,15,5.224932863579679,True,True,,perf/incremental-yamada-frontier-order,1d8374f42cccbb16d78d44100a65ca603d7d1997,3.14.7,macOS-26.6.2-arm64-arm-64bit-Mach-O,arm,0.04727874998934567,0.16595775005407631,0.06460649997461587,0.011569292051717639,0.012431000010110438,0.024487416027113795,4.2332918383181095e-05,0.012693083030171692,0.013412582920864224,0.001455332967452705,0.0520907478639856,0.14073624997399747,9.837502148002386e-05,0.22761133301537484,0.02840870793443173,0.25602004094980657,2.745899837464094e-05,0.00016558298375457525,0.1691449579084292,0.3823814579518512,0.6150440409546718
4443,random_4440,random_cycle_chord,20260823,crossing_rich,3,200,4,8,11,4.151642728922262,True,True,,perf/incremental-yamada-frontier-order,1d8374f42cccbb16d78d44100a65ca603d7d1997,3.14.7,macOS-26.6.2-arm64-arm-64bit-Mach-O,arm,0.03161879105027765,0.1655237500090152,0.040311082964763045,0.010153625044040382,0.011177374981343746,0.021933084004558623,4.1041988879442215e-05,0.011368209030479193,0.012184791034087539,0.0011255000717937946,0.04665262612979859,0.10832420794758946,8.370797149837017e-05,0.16455533308908343,0.021378750097937882,0.18593408318702132,2.1792016923427582e-05,0.00012387498281896114,0.12970295804552734,0.3268454991048202,0.4960842499276623
4444,random_4441,random_cycle_chord,20260823,crossing_rich,2,200,4,10,13,5.477328161435282,True,True,,perf/incremental-yamada-frontier-order,1d8374f42cccbb16d78d44100a65ca603d7d1997,3.14.7,macOS-26.6.2-arm64-arm-64bit-Mach-O,arm,0.043432375066913664,0.16619445802643895,0.05289808299858123,0.009321165969595313,0.009390000021085143,0.01818154100328684,3.266602288931608e-05,0.009654082939960063,0.009968542028218508,0.0010096669429913163,0.03884649893734604,0.11048441601451486,9.799993131309748e-05,0.18276654090732336,0.018290915992110968,0.20105745689943433,2.195802517235279e-05,0.00012345798313617706,0.12877533200662583,0.33840216509997845,0.5258124169195071
4445,random_4442,random_cycle_chord,20260823,crossing_rich,2,200,4,11,14,5.211245640099872,True,True,,perf/incremental-yamada-frontier-order,1d8374f42cccbb16d78d44100a65ca603d7d1997,3.14.7,macOS-26.6.2-arm64-arm-64bit-Mach-O,arm,0.04420633299741894,0.16132795892190188,0.04458520805928856,0.009422166040167212,0.009773375000804663,0.019259207998402417,3.133306745439768e-05,0.010031457990407944,0.010727500077337027,0.0009436249965801835,0.04099312413018197,0.10480162501335144,8.262507617473602e-05,0.19758024998009205,0.01636179198976606,0.2139420419698581,1.937500201165676e-05,0.00011570809874683619,0.1211634170031175,0.3266977089224383,0.5287603329634294
4446,random_4443,random_cycle_chord,20260823,baseline,0,200,3,14,16,4.294151611475654,True,True,,perf/incremental-yamada-frontier-order,1d8374f42cccbb16d78d44100a65ca603d7d1997,3.14.7,macOS-26.6.2-arm64-arm-64bit-Mach-O,arm,0.04289758310187608,0.16061954200267792,0.021000292035751045,0.007225665962323546,0.007254542084410787,0.014242041972465813,2.3250002413988113e-05,0.007386291981674731,0.007625709054991603,0.0006309169111773372,0.029908209922723472,0.06540945800952613,8.754199370741844e-05,0.21964137500617653,0.0100962920114398,0.22973766701761633,1.48330582305789e-05,8.529203478246927e-05,0.07550575002096593,0.27902287512551993,0.5030741669470444
4447,random_4444,random_cycle_chord,20260823,crossing_rich,2,200,4,8,11,6.352052195075704,True,True,,perf/incremental-yamada-frontier-order,1d8374f42cccbb16d78d44100a65ca603d7d1997,3.14.7,macOS-26.6.2-arm64-arm-64bit-Mach-O,arm,0.040136000025086105,0.15962649998255074,0.054996708990074694,0.009081749944016337,0.009478208026848733,0.018660999950952828,3.200001083314419e-05,0.009715417050756514,0.010122916079126298,0.000973041052930057,0.03950437414459884,0.11308941605966538,7.320905569940805e-05,0.15340083406772465,0.016701542073860765,0.1701023761415854,2.050003968179226e-05,0.00011399993672966957,0.12979095813352615,0.329553458141163,0.4874779999954626
4448,random_4445,random_cycle_chord,20260823,crossing_rich,2,200,4,10,13,5.348230117819308,True,True,,perf/incremental-yamada-frontier-order,1d8374f42cccbb16d78d44100a65ca603d7d1997,3.14.7,macOS-26.6.2-arm64-arm-64bit-Mach-O,arm,0.04091229196637869,0.1557934999000281,0.04734891699627042,0.00861775001976639,0.00898683292325586,0.01775891601573676,3.1542032957077026e-05,0.009228958981111646,0.009615124901756644,0.0009543750202283263,0.03758891695179045,0.10257058299612254,7.924996316432953e-05,0.17815708299167454,0.017343124956823885,0.19550020794849843,1.962494570761919e-05,0.00010804191697388887,0.11991370795294642,0.3166194998193532,0.49909154197666794
4449,random_4446,random_cycle_chord,20260823,baseline,0,200,3,10,12,5.619712840316064,True,True,,perf/incremental-yamada-frontier-order,1d8374f42cccbb16d78d44100a65ca603d7d1997,3.14.7,macOS-26.6.2-arm64-arm-64bit-Mach-O,arm,0.03703533299267292,0.15215091698337346,0.03066345804836601,0.006806249963119626,0.007127749966457486,0.01424908300396055,2.720800694078207e-05,0.007343875011429191,0.00748466607183218,0.0005392910679802299,0.029644123162142932,0.07426070899236947,6.458302959799767e-05,0.1571666250238195,0.008470874978229403,0.1656375000020489,1.425005029886961e-05,6.433401722460985e-05,0.08273158397059888,0.27191783394664526,0.43317512492649257
4450,random_4447,random_cycle_chord,20260823,baseline,0,200,4,11,14,4.044822558826805,True,True,,perf/incremental-yamada-frontier-order,1d8374f42cccbb16d78d44100a65ca603d7d1997,3.14.7,macOS-26.6.2-arm64-arm-64bit-Mach-O,arm,0.03499833308160305,0.1500127500621602,0.02073279209434986,0.007752249948680401,0.008162207901477814,0.01605891704093665,2.8333044610917568e-05,0.008396707940846682,0.008621582994237542,0.0007660409901291132,0.0338715820107609,0.07054604194127023,7.41670373827219e-05,0.18667870806530118,0.012357082916423678,0.19903579098172486,1.8291990272700787e-05,8.804094977676868e-05,0.08290312485769391,0.26791420800145715,0.4588172079529613
4451,random_4448,random_cycle_chord,20260823,crossing_rich,5,200,5,8,12,4.257463562318751,True,True,,perf/incremental-yamada-frontier-order,1d8374f42cccbb16d78d44100a65ca603d7d1997,3.14.7,macOS-26.6.2-arm64-arm-64bit-Mach-O,arm,0.031843582983128726,0.15513762494083494,0.04128799994941801,0.011291709030047059,0.012870915932580829,0.02539425005670637,3.825000021606684e-05,0.013215666986070573,0.013909708010032773,0.0014252499677240849,0.05398312502074987,0.1194671670673415,0.00026662496384233236,0.2770884589990601,0.039699832908809185,0.3167882919078693,2.5082961656153202e-05,0.0001570410095155239,0.1591669999761507,0.34614820790011436,0.6273221669252962
4452,random_4449,random_cycle_chord,20260823,crossing_rich,5,200,5,10,14,4.050471801287126,True,True,,perf/incremental-yamada-frontier-order,1d8374f42cccbb16d78d44100a65ca603d7d1997,3.14.7,macOS-26.6.2-arm64-arm-64bit-Mach-O,arm,0.036982207908295095,0.15917283296585083,0.04054229101166129,0.011361458105966449,0.012828459031879902,0.025315457955002785,3.9209029637277126e-05,0.01307574997190386,0.01423391595017165,0.0015232500154525042,0.054187582922168076,0.11895583290606737,9.004096500575542e-05,0.2083375829970464,0.029913083999417722,0.23825066699646413,2.7916976250708103e-05,0.00017120805568993092,0.1488689169054851,0.345023957779631,0.5583219160325825
4453,random_4450,random_cycle_chord,20260823,crossing_rich,5,200,5,8,12,4.135350969070202,True,True,,perf/incremental-yamada-frontier-order,1d8374f42cccbb16d78d44100a65ca603d7d1997,3.14.7,macOS-26.6.2-arm64-arm-64bit-Mach-O,arm,0.03316300001461059,0.1622312079416588,0.04296712495852262,0.012061499990522861,0.013366917031817138,0.027081041014753282,3.900006413459778e-05,0.013743833056651056,0.0149081249255687,0.0015290409792214632,0.0573010400403291,0.12573341699317098,0.000216791988350451,0.17529366700910032,0.02980691601987928,0.2051005830289796,2.7667032554745674e-05,0.00017308304086327553,0.15554033301305026,0.35093454096931964,0.5311253339750692
4454,random_4451,random_cycle_chord,20260823,baseline,0,200,3,11,13,5.225558631662952,True,True,,perf/incremental-yamada-frontier-order,1d8374f42cccbb16d78d44100a65ca603d7d1997,3.14.7,macOS-26.6.2-arm64-arm-64bit-Mach-O,arm,0.040593541925773025,0.1606919999467209,0.02615120797418058,0.007656833040527999,0.007619209005497396,0.014692500000819564,2.3209024220705032e-05,0.007576999953016639,0.008071832940913737,0.0006148749962449074,0.030979416915215552,0.07242774998303503,7.383397314697504e-05,0.18210391700267792,0.00969066598918289,0.1917945829918608,1.6208039596676826e-05,8.041691035032272e-05,0.08211841597221792,0.28340395784471184,0.46988383401185274
4455,random_4452,random_cycle_chord,20260823,crossing_rich,8,200,7,13,19,4.320337359591951,True,True,,perf/incremental-yamada-frontier-order,1d8374f42cccbb16d78d44100a65ca603d7d1997,3.14.7,macOS-26.6.2-arm64-arm-64bit-Mach-O,arm,0.053061499958857894,0.16170166700612754,0.05060308403335512,0.016633375082165003,0.018111333018168807,0.03470025002025068,8.42090230435133e-05,0.017710792017169297,0.018918792018666863,0.0022054589353501797,0.07361950201448053,0.1590386669849977,0.00011575000826269388,0.2877803329611197,0.04690120799932629,0.334681540960446,3.933301195502281e-05,0.00024512491654604673,0.20593987498432398,0.4207030419493094,0.7144925420871004
4456,random_4453,random_cycle_chord,20260823,crossing_rich,3,200,5,10,14,5.629297550575446,True,True,,perf/incremental-yamada-frontier-order,1d8374f42cccbb16d78d44100a65ca603d7d1997,3.14.7,macOS-26.6.2-arm64-arm-64bit-Mach-O,arm,0.0465504159219563,0.1627305829897523,0.059242208022624254,0.010604416951537132,0.010895750019699335,0.021864500013180077,4.179193638265133e-05,0.011192874982953072,0.011856083991006017,0.001371124992147088,0.046326375915668905,0.12711229198612273,9.437499102205038e-05,0.18873820803128183,0.024017916060984135,0.21275612409226596,2.533290535211563e-05,0.00015049998182803392,0.15113020804710686,0.36041120695881546,0.5538765419041738
4457,random_4454,random_cycle_chord,20260823,crossing_rich,2,200,4,9,12,5.6238059859144,True,True,,perf/incremental-yamada-frontier-order,1d8374f42cccbb16d78d44100a65ca603d7d1997,3.14.7,macOS-26.6.2-arm64-arm-64bit-Mach-O,arm,0.03935383399948478,0.15895295806694776,0.05692058405838907,0.009194541024044156,0.009459624998271465,0.018678292050026357,3.1957984901964664e-05,0.009646458085626364,0.010136874974705279,0.0010247079189866781,0.03951829101424664,0.11512170801870525,7.912504952400923e-05,0.16846212500240654,0.01900525006931275,0.1874673750717193,2.1416926756501198e-05,0.00012433307711035013,0.134126958088018,0.33243375015445054,0.5054008329752833
4458,random_4455,random_cycle_chord,20260823,baseline,0,200,4,11,14,4.116356573135852,True,True,,perf/incremental-yamada-frontier-order,1d8374f42cccbb16d78d44100a65ca603d7d1997,3.14.7,macOS-26.6.2-arm64-arm-64bit-Mach-O,arm,0.036803583963774145,0.1562281249789521,0.021513333078473806,0.008112458046525717,0.008601707988418639,0.016912125051021576,2.9916991479694843e-05,0.008798416936770082,0.009030333952978253,0.0007301250007003546,0.03550091793294996,0.0737548329634592,7.800001185387373e-05,0.19136929197702557,0.011187541065737605,0.20255683304276317,1.8749968148767948e-05,8.037500083446503e-05,0.0849423740291968,0.27797408297192305,0.4737927500391379
4459,random_4456,random_cycle_chord,20260823,crossing_rich,5,200,6,11,16,4.630853316354889,True,True,,perf/incremental-yamada-frontier-order,1d8374f42cccbb16d78d44100a65ca603d7d1997,3.14.7,macOS-26.6.2-arm64-arm-64bit-Mach-O,arm,0.04462908289860934,0.15390608401503414,0.04677733301650733,0.011372749926522374,0.012810999993234873,0.0251910830847919,4.570803139358759e-05,0.013078499934636056,0.01391637499909848,0.001630999962799251,0.053862666012719274,0.12486637500114739,0.00010187504813075066,0.231226124917157,0.03813662496395409,0.2693627498811111,4.449998959898949e-05,0.0002114580711349845,0.16300299996510148,0.36153816687874496,0.597973124939017
4460,random_4457,random_cycle_chord,20260823,baseline,0,200,3,11,13,5.223001084477074,True,True,,perf/incremental-yamada-frontier-order,1d8374f42cccbb16d78d44100a65ca603d7d1997,3.14.7,macOS-26.6.2-arm64-arm-64bit-Mach-O,arm,0.03714745806064457,0.16147566703148186,0.026999790919944644,0.006894082995131612,0.006929917028173804,0.013682959019206464,2.1832995116710663e-05,0.007056041969917715,0.007198833976872265,0.0005405000410974026,0.028500168002210557,0.06934533303137869,7.808301597833633e-05,0.17098125000484288,0.009110374958254397,0.18009162496309727,1.6167061403393745e-05,7.570802699774504e-05,0.07845570798963308,0.2770788330817595,0.4522579580079764
4461,random_4458,random_cycle_chord,20260823,crossing_rich,2,200,4,9,12,6.08003560138757,True,True,,perf/incremental-yamada-frontier-order,1d8374f42cccbb16d78d44100a65ca603d7d1997,3.14.7,macOS-26.6.2-arm64-arm-64bit-Mach-O,arm,0.04080212500412017,0.15580308309290558,0.05818383302539587,0.008909958996810019,0.00951758399605751,0.018650125013664365,3.066693898290396e-05,0.009658458991907537,0.010012459009885788,0.0009022499434649944,0.03925395989790559,0.11589362507220358,8.170795626938343e-05,0.1655912089627236,0.016217667027376592,0.1818088759901002,1.9458006136119366e-05,0.00010587496217340231,0.13211129209958017,0.3287165001966059,0.4987075000535697
4462,random_4459,random_cycle_chord,20260823,crossing_rich,4,200,5,11,15,5.223307087066292,True,True,,perf/incremental-yamada-frontier-order,1d8374f42cccbb16d78d44100a65ca603d7d1997,3.14.7,macOS-26.6.2-arm64-arm-64bit-Mach-O,arm,0.04635941598098725,0.15847008302807808,0.0549636660143733,0.010790625005029142,0.01198683399707079,0.023583667003549635,4.3375068344175816e-05,0.012275999994017184,0.012890500016510487,0.0013753339881077409,0.05016887607052922,0.12794599996414036,9.570806287229061e-05,0.2138854170916602,0.02624250005465001,0.2401279171463102,2.637505531311035e-05,0.00016095791943371296,0.15418850001879036,0.3590179990278557,0.577629332896322
4463,random_4460,random_cycle_chord,20260823,crossing_rich,3,200,5,10,14,5.431628211647298,True,True,,perf/incremental-yamada-frontier-order,1d8374f42cccbb16d78d44100a65ca603d7d1997,3.14.7,macOS-26.6.2-arm64-arm-64bit-Mach-O,arm,0.045449750032275915,0.16109374992083758,0.05434625002089888,0.010288542020134628,0.010845207958482206,0.02140500000678003,4.129100125283003e-05,0.01134283293504268,0.012011750019155443,0.0013240419793874025,0.04612491594161838,0.12164091703016311,8.820893708616495e-05,0.3031614999054,0.0250902499537915,0.3282517498591915,3.1957984901964664e-05,0.0001624159049242735,0.1467311669839546,0.3532746669370681,0.6610570410266519
4464,random_4461,random_cycle_chord,20260823,baseline,0,200,4,11,14,4.067254830250502,True,True,,perf/incremental-yamada-frontier-order,1d8374f42cccbb16d78d44100a65ca603d7d1997,3.14.7,macOS-26.6.2-arm64-arm-64bit-Mach-O,arm,0.03859529097098857,0.17196958302520216,0.02494254196062684,0.009245791006833315,0.008850500104017556,0.017331707989796996,3.587501123547554e-05,0.009013915900141,0.008983624982647598,0.0008262500632554293,0.0361913739470765,0.0792634169338271,8.879206143319607e-05,0.20043145795352757,0.012476749951019883,0.21290820790454745,2.3625092580914497e-05,0.00010083301458507776,0.09174016688484699,0.3023050408810377,0.507645457983017
4465,random_4462,random_cycle_chord,20260823,crossing_rich,2,200,4,8,11,6.6028101729206075,True,True,,perf/incremental-yamada-frontier-order,1d8374f42cccbb16d78d44100a65ca603d7d1997,3.14.7,macOS-26.6.2-arm64-arm-64bit-Mach-O,arm,0.043552584014832973,0.1619582079583779,0.0593092079507187,0.009298457996919751,0.009444458992220461,0.018360041081905365,3.333308268338442e-05,0.009471583063714206,0.009901625104248524,0.0010580419329926372,0.038824624265544116,0.1169052500044927,7.545796688646078e-05,0.15629987500142306,0.018824749975465238,0.1751246249768883,2.025009598582983e-05,0.00012324994895607233,0.13572999997995794,0.3412407919531688,0.5020165839232504
4466,random_4463,random_cycle_chord,20260823,baseline,0,200,3,10,12,4.706386136579866,True,True,,perf/incremental-yamada-frontier-order,1d8374f42cccbb16d78d44100a65ca603d7d1997,3.14.7,macOS-26.6.2-arm64-arm-64bit-Mach-O,arm,0.03457312495447695,0.1590203329687938,0.025452833040617406,0.0071180000668391585,0.006982417078688741,0.013653457979671657,2.3124972358345985e-05,0.007087042089551687,0.007249374990351498,0.0005664170021191239,0.028579417034052312,0.06815341697074473,6.654206663370132e-05,0.16338995902333409,0.009278333047404885,0.17266829207073897,1.5165889635682106e-05,7.449998520314693e-05,0.07743175001814961,0.2710252079414204,0.4387445830507204
4467,random_4464,random_cycle_chord,20260823,crossing_rich,3,200,5,10,14,5.405859460114037,True,True,,perf/incremental-yamada-frontier-order,1d8374f42cccbb16d78d44100a65ca603d7d1997,3.14.7,macOS-26.6.2-arm64-arm-64bit-Mach-O,arm,0.04432887490838766,0.15880158299114555,0.05086916696745902,0.009843792067840695,0.010435208096168935,0.02076083398424089,3.750005271285772e-05,0.010922458954155445,0.011397500056773424,0.0012688339920714498,0.044387127039954066,0.11557025008369237,8.629204239696264e-05,0.27007150009740144,0.024160166969522834,0.2942316670669243,2.4374923668801785e-05,0.00013462500646710396,0.1397304170532152,0.3428608749527484,0.6172053340123966
4468,random_4465,random_cycle_chord,20260823,baseline,0,200,3,11,13,4.065768410782218,True,True,,perf/incremental-yamada-frontier-order,1d8374f42cccbb16d78d44100a65ca603d7d1997,3.14.7,macOS-26.6.2-arm64-arm-64bit-Mach-O,arm,0.03279183409176767,0.1522720829816535,0.020393375074490905,0.006722666905261576,0.006754333036951721,0.013279665959998965,2.2332998923957348e-05,0.006865249946713448,0.007040541036985815,0.0005702499765902758,0.02777803991921246,0.061668207985349,6.758305244147778e-05,0.17266512499190867,0.008938582963310182,0.18160370795521885,1.4666002243757248e-05,7.291603833436966e-05,0.07060679094865918,0.25567070802208036,0.43250795803032815
4469,random_4466,random_cycle_chord,20260823,crossing_rich,4,200,5,10,14,5.594533380984673,True,True,,perf/incremental-yamada-frontier-order,1d8374f42cccbb16d78d44100a65ca603d7d1997,3.14.7,macOS-26.6.2-arm64-arm-64bit-Mach-O,arm,0.043739582994021475,0.15157483308576047,0.05239704193081707,0.009796874946914613,0.010739916004240513,0.021095291012898088,3.699993249028921e-05,0.010971417068503797,0.01174374995753169,0.0013505000388249755,0.04519795801024884,0.11816520895808935,8.074997458606958e-05,0.1784276250982657,0.02612195792607963,0.20454958302434534,2.437504008412361e-05,0.00014654197730123997,0.14428716688416898,0.33960158296395093,0.5224804170429707
4470,random_4467,random_cycle_chord,20260823,crossing_rich,4,200,5,12,16,4.821733321913377,True,True,,perf/incremental-yamada-frontier-order,1d8374f42cccbb16d78d44100a65ca603d7d1997,3.14.7,macOS-26.6.2-arm64-arm-64bit-Mach-O,arm,0.04344658402260393,0.1499822500627488,0.04322474997024983,0.010203792015090585,0.011068874970078468,0.02176050003618002,5.625002086162567e-05,0.011193125043064356,0.01171187509316951,0.0013089999556541443,0.046030750148929656,0.11057412496302277,9.233399759978056e-05,0.21319124998990446,0.02521208394318819,0.23840333393309265,2.350006252527237e-05,0.00013916706666350365,0.13578620890621096,0.3292150429915637,0.5467470419825986
4471,random_4468,random_cycle_chord,20260823,crossing_rich,3,200,4,8,11,4.278839031499732,True,True,,perf/incremental-yamada-frontier-order,1d8374f42cccbb16d78d44100a65ca603d7d1997,3.14.7,macOS-26.6.2-arm64-arm-64bit-Mach-O,arm,0.028352624969556928,0.14875300007406622,0.03654812497552484,0.009077082970179617,0.010074207908473909,0.020191875053569674,2.970790956169367e-05,0.01050754205789417,0.010937124956399202,0.0010163330007344484,0.04268258297815919,0.09840837505180389,6.787502206861973e-05,0.1477267500013113,0.019420166965574026,0.16714691696688533,1.9542057998478413e-05,0.00011458306107670069,0.11782854201737791,0.29493416706100106,0.4468141250545159
4472,random_4469,random_cycle_chord,20260823,crossing_rich,6,200,6,10,15,5.62856674831718,True,True,,perf/incremental-yamada-frontier-order,1d8374f42cccbb16d78d44100a65ca603d7d1997,3.14.7,macOS-26.6.2-arm64-arm-64bit-Mach-O,arm,0.046958916005678475,0.15050999994855374,0.059468041989021,0.011301582911983132,0.0129546660464257,0.025565375108271837,4.545890260487795e-05,0.01316099998075515,0.014204624923877418,0.0017342909704893827,0.054710749885998666,0.1384742499794811,0.00020937505178153515,0.19334604090545326,0.03630112495739013,0.2296471658628434,2.9125018045306206e-05,0.00018512492533773184,0.17477537493687123,0.37224429089110345,0.5703719580778852
4473,random_4470,random_cycle_chord,20260823,crossing_rich,5,200,5,9,13,4.3118861495699266,True,True,,perf/incremental-yamada-frontier-order,1d8374f42cccbb16d78d44100a65ca603d7d1997,3.14.7,macOS-26.6.2-arm64-arm-64bit-Mach-O,arm,0.034391541965305805,0.15264708397444338,0.04708024999126792,0.010863541974686086,0.01250754192005843,0.02467375004198402,3.7708086892962456e-05,0.012767708045430481,0.01349616702646017,0.0014952908968552947,0.05247062409762293,0.12295745802111924,8.041691035032272e-05,0.18343091697897762,0.03087791707366705,0.21430883405264467,2.479099202901125e-05,0.00016558298375457525,0.1538353750947863,0.34087400103453547,0.5288123330101371
4474,random_4471,random_cycle_chord,20260823,crossing_rich,3,200,4,8,11,4.235206177524535,True,True,,perf/incremental-yamada-frontier-order,1d8374f42cccbb16d78d44100a65ca603d7d1997,3.14.7,macOS-26.6.2-arm64-arm-64bit-Mach-O,arm,0.0295234170043841,0.15652974997647107,0.04287012491840869,0.00975133292376995,0.010736834025010467,0.021210249979048967,3.15000070258975e-05,0.010867874952964485,0.011376959038898349,0.0010357920546084642,0.04452237603254616,0.10790912504307926,7.208297029137611e-05,0.25321375008206815,0.018731749965809286,0.27194550004787743,2.0332983694970608e-05,0.00011350004933774471,0.12664087500888854,0.3126940419897437,0.5701044580200687
4475,random_4472,random_cycle_chord,20260823,crossing_rich,5,200,5,9,13,4.31557394812087,True,True,,perf/incremental-yamada-frontier-order,1d8374f42cccbb16d78d44100a65ca603d7d1997,3.14.7,macOS-26.6.2-arm64-arm-64bit-Mach-O,arm,0.0360512500628829,0.15979287505615503,0.04957916704006493,0.01149600010830909,0.012976041063666344,0.02565337496344,3.9041973650455475e-05,0.013238167040981352,0.014020459027960896,0.0014578340342268348,0.05440887704025954,0.1284958339529112,8.775002788752317e-05,0.18805454194080085,0.02898141706828028,0.21703595900908113,2.537504769861698e-05,0.00016212498303502798,0.15747725102119148,0.3533213761402294,0.546324749942869
4476,random_4473,random_cycle_chord,20260823,crossing_rich,3,200,4,8,11,4.284085404692081,True,True,,perf/incremental-yamada-frontier-order,1d8374f42cccbb16d78d44100a65ca603d7d1997,3.14.7,macOS-26.6.2-arm64-arm-64bit-Mach-O,arm,0.030704042059369385,0.16054720792453736,0.04047958296723664,0.009837499936111271,0.010716791963204741,0.021149209002032876,3.14170029014349e-05,0.010910625103861094,0.0113687498960644,0.0010487920371815562,0.04450879304204136,0.10557154100388288,7.416598964482546e-05,0.24866566702257842,0.018269708030857146,0.26693537505343556,2.120796125382185e-05,0.00011783302761614323,0.12384124903474003,0.3150924990186468,0.5679932079510763
4477,random_4474,random_cycle_chord,20260823,crossing_rich,2,200,4,8,11,6.602011529426943,True,True,,perf/incremental-yamada-frontier-order,1d8374f42cccbb16d78d44100a65ca603d7d1997,3.14.7,macOS-26.6.2-arm64-arm-64bit-Mach-O,arm,0.042859749984927475,0.15955937502440065,0.0575598330469802,0.00891308393329382,0.009168000076897442,0.018078041030094028,3.241689410060644e-05,0.00940841599367559,0.009912290959618986,0.0010472499998286366,0.038478414877317846,0.11414783296640962,7.462501525878906e-05,0.15390154207125306,0.018704916932620108,0.17260645900387317,2.0792009308934212e-05,0.00012170802801847458,0.13285274989902973,0.33527187490835786,0.49364841589704156
4478,random_4475,random_cycle_chord,20260823,crossing_rich,4,200,5,9,13,6.072913727046733,True,True,,perf/incremental-yamada-frontier-order,1d8374f42cccbb16d78d44100a65ca603d7d1997,3.14.7,macOS-26.6.2-arm64-arm-64bit-Mach-O,arm,0.04723545792512596,0.15925041702575982,0.05990504194051027,0.010300333029590547,0.011493333033286035,0.022672499995678663,3.9207981899380684e-05,0.011771042016334832,0.012652082950808108,0.0014212910318747163,0.0485561239765957,0.1302909159567207,0.00010129192378371954,0.18635275005362928,0.025951583054848015,0.2123043331084773,2.4792039766907692e-05,0.00016033300198614597,0.15624249901156873,0.3627283739624545,0.5538059159880504
4479,random_4476,random_cycle_chord,20260823,crossing_rich,2,200,4,9,12,6.0782489090736895,True,True,,perf/incremental-yamada-frontier-order,1d8374f42cccbb16d78d44100a65ca603d7d1997,3.14.7,macOS-26.6.2-arm64-arm-64bit-Mach-O,arm,0.04080020799301565,0.1533678330015391,0.049660458927974105,0.008640583022497594,0.008930500014685094,0.01772208302281797,3.0791969038546085e-05,0.009348749998025596,0.009758749976754189,0.0009952919790521264,0.037855666945688426,0.10511516593396664,7.341708987951279e-05,0.16255887504667044,0.017697292030788958,0.1802561670774594,1.937500201165676e-05,0.00011345802340656519,0.1228124579647556,0.31698049895931035,0.483840583008714
4480,random_4477,random_cycle_chord,20260823,baseline,0,200,3,12,14,4.87533760049155,True,True,,perf/incremental-yamada-frontier-order,1d8374f42cccbb16d78d44100a65ca603d7d1997,3.14.7,macOS-26.6.2-arm64-arm-64bit-Mach-O,arm,0.03802649991121143,0.16635562502779067,0.023420499986968935,0.007217584061436355,0.007315374910831451,0.014193707960657775,2.475001383572817e-05,0.007365582976490259,0.007548958994448185,0.0005349169950932264,0.029667916940525174,0.06764104194007814,8.049991447478533e-05,0.18276012502610683,0.00849537504836917,0.191255500074476,1.6291975043714046e-05,7.554201874881983e-05,0.07613641698844731,0.2805185419274494,0.46756399993319064
4481,random_4478,random_cycle_chord,20260823,crossing_rich,4,200,5,9,13,6.083380368073845,True,True,,perf/incremental-yamada-frontier-order,1d8374f42cccbb16d78d44100a65ca603d7d1997,3.14.7,macOS-26.6.2-arm64-arm-64bit-Mach-O,arm,0.043545834021642804,0.15149762493092567,0.06197233300190419,0.010117709054611623,0.011095333029516041,0.02197791705839336,4.016701132059097e-05,0.011408999911509454,0.012005583033896983,0.001289249979890883,0.04672191699501127,0.12994187499862164,8.15829262137413e-05,0.18131908297073096,0.025406750035472214,0.20672583300620317,2.4208100512623787e-05,0.00014424999244511127,0.15534862503409386,0.35039208398666233,0.5363486669957638
4482,random_4479,random_cycle_chord,20260823,baseline,0,200,3,11,13,4.072968770319064,True,True,,perf/incremental-yamada-frontier-order,1d8374f42cccbb16d78d44100a65ca603d7d1997,3.14.7,macOS-26.6.2-arm64-arm-64bit-Mach-O,arm,0.033108041039668024,0.15484929201193154,0.01879579108208418,0.0070006250170990825,0.006901166983880103,0.0137566669145599,2.37500062212348e-05,0.007243833038955927,0.007421832997351885,0.0005764580564573407,0.029022541013546288,0.061740499921143055,6.854208186268806e-05,0.17972370807547122,0.009423292009159923,0.18914700008463115,1.4708028174936771e-05,7.458298932760954e-05,0.07116379193030298,0.25912112498190254,0.44308662496041507
4483,random_4480,random_cycle_chord,20260823,crossing_rich,3,200,5,10,14,5.401076268961856,True,True,,perf/incremental-yamada-frontier-order,1d8374f42cccbb16d78d44100a65ca603d7d1997,3.14.7,macOS-26.6.2-arm64-arm-64bit-Mach-O,arm,0.04460708296392113,0.15967924997676164,0.054711833014152944,0.010200415970757604,0.010906832991167903,0.021579041029326618,4.199997056275606e-05,0.011089707957580686,0.011623665923252702,0.0012993330601602793,0.04563374794088304,0.1214937090408057,8.504197467118502e-05,0.28849804191850126,0.03677825001068413,0.3252762919291854,2.6916037313640118e-05,0.00014587491750717163,0.15827195905148983,0.3625582919921726,0.6550739160738885
4484,random_4481,random_cycle_chord,20260823,crossing_rich,5,200,5,10,14,4.8084113799158015,True,True,,perf/incremental-yamada-frontier-order,1d8374f42cccbb16d78d44100a65ca603d7d1997,3.14.7,macOS-26.6.2-arm64-arm-64bit-Mach-O,arm,0.0409508339362219,0.16126404202077538,0.05052449996583164,0.01156470796559006,0.013107082922942936,0.02602537500206381,4.237494431436062e-05,0.013410083949565887,0.014130374998785555,0.0014539159601554275,0.05506212485488504,0.13029658398590982,8.674990385770798e-05,0.29272612498607486,0.03991599997971207,0.33264212496578693,2.6166904717683792e-05,0.00015724997501820326,0.1702125839656219,0.37242745992261916,0.669179292046465
4485,random_4482,random_cycle_chord,20260823,baseline,0,200,3,11,13,5.228245272311174,True,True,,perf/incremental-yamada-frontier-order,1d8374f42cccbb16d78d44100a65ca603d7d1997,3.14.7,macOS-26.6.2-arm64-arm-64bit-Mach-O,arm,0.0403316660085693,0.15988808393012732,0.02642995899077505,0.0074451250256970525,0.007250249967910349,0.014249915955588222,2.3833010345697403e-05,0.007384666008874774,0.007622250006534159,0.0005887090228497982,0.02986937400419265,0.07101537496782839,6.933393888175488e-05,0.17810370796360075,0.009251874987967312,0.18735558295156807,1.5333062037825584e-05,7.7415956184268e-05,0.0802672499557957,0.28048699989449233,0.4629585410002619
4486,random_4483,random_cycle_chord,20260823,crossing_rich,2,200,4,9,12,5.707462901800775,True,True,,perf/incremental-yamada-frontier-order,1d8374f42cccbb16d78d44100a65ca603d7d1997,3.14.7,macOS-26.6.2-arm64-arm-64bit-Mach-O,arm,0.03919491695705801,0.15770920796785504,0.048516832990571856,0.008798333932645619,0.009295915951952338,0.018323375028558075,2.9708025977015495e-05,0.009535083081573248,0.009937332943081856,0.000980874989181757,0.03880637406837195,0.10544579103589058,7.599999662488699e-05,0.1651175000006333,0.01686183304991573,0.18197933305054903,2.025009598582983e-05,0.00011170795187354088,0.12230762408580631,0.31921174901071936,0.4887552500003949
4487,random_4484,random_cycle_chord,20260823,crossing_rich,5,200,6,11,16,4.625046525663855,True,True,,perf/incremental-yamada-frontier-order,1d8374f42cccbb16d78d44100a65ca603d7d1997,3.14.7,macOS-26.6.2-arm64-arm-64bit-Mach-O,arm,0.04474350006785244,0.15365750005003065,0.04679808299988508,0.011694167042151093,0.012869999976828694,0.025295250001363456,6.229197606444359e-05,0.013116125017404556,0.01405966596212238,0.00162341701798141,0.05415674997493625,0.1255668340018019,9.558303281664848e-05,0.2180132920620963,0.02951033308636397,0.24752362514846027,2.8125010430812836e-05,0.00016258307732641697,0.15507716708816588,0.35347816720604897,0.5760869999649003
4488,random_4485,random_cycle_chord,20260823,crossing_rich,5,200,6,12,17,4.06757824011312,True,True,,perf/incremental-yamada-frontier-order,1d8374f42cccbb16d78d44100a65ca603d7d1997,3.14.7,macOS-26.6.2-arm64-arm-64bit-Mach-O,arm,0.042602417059242725,0.1504595410078764,0.04362916597165167,0.01156045903917402,0.013019207981415093,0.025691958027891815,6.0582999140024185e-05,0.013225083006545901,0.013792291982099414,0.0016326250042766333,0.05440254101995379,0.12265770800877362,9.670795407146215e-05,0.2320813749684021,0.030840749968774617,0.2629221249371767,2.9416987672448158e-05,0.00017358292825520039,0.15349845797754824,0.34656041604466736,0.5831765410257503
4489,random_4486,random_cycle_chord,20260823,crossing_rich,2,200,4,8,11,6.601980769142751,True,True,,perf/incremental-yamada-frontier-order,1d8374f42cccbb16d78d44100a65ca603d7d1997,3.14.7,macOS-26.6.2-arm64-arm-64bit-Mach-O,arm,0.04045645904261619,0.15216083300765604,0.06201624998357147,0.008422791957855225,0.008719583041965961,0.017168749938718975,2.904096618294716e-05,0.008930957992561162,0.009378707967698574,0.000974416034296155,0.03648187289945781,0.11566679098177701,6.754195783287287e-05,0.1477250000461936,0.017897416022606194,0.1656224160687998,1.9541941583156586e-05,0.0001103340182453394,0.1335642070043832,0.32618149905465543,0.47812187508679926
4490,random_4487,random_cycle_chord,20260823,crossing_rich,5,200,5,8,12,4.246297624722026,True,True,,perf/incremental-yamada-frontier-order,1d8374f42cccbb16d78d44100a65ca603d7d1997,3.14.7,macOS-26.6.2-arm64-arm-64bit-Mach-O,arm,0.03141995903570205,0.15118529100436717,0.03993491595610976,0.010934249963611364,0.012678415980190039,0.024997084052301943,3.750005271285772e-05,0.012920374982059002,0.013586916960775852,0.0013634170172736049,0.05290529306512326,0.11648733296897262,0.0002633329713717103,0.2724295830121264,0.027208207990042865,0.29963779100216925,2.4374923668801785e-05,0.00014654104597866535,0.1436955409590155,0.3263007909990847,0.6030473330756649
4491,random_4488,random_cycle_chord,20260823,baseline,0,200,3,9,11,5.39723296950053,True,True,,perf/incremental-yamada-frontier-order,1d8374f42cccbb16d78d44100a65ca603d7d1997,3.14.7,macOS-26.6.2-arm64-arm-64bit-Mach-O,arm,0.033186082961037755,0.15279037493746728,0.031070249970071018,0.006845875061117113,0.006880917004309595,0.013602208928205073,2.150004729628563e-05,0.007061499985866249,0.00721025001257658,0.0005257499869912863,0.028421208960935473,0.07323712506331503,6.224995013326406e-05,0.1497040829854086,0.008591708028689027,0.15829579101409763,1.4833989553153515e-05,6.641598884016275e-05,0.08182883309200406,0.2678052909905091,0.42168912501074374
4492,random_4489,random_cycle_chord,20260823,baseline,0,200,3,9,11,5.401686758275372,True,True,,perf/incremental-yamada-frontier-order,1d8374f42cccbb16d78d44100a65ca603d7d1997,3.14.7,macOS-26.6.2-arm64-arm-64bit-Mach-O,arm,0.034477915964089334,0.1578522080089897,0.02625474997330457,0.006895374972373247,0.00682408397551626,0.013438499998301268,2.3333006538450718e-05,0.006959959049709141,0.00715208298061043,0.0005918329115957022,0.028165707946754992,0.06816045904997736,6.704195402562618e-05,0.15260716702323407,0.009653666988015175,0.16226083401124924,1.558393705636263e-05,7.70840561017394e-05,0.07781412603799254,0.27014425001107156,0.4270661670016125
4493,random_4490,random_cycle_chord,20260823,crossing_rich,2,200,4,9,12,5.9396705678245585,True,True,,perf/incremental-yamada-frontier-order,1d8374f42cccbb16d78d44100a65ca603d7d1997,3.14.7,macOS-26.6.2-arm64-arm-64bit-Mach-O,arm,0.04138045897707343,0.1600641249679029,0.05232470796909183,0.009493250050581992,0.00984100007917732,0.019662917009554803,3.233307506889105e-05,0.009987125056795776,0.010286249918863177,0.0009934169938787818,0.04096204205416143,0.11265045893378556,7.429101970046759e-05,0.16746570798568428,0.017753457999788225,0.1852191659854725,2.166605554521084e-05,0.00012195808812975883,0.13040391693357378,0.3318485008785501,0.5038038750644773
4494,random_4491,random_cycle_chord,20260823,crossing_rich,3,200,4,8,11,4.2196717940218615,True,True,,perf/incremental-yamada-frontier-order,1d8374f42cccbb16d78d44100a65ca603d7d1997,3.14.7,macOS-26.6.2-arm64-arm-64bit-Mach-O,arm,0.030933584086596966,0.1613814999582246,0.03531270904932171,0.009883458027616143,0.010779417003504932,0.02124891697894782,3.241689410060644e-05,0.011019333032891154,0.011471875011920929,0.0010475419694557786,0.04482008388731629,0.10082545899786055,7.42089468985796e-05,0.25376604101620615,0.028192500001750886,0.28195854101795703,2.095801755785942e-05,0.00012387498281896114,0.12901795899961144,0.321333043044433,0.579092749976553
4495,random_4492,random_cycle_chord,20260823,crossing_rich,6,200,6,11,16,5.223521667163959,True,True,,perf/incremental-yamada-frontier-order,1d8374f42cccbb16d78d44100a65ca603d7d1997,3.14.7,macOS-26.6.2-arm64-arm-64bit-Mach-O,arm,0.04947754100430757,0.15911675000097603,0.06603620806708932,0.01212941703852266,0.014076124993152916,0.028277042089030147,5.5666081607341766e-05,0.014762167003937066,0.015240083914250135,0.0016901250928640366,0.060025084181688726,0.15231041691731662,9.979098103940487e-05,0.23161029105540365,0.034153458080254495,0.26576374913565814,2.9916991479694843e-05,0.0001759999431669712,0.1864638749975711,0.3950581660028547,0.6315188748994842
4496,random_4493,random_cycle_chord,20260823,baseline,0,200,4,11,14,4.123921132346818,True,True,,perf/incremental-yamada-frontier-order,1d8374f42cccbb16d78d44100a65ca603d7d1997,3.14.7,macOS-26.6.2-arm64-arm-64bit-Mach-O,arm,0.03599429200403392,0.15297216700855643,0.02031162497587502,0.007950957980938256,0.008398041012696922,0.016480333055369556,2.9832939617335796e-05,0.008551458013243973,0.008847333025187254,0.0007317500421777368,0.034640707075595856,0.0713281249627471,7.979106158018112e-05,0.18760183302219957,0.011188667034730315,0.1987905000569299,1.862493809312582e-05,8.174998220056295e-05,0.08251679199747741,0.27148325101006776,0.46340758295264095
4497,random_4494,random_cycle_chord,20260823,crossing_rich,5,200,5,10,14,4.0914242066923565,True,True,,perf/incremental-yamada-frontier-order,1d8374f42cccbb16d78d44100a65ca603d7d1997,3.14.7,macOS-26.6.2-arm64-arm-64bit-Mach-O,arm,0.03586062497925013,0.15183979202993214,0.03787162504158914,0.010593874962069094,0.012072375044226646,0.023736750008538365,3.8041966035962105e-05,0.012356459046714008,0.013078292016871274,0.001392749953083694,0.0506022929912433,0.11117354093585163,8.758297190070152e-05,0.17864108399953693,0.028121041948907077,0.206762125948444,2.404197584837675e-05,0.00015112501569092274,0.1392945828847587,0.326994999893941,0.5104849160416052
4498,random_4495,random_cycle_chord,20260823,crossing_rich,3,200,5,11,15,5.01562907341565,True,True,,perf/incremental-yamada-frontier-order,1d8374f42cccbb16d78d44100a65ca603d7d1997,3.14.7,macOS-26.6.2-arm64-arm-64bit-Mach-O,arm,0.04193991597276181,0.14970562502276152,0.047796790953725576,0.009718916960991919,0.010725166997872293,0.021266084047965705,3.6624958738684654e-05,0.011077459086664021,0.011717082932591438,0.0012129999231547117,0.04531025094911456,0.11358400003518909,8.783303201198578e-05,0.2021802079398185,0.021495875087566674,0.22367608302738518,2.3082946427166462e-05,0.00012991693802177906,0.13507987512275577,0.3267254161182791,0.5333002079278231
4499,random_4496,random_cycle_chord,20260823,crossing_rich,6,200,6,12,17,4.808840221846785,True,True,,perf/incremental-yamada-frontier-order,1d8374f42cccbb16d78d44100a65ca603d7d1997,3.14.7,macOS-26.6.2-arm64-arm-64bit-Mach-O,arm,0.04744570795446634,0.15009608305990696,0.0478199579520151,0.011831042007543147,0.013320958008989692,0.026319208089262247,6.929098162800074e-05,0.013524707988835871,0.014346332987770438,0.001751541974954307,0.056011082022450864,0.1290398749988526,0.00010062509682029486,0.23160945798736066,0.035281707998365164,0.2668911659857258,2.8666923753917217e-05,0.00018145900685340166,0.16432158299721777,0.3618633740115911,0.5980650420533493
4500,random_4497,random_cycle_chord,20260823,crossing_rich,4,200,5,10,14,5.621015495442438,True,True,,perf/incremental-yamada-frontier-order,1d8374f42cccbb16d78d44100a65ca603d7d1997,3.14.7,macOS-26.6.2-arm64-arm-64bit-Mach-O,arm,0.04271312500350177,0.16066299995873123,0.05432441597804427,0.009982332936488092,0.010827791993506253,0.021238291054032743,3.8375030271708965e-05,0.01103129202965647,0.011676250025629997,0.0012690830044448376,0.04525329114403576,0.12042954098433256,8.487503509968519e-05,0.18483783293049783,0.02387616701889783,0.20871399994939566,2.4417066015303135e-05,0.00014395802281796932,0.1443057080032304,0.3476818329654634,0.536965333041735
4501,random_4498,random_cycle_chord,20260823,crossing_rich,4,200,5,9,13,6.08651938729523,True,True,,perf/incremental-yamada-frontier-order,1d8374f42cccbb16d78d44100a65ca603d7d1997,3.14.7,macOS-26.6.2-arm64-arm-64bit-Mach-O,arm,0.04333912499714643,0.14936729101464152,0.05566962494049221,0.009524042019620538,0.010278041008859873,0.020241082995198667,3.74580267816782e-05,0.010503207915462554,0.0111827909713611,0.0013521669898182154,0.043316706898622215,0.11882129195146263,7.66250304877758e-05,0.18323241698089987,0.032436958979815245,0.21566937596071512,3.850006032735109e-05,0.0001907499972730875,0.15125825093127787,0.3439646669430658,0.5318018749821931
4502,random_4499,random_cycle_chord,20260823,baseline,0,200,3,8,10,6.1423583734072364,True,True,,perf/incremental-yamada-frontier-order,1d8374f42cccbb16d78d44100a65ca603d7d1997,3.14.7,macOS-26.6.2-arm64-arm-64bit-Mach-O,arm,0.039040917064994574,0.17209266708232462,0.03368170792236924,0.007113790954463184,0.007058291928842664,0.013946499908342957,2.316699828952551e-05,0.007308874977752566,0.0075047079008072615,0.0005768330302089453,0.029360082815401256,0.07723479100968689,5.9999991208314896e-05,0.13839837501291186,0.009148666984401643,0.1475470419973135,1.5042023733258247e-05,7.687497418373823e-05,0.08638345799408853,0.29751704214140773,0.440233749919571
4503,random_4500,random_cycle_chord,20260823,baseline,0,200,3,8,10,6.1695673177820085,True,True,,perf/incremental-yamada-frontier-order,1d8374f42cccbb16d78d44100a65ca603d7d1997,3.14.7,macOS-26.6.2-arm64-arm-64bit-Mach-O,arm,0.035389792057685554,0.15828445798251778,0.032518583931960166,0.0073179579339921474,0.007103041047230363,0.014053415972739458,2.354104071855545e-05,0.00729695800691843,0.007490749936550856,0.0005959169939160347,0.029460581950843334,0.07642158295493573,6.004201713949442e-05,0.13817245897371322,0.009557666024193168,0.1477301249979064,1.5292083844542503e-05,7.78749817982316e-05,0.0859792489791289,0.27965349901933223,0.4221389589365572
4504,random_4501,random_cycle_chord,20260823,crossing_rich,4,200,5,10,14,5.3906691474686115,True,True,,perf/incremental-yamada-frontier-order,1d8374f42cccbb16d78d44100a65ca603d7d1997,3.14.7,macOS-26.6.2-arm64-arm-64bit-Mach-O,arm,0.045362957986071706,0.16061474999878556,0.0561347909970209,0.010941249900497496,0.011433042003773153,0.022818333003669977,4.033301956951618e-05,0.011665874975733459,0.012750125024467707,0.0014700839528813958,0.048744749976322055,0.1272916248999536,8.812500163912773e-05,0.2019725840073079,0.02806899999268353,0.23004158399999142,2.6291003450751305e-05,0.00016220798715949059,0.15536062489263713,0.3613383328774944,0.5680620420025662
4505,random_4502,random_cycle_chord,20260823,baseline,0,200,3,12,14,4.877259981593927,True,True,,perf/incremental-yamada-frontier-order,1d8374f42cccbb16d78d44100a65ca603d7d1997,3.14.7,macOS-26.6.2-arm64-arm-64bit-Mach-O,arm,0.040818791021592915,0.16052899998612702,0.024148624972440302,0.007466375012882054,0.007316291099414229,0.014358874992467463,2.3083994165062904e-05,0.007469499949365854,0.007649832987226546,0.0005944999866187572,0.030095791909843683,0.06904783297795802,7.37080117687583e-05,0.1936554170679301,0.009378832997754216,0.20303425006568432,1.537497155368328e-05,8.079095277935266e-05,0.07842666597571224,0.2797744569834322,0.47777445800602436
4506,random_4503,random_cycle_chord,20260823,crossing_rich,6,200,6,10,15,5.624595304219307,True,True,,perf/incremental-yamada-frontier-order,1d8374f42cccbb16d78d44100a65ca603d7d1997,3.14.7,macOS-26.6.2-arm64-arm-64bit-Mach-O,arm,0.050081958062946796,0.16042979201301932,0.06269749999046326,0.012180833029560745,0.013592583010904491,0.026727374992333353,4.670803900808096e-05,0.013786792056635022,0.01484220800921321,0.0018707499839365482,0.05727383308112621,0.14578745793551207,0.0002443749690428376,0.2192265409976244,0.0379725000821054,0.2571990410797298,3.2291049137711525e-05,0.00020458304788917303,0.18375995801761746,0.3942717080935836,0.618629707954824
4507,random_4504,random_cycle_chord,20260823,baseline,0,200,3,9,11,5.41396324853137,True,True,,perf/incremental-yamada-frontier-order,1d8374f42cccbb16d78d44100a65ca603d7d1997,3.14.7,macOS-26.6.2-arm64-arm-64bit-Mach-O,arm,0.03437429200857878,0.15615895797964185,0.02685087500140071,0.006843875045888126,0.006946458015590906,0.013627750100567937,2.2625084966421127e-05,0.007060541887767613,0.007271917071193457,0.0005756670143455267,0.028558501158840954,0.06922033394221216,6.12499425187707e-05,0.14911845908500254,0.009237541002221406,0.15835600008722395,1.462490763515234e-05,6.866699550300837e-05,0.07845787494443357,0.2689911249326542,0.4222865418996662
4508,random_4505,random_cycle_chord,20260823,crossing_rich,5,200,5,8,12,4.15434425747285,True,True,,perf/incremental-yamada-frontier-order,1d8374f42cccbb16d78d44100a65ca603d7d1997,3.14.7,macOS-26.6.2-arm64-arm-64bit-Mach-O,arm,0.03150199993979186,0.15266420901753008,0.042015583952888846,0.010989458998665214,0.012929290998727083,0.025369583978317678,3.800005652010441e-05,0.012973916018381715,0.013711333042010665,0.001437207916751504,0.053530041011981666,0.11949924996588379,0.00015962496399879456,0.16794966696761549,0.036408792017027736,0.20435845898464322,2.454104833304882e-05,0.00015216704923659563,0.15590804198291153,0.34007425094023347,0.5122332499595359
4509,random_4506,random_cycle_chord,20260823,crossing_rich,4,200,5,8,12,6.60199097224981,True,True,,perf/incremental-yamada-frontier-order,1d8374f42cccbb16d78d44100a65ca603d7d1997,3.14.7,macOS-26.6.2-arm64-arm-64bit-Mach-O,arm,0.04416304198093712,0.15167070901952684,0.06963554199319333,0.009609958971850574,0.010601374902762473,0.020899125025607646,3.933301195502281e-05,0.010858999914489686,0.011728416895493865,0.0015027089975774288,0.04502858384512365,0.134909666958265,0.00015237496700137854,0.1643398340092972,0.029516250011511147,0.19385608402080834,2.4542096070945263e-05,0.00016483396757394075,0.16442591696977615,0.3602596679702401,0.5291318750241771
4510,random_4507,random_cycle_chord,20260823,baseline,0,200,4,15,18,4.049452605702982,True,True,,perf/incremental-yamada-frontier-order,1d8374f42cccbb16d78d44100a65ca603d7d1997,3.14.7,macOS-26.6.2-arm64-arm-64bit-Mach-O,arm,0.04391445894725621,0.14830466697458178,0.018972292076796293,0.007656833040527999,0.007980790920555592,0.015701959026046097,2.845900598913431e-05,0.008165833074599504,0.008365540998056531,0.0007501249201595783,0.033011917024850845,0.06764820893295109,8.470902685075998e-05,0.23233512497972697,0.011491708923131227,0.2438268339028582,1.7666956409811974e-05,8.179200813174248e-05,0.07913991785608232,0.2713590437779203,0.5078601660206914
4511,random_4508,random_cycle_chord,20260823,crossing_rich,5,200,5,9,13,4.3524575543757456,True,True,,perf/incremental-yamada-frontier-order,1d8374f42cccbb16d78d44100a65ca603d7d1997,3.14.7,macOS-26.6.2-arm64-arm-64bit-Mach-O,arm,0.0334204169921577,0.14863754203543067,0.03987324994523078,0.010370207950472832,0.011981250019744039,0.023590291035361588,3.741704858839512e-05,0.012178875040262938,0.012868624995462596,0.0013616670621559024,0.05003687518183142,0.11229383398313075,7.84160802140832e-05,0.17529949999880046,0.026713334023952484,0.20201283402275294,2.37500062212348e-05,0.00014525000005960464,0.13900716800708324,0.3210651270346716,0.5007402079645544
4512,random_4509,random_cycle_chord,20260823,baseline,0,200,3,8,10,6.179127962715685,True,True,,perf/incremental-yamada-frontier-order,1d8374f42cccbb16d78d44100a65ca603d7d1997,3.14.7,macOS-26.6.2-arm64-arm-64bit-Mach-O,arm,0.033108457922935486,0.14951283298432827,0.03125066705979407,0.006624624948017299,0.00672349997330457,0.013170916005037725,2.1082931198179722e-05,0.0068229580065235496,0.007096374989487231,0.0006513749249279499,0.027762706857174635,0.0723807499743998,5.816691555082798e-05,0.13113291596528143,0.010988167021423578,0.142121082986705,1.4416989870369434e-05,8.124997839331627e-05,0.08336891699582338,0.26599020790308714,0.4011547080008313
4513,random_4510,random_cycle_chord,20260823,crossing_rich,5,200,5,9,13,4.314183456367223,True,True,,perf/incremental-yamada-frontier-order,1d8374f42cccbb16d78d44100a65ca603d7d1997,3.14.7,macOS-26.6.2-arm64-arm-64bit-Mach-O,arm,0.03490241605322808,0.15025800000876188,0.03961700003128499,0.010867749922908843,0.012597209075465798,0.024823958985507488,3.758398815989494e-05,0.01286154193803668,0.013579166028648615,0.0014369579730555415,0.05273920891340822,0.11585508298594505,8.170900400727987e-05,0.1816778329666704,0.029279291979037225,0.21095712494570762,2.533290535211563e-05,0.00015758303925395012,0.14513437496498227,0.33029479102697223,0.5164752079872414
4514,random_4511,random_cycle_chord,20260823,crossing_rich,2,200,4,8,11,6.5937949465544445,True,True,,perf/incremental-yamada-frontier-order,1d8374f42cccbb16d78d44100a65ca603d7d1997,3.14.7,macOS-26.6.2-arm64-arm-64bit-Mach-O,arm,0.04143616696819663,0.15872570895589888,0.059788082959130406,0.008994832984171808,0.009144832962192595,0.018084750045090914,3.1250063329935074e-05,0.00937833299394697,0.009999166941270232,0.0010740000288933516,0.0385675000725314,0.1165234160143882,7.720803841948509e-05,0.15769266698043793,0.018899000016972423,0.17659166699741036,2.0332983694970608e-05,0.00012016703840345144,0.13542241603136063,0.33558429195545614,0.497776584001258
4515,random_4512,random_cycle_chord,20260823,baseline,0,200,3,9,11,5.327754958685992,True,True,,perf/incremental-yamada-frontier-order,1d8374f42cccbb16d78d44100a65ca603d7d1997,3.14.7,macOS-26.6.2-arm64-arm-64bit-Mach-O,arm,0.03506587503943592,0.15994358307216316,0.028662583092227578,0.007028791005723178,0.006834459025412798,0.01388174993917346,2.2500054910779e-05,0.007011500070802867,0.007210709038190544,0.0005773749435320497,0.0287038340466097,0.07124974997714162,7.61660048738122e-05,0.1541518330341205,0.009107915917411447,0.16325974895153195,1.491699367761612e-05,7.208401802927256e-05,0.08035766589455307,0.27536712400615215,0.43386254203505814
4516,random_4513,random_cycle_chord,20260823,baseline,0,200,3,9,11,5.38434816999894,True,True,,perf/incremental-yamada-frontier-order,1d8374f42cccbb16d78d44100a65ca603d7d1997,3.14.7,macOS-26.6.2-arm64-arm-64bit-Mach-O,arm,0.03548399999272078,0.16014537506271154,0.02946254110429436,0.006919709034264088,0.006817042012698948,0.01340779208112508,2.2957916371524334e-05,0.006972583010792732,0.007254958967678249,0.000569332973100245,0.02822762494906783,0.07144770899321884,6.666604895144701e-05,0.15263529203366488,0.009293165989220142,0.16192845802288502,1.4999997802078724e-05,7.441698107868433e-05,0.08074087498243898,0.2763702500378713,0.43332870805170387
4517,random_4514,random_cycle_chord,20260823,crossing_rich,2,200,4,10,13,5.373999089780527,True,True,,perf/incremental-yamada-frontier-order,1d8374f42cccbb16d78d44100a65ca603d7d1997,3.14.7,macOS-26.6.2-arm64-arm-64bit-Mach-O,arm,0.04176291695330292,0.1595004160190001,0.0501669580116868,0.00907341600395739,0.00957995792850852,0.01882458303589374,3.0832947231829166e-05,0.009747916017659009,0.010208207997493446,0.0009751659817993641,0.039786705980077386,0.10863637505099177,8.158304262906313e-05,0.26680999994277954,0.0193531250115484,0.28616312495432794,2.120796125382185e-05,0.00011504103895276785,0.12798950006254017,0.3292528330348432,0.6003024589736015
4518,random_4515,random_cycle_chord,20260823,crossing_rich,5,200,6,12,17,4.408224047183883,True,True,,perf/incremental-yamada-frontier-order,1d8374f42cccbb16d78d44100a65ca603d7d1997,3.14.7,macOS-26.6.2-arm64-arm-64bit-Mach-O,arm,0.046527083963155746,0.1590274580521509,0.048696666955947876,0.012431166949681938,0.014219583012163639,0.02773716696538031,6.262504030019045e-05,0.014398874947801232,0.014732582960277796,0.0015795000363141298,0.05851074995007366,0.133911749930121,0.00010370800737291574,0.23833333305083215,0.031346416915766895,0.26967974996659905,2.9249931685626507e-05,0.0001671659993007779,0.1652581668458879,0.37081270886119455,0.6140124999219552
4519,random_4516,random_cycle_chord,20260823,crossing_rich,5,200,5,8,12,4.157606080953248,True,True,,perf/incremental-yamada-frontier-order,1d8374f42cccbb16d78d44100a65ca603d7d1997,3.14.7,macOS-26.6.2-arm64-arm-64bit-Mach-O,arm,0.03165066707879305,0.15272287500556558,0.03996870806440711,0.01089891605079174,0.012744166073389351,0.025115208001807332,3.808306064456701e-05,0.013000875012949109,0.013722125091589987,0.001390207908116281,0.053266499075107276,0.11691225005779415,0.00016341591253876686,0.26138262497261167,0.03544970799703151,0.2968323329696432,2.3499946109950542e-05,0.00014949997421354055,0.15236195805482566,0.3367355001391843,0.6020057910354808
4520,random_4517,random_cycle_chord,20260823,crossing_rich,5,200,5,8,12,4.168591690348623,True,True,,perf/incremental-yamada-frontier-order,1d8374f42cccbb16d78d44100a65ca603d7d1997,3.14.7,macOS-26.6.2-arm64-arm-64bit-Mach-O,arm,0.0306898329872638,0.15967795799952,0.03633725002873689,0.011151166982017457,0.012530667008832097,0.024605083046481013,3.654090687632561e-05,0.012848958023823798,0.01339804194867611,0.0013155409833416343,0.05220416490919888,0.11225574999116361,0.00016433303244411945,0.16188270796556026,0.02625020791310817,0.18813291587866843,2.5249901227653027e-05,0.00014883291441947222,0.13850595790427178,0.3288737488910556,0.49547995801549405
4521,random_4518,random_cycle_chord,20260823,crossing_rich,4,200,5,10,14,5.622640709522872,True,True,,perf/incremental-yamada-frontier-order,1d8374f42cccbb16d78d44100a65ca603d7d1997,3.14.7,macOS-26.6.2-arm64-arm-64bit-Mach-O,arm,0.043188625015318394,0.14901941700372845,0.05392983299680054,0.009809332899749279,0.010800875024870038,0.021141125005669892,3.812497016042471e-05,0.010998499928973615,0.01165687502361834,0.0013292499352246523,0.045163874863646924,0.11973758402746171,8.68749339133501e-05,0.18607225001323968,0.026150124962441623,0.2122223749756813,2.49580480158329e-05,0.00014670903328806162,0.14588770898990333,0.3380957510089502,0.528557916986756
4522,random_4519,random_cycle_chord,20260823,crossing_rich,4,200,5,8,12,6.602136298702076,True,True,,perf/incremental-yamada-frontier-order,1d8374f42cccbb16d78d44100a65ca603d7d1997,3.14.7,macOS-26.6.2-arm64-arm-64bit-Mach-O,arm,0.04385108302813023,0.15172795800026506,0.06972004205454141,0.009791709017008543,0.010861707967706025,0.021507457946427166,3.799994010478258e-05,0.011149458005093038,0.011881415965035558,0.0014492080081254244,0.04602553986478597,0.1364315840182826,0.00015529198572039604,0.16580004105344415,0.029065791983157396,0.19486583303660154,2.5374931283295155e-05,0.00016095803584903479,0.16549737600144,0.3610764170298353,0.5315622499911115
4523,random_4520,random_cycle_chord,20260823,baseline,0,200,3,9,11,5.352047385371358,True,True,,perf/incremental-yamada-frontier-order,1d8374f42cccbb16d78d44100a65ca603d7d1997,3.14.7,macOS-26.6.2-arm64-arm-64bit-Mach-O,arm,0.03373000002466142,0.15257095801644027,0.027943541994318366,0.006972332950681448,0.0069980829721316695,0.013777791988104582,2.395804040133953e-05,0.0071816249983385205,0.007409084006212652,0.0006382080027833581,0.02903066703584045,0.07096454198472202,6.279197987169027e-05,0.14915337495040148,0.010855959029868245,0.16000933398026973,1.5083001926541328e-05,7.620803080499172e-05,0.08182050101459026,0.26812145905569196,0.4214831250719726
4524,random_4521,random_cycle_chord,20260823,crossing_rich,4,200,5,9,13,6.073365594734228,True,True,,perf/incremental-yamada-frontier-order,1d8374f42cccbb16d78d44100a65ca603d7d1997,3.14.7,macOS-26.6.2-arm64-arm-64bit-Mach-O,arm,0.04534591606352478,0.1593553749844432,0.06154741707723588,0.010590707999654114,0.011401375057175756,0.02198191697243601,4.554202314466238e-05,0.011546458932571113,0.012199916993267834,0.001415541977621615,0.047189376899041235,0.13078091701027006,9.116600267589092e-05,0.18734279100317508,0.026580667006783187,0.21392345800995827,2.5540939532220364e-05,0.00016137503553181887,0.15736158401705325,0.3620628750650212,0.5541523749707267
4525,random_4522,random_cycle_chord,20260823,crossing_rich,5,200,5,8,12,4.105785459915156,True,True,,perf/incremental-yamada-frontier-order,1d8374f42cccbb16d78d44100a65ca603d7d1997,3.14.7,macOS-26.6.2-arm64-arm-64bit-Mach-O,arm,0.03302770899608731,0.1605977079598233,0.04823633295018226,0.011657958966679871,0.013382375007495284,0.02652583399321884,3.983394708484411e-05,0.013834999990649521,0.014517458039335907,0.001461916952393949,0.05638004292268306,0.1296925829956308,0.00020650005899369717,0.174790250021033,0.029832416912540793,0.20462266693357378,2.562499139457941e-05,0.00015887490008026361,0.1595249999081716,0.3531504168640822,0.5327022499404848
4526,random_4523,random_cycle_chord,20260823,crossing_rich,8,200,7,14,20,4.291682171269832,True,True,,perf/incremental-yamada-frontier-order,1d8374f42cccbb16d78d44100a65ca603d7d1997,3.14.7,macOS-26.6.2-arm64-arm-64bit-Mach-O,arm,0.05454787495546043,0.16062745789531618,0.05040470801759511,0.016321416944265366,0.016648709075525403,0.032766542048193514,5.5333017371594906e-05,0.01700674998573959,0.01822850003372878,0.0021524999756366014,0.07020962506067008,0.15363387507386506,0.00011833303142338991,0.29276358301285654,0.04724120907485485,0.3400047920877114,3.529200330376625e-05,0.00022883398924022913,0.2008750841487199,0.4160504169994965,0.7142136249458417
4527,random_4524,random_cycle_chord,20260823,crossing_rich,4,200,5,8,12,6.590994980370126,True,True,,perf/incremental-yamada-frontier-order,1d8374f42cccbb16d78d44100a65ca603d7d1997,3.14.7,macOS-26.6.2-arm64-arm-64bit-Mach-O,arm,0.0460824160836637,0.1564170840429142,0.06981341703794897,0.010041792062111199,0.01116037496831268,0.021889124996960163,3.770901821553707e-05,0.011344416998326778,0.012081458000466228,0.0014132920186966658,0.04676600103266537,0.13781679200474173,0.00016079191118478775,0.17223158408887684,0.029535625013522804,0.20176720910239965,2.962502185255289e-05,0.00017016706988215446,0.16735241701826453,0.36985191714484245,0.546946041053161
4528,random_4525,random_cycle_chord,20260823,baseline,0,200,4,14,17,4.288856262907408,True,True,,perf/incremental-yamada-frontier-order,1d8374f42cccbb16d78d44100a65ca603d7d1997,3.14.7,macOS-26.6.2-arm64-arm-64bit-Mach-O,arm,0.046280791983008385,0.15678095794282854,0.024725041002966464,0.008295667008496821,0.008766458951868117,0.017264541937038302,3.7541030906140804e-05,0.008914749952964485,0.009145834017544985,0.0007112500024959445,0.03607391694094986,0.07789075002074242,8.425000123679638e-05,0.22380129108205438,0.011248124996200204,0.23504941607825458,1.8874998204410076e-05,7.758394349366426e-05,0.08913887501694262,0.29220062494277954,0.5203064170200378
4529,random_4526,random_cycle_chord,20260823,crossing_rich,3,200,5,10,14,5.622802524338846,True,True,,perf/incremental-yamada-frontier-order,1d8374f42cccbb16d78d44100a65ca603d7d1997,3.14.7,macOS-26.6.2-arm64-arm-64bit-Mach-O,arm,0.04362466698512435,0.15203916688915342,0.051089624990709126,0.009605041006579995,0.010319583001546562,0.02039474993944168,3.987504169344902e-05,0.010605625109747052,0.011374333989806473,0.0013181669637560844,0.04373275104444474,0.11478295898996294,8.691695984452963e-05,0.18719554203562438,0.023098499979823828,0.2102940420154482,2.2958964109420776e-05,0.00013620895333588123,0.13788145896978676,0.33354529284406453,0.5251392499776557
4530,random_4527,random_cycle_chord,20260823,crossing_rich,4,200,5,9,13,6.072322102237768,True,True,,perf/incremental-yamada-frontier-order,1d8374f42cccbb16d78d44100a65ca603d7d1997,3.14.7,macOS-26.6.2-arm64-arm-64bit-Mach-O,arm,0.04269920790102333,0.149113415973261,0.05676587496418506,0.009833459043875337,0.01122195809148252,0.022123208036646247,3.712496254593134e-05,0.011555416975170374,0.012192959082312882,0.0012932919198647141,0.04720200097654015,0.12505599996075034,8.050003089010715e-05,0.17245058296248317,0.024078749935142696,0.19652933289762586,2.291705459356308e-05,0.00013904098886996508,0.14913474989589304,0.34094737377017736,0.5177912910003215
4531,random_4528,random_cycle_chord,20260823,crossing_rich,5,200,6,12,17,4.006797657186949,True,True,,perf/incremental-yamada-frontier-order,1d8374f42cccbb16d78d44100a65ca603d7d1997,3.14.7,macOS-26.6.2-arm64-arm-64bit-Mach-O,arm,0.04162474989425391,0.14878141705412418,0.036737667047418654,0.011282833060249686,0.012665125075727701,0.024991959100589156,4.68340003862977e-05,0.012936624931171536,0.013702958007343113,0.0015666669933125377,0.05324504303280264,0.11397383396979421,9.991705883294344e-05,0.2272525830194354,0.03089312498923391,0.2581457080086693,2.7916044928133488e-05,0.00016295898240059614,0.14486695895902812,0.3352731259074062,0.5670340419746935
4532,random_4529,random_cycle_chord,20260823,baseline,0,200,3,10,12,5.62639944138247,True,True,,perf/incremental-yamada-frontier-order,1d8374f42cccbb16d78d44100a65ca603d7d1997,3.14.7,macOS-26.6.2-arm64-arm-64bit-Mach-O,arm,0.035713415942154825,0.14818079199176282,0.031370292068459094,0.006561583955772221,0.006650707917287946,0.013034165953285992,2.174999099224806e-05,0.006785291014239192,0.006847708951681852,0.0005239590536803007,0.027212874963879585,0.07181483297608793,7.475004531443119e-05,0.14259045803919435,0.008199208998121321,0.15078966703731567,1.3625016435980797e-05,6.216706242412329e-05,0.08001404197420925,0.2639082499081269,0.4105290840379894
4533,random_4530,random_cycle_chord,20260823,crossing_rich,6,200,6,10,15,5.621398400351613,True,True,,perf/incremental-yamada-frontier-order,1d8374f42cccbb16d78d44100a65ca603d7d1997,3.14.7,macOS-26.6.2-arm64-arm-64bit-Mach-O,arm,0.04555666702799499,0.14880166703369468,0.058350083068944514,0.011761583969928324,0.013650167034938931,0.02689175005070865,4.891608841717243e-05,0.013885917025618255,0.01476241706404835,0.001631291932426393,0.05722029216121882,0.14102716697379947,0.0002232090337201953,0.2925647919764742,0.03166541701648384,0.32423020899295807,2.8582988306879997e-05,0.0001675420207902789,0.1726925839902833,0.367050918051973,0.6639633330050856
4534,random_4531,random_cycle_chord,20260823,crossing_rich,5,200,5,8,12,4.248084944247285,True,True,,perf/incremental-yamada-frontier-order,1d8374f42cccbb16d78d44100a65ca603d7d1997,3.14.7,macOS-26.6.2-arm64-arm-64bit-Mach-O,arm,0.03040554199833423,0.14844629203435034,0.045891957939602435,0.010656625032424927,0.012387082912027836,0.0244667500955984,3.6458950489759445e-05,0.012651875033043325,0.013420375064015388,0.0013744999887421727,0.051949959131889045,0.12091850000433624,0.00015779188834130764,0.26390054204966873,0.03951295802835375,0.3034135000780225,2.4124979972839355e-05,0.00015074992552399635,0.16043145803269,0.33928329206537455,0.6070092499721795
4535,random_4532,random_cycle_chord,20260823,crossing_rich,4,200,5,10,14,5.4489134901540615,True,True,,perf/incremental-yamada-frontier-order,1d8374f42cccbb16d78d44100a65ca603d7d1997,3.14.7,macOS-26.6.2-arm64-arm-64bit-Mach-O,arm,0.04174174997024238,0.14957166695967317,0.052333915955387056,0.00995575007982552,0.01132625003810972,0.022569875000044703,3.779097460210323e-05,0.011681333067826927,0.01239291694946587,0.0013091659639030695,0.047991081955842674,0.12164137500803918,8.39160056784749e-05,0.27646262501366436,0.026390042039565742,0.3028526670532301,2.4834065698087215e-05,0.00014266592916101217,0.14803141704760492,0.33934483397752047,0.6199068329297006
4536,random_4533,random_cycle_chord,20260823,baseline,0,200,4,10,13,4.634446537712105,True,True,,perf/incremental-yamada-frontier-order,1d8374f42cccbb16d78d44100a65ca603d7d1997,3.14.7,macOS-26.6.2-arm64-arm-64bit-Mach-O,arm,0.03488312498666346,0.15239012497477233,0.02495904208626598,0.007798166945576668,0.007936042034998536,0.015690125059336424,3.066693898290396e-05,0.008149000001139939,0.008415917051024735,0.0007712919032201171,0.03305700095370412,0.07377733290195465,7.212499622255564e-05,0.1649253749055788,0.01189629198051989,0.17682166688609868,1.8666964024305344e-05,8.758308831602335e-05,0.08567362488247454,0.27294687484391034,0.44220529100857675
4537,random_4534,random_cycle_chord,20260823,baseline,0,200,3,11,13,5.224659408417089,True,True,,perf/incremental-yamada-frontier-order,1d8374f42cccbb16d78d44100a65ca603d7d1997,3.14.7,macOS-26.6.2-arm64-arm-64bit-Mach-O,arm,0.0394727080129087,0.155010792077519,0.02795595896895975,0.006953334086574614,0.007178166066296399,0.014486042084172368,2.2875028662383556e-05,0.007517333026044071,0.007710666977800429,0.0005749579286202788,0.03031187504529953,0.07241870800498873,6.920902524143457e-05,0.1783242910169065,0.00904845807235688,0.18737274908926338,1.5042023733258247e-05,7.187493611127138e-05,0.08146716607734561,0.2759506661677733,0.45847770804539323
4538,random_4535,random_cycle_chord,20260823,crossing_rich,5,200,5,8,12,4.246745599759032,True,True,,perf/incremental-yamada-frontier-order,1d8374f42cccbb16d78d44100a65ca603d7d1997,3.14.7,macOS-26.6.2-arm64-arm-64bit-Mach-O,arm,0.032654916984029114,0.15873645793180913,0.04755270900204778,0.011590417008846998,0.013315249932929873,0.026298957993276417,3.958295565098524e-05,0.01357075001578778,0.014300250099040568,0.0014093330828472972,0.05561887414660305,0.12811237492132932,0.0002733339788392186,0.28547933406662196,0.03871241700835526,0.3241917510749772,2.6374938897788525e-05,0.00015295902267098427,0.16682479192968458,0.3582161668455228,0.6479107909835875
4539,random_4536,random_cycle_chord,20260823,baseline,0,200,3,8,10,6.165767586151486,True,True,,perf/incremental-yamada-frontier-order,1d8374f42cccbb16d78d44100a65ca603d7d1997,3.14.7,macOS-26.6.2-arm64-arm-64bit-Mach-O,arm,0.035329542006365955,0.15899491705931723,0.03683291608467698,0.007068083039484918,0.007139542023651302,0.014010083046741784,2.3333006538450718e-05,0.007256458047777414,0.007513749995268881,0.0005939170951023698,0.0293975411914289,0.08045891695655882,5.970802158117294e-05,0.138805125025101,0.009546875022351742,0.14835200004745275,1.525005791336298e-05,7.987499702721834e-05,0.09000579197891057,0.28433025104459375,0.42744549992494285
4540,random_4537,random_cycle_chord,20260823,crossing_rich,5,200,5,8,12,4.220867494357424,True,True,,perf/incremental-yamada-frontier-order,1d8374f42cccbb16d78d44100a65ca603d7d1997,3.14.7,macOS-26.6.2-arm64-arm-64bit-Mach-O,arm,0.03119424998294562,0.1612451660912484,0.04241183295380324,0.010954875033348799,0.012499165954068303,0.024711875012144446,3.658293280750513e-05,0.012806082959286869,0.013388582970947027,0.0013272500364109874,0.052270373911596835,0.11816904100123793,0.0002589590149000287,0.26230320893228054,0.038567916955798864,0.3008711258880794,2.5707995519042015e-05,0.00014987506438046694,0.1567369579570368,0.3491763740312308,0.6154471660265699
4541,random_4538,random_cycle_chord,20260823,crossing_rich,4,200,5,10,14,5.407299416755245,True,True,,perf/incremental-yamada-frontier-order,1d8374f42cccbb16d78d44100a65ca603d7d1997,3.14.7,macOS-26.6.2-arm64-arm-64bit-Mach-O,arm,0.041887208935804665,0.14953408297151327,0.05021899996791035,0.00973854202311486,0.010754209011793137,0.021195042063482106,3.724999260157347e-05,0.010961208958178759,0.011643209028989077,0.0013248330214992166,0.04516154306475073,0.11590608395636082,7.916695903986692e-05,0.17153129202779382,0.024060458061285317,0.19559175008907914,2.3333006538450718e-05,0.0001425000373274088,0.13996654201764613,0.33138783392496407,0.5073255420429632
4542,random_4539,random_cycle_chord,20260823,baseline,0,200,3,9,11,5.343278851368541,True,True,,perf/incremental-yamada-frontier-order,1d8374f42cccbb16d78d44100a65ca603d7d1997,3.14.7,macOS-26.6.2-arm64-arm-64bit-Mach-O,arm,0.03188487503211945,0.147766291978769,0.02753920794930309,0.006553665967658162,0.0066625840263441205,0.01312833302654326,2.1124957129359245e-05,0.006795958033762872,0.006998333032242954,0.0005651249084621668,0.02750887395814061,0.06828270794358104,5.850009620189667e-05,0.14185162505600601,0.009246083092875779,0.1510977081488818,1.3749930076301098e-05,6.900005973875523e-05,0.07752879103645682,0.2571799580473453,0.40305579197593033
4543,random_4540,random_cycle_chord,20260823,crossing_rich,3,200,5,12,16,4.5249392922899405,True,True,,perf/incremental-yamada-frontier-order,1d8374f42cccbb16d78d44100a65ca603d7d1997,3.14.7,macOS-26.6.2-arm64-arm-64bit-Mach-O,arm,0.041901082964614034,0.1485713750589639,0.04166187497321516,0.009983874973841012,0.011149459052830935,0.02205787505954504,3.699993249028921e-05,0.011389250052161515,0.011962790973484516,0.0011884580599144101,0.04663537407759577,0.10946387506555766,8.633406832814217e-05,0.21256141690537333,0.022722458001226187,0.23528387490659952,2.2916006855666637e-05,0.00012683297973126173,0.13218633306678385,0.3226587910903618,0.539592667017132
4544,random_4541,random_cycle_chord,20260823,crossing_rich,2,200,4,8,11,6.586839165601069,True,True,,perf/incremental-yamada-frontier-order,1d8374f42cccbb16d78d44100a65ca603d7d1997,3.14.7,macOS-26.6.2-arm64-arm-64bit-Mach-O,arm,0.03930254199076444,0.14862812496721745,0.05608820798806846,0.008167166030034423,0.008519500028342009,0.016758125042542815,2.950010821223259e-05,0.0087180829141289,0.00919137499295175,0.000963832950219512,0.03566091600805521,0.10846254206262529,6.562494672834873e-05,0.1426952079636976,0.016710749943740666,0.15940595790743828,1.9124941900372505e-05,0.00010733306407928467,0.12517329200636595,0.31310395896434784,0.45993754197843373
4545,random_4542,random_cycle_chord,20260823,crossing_rich,4,200,5,8,12,6.6024803839946085,True,True,,perf/incremental-yamada-frontier-order,1d8374f42cccbb16d78d44100a65ca603d7d1997,3.14.7,macOS-26.6.2-arm64-arm-64bit-Mach-O,arm,0.04301725002005696,0.14910154207609594,0.0642082920530811,0.009715083986520767,0.01074962504208088,0.02108824998140335,3.6708079278469086e-05,0.010916208033449948,0.011712959036231041,0.0014657919527962804,0.04521991708315909,0.1299255829071626,0.0001539160730317235,0.1610832919832319,0.027751917019486427,0.18883520900271833,2.345896791666746e-05,0.00015674997121095657,0.15767749992664903,0.34979629202280194,0.5153005829779431
4546,random_4543,random_cycle_chord,20260823,crossing_rich,4,200,5,11,15,5.220999199237395,True,True,,perf/incremental-yamada-frontier-order,1d8374f42cccbb16d78d44100a65ca603d7d1997,3.14.7,macOS-26.6.2-arm64-arm-64bit-Mach-O,arm,0.042912625009194016,0.14883004105649889,0.04726541694253683,0.009834999917075038,0.010987790999934077,0.021521624992601573,3.750005271285772e-05,0.011177958105690777,0.011820750078186393,0.0013065410312265158,0.04586437426041812,0.11398616596125066,9.458302520215511e-05,0.1981511249905452,0.025006291922181845,0.22315741691272706,2.2999942302703857e-05,0.00014070805627852678,0.1389924578834325,0.3307351239491254,0.5332883750088513
4547,random_4544,random_cycle_chord,20260823,crossing_rich,4,200,5,8,12,6.586882379945627,True,True,,perf/incremental-yamada-frontier-order,1d8374f42cccbb16d78d44100a65ca603d7d1997,3.14.7,macOS-26.6.2-arm64-arm-64bit-Mach-O,arm,0.04323204199317843,0.14950366702396423,0.061584875104017556,0.009823082946240902,0.01066954096313566,0.021000750013627112,3.8416008464992046e-05,0.010920541943050921,0.011738333036191761,0.0014939580578356981,0.045191999059170485,0.12730495806317776,0.00016308401245623827,0.16203541599679738,0.028839958016760647,0.19087537401355803,2.4458044208586216e-05,0.00016375002451241016,0.1561449160799384,0.34888062509708107,0.5153859170386568
4548,random_4545,random_cycle_chord,20260823,crossing_rich,3,200,4,10,13,4.083579581761374,True,True,,perf/incremental-yamada-frontier-order,1d8374f42cccbb16d78d44100a65ca603d7d1997,3.14.7,macOS-26.6.2-arm64-arm-64bit-Mach-O,arm,0.03226633300073445,0.14803962502628565,0.033552875043824315,0.008861458976753056,0.009674874949268997,0.019113582908175886,2.875004429370165e-05,0.009884209022857249,0.010352417011745274,0.000991624896414578,0.04037058388348669,0.0924863750115037,7.166701834648848e-05,0.17120187496766448,0.018594416906125844,0.18979629187379032,1.925008837133646e-05,0.00011379097122699022,0.11108079191762954,0.29138674994464964,0.4667264169547707
4549,random_4546,random_cycle_chord,20260823,crossing_rich,4,200,5,10,14,5.462439383169863,True,True,,perf/incremental-yamada-frontier-order,1d8374f42cccbb16d78d44100a65ca603d7d1997,3.14.7,macOS-26.6.2-arm64-arm-64bit-Mach-O,arm,0.041353542008437216,0.1558915839996189,0.053376459050923586,0.010226374957710505,0.01131570793222636,0.02259966591373086,6.579200271517038e-05,0.012232125038281083,0.012985083041712642,0.0014594169333577156,0.04934208292979747,0.1243073750520125,0.00010383396875113249,0.20484579098410904,0.025657332967966795,0.23050312395207584,2.6916968636214733e-05,0.00016683305148035288,0.1499647080199793,0.3472098340280354,0.5565617500105873
4550,random_4547,random_cycle_chord,20260823,crossing_rich,4,200,5,9,13,6.076509717130618,True,True,,perf/incremental-yamada-frontier-order,1d8374f42cccbb16d78d44100a65ca603d7d1997,3.14.7,macOS-26.6.2-arm64-arm-64bit-Mach-O,arm,0.046164333005435765,0.17236308299470693,0.06107387493830174,0.011600667028687894,0.011959041003137827,0.02344441693276167,4.591699689626694e-05,0.025037458050064743,0.02436962502542883,0.006216290988959372,0.07911370799411088,0.16379712498746812,0.00018754194024950266,0.23575912497472018,0.02982529194559902,0.2655844169203192,3.8375030271708965e-05,0.00019116606563329697,0.19362241693306714,0.41214983293320984,0.6530450420686975
4551,random_4548,random_cycle_chord,20260823,crossing_rich,6,200,6,13,18,4.5617150638944794,True,True,,perf/incremental-yamada-frontier-order,1d8374f42cccbb16d78d44100a65ca603d7d1997,3.14.7,macOS-26.6.2-arm64-arm-64bit-Mach-O,arm,0.053984333062544465,0.16990420897491276,0.06217845797073096,0.015123249962925911,0.015673708054237068,0.0321796250063926,0.00010166596621274948,0.01701824995689094,0.01771012495737523,0.0019877500599250197,0.06899741594679654,0.16205520799849182,0.00014141702558845282,0.2941786670126021,0.044094583950936794,0.3382732509635389,3.858399577438831e-05,0.00020979205146431923,0.20614979194942862,0.43003833398688585,0.7307567079551518
4552,random_4549,random_cycle_chord,20260823,crossing_rich,3,200,5,10,14,5.625095608000909,True,True,,perf/incremental-yamada-frontier-order,1d8374f42cccbb16d78d44100a65ca603d7d1997,3.14.7,macOS-26.6.2-arm64-arm-64bit-Mach-O,arm,0.052155666053295135,0.1746724999975413,0.054870167048648,0.01089033402968198,0.01198808301705867,0.023538875044323504,4.070904105901718e-05,0.012210624990984797,0.012790458044037223,0.0012706669513136148,0.049851334071718156,0.12763812497723848,9.654101449996233e-05,0.2846482500899583,0.03004312503617257,0.3146913751261309,2.6916037313640118e-05,0.00014216697309166193,0.15768125001341105,0.3845094160642475,0.6735005830414593
4553,random_4550,random_cycle_chord,20260823,baseline,0,200,3,10,12,5.629457231339401,True,True,,perf/incremental-yamada-frontier-order,1d8374f42cccbb16d78d44100a65ca603d7d1997,3.14.7,macOS-26.6.2-arm64-arm-64bit-Mach-O,arm,0.0398822920396924,0.16319875000044703,0.03232179197948426,0.008520749979652464,0.007781583000905812,0.015342041966505349,6.308301817625761e-05,0.008034250000491738,0.007962499978020787,0.000610208953730762,0.032012083916924894,0.08070604200474918,0.00010441604536026716,0.16768170800060034,0.009397458983585238,0.17707916698418558,1.6750069335103035e-05,7.883296348154545e-05,0.09010350098833442,0.29318454302847385,0.4657142909709364
4554,random_4551,random_cycle_chord,20260823,crossing_rich,5,200,5,10,14,4.023770219478162,True,True,,perf/incremental-yamada-frontier-order,1d8374f42cccbb16d78d44100a65ca603d7d1997,3.14.7,macOS-26.6.2-arm64-arm-64bit-Mach-O,arm,0.038178292103111744,0.16320920805446804,0.04385975003242493,0.011807292001321912,0.013069167034700513,0.025692292023450136,3.987504169344902e-05,0.013418750022538006,0.013986916979774833,0.0015322089893743396,0.054670043056830764,0.12344233400654048,9.287509601563215e-05,0.19686849997378886,0.03244237508624792,0.22931087506003678,3.062502946704626e-05,0.00016837497241795063,0.1558847090927884,0.3572722092503682,0.5594493750249967
4555,random_4552,random_cycle_chord,20260823,baseline,0,200,3,10,12,4.6645302686186145,True,True,,perf/incremental-yamada-frontier-order,1d8374f42cccbb16d78d44100a65ca603d7d1997,3.14.7,macOS-26.6.2-arm64-arm-64bit-Mach-O,arm,0.033723333035595715,0.16486862499732524,0.024482832988724113,0.007698333007283509,0.007215125020593405,0.01382650004234165,2.3999949917197227e-05,0.007194083067588508,0.007767000002786517,0.000628833076916635,0.029440416139550507,0.06885787507053465,9.729200974106789e-05,0.17321829195134342,0.00962466700002551,0.18284295895136893,2.5792047381401062e-05,8.366606198251247e-05,0.07848254207056016,0.2770745001034811,0.45506795798428357
4556,random_4553,random_cycle_chord,20260823,crossing_rich,4,200,5,8,12,6.603655197568552,True,True,,perf/incremental-yamada-frontier-order,1d8374f42cccbb16d78d44100a65ca603d7d1997,3.14.7,macOS-26.6.2-arm64-arm-64bit-Mach-O,arm,0.047484166105277836,0.16010695800650865,0.06829741701949388,0.010637916973792017,0.011406500008888543,0.022470957948826253,3.90420900657773e-05,0.01159704104065895,0.012439207988791168,0.0015067079802975059,0.048052957048639655,0.13843016605824232,0.00017712509725242853,0.1732722920132801,0.029883249895647168,0.20315554190892726,2.7333968318998814e-05,0.0001731659285724163,0.1683134159538895,0.375904540065676,0.5541141669964418
4557,random_4554,random_cycle_chord,20260823,crossing_rich,4,200,5,10,14,5.372535525419278,True,True,,perf/incremental-yamada-frontier-order,1d8374f42cccbb16d78d44100a65ca603d7d1997,3.14.7,macOS-26.6.2-arm64-arm-64bit-Mach-O,arm,0.04625395801849663,0.16193099995143712,0.0524962090421468,0.010507042054086924,0.01137054106220603,0.022519875084981322,4.1041988879442215e-05,0.01165387500077486,0.012193374917842448,0.001333374995738268,0.04774154198821634,0.12215325003489852,9.929097723215818e-05,0.28244629106484354,0.027643415960483253,0.3100897070253268,2.574990503489971e-05,0.0001585830468684435,0.14979666599538177,0.3579816239653155,0.6449871249496937
4558,random_4555,random_cycle_chord,20260823,crossing_rich,5,200,5,8,12,4.137336645203151,True,True,,perf/incremental-yamada-frontier-order,1d8374f42cccbb16d78d44100a65ca603d7d1997,3.14.7,macOS-26.6.2-arm64-arm-64bit-Mach-O,arm,0.032011249917559326,0.15512266696896404,0.04149116692133248,0.011165041010826826,0.013088000006973743,0.025878333020955324,3.912497777491808e-05,0.01334216701798141,0.014105957932770252,0.0014234590344130993,0.054789041983895004,0.12056733400095254,0.0001792090479284525,0.16926862497348338,0.029516167007386684,0.19878479198087007,2.4209031835198402e-05,0.000149125000461936,0.15008350100833923,0.3372174178948626,0.5111822090111673
4559,random_4556,random_cycle_chord,20260823,crossing_rich,3,200,5,10,14,5.3781451018828115,True,True,,perf/incremental-yamada-frontier-order,1d8374f42cccbb16d78d44100a65ca603d7d1997,3.14.7,macOS-26.6.2-arm64-arm-64bit-Mach-O,arm,0.0418517499929294,0.15122629108373076,0.05559129104949534,0.009433750063180923,0.010225916979834437,0.02018858294468373,3.7792022339999676e-05,0.010462124948389828,0.01112766598816961,0.0012687079142779112,0.04308487381786108,0.11836862494237721,0.00010204198770225048,0.27259166701696813,0.027261000010184944,0.2998526670271531,2.4084001779556274e-05,0.00013212498743087053,0.14562962495256215,0.3387076660292223,0.6155503339832649
4560,random_4557,random_cycle_chord,20260823,crossing_rich,5,200,5,9,13,4.1812915844737635,True,True,,perf/incremental-yamada-frontier-order,1d8374f42cccbb16d78d44100a65ca603d7d1997,3.14.7,macOS-26.6.2-arm64-arm-64bit-Mach-O,arm,0.03579154203180224,0.1732132089091465,0.04852187493816018,0.012393082957714796,0.013362625031732023,0.026123749907128513,4.62500611320138e-05,0.013742165989242494,0.014452208997681737,0.0014302500057965517,0.05579462496098131,0.13011687493417412,9.166705422103405e-05,0.1912718340754509,0.029895624960772693,0.2211674590362236,3.0166003853082657e-05,0.00017579097766429186,0.1600124998949468,0.36901725083589554,0.5655136249260977
4561,random_4558,random_cycle_chord,20260823,crossing_rich,3,200,4,8,11,4.228708886207971,True,True,,perf/incremental-yamada-frontier-order,1d8374f42cccbb16d78d44100a65ca603d7d1997,3.14.7,macOS-26.6.2-arm64-arm-64bit-Mach-O,arm,0.031026292010210454,0.16018395801074803,0.03894091595429927,0.009930499945767224,0.010746333049610257,0.02117500000167638,3.208394628018141e-05,0.010959083097986877,0.01138662500306964,0.0010185419814661145,0.04457133403047919,0.10421762499026954,7.337506394833326e-05,0.15516612504143268,0.01943533297162503,0.1746014580130577,2.0832987502217293e-05,0.00012108404189348221,0.12365295796189457,0.31486320798285306,0.47450320806819946
4562,random_4559,random_cycle_chord,20260823,crossing_rich,4,200,5,8,12,6.587836225255341,True,True,,perf/incremental-yamada-frontier-order,1d8374f42cccbb16d78d44100a65ca603d7d1997,3.14.7,macOS-26.6.2-arm64-arm-64bit-Mach-O,arm,0.04648366698529571,0.15879341692198068,0.06637150002643466,0.010800792020745575,0.011463125003501773,0.023162957979366183,4.366703797131777e-05,0.012080415966920555,0.013125792029313743,0.001605458091944456,0.050018291105516255,0.13870487501844764,0.00018462503794580698,0.1721466250019148,0.02814604202285409,0.2002926670247689,2.6416964828968048e-05,0.00016729196067899466,0.16685091704130173,0.3721280009485781,0.5492682500043884
4563,random_4560,random_cycle_chord,20260823,crossing_rich,3,200,4,9,12,4.476189215406249,True,True,,perf/incremental-yamada-frontier-order,1d8374f42cccbb16d78d44100a65ca603d7d1997,3.14.7,macOS-26.6.2-arm64-arm-64bit-Mach-O,arm,0.03337912494316697,0.15636620798613876,0.03847387502901256,0.00940716709010303,0.010229041916318238,0.020166457979939878,3.0374969355762005e-05,0.01046212506480515,0.010903125046752393,0.0009927910286933184,0.0425548740895465,0.10069354099687189,7.099995855242014e-05,0.1647636250127107,0.018734582932665944,0.18349820794537663,1.9625062122941017e-05,0.00011495803482830524,0.11942812392953783,0.30917345685884356,0.4782507090130821
4564,random_4561,random_cycle_chord,20260823,crossing_rich,5,200,5,8,12,4.173622303497149,True,True,,perf/incremental-yamada-frontier-order,1d8374f42cccbb16d78d44100a65ca603d7d1997,3.14.7,macOS-26.6.2-arm64-arm-64bit-Mach-O,arm,0.0318296670448035,0.15230354201048613,0.04058387503027916,0.010945791960693896,0.01265766704455018,0.025212874985300004,3.812497016042471e-05,0.012943916954100132,0.013628624961711466,0.0013270840281620622,0.05315062589943409,0.11737195798195899,0.00017437501810491085,0.16474891698453575,0.028323457925580442,0.1930723749101162,2.3833010345697403e-05,0.0001431669807061553,0.14569541590753943,0.32982862496282905,0.499112292076461
4565,random_4562,random_cycle_chord,20260823,crossing_rich,5,200,5,8,12,4.18317913209718,True,True,,perf/incremental-yamada-frontier-order,1d8374f42cccbb16d78d44100a65ca603d7d1997,3.14.7,macOS-26.6.2-arm64-arm-64bit-Mach-O,arm,0.031011792016215622,0.15129795798566192,0.03798174997791648,0.010843708063475788,0.012662542052567005,0.025014207931235433,3.770901821553707e-05,0.012873959029093385,0.0135949170216918,0.0013807920040562749,0.05290158500429243,0.11442350002471358,0.00016420905012637377,0.26893254194874316,0.02737324999179691,0.2963057919405401,2.4416949599981308e-05,0.0001437090104445815,0.1417967500165105,0.32410650001838803,0.5972541250521317
4566,random_4563,random_cycle_chord,20260823,crossing_rich,3,200,4,8,11,4.240557015276169,True,True,,perf/incremental-yamada-frontier-order,1d8374f42cccbb16d78d44100a65ca603d7d1997,3.14.7,macOS-26.6.2-arm64-arm-64bit-Mach-O,arm,0.028244041022844613,0.15231166605371982,0.03670220810454339,0.009275375050492585,0.010419250000268221,0.020427374984137714,3.133295103907585e-05,0.010569583042524755,0.011053041904233396,0.0010327909840270877,0.04311412386596203,0.09953845897689462,7.06670107319951e-05,0.24571875005494803,0.01941958290990442,0.26513833296485245,2.062495332211256e-05,0.00011812499724328518,0.11895804188679904,0.29951374896336347,0.5493430000497028
4567,random_4564,random_cycle_chord,20260823,crossing_rich,2,200,4,9,12,5.9538458888723405,True,True,,perf/incremental-yamada-frontier-order,1d8374f42cccbb16d78d44100a65ca603d7d1997,3.14.7,macOS-26.6.2-arm64-arm-64bit-Mach-O,arm,0.039730958989821374,0.1530385829973966,0.05344300006981939,0.008607583935372531,0.008859834051690996,0.017454041983000934,3.02919652312994e-05,0.009070375002920628,0.009566333028487861,0.0010053330333903432,0.037126375013031065,0.10806366696488112,7.812504190951586e-05,0.16782512504141778,0.017940583056770265,0.18576570809818804,2.1125073544681072e-05,0.00011362496297806501,0.1260042500216514,0.31877379200886935,0.4909358329605311
4568,random_4565,random_cycle_chord,20260823,crossing_rich,5,200,5,9,13,4.3462303682046155,True,True,,perf/incremental-yamada-frontier-order,1d8374f42cccbb16d78d44100a65ca603d7d1997,3.14.7,macOS-26.6.2-arm64-arm-64bit-Mach-O,arm,0.03557579196058214,0.1601271660765633,0.04227766708936542,0.011344291036948562,0.012648041010834277,0.024982458096928895,4.008307587355375e-05,0.012948833988048136,0.013663292047567666,0.0014493330381810665,0.05308400024659932,0.11938879208173603,8.949998300522566e-05,0.1883654169505462,0.029052249970845878,0.21741766692139208,2.537504769861698e-05,0.00016612501349300146,0.1484410420525819,0.34414400008972734,0.5372733329422772
4569,random_4566,random_cycle_chord,20260823,crossing_rich,2,200,4,8,11,6.293511826066347,True,True,,perf/incremental-yamada-frontier-order,1d8374f42cccbb16d78d44100a65ca603d7d1997,3.14.7,macOS-26.6.2-arm64-arm-64bit-Mach-O,arm,0.041264374973252416,0.16136237501632422,0.06258899997919798,0.009048958076164126,0.009266625042073429,0.01818654197268188,3.170792479068041e-05,0.009414000087417662,0.009887749911285937,0.0010138750076293945,0.038533874903805554,0.11946683400310576,7.387506775557995e-05,0.156860165996477,0.018497207900509238,0.17535737389698625,2.0124949514865875e-05,0.00011991604696959257,0.137964041903615,0.34059079189319164,0.501925167045556
4570,random_4567,random_cycle_chord,20260823,baseline,0,200,4,15,18,4.044110348898249,True,True,,perf/incremental-yamada-frontier-order,1d8374f42cccbb16d78d44100a65ca603d7d1997,3.14.7,macOS-26.6.2-arm64-arm-64bit-Mach-O,arm,0.04704666696488857,0.15940866607706994,0.02357475005555898,0.0084812919376418,0.00855662499088794,0.016958459047600627,3.116694279015064e-05,0.008823375101201236,0.00903604191262275,0.0007879160111770034,0.03563695901539177,0.0762770000146702,0.00011337501928210258,0.24695495807100087,0.011685166973620653,0.2586401250446215,1.970806624740362e-05,9.279092773795128e-05,0.08796216698829085,0.29441750003024936,0.5459212920395657
4571,random_4568,random_cycle_chord,20260823,baseline,0,200,4,13,16,4.5641023504691836,True,True,,perf/incremental-yamada-frontier-order,1d8374f42cccbb16d78d44100a65ca603d7d1997,3.14.7,macOS-26.6.2-arm64-arm-64bit-Mach-O,arm,0.044484749902039766,0.15837687498424202,0.025571416947059333,0.008283458999358118,0.008602333022281528,0.017103500082157552,3.175006713718176e-05,0.008971415925770998,0.009226375026628375,0.0007377080619335175,0.036070749163627625,0.07855583308264613,8.974992670118809e-05,0.2173113749595359,0.010851040948182344,0.22816241590771824,1.8249964341521263e-05,8.02080612629652e-05,0.08940687403082848,0.29226849891711026,0.5140330829890445
4572,random_4569,random_cycle_chord,20260823,crossing_rich,6,200,6,11,16,5.222605594169906,True,True,,perf/incremental-yamada-frontier-order,1d8374f42cccbb16d78d44100a65ca603d7d1997,3.14.7,macOS-26.6.2-arm64-arm-64bit-Mach-O,arm,0.04833808308467269,0.1543724169023335,0.053732541971839964,0.011456125066615641,0.013114959001541138,0.02605041698552668,4.4749933294951916e-05,0.013682875083759427,0.014604083029553294,0.0017642499879002571,0.05614637502003461,0.13449020904954523,9.670795407146215e-05,0.2255238329526037,0.03615758300293237,0.26168141595553607,2.858403604477644e-05,0.00018220802303403616,0.1706477920524776,0.3733582920394838,0.6036536660976708
4573,random_4570,random_cycle_chord,20260823,crossing_rich,6,200,6,10,15,5.628399542459657,True,True,,perf/incremental-yamada-frontier-order,1d8374f42cccbb16d78d44100a65ca603d7d1997,3.14.7,macOS-26.6.2-arm64-arm-64bit-Mach-O,arm,0.045866332948207855,0.15129412501119077,0.05877425009384751,0.01192704204004258,0.014033042010851204,0.028672332991845906,5.162495654076338e-05,0.015252084005624056,0.01635933294892311,0.00188729097135365,0.062222665874287486,0.14700274995993823,0.00025283393915742636,0.32123962498735636,0.048599708010442555,0.3698393329977989,2.9249931685626507e-05,0.0001795829739421606,0.19560245797038078,0.3927629159297794,0.718036541948095
4574,random_4571,random_cycle_chord,20260823,baseline,0,200,4,11,14,4.071404812929925,True,True,,perf/incremental-yamada-frontier-order,1d8374f42cccbb16d78d44100a65ca603d7d1997,3.14.7,macOS-26.6.2-arm64-arm-64bit-Mach-O,arm,0.03615695796906948,0.15338570799212903,0.02077862503938377,0.007797833066433668,0.00817233300767839,0.01607066602446139,3.0832947231829166e-05,0.00832799996715039,0.008641290944069624,0.000770249986089766,0.033841039869003,0.07061762502416968,7.491710130125284e-05,0.18827916600275785,0.011833249940536916,0.20011241594329476,1.808407250791788e-05,8.49580392241478e-05,0.0824508749647066,0.2719935409259051,0.46459154097829014
4575,random_4572,random_cycle_chord,20260823,crossing_rich,5,200,5,9,13,4.371278425540979,True,True,,perf/incremental-yamada-frontier-order,1d8374f42cccbb16d78d44100a65ca603d7d1997,3.14.7,macOS-26.6.2-arm64-arm-64bit-Mach-O,arm,0.03510062501300126,0.151186415925622,0.04200804198626429,0.010493375011719763,0.012123499996960163,0.023910291027277708,3.6917044781148434e-05,0.012389166979119182,0.013125125085934997,0.001423874986357987,0.05088537512347102,0.11554345896001905,7.924996316432953e-05,0.17727604205720127,0.02827725000679493,0.2055532920639962,2.4374923668801785e-05,0.00015774997882544994,0.14382070896681398,0.33010774990543723,0.5120732079958543
4576,random_4573,random_cycle_chord,20260823,baseline,0,200,4,11,14,4.110735561832249,True,True,,perf/incremental-yamada-frontier-order,1d8374f42cccbb16d78d44100a65ca603d7d1997,3.14.7,macOS-26.6.2-arm64-arm-64bit-Mach-O,arm,0.03504837502259761,0.15078050002921373,0.02142095798626542,0.007535582990385592,0.007785749970935285,0.015360666904598475,2.875004429370165e-05,0.00798966595903039,0.00824483297765255,0.0007514579920098186,0.032375373877584934,0.06914370798040181,7.43749551475048e-05,0.18311791704036295,0.01126920897513628,0.19438712601549923,1.8291990272700787e-05,8.237501606345177e-05,0.0804129169555381,0.26624179200734943,0.45357779099140316
4577,random_4574,random_cycle_chord,20260823,crossing_rich,4,200,5,8,12,6.591424961530395,True,True,,perf/incremental-yamada-frontier-order,1d8374f42cccbb16d78d44100a65ca603d7d1997,3.14.7,macOS-26.6.2-arm64-arm-64bit-Mach-O,arm,0.04389641701709479,0.15204070799518377,0.0638510410208255,0.009747082949616015,0.010846249992027879,0.021412207977846265,3.8624973967671394e-05,0.011092958971858025,0.011876999982632697,0.0014019160298630595,0.04582270793616772,0.1303002079948783,0.0001556250499561429,0.16329275001771748,0.026193584082648158,0.18948633410036564,2.3875036276876926e-05,0.0001520410878583789,0.15649379207752645,0.352430917089805,0.5202583339996636
4578,random_4575,random_cycle_chord,20260823,baseline,0,200,3,11,13,4.04425986061894,True,True,,perf/incremental-yamada-frontier-order,1d8374f42cccbb16d78d44100a65ca603d7d1997,3.14.7,macOS-26.6.2-arm64-arm-64bit-Mach-O,arm,0.03276729199569672,0.15141841606236994,0.022322500008158386,0.0070099999429658055,0.0073224169900640845,0.014442082960158587,2.2458028979599476e-05,0.007431917008943856,0.0076434999937191606,0.0005245000356808305,0.030064458027482033,0.06673933297861367,6.637501064687967e-05,0.1742630829103291,0.008562167058698833,0.18282524996902794,1.3999990187585354e-05,6.48329732939601e-05,0.07530150003731251,0.2594872080953792,0.43789041601121426
4579,random_4576,random_cycle_chord,20260823,crossing_rich,5,200,5,8,12,4.122049163397793,True,True,,perf/incremental-yamada-frontier-order,1d8374f42cccbb16d78d44100a65ca603d7d1997,3.14.7,macOS-26.6.2-arm64-arm-64bit-Mach-O,arm,0.03132704098243266,0.15411766595207155,0.041504999971948564,0.0109984161099419,0.01290416601113975,0.025519874994643033,3.933301195502281e-05,0.013130165985785425,0.01386275002732873,0.0013983329990878701,0.05395045701880008,0.11939229199197143,0.00016299996059387922,0.1718960419530049,0.02873012505006045,0.20062616700306535,2.49580480158329e-05,0.00015395903028547764,0.14812241704203188,0.3335671239765361,0.5102712919469923
4580,random_4577,random_cycle_chord,20260823,crossing_rich,5,200,5,8,12,4.242026274026545,True,True,,perf/incremental-yamada-frontier-order,1d8374f42cccbb16d78d44100a65ca603d7d1997,3.14.7,macOS-26.6.2-arm64-arm-64bit-Mach-O,arm,0.03163733403198421,0.16775266593322158,0.040287583018653095,0.011175625026226044,0.01268849999178201,0.024990082951262593,3.8874917663633823e-05,0.012977416976355016,0.013733792002312839,0.0013898329343646765,0.05312999978195876,0.11731700005475432,0.0002645410131663084,0.17404687509406358,0.02666225004941225,0.20070912514347583,2.6541994884610176e-05,0.00015154201537370682,0.14397925010416657,0.34336925006937236,0.5221004579216242
4581,random_4578,random_cycle_chord,20260823,baseline,0,200,3,14,16,4.292991767998488,True,True,,perf/incremental-yamada-frontier-order,1d8374f42cccbb16d78d44100a65ca603d7d1997,3.14.7,macOS-26.6.2-arm64-arm-64bit-Mach-O,arm,0.040702917031012475,0.155588083085604,0.020855332957580686,0.006691665970720351,0.006942500011064112,0.013691417057998478,2.1957908757030964e-05,0.007121917093172669,0.007285790983587503,0.0005605000769719481,0.02868158312048763,0.06319133297074586,7.866707164794207e-05,0.211843290948309,0.008594165905378759,0.22043745685368776,1.3959011994302273e-05,6.808293983340263e-05,0.07178549887612462,0.2680764989927411,0.4841309579787776
4582,random_4579,random_cycle_chord,20260823,crossing_rich,3,200,4,8,11,4.219595164520667,True,True,,perf/incremental-yamada-frontier-order,1d8374f42cccbb16d78d44100a65ca603d7d1997,3.14.7,macOS-26.6.2-arm64-arm-64bit-Mach-O,arm,0.029343958012759686,0.1514509579865262,0.040673958021216094,0.009254832984879613,0.010264042066410184,0.020237541059032083,3.062502946704626e-05,0.010474749957211316,0.010977125028148293,0.0010356670245528221,0.04275570809841156,0.10297550004906952,6.883405148983002e-05,0.1518837499897927,0.02032975002657622,0.17221350001636893,2.079096157103777e-05,0.0001228750916197896,0.12330525007564574,0.3041001660749316,0.46024891699198633
4583,random_4580,random_cycle_chord,20260823,crossing_rich,6,200,6,11,16,5.228009703967386,True,True,,perf/incremental-yamada-frontier-order,1d8374f42cccbb16d78d44100a65ca603d7d1997,3.14.7,macOS-26.6.2-arm64-arm-64bit-Mach-O,arm,0.048071582918055356,0.15557375003118068,0.060292875044979155,0.013832833035849035,0.014177792007103562,0.02792333299294114,4.6166940592229366e-05,0.014460667036473751,0.015552541008219123,0.0017810839926823974,0.05976379197090864,0.14810904196929187,0.00010100007057189941,0.22762212494853884,0.036826874944381416,0.26444899989292026,3.058300353586674e-05,0.00019579101353883743,0.18493591691367328,0.3885812498629093,0.6210338339442387
4584,random_4581,random_cycle_chord,20260823,crossing_rich,5,200,5,9,13,4.397930991866945,True,True,,perf/incremental-yamada-frontier-order,1d8374f42cccbb16d78d44100a65ca603d7d1997,3.14.7,macOS-26.6.2-arm64-arm-64bit-Mach-O,arm,0.03596379200462252,0.15615629206877202,0.044661666033789515,0.011210083961486816,0.012944665970280766,0.02555291703902185,4.15419926866889e-05,0.013275458011776209,0.01400229090359062,0.0014382080407813191,0.054310415987856686,0.12317004101350904,8.699996396899223e-05,0.19018362497445196,0.03044329211115837,0.22062691708561033,2.5625107809901237e-05,0.0001599160023033619,0.1536133331246674,0.34573341719806194,0.5407534589758143
4585,random_4582,random_cycle_chord,20260823,crossing_rich,2,200,4,8,11,6.586373244446967,True,True,,perf/incremental-yamada-frontier-order,1d8374f42cccbb16d78d44100a65ca603d7d1997,3.14.7,macOS-26.6.2-arm64-arm-64bit-Mach-O,arm,0.042833041050471365,0.1600259590195492,0.05668858299031854,0.009000292047858238,0.009255041019059718,0.018225917010568082,3.058300353586674e-05,0.009482249966822565,0.010014125029556453,0.0010919999331235886,0.038844874943606555,0.11381729203276336,7.695902604609728e-05,0.15566849999595433,0.01975987502373755,0.17542837501969188,2.0292005501687527e-05,0.0001277910778298974,0.1335771670565009,0.33643616712652147,0.4965840830700472
4586,random_4583,random_cycle_chord,20260823,baseline,0,200,4,10,13,4.685771353107769,True,True,,perf/incremental-yamada-frontier-order,1d8374f42cccbb16d78d44100a65ca603d7d1997,3.14.7,macOS-26.6.2-arm64-arm-64bit-Mach-O,arm,0.037147541996091604,0.15909708302933723,0.02460279199294746,0.008220541989430785,0.0082171669928357,0.016127292066812515,3.0333991162478924e-05,0.008398584090173244,0.008692125091329217,0.0007872910937294364,0.03403562633320689,0.07510483299847692,9.762507397681475e-05,0.1681175420526415,0.011839832994155586,0.1799573750467971,2.0000035874545574e-05,8.704105857759714e-05,0.08694466599263251,0.28318929101806134,0.4557992910267785
4587,random_4584,random_cycle_chord,20260823,crossing_rich,6,200,6,10,15,5.624960983634165,True,True,,perf/incremental-yamada-frontier-order,1d8374f42cccbb16d78d44100a65ca603d7d1997,3.14.7,macOS-26.6.2-arm64-arm-64bit-Mach-O,arm,0.0490180830238387,0.15954054100438952,0.062725167023018,0.012945208000019193,0.014532667002640665,0.028632958070375025,5.225010681897402e-05,0.014887291006743908,0.01568462501745671,0.0016891669947654009,0.06094629119616002,0.15119712508749217,0.00023070804309099913,0.31226504198275506,0.04208916600327939,0.35435420798603445,2.9999995604157448e-05,0.00018208299297839403,0.19328629109077156,0.4018449151189998,0.7183559999102727
4588,random_4585,random_cycle_chord,20260823,crossing_rich,5,200,5,8,12,4.196687907252182,True,True,,perf/incremental-yamada-frontier-order,1d8374f42cccbb16d78d44100a65ca603d7d1997,3.14.7,macOS-26.6.2-arm64-arm-64bit-Mach-O,arm,0.032569500035606325,0.15620804205536842,0.042979707941412926,0.011044666985981166,0.012988375034183264,0.025618374929763377,3.8375030271708965e-05,0.013261916930787265,0.01399620808660984,0.0014247080544009805,0.05433958303183317,0.12138654198497534,0.00016866694204509258,0.16729487502016127,0.028195083024911582,0.19548995804507285,2.5582965463399887e-05,0.00015416601672768593,0.14958162500988692,0.33835916710086167,0.5102887500543147
4589,random_4586,random_cycle_chord,20260823,crossing_rich,12,200,8,14,21,4.288674533445262,True,True,,perf/incremental-yamada-frontier-order,1d8374f42cccbb16d78d44100a65ca603d7d1997,3.14.7,macOS-26.6.2-arm64-arm-64bit-Mach-O,arm,0.05514237505849451,0.15325208299327642,0.05312833294738084,0.016137041035108268,0.020442332956008613,0.040396290947683156,5.8834091760218143e-05,0.020862750010564923,0.02237337501719594,0.0025996670592576265,0.08629091712646186,0.1760521250544116,0.0003172080032527447,0.4354917920427397,0.08095104107633233,0.516442833119072,4.4375075958669186e-05,0.00027645903173834085,0.2570031661307439,0.46539762418251485,0.9050895000109449
4590,random_4587,random_cycle_chord,20260823,baseline,0,200,3,11,13,5.222630424102596,True,True,,perf/incremental-yamada-frontier-order,1d8374f42cccbb16d78d44100a65ca603d7d1997,3.14.7,macOS-26.6.2-arm64-arm-64bit-Mach-O,arm,0.03822662495076656,0.1520507080713287,0.030084791942499578,0.006609375006519258,0.006625209003686905,0.013067083084024489,2.1959072910249233e-05,0.006789583945646882,0.006963917054235935,0.0005292920395731926,0.027371835196390748,0.0707108749775216,6.641598884016275e-05,0.17325620807241648,0.00880658405367285,0.18206279212608933,1.466704998165369e-05,6.799993570894003e-05,0.07951745903119445,0.2697947920532897,0.4472179579315707
4591,random_4588,random_cycle_chord,20260823,baseline,0,200,3,12,14,4.880105154155942,True,True,,perf/incremental-yamada-frontier-order,1d8374f42cccbb16d78d44100a65ca603d7d1997,3.14.7,macOS-26.6.2-arm64-arm-64bit-Mach-O,arm,0.03908633394166827,0.15211333299521357,0.022438041982240975,0.006703791907057166,0.006867333082482219,0.013511624885722995,2.104195300489664e-05,0.00699083402287215,0.007193500059656799,0.0005768330302089453,0.028293833951465786,0.06432191596832126,6.77080824971199e-05,0.17296337510924786,0.009348499937914312,0.18231187504716218,1.4582998119294643e-05,7.19169620424509e-05,0.07367041590623558,0.2648700828431174,0.44192933302838355
4592,random_4589,random_cycle_chord,20260823,crossing_rich,4,200,5,8,12,6.583849169722696,True,True,,perf/incremental-yamada-frontier-order,1d8374f42cccbb16d78d44100a65ca603d7d1997,3.14.7,macOS-26.6.2-arm64-arm-64bit-Mach-O,arm,0.044433832983486354,0.1557319590356201,0.07078216702211648,0.010132333030924201,0.01119270792696625,0.02196737506892532,4.095793701708317e-05,0.011435457970947027,0.012062332942150533,0.001428042072802782,0.04693416599184275,0.13907787494827062,0.0001604999415576458,0.16945466701872647,0.028747875010594726,0.1982025420293212,2.5124987587332726e-05,0.00015891599468886852,0.16782574995886534,0.3679915419779718,0.5422627090010792
4593,random_4590,random_cycle_chord,20260823,crossing_rich,3,200,4,8,11,4.1432938337151555,True,True,,perf/incremental-yamada-frontier-order,1d8374f42cccbb16d78d44100a65ca603d7d1997,3.14.7,macOS-26.6.2-arm64-arm-64bit-Mach-O,arm,0.02965183393098414,0.15577737498097122,0.03708670800551772,0.009764040936715901,0.010945665999315679,0.021604000008665025,4.0624989196658134e-05,0.011068708030506968,0.011525833979249,0.0010446669766679406,0.04528383398428559,0.1031152909854427,7.083301898092031e-05,0.15644462499767542,0.0202876249095425,0.17673224990721792,2.054101787507534e-05,0.00011925003491342068,0.1234029158949852,0.30883212480694056,0.4695845419773832
4594,random_4591,random_cycle_chord,20260823,crossing_rich,5,200,5,10,14,4.799974014745246,True,True,,perf/incremental-yamada-frontier-order,1d8374f42cccbb16d78d44100a65ca603d7d1997,3.14.7,macOS-26.6.2-arm64-arm-64bit-Mach-O,arm,0.04097712493967265,0.16697962500620633,0.050152249983511865,0.012820958974771202,0.014229750027880073,0.028095750021748245,4.2541068978607655e-05,0.014478207915090024,0.014754083007574081,0.0015188329853117466,0.058889414998702705,0.13613279105629772,9.029207285493612e-05,0.30349837499670684,0.04439200006891042,0.34789037506561726,4.575005732476711e-05,0.0001818330492824316,0.18052479112520814,0.3884815410710871,0.6964097090531141
4595,random_4592,random_cycle_chord,20260823,baseline,0,200,4,13,16,4.56590289512854,True,True,,perf/incremental-yamada-frontier-order,1d8374f42cccbb16d78d44100a65ca603d7d1997,3.14.7,macOS-26.6.2-arm64-arm-64bit-Mach-O,arm,0.04922766704112291,0.1645689579891041,0.02606387494597584,0.008595000021159649,0.009219042025506496,0.017934624920599163,3.2625044696033e-05,0.009134041960351169,0.009731790982186794,0.0008647500071674585,0.03769783291500062,0.08160637493710965,8.608296047896147e-05,0.22526350000407547,0.01312779204454273,0.2383912920486182,2.1000043489038944e-05,9.91669949144125e-05,0.09473416698165238,0.3085307920118794,0.5383519169408828
4596,random_4593,random_cycle_chord,20260823,baseline,0,200,3,10,12,4.709441146344689,True,True,,perf/incremental-yamada-frontier-order,1d8374f42cccbb16d78d44100a65ca603d7d1997,3.14.7,macOS-26.6.2-arm64-arm-64bit-Mach-O,arm,0.03439087502192706,0.15934241702780128,0.023977666976861656,0.007014542003162205,0.007005207939073443,0.013762624934315681,2.3250002413988113e-05,0.007153040962293744,0.007323790923692286,0.0005622920580208302,0.02882499888073653,0.06684337498154491,7.062498480081558e-05,0.16570670809596777,0.008843083982355893,0.17454979207832366,1.5249941498041153e-05,7.683399599045515e-05,0.0756864589639008,0.26941975101362914,0.4395011669257656
4597,random_4594,random_cycle_chord,20260823,crossing_rich,5,200,5,9,13,4.17010809777527,True,True,,perf/incremental-yamada-frontier-order,1d8374f42cccbb16d78d44100a65ca603d7d1997,3.14.7,macOS-26.6.2-arm64-arm-64bit-Mach-O,arm,0.03540608403272927,0.15853545791469514,0.04068708291742951,0.011406167061068118,0.012897750013507903,0.02541516604833305,4.0500075556337833e-05,0.013172208098694682,0.013914625043980777,0.00142941705416888,0.053971916320733726,0.11899858398828655,8.454197086393833e-05,0.18574604101013392,0.027735042036511004,0.21348108304664493,2.5333021767437458e-05,0.0001603339333087206,0.14673362602479756,0.34067516797222197,0.5312660000054166
4598,random_4595,random_cycle_chord,20260823,crossing_rich,5,200,5,8,12,4.205621492623355,True,True,,perf/incremental-yamada-frontier-order,1d8374f42cccbb16d78d44100a65ca603d7d1997,3.14.7,macOS-26.6.2-arm64-arm-64bit-Mach-O,arm,0.031761249992996454,0.15497312496881932,0.04700200003571808,0.010874624946154654,0.012779999990016222,0.025296582956798375,4.2416038922965527e-05,0.013275083038024604,0.013942290912382305,0.0014218749711290002,0.05397824791725725,0.12466841598507017,0.00019050005357712507,0.16648379096295685,0.028634291025809944,0.1951180819887668,2.4333014152944088e-05,0.00015199999324977398,0.1533027070108801,0.3400370819726959,0.5111582089448348
4599,random_4596,random_cycle_chord,20260823,crossing_rich,3,200,4,9,12,4.497084970981003,True,True,,perf/incremental-yamada-frontier-order,1d8374f42cccbb16d78d44100a65ca603d7d1997,3.14.7,macOS-26.6.2-arm64-arm-64bit-Mach-O,arm,0.03134454204700887,0.15011458401568234,0.037602624972350895,0.009132040897384286,0.01012995804194361,0.019932875060476363,3.0499999411404133e-05,0.01032966689672321,0.010765584069304168,0.0010300419526174664,0.04208866797853261,0.0989812919870019,8.500006515532732e-05,0.1618200420634821,0.020141249988228083,0.1819612920517102,1.8874998204410076e-05,0.00011791603174060583,0.11912254197522998,0.3005816680379212,0.46690195810515434
4600,random_4597,random_cycle_chord,20260823,baseline,0,200,3,8,10,6.156796248560869,True,True,,perf/incremental-yamada-frontier-order,1d8374f42cccbb16d78d44100a65ca603d7d1997,3.14.7,macOS-26.6.2-arm64-arm-64bit-Mach-O,arm,0.032964249956421554,0.16311687498819083,0.03440441703423858,0.006868917029350996,0.006713208043947816,0.013143707998096943,2.1708081476390362e-05,0.00685783289372921,0.00703979202080518,0.0005576249677687883,0.02762066596187651,0.07562620798125863,5.962501745671034e-05,0.12897245900239795,0.009102625073865056,0.138075084076263,1.8042046576738358e-05,7.504201494157314e-05,0.08472883305512369,0.28080995799973607,0.4138930420158431
4601,random_4598,random_cycle_chord,20260823,baseline,0,200,3,10,12,5.618738162173351,True,True,,perf/incremental-yamada-frontier-order,1d8374f42cccbb16d78d44100a65ca603d7d1997,3.14.7,macOS-26.6.2-arm64-arm-64bit-Mach-O,arm,0.03695466602221131,0.1508217080263421,0.03134966595098376,0.006613874924369156,0.006684208987280726,0.01321162492968142,2.2165942937135696e-05,0.006797833018936217,0.00699733302462846,0.0005355409812182188,0.027564497897401452,0.07223179202992469,7.225002627819777e-05,0.15529983304440975,0.008868749951943755,0.1641685829963535,1.383305061608553e-05,6.345903966575861e-05,0.08110054198186845,0.26887691603042185,0.42827087501063943
4602,random_4599,random_cycle_chord,20260823,crossing_rich,5,200,5,8,12,4.166497517306057,True,True,,perf/incremental-yamada-frontier-order,1d8374f42cccbb16d78d44100a65ca603d7d1997,3.14.7,macOS-26.6.2-arm64-arm-64bit-Mach-O,arm,0.03196658391971141,0.15360920899547637,0.04140450002159923,0.011172667029313743,0.01299049996305257,0.02643974998500198,4.133302718400955e-05,0.013622457976453006,0.014344832976348698,0.0014502499252557755,0.05589862389024347,0.121501374989748,0.00018462492153048515,0.17369512503501028,0.03038645803462714,0.20408158306963742,2.6458059437572956e-05,0.00016120797954499722,0.15188783302437514,0.3374636259395629,0.516098374966532
4603,random_4600,random_cycle_chord,20260823,baseline,0,200,4,10,13,4.661308143972022,True,True,,perf/incremental-yamada-frontier-order,1d8374f42cccbb16d78d44100a65ca603d7d1997,3.14.7,macOS-26.6.2-arm64-arm-64bit-Mach-O,arm,0.036383792059496045,0.16044829098973423,0.028033583075739443,0.008473583031445742,0.008924916968680918,0.01770779094658792,3.166601527482271e-05,0.009421708062291145,0.009372458909638226,0.0007449999684467912,0.037278623902238905,0.082739083096385,7.77500681579113e-05,0.1687995829852298,0.010766041930764914,0.1795656249159947,1.9999919459223747e-05,8.987495675683022e-05,0.09350512502714992,0.2903372080763802,0.4636543750530109
4604,random_4601,random_cycle_chord,20260823,crossing_rich,3,200,5,11,15,4.666741346075388,True,True,,perf/incremental-yamada-frontier-order,1d8374f42cccbb16d78d44100a65ca603d7d1997,3.14.7,macOS-26.6.2-arm64-arm-64bit-Mach-O,arm,0.044347124989144504,0.161224624956958,0.04198316705878824,0.010555958026088774,0.010910250013694167,0.021530291996896267,4.0416023693978786e-05,0.010992790921591222,0.01191262505017221,0.0012568329693749547,0.04573295696172863,0.10921841696836054,0.00010358402505517006,0.22273029095958918,0.02273695799522102,0.2454672489548102,2.6250025257468224e-05,0.0001448750263080001,0.13195537496358156,0.33752712490968406,0.5650295000523329
4605,random_4602,random_cycle_chord,20260823,crossing_rich,3,200,4,8,11,4.232664377506768,True,True,,perf/incremental-yamada-frontier-order,1d8374f42cccbb16d78d44100a65ca603d7d1997,3.14.7,macOS-26.6.2-arm64-arm-64bit-Mach-O,arm,0.03079541609622538,0.16158249997533858,0.039465166977606714,0.010160540929064155,0.011082165990956128,0.021557374973781407,3.15000070258975e-05,0.011134917032904923,0.011782541987486184,0.0010327500058338046,0.045539084007032216,0.10627554100938141,7.808301597833633e-05,0.16094758291728795,0.019568916992284358,0.1805164999095723,2.2125081159174442e-05,0.0001260419376194477,0.12584445800166577,0.31822237407322973,0.48380837496370077
4606,random_4603,random_cycle_chord,20260823,crossing_rich,4,200,5,8,12,6.588028458534224,True,True,,perf/incremental-yamada-frontier-order,1d8374f42cccbb16d78d44100a65ca603d7d1997,3.14.7,macOS-26.6.2-arm64-arm-64bit-Mach-O,arm,0.04750537499785423,0.1616198749979958,0.06680537492502481,0.01056325004901737,0.011328082997351885,0.022352583007887006,3.999995533376932e-05,0.011598375043831766,0.01239745900966227,0.0015072079841047525,0.047895625000819564,0.1366287920391187,0.00016745796892791986,0.1712776250205934,0.02791820897255093,0.19919583399314433,2.5999965146183968e-05,0.00017199991270899773,0.16454700101166964,0.37367225100751966,0.5497706669848412
4607,random_4604,random_cycle_chord,20260823,baseline,0,200,3,11,13,4.04236338598268,True,True,,perf/incremental-yamada-frontier-order,1d8374f42cccbb16d78d44100a65ca603d7d1997,3.14.7,macOS-26.6.2-arm64-arm-64bit-Mach-O,arm,0.03400666592642665,0.1559797499794513,0.023168499930761755,0.007092416053637862,0.007011124980635941,0.013741166912950575,2.2875028662383556e-05,0.007125625037588179,0.007349458057433367,0.0005583750316873193,0.028797500068321824,0.06608995806891471,7.29589955881238e-05,0.17546225001569837,0.008824208984151483,0.18428645899984986,1.550000160932541e-05,7.041601929813623e-05,0.0749141670530662,0.26490058295894414,0.4446740000275895
4608,random_4605,random_cycle_chord,20260823,crossing_rich,5,200,6,10,15,5.4375749926795125,True,True,,perf/incremental-yamada-frontier-order,1d8374f42cccbb16d78d44100a65ca603d7d1997,3.14.7,macOS-26.6.2-arm64-arm-64bit-Mach-O,arm,0.045843000058084726,0.15357829199638218,0.056347541976720095,0.010858000023290515,0.0122938749846071,0.024093874963000417,4.4874963350594044e-05,0.012427874957211316,0.013393500004895031,0.0016630419995635748,0.05162316688802093,0.13116337498649955,0.00020041700918227434,0.30660691705998033,0.04408920800779015,0.3506961250677705,2.8999987989664078e-05,0.00017083296552300453,0.1752525829942897,0.3746738750487566,0.6852464160183445
4609,random_4606,random_cycle_chord,20260823,baseline,0,200,3,10,12,4.671661067253111,True,True,,perf/incremental-yamada-frontier-order,1d8374f42cccbb16d78d44100a65ca603d7d1997,3.14.7,macOS-26.6.2-arm64-arm-64bit-Mach-O,arm,0.03135945799294859,0.14966637489851564,0.02286183403339237,0.0063802499789744616,0.006542708957567811,0.013036958989687264,2.2000051103532314e-05,0.006723416969180107,0.006869124947115779,0.0005466669099405408,0.027198167867027223,0.06300195795483887,6.200000643730164e-05,0.14597800001502037,0.008549625054001808,0.15452762506902218,1.4709075912833214e-05,6.558408495038748e-05,0.07155158300884068,0.2525774159003049,0.402624832931906
4610,random_4607,random_cycle_chord,20260823,crossing_rich,2,200,4,8,11,6.5843796481087695,True,True,,perf/incremental-yamada-frontier-order,1d8374f42cccbb16d78d44100a65ca603d7d1997,3.14.7,macOS-26.6.2-arm64-arm-64bit-Mach-O,arm,0.03978412505239248,0.14941795798949897,0.053467457997612655,0.00826370797585696,0.00867962499614805,0.017041207989677787,3.245798870921135e-05,0.00885474996175617,0.009363875025883317,0.0010722919832915068,0.03636458294931799,0.10680520802270621,6.645906250923872e-05,0.14491800009272993,0.019413999980315566,0.1643320000730455,2.0041014067828655e-05,0.00012341607362031937,0.12621920800302178,0.31542129104491323,0.4645063750213012
4611,random_4608,random_cycle_chord,20260823,baseline,0,200,3,10,12,5.621946454662103,True,True,,perf/incremental-yamada-frontier-order,1d8374f42cccbb16d78d44100a65ca603d7d1997,3.14.7,macOS-26.6.2-arm64-arm-64bit-Mach-O,arm,0.03679879195988178,0.14888124994467944,0.02513712493237108,0.006802416988648474,0.007108750054612756,0.014039084082469344,2.1499930880963802e-05,0.007271000067703426,0.007352916989475489,0.00048762490041553974,0.029172125970944762,0.06823916593566537,6.049999501556158e-05,0.14397104200907052,0.007889166008681059,0.15186020801775157,1.3542012311518192e-05,6.929098162800074e-05,0.07612833194434643,0.26180837384890765,0.4098549159243703
4612,random_4609,random_cycle_chord,20260823,crossing_rich,2,200,4,8,11,6.317684693107688,True,True,,perf/incremental-yamada-frontier-order,1d8374f42cccbb16d78d44100a65ca603d7d1997,3.14.7,macOS-26.6.2-arm64-arm-64bit-Mach-O,arm,0.0381825000513345,0.15008674992714077,0.05185587506275624,0.008371375035494566,0.00874225003644824,0.017293833079747856,2.9249931685626507e-05,0.008973416988737881,0.009366083075292408,0.0009228750132024288,0.0365854580886662,0.10558166704140604,6.812496576458216e-05,0.14638845901936293,0.016200833022594452,0.16258929204195738,1.8666964024305344e-05,0.0001102921087294817,0.12178250006400049,0.31005175004247576,0.4606501249363646
4613,random_4610,random_cycle_chord,20260823,crossing_rich,5,200,5,9,13,4.363065979742558,True,True,,perf/incremental-yamada-frontier-order,1d8374f42cccbb16d78d44100a65ca603d7d1997,3.14.7,macOS-26.6.2-arm64-arm-64bit-Mach-O,arm,0.03433050005696714,0.15118412498850375,0.040948875015601516,0.010624875081703067,0.012364666094072163,0.024410709040239453,3.754207864403725e-05,0.012675040983594954,0.013378542033024132,0.0014049999881535769,0.051906834123656154,0.11587891704402864,8.37499974295497e-05,0.18239633296616375,0.028945749974809587,0.21134208294097334,2.479099202901125e-05,0.00015391700435429811,0.14482466701883823,0.3303392920643091,0.5172010000096634
4614,random_4611,random_cycle_chord,20260823,crossing_rich,5,200,5,9,13,4.310033706441965,True,True,,perf/incremental-yamada-frontier-order,1d8374f42cccbb16d78d44100a65ca603d7d1997,3.14.7,macOS-26.6.2-arm64-arm-64bit-Mach-O,arm,0.03450637497007847,0.15610833303071558,0.04375162499491125,0.01097220799420029,0.012509291991591454,0.025019042077474296,4.1624996811151505e-05,0.013110750005580485,0.01385133306030184,0.0014744580257683992,0.05349720816593617,0.12076845800038427,8.112506475299597e-05,0.18948495807126164,0.03067395801190287,0.2201589160831645,2.6541994884610176e-05,0.00016987498383969069,0.15144241601228714,0.3420571240130812,0.5363656249828637
4615,random_4612,random_cycle_chord,20260823,baseline,0,200,3,11,13,4.06645282822102,True,True,,perf/incremental-yamada-frontier-order,1d8374f42cccbb16d78d44100a65ca603d7d1997,3.14.7,macOS-26.6.2-arm64-arm-64bit-Mach-O,arm,0.03460345801431686,0.16078537493012846,0.02128329104743898,0.007412750041112304,0.007607541047036648,0.01496470789425075,2.3625092580914497e-05,0.007761250017210841,0.007914917077869177,0.0005543750012293458,0.03121887508314103,0.067542958073318,7.037504110485315e-05,0.18105008301790804,0.008528665988706052,0.1895787490066141,1.5459023416042328e-05,7.079099304974079e-05,0.07607162406202406,0.27146045700646937,0.45686033298261464
4616,random_4613,random_cycle_chord,20260823,crossing_rich,5,200,5,9,13,4.286771441721473,True,True,,perf/incremental-yamada-frontier-order,1d8374f42cccbb16d78d44100a65ca603d7d1997,3.14.7,macOS-26.6.2-arm64-arm-64bit-Mach-O,arm,0.03673304198309779,0.16089445899706334,0.043801375082693994,0.011495082988403738,0.013071708963252604,0.026259167003445327,4.2791012674570084e-05,0.013394333072938025,0.013988875085487962,0.0014166670152917504,0.055101833189837635,0.12351016607135534,8.450006134808064e-05,0.18791000009514391,0.027800666983239353,0.21571066707838327,2.7458067052066326e-05,0.00016745890025049448,0.1513108330545947,0.3489383340347558,0.5416419999673963
4617,random_4614,random_cycle_chord,20260823,crossing_rich,3,200,5,11,15,5.003249887040092,True,True,,perf/incremental-yamada-frontier-order,1d8374f42cccbb16d78d44100a65ca603d7d1997,3.14.7,macOS-26.6.2-arm64-arm-64bit-Mach-O,arm,0.04678524995688349,0.16171912499703467,0.0442200000397861,0.010999707970768213,0.012399667059071362,0.02395458403043449,5.066697485744953e-05,0.01261708396486938,0.013024707906879485,0.001303749973885715,0.05095079285092652,0.11861341597978026,9.449990466237068e-05,0.21384945791214705,0.06958274997305125,0.2834322078851983,4.770804662257433e-05,0.0001759999431669712,0.1881961659528315,0.39670054090674967,0.61547270801384
4618,random_4615,random_cycle_chord,20260823,crossing_rich,5,200,5,8,12,4.261045123424842,True,True,,perf/incremental-yamada-frontier-order,1d8374f42cccbb16d78d44100a65ca603d7d1997,3.14.7,macOS-26.6.2-arm64-arm-64bit-Mach-O,arm,0.03607237502001226,0.16526937496382743,0.049411708023399115,0.011828916030935943,0.013481583911925554,0.026517666992731392,4.1749910451471806e-05,0.01396837504580617,0.01436329202260822,0.0014686249196529388,0.05635970889125019,0.13112120795994997,0.00028012495022267103,0.28190395899582654,0.02867233392316848,0.310576292918995,2.9250048100948334e-05,0.00017204205505549908,0.15979354188311845,0.36113529186695814,0.6477207080461085
4619,random_4616,random_cycle_chord,20260823,crossing_rich,3,200,4,8,11,4.191654015754271,True,True,,perf/incremental-yamada-frontier-order,1d8374f42cccbb16d78d44100a65ca603d7d1997,3.14.7,macOS-26.6.2-arm64-arm-64bit-Mach-O,arm,0.030460958019830287,0.159181792056188,0.04437245801091194,0.009847500012256205,0.01081241702195257,0.021321124979294837,3.1708041206002235e-05,0.011028792010620236,0.011521416949108243,0.0010386670473963022,0.04494170902762562,0.11000366695225239,7.329101208597422e-05,0.15533683297690004,0.019321666099131107,0.17465849907603115,2.062495332211256e-05,0.00012162490747869015,0.1293253330513835,0.31896808312740177,0.4790358750615269
4620,random_4617,random_cycle_chord,20260823,crossing_rich,2,200,4,9,12,5.946542997195615,True,True,,perf/incremental-yamada-frontier-order,1d8374f42cccbb16d78d44100a65ca603d7d1997,3.14.7,macOS-26.6.2-arm64-arm-64bit-Mach-O,arm,0.038373209070414305,0.15671508305240422,0.0509761250577867,0.00851583294570446,0.008748959051445127,0.017262792098335922,3.120803739875555e-05,0.008972249925136566,0.009336874936707318,0.0009385829325765371,0.0365417079301551,0.10481129202526063,8.187501225620508e-05,0.15732325008139014,0.016877833055332303,0.17420108313672245,2.0167091861367226e-05,0.00011349993292242289,0.12168912508059293,0.31677741720341146,0.47833225002977997
4621,random_4618,random_cycle_chord,20260823,crossing_rich,3,200,5,10,14,5.623353036432058,True,True,,perf/incremental-yamada-frontier-order,1d8374f42cccbb16d78d44100a65ca603d7d1997,3.14.7,macOS-26.6.2-arm64-arm-64bit-Mach-O,arm,0.04358350008260459,0.15705504198558629,0.05779408407397568,0.011082708020694554,0.011817333986982703,0.0229318750789389,6.091699469834566e-05,0.012416166951879859,0.012440207996405661,0.0013113339664414525,0.04916050098836422,0.12991758296266198,9.708397556096315e-05,0.29352033301256597,0.02524495788384229,0.31876529089640826,3.737490624189377e-05,0.0001687910407781601,0.15516254084650427,0.35580108291469514,0.6537650419631973
4622,random_4619,random_cycle_chord,20260823,crossing_rich,3,200,5,12,16,4.464471860492953,True,True,,perf/incremental-yamada-frontier-order,1d8374f42cccbb16d78d44100a65ca603d7d1997,3.14.7,macOS-26.6.2-arm64-arm-64bit-Mach-O,arm,0.048916792031377554,0.1737218339694664,0.04864237504079938,0.012421083054505289,0.013242291985079646,0.027562167029827833,0.00010983401443809271,0.013353000045754015,0.014184041996486485,0.0015692500164732337,0.05677829310297966,0.13118599995505065,0.00016316701658070087,0.27720245893578976,0.03079325007274747,0.30799570900853723,4.0499959141016006e-05,0.00019037502352148294,0.16197925002779812,0.38461787602864206,0.6672763330861926
4623,random_4620,random_cycle_chord,20260823,crossing_rich,3,200,4,10,13,4.101835148521171,True,True,,perf/incremental-yamada-frontier-order,1d8374f42cccbb16d78d44100a65ca603d7d1997,3.14.7,macOS-26.6.2-arm64-arm-64bit-Mach-O,arm,0.10847199999261647,0.2261627089465037,0.05709470889996737,0.014685124973766506,0.015507958945818245,0.030975583009421825,9.750004392117262e-05,0.01633362495340407,0.01686412503477186,0.0016713329823687673,0.0659421660238877,0.15332074998877943,0.0002180419396609068,0.4218255409505218,0.04850912501569837,0.4703346659662202,6.42499653622508e-05,0.00021608301904052496,0.2018298750044778,0.536464583943598,0.9645159159554169
4624,random_4621,random_cycle_chord,20260823,crossing_rich,5,200,5,9,13,4.244898745418419,True,True,,perf/incremental-yamada-frontier-order,1d8374f42cccbb16d78d44100a65ca603d7d1997,3.14.7,macOS-26.6.2-arm64-arm-64bit-Mach-O,arm,0.05593637505080551,0.2514480830868706,0.07483079202938825,0.019930084003135562,0.02196929103229195,0.04312083404511213,0.00011566607281565666,0.022405125084333122,0.023599833017215133,0.0026805420638993382,0.09192200028337538,0.20874979195650667,0.00019404105842113495,0.3249643750023097,0.04974429204594344,0.3747086670482531,5.258305463939905e-05,0.00025979208294302225,0.2584940840024501,0.5658785421401262,0.8992665419355035
4625,random_4622,random_cycle_chord,20260823,crossing_rich,5,200,6,12,17,4.085440187134299,True,True,,perf/incremental-yamada-frontier-order,1d8374f42cccbb16d78d44100a65ca603d7d1997,3.14.7,macOS-26.6.2-arm64-arm-64bit-Mach-O,arm,0.07597216707654297,0.24498508300166577,0.07645525003317744,0.020735666970722377,0.02100191591307521,0.04673158295918256,0.000276208040304482,0.02452270803041756,0.022325915982946754,0.002441665972582996,0.09629808098543435,0.21462133305612952,0.00020000000949949026,0.3724963340209797,0.05270050000399351,0.4251968340249732,7.004197686910629e-05,0.0003017500275745988,0.267321833060123,0.5882790831383318,0.9685486659873277
4626,random_4623,random_cycle_chord,20260823,crossing_rich,3,200,4,8,11,4.141287394738343,True,True,,perf/incremental-yamada-frontier-order,1d8374f42cccbb16d78d44100a65ca603d7d1997,3.14.7,macOS-26.6.2-arm64-arm-64bit-Mach-O,arm,0.04794650000985712,0.23384304193314165,0.04837287508416921,0.013650415930896997,0.014954250073060393,0.027961084037087858,5.7458062656223774e-05,0.013729124912060797,0.014340416993945837,0.0013267920585349202,0.057414876064285636,0.13444287492893636,0.00010608299635350704,0.29678595799487084,0.021995917079038918,0.31878187507390976,2.5667017325758934e-05,0.00014424999244511127,0.15643879200797528,0.43822833395097405,0.7412833750713617
4627,random_4624,random_cycle_chord,20260823,crossing_rich,4,200,5,10,14,5.429620376521369,True,True,,perf/incremental-yamada-frontier-order,1d8374f42cccbb16d78d44100a65ca603d7d1997,3.14.7,macOS-26.6.2-arm64-arm-64bit-Mach-O,arm,0.050447165966033936,0.1753856249852106,0.06036487501114607,0.01210970792453736,0.01274812500923872,0.02506708400323987,8.233299013227224e-05,0.014276457950472832,0.01570662495214492,0.0017687500221654773,0.05690124991815537,0.14216966601088643,0.00013291602954268456,0.2432109999936074,0.02971095801331103,0.27292195800691843,3.499991726130247e-05,0.0001900420757010579,0.17188062402419746,0.397713414975442,0.64619720808696
4628,random_4625,random_cycle_chord,20260823,crossing_rich,4,200,5,9,13,6.082761917978168,True,True,,perf/incremental-yamada-frontier-order,1d8374f42cccbb16d78d44100a65ca603d7d1997,3.14.7,macOS-26.6.2-arm64-arm-64bit-Mach-O,arm,0.05418516602367163,0.17413908301386982,0.06413266703020781,0.011245000059716403,0.011937542003579438,0.02355149993672967,4.2499974370002747e-05,0.012244833051227033,0.013090582913719118,0.001563000027090311,0.050492415903136134,0.1378463750006631,9.237509220838547e-05,0.20115041709505022,0.028204041998833418,0.22935445909388363,2.870894968509674e-05,0.00017262506298720837,0.16605041699949652,0.39437466603703797,0.6005424589384347
4629,random_4626,random_cycle_chord,20260823,baseline,0,200,3,9,11,5.403147242705754,True,True,,perf/incremental-yamada-frontier-order,1d8374f42cccbb16d78d44100a65ca603d7d1997,3.14.7,macOS-26.6.2-arm64-arm-64bit-Mach-O,arm,0.036084959050640464,0.16280170809477568,0.028795375023037195,0.007390249986201525,0.007530457922257483,0.014858499984256923,2.3916945792734623e-05,0.007689582998864353,0.00810837501194328,0.0005772910080850124,0.031257665948942304,0.07499383401591331,6.854196544736624e-05,0.15685195801779628,0.00896033295430243,0.1658122909720987,1.637497916817665e-05,7.862504571676254e-05,0.08395416697021574,0.2828408341156319,0.44407670805230737
4630,random_4627,random_cycle_chord,20260823,crossing_rich,4,200,5,9,13,6.0718656152027455,True,True,,perf/incremental-yamada-frontier-order,1d8374f42cccbb16d78d44100a65ca603d7d1997,3.14.7,macOS-26.6.2-arm64-arm-64bit-Mach-O,arm,0.04589075001422316,0.16009841696359217,0.05910308402962983,0.010540832998231053,0.011520291911438107,0.02246883395127952,3.850006032735109e-05,0.01168958400376141,0.012359666987322271,0.0013810000382363796,0.04793758504092693,0.12913716596085578,8.145894389599562e-05,0.18315012496896088,0.02659599995240569,0.20974612492136657,2.504198346287012e-05,0.00015354098286479712,0.15573316591326147,0.3617223328910768,0.5495489169843495
4631,random_4628,random_cycle_chord,20260823,crossing_rich,5,200,6,11,16,4.612873326695604,True,True,,perf/incremental-yamada-frontier-order,1d8374f42cccbb16d78d44100a65ca603d7d1997,3.14.7,macOS-26.6.2-arm64-arm-64bit-Mach-O,arm,0.043723750044591725,0.15481058310251683,0.044580292073078454,0.011835332959890366,0.0135825410252437,0.02686604205518961,4.8541929572820663e-05,0.013910541078075767,0.014750917092896998,0.0017075419891625643,0.05728358414489776,0.12732645799405873,9.525008499622345e-05,0.22753016708884388,0.031044499948620796,0.2585746670374647,3.300001844763756e-05,0.00018975010607391596,0.15837095794267952,0.3569052910897881,0.5891778749646619
4632,random_4629,random_cycle_chord,20260823,crossing_rich,2,200,4,10,13,5.6291638018002566,True,True,,perf/incremental-yamada-frontier-order,1d8374f42cccbb16d78d44100a65ca603d7d1997,3.14.7,macOS-26.6.2-arm64-arm-64bit-Mach-O,arm,0.04150729195680469,0.15716212498955429,0.04819941590540111,0.008966292021796107,0.00963033305015415,0.01902949996292591,2.945796586573124e-05,0.009807207970879972,0.010163999977521598,0.0009122500196099281,0.03994241589680314,0.10676508292090148,7.441593334078789e-05,0.17343891703058034,0.01594658405520022,0.18938550108578056,1.937500201165676e-05,0.00010258401744067669,0.1227116669761017,0.3213810839224607,0.49913087498862296
4633,random_4630,random_cycle_chord,20260823,crossing_rich,2,200,4,8,11,6.385333281426918,True,True,,perf/incremental-yamada-frontier-order,1d8374f42cccbb16d78d44100a65ca603d7d1997,3.14.7,macOS-26.6.2-arm64-arm-64bit-Mach-O,arm,0.0390583339612931,0.15387245803140104,0.05631637491751462,0.008978208061307669,0.009563708095811307,0.018759833998046815,3.200001083314419e-05,0.009718624991364777,0.010114000062458217,0.0009733749320730567,0.03959783399477601,0.11448529199697077,7.054198067635298e-05,0.1534678329480812,0.01787145808339119,0.17133929103147238,2.2875028662383556e-05,0.00012354098726063967,0.13235675008036196,0.3252875420730561,0.4831198329338804
4634,random_4631,random_cycle_chord,20260823,crossing_rich,8,200,7,14,20,4.29705093429661,True,True,,perf/incremental-yamada-frontier-order,1d8374f42cccbb16d78d44100a65ca603d7d1997,3.14.7,macOS-26.6.2-arm64-arm-64bit-Mach-O,arm,0.05534395796712488,0.16449166694656014,0.04967945790849626,0.01647983305156231,0.017758958041667938,0.03546570905018598,9.266694542020559e-05,0.018300666008144617,0.01948070793878287,0.0023903329856693745,0.07573008292820305,0.1597229999024421,0.0001373749691992998,0.2796232500113547,0.05104599997866899,0.3306692499900237,4.2082974687218666e-05,0.0002458749804645777,0.21076899988111109,0.4306046247947961,0.7160092500271276
4635,random_4632,random_cycle_chord,20260823,crossing_rich,2,200,4,8,11,6.602151935121542,True,True,,perf/incremental-yamada-frontier-order,1d8374f42cccbb16d78d44100a65ca603d7d1997,3.14.7,macOS-26.6.2-arm64-arm-64bit-Mach-O,arm,0.04323104105424136,0.16203925001900643,0.06235354207456112,0.009157208958640695,0.009328540996648371,0.018516042036935687,3.3374992199242115e-05,0.009792499942705035,0.009998749941587448,0.0009965000208467245,0.03933716693427414,0.12020562507677823,7.54169886931777e-05,0.15771541697904468,0.01771558402106166,0.17543100100010633,2.1915999241173267e-05,0.0001206669257953763,0.1379212090978399,0.3431915001710877,0.505426499992609
4636,random_4633,random_cycle_chord,20260823,crossing_rich,5,200,5,8,12,4.217813950893113,True,True,,perf/incremental-yamada-frontier-order,1d8374f42cccbb16d78d44100a65ca603d7d1997,3.14.7,macOS-26.6.2-arm64-arm-64bit-Mach-O,arm,0.03334037505555898,0.16096004098653793,0.04580399999395013,0.011695082997903228,0.013253250042907894,0.02620258298702538,4.0207989513874054e-05,0.013534124940633774,0.01429695903789252,0.0014602920273318887,0.05553416698239744,0.12632183404639363,0.00017199991270899773,0.2853001250186935,0.04208949999883771,0.3273896250175312,2.74579506367445e-05,0.00017024995759129524,0.16841133404523134,0.36271175008732826,0.652199708041735
4637,random_4634,random_cycle_chord,20260823,crossing_rich,5,200,5,9,13,4.373358519587554,True,True,,perf/incremental-yamada-frontier-order,1d8374f42cccbb16d78d44100a65ca603d7d1997,3.14.7,macOS-26.6.2-arm64-arm-64bit-Mach-O,arm,0.03633870801422745,0.16527504206169397,0.047163500101305544,0.011394958011806011,0.01297466701362282,0.025935165933333337,4.087504930794239e-05,0.013360332930460572,0.051279917010106146,0.0017549999756738544,0.09237129089888185,0.16394166694954038,0.00012183398939669132,0.22744520800188184,0.04113833303563297,0.2685835410375148,5.9999991208314896e-05,0.00022354198154062033,0.20507999998517334,0.40669375006109476,0.6395752090029418
4638,random_4635,random_cycle_chord,20260823,crossing_rich,5,200,5,8,12,4.227153396585014,True,True,,perf/incremental-yamada-frontier-order,1d8374f42cccbb16d78d44100a65ca603d7d1997,3.14.7,macOS-26.6.2-arm64-arm-64bit-Mach-O,arm,0.03911316697485745,0.17675720795523375,0.04589624993968755,0.013045124942436814,0.014592249994166195,0.027712165960110724,4.475004971027374e-05,0.015133916982449591,0.015765291987918317,0.0015906670596450567,0.06024679203983396,0.13382891693618149,0.00024908396881073713,0.18383199989330024,0.031308333040215075,0.2151403329335153,3.304204437881708e-05,0.00018420896958559752,0.16513724997639656,0.38100762490648776,0.5703522079857066
4639,random_4636,random_cycle_chord,20260823,baseline,0,200,3,10,12,4.632884634627742,True,True,,perf/incremental-yamada-frontier-order,1d8374f42cccbb16d78d44100a65ca603d7d1997,3.14.7,macOS-26.6.2-arm64-arm-64bit-Mach-O,arm,0.034851916949264705,0.16062995907850564,0.024835666990838945,0.007137959008105099,0.006979833007790148,0.013782207970507443,2.2916938178241253e-05,0.007100249989889562,0.007324125035665929,0.0005599579308182001,0.028789457865059376,0.06776370794977993,6.741692777723074e-05,0.1641018750378862,0.009322916041128337,0.17342479107901454,1.579197123646736e-05,7.49579630792141e-05,0.07708662399090827,0.2725685000186786,0.44108020898420364
4640,random_4637,random_cycle_chord,20260823,baseline,0,200,3,8,10,6.162114082007038,True,True,,perf/incremental-yamada-frontier-order,1d8374f42cccbb16d78d44100a65ca603d7d1997,3.14.7,macOS-26.6.2-arm64-arm-64bit-Mach-O,arm,0.03946100000757724,0.2241030829027295,0.04053812497295439,0.00815445906482637,0.008086625020951033,0.015065957908518612,3.487500362098217e-05,0.008096624980680645,0.008366124937310815,0.0006296250503510237,0.03219320788048208,0.08901158394291997,0.00011324998922646046,0.1615271249320358,0.0116447500186041,0.1731718749506399,2.4916022084653378e-05,9.44170169532299e-05,0.10065633396152407,0.3642204168718308,0.5312479169806466
4641,random_4638,random_cycle_chord,20260823,baseline,0,200,3,8,10,6.140040162013909,True,True,,perf/incremental-yamada-frontier-order,1d8374f42cccbb16d78d44100a65ca603d7d1997,3.14.7,macOS-26.6.2-arm64-arm-64bit-Mach-O,arm,0.040103625040501356,0.18484012503176928,0.042425916995853186,0.008706958033144474,0.008143958053551614,0.01563712500501424,3.13750933855772e-05,0.008031167089939117,0.008106958004646003,0.0007341669406741858,0.032540792133659124,0.0918555409880355,0.0001420410117134452,0.1550615420565009,0.010821875068359077,0.16588341712486,1.825008075684309e-05,9.733403567224741e-05,0.10267741605639458,0.3276211661286652,0.48789754207246006
4642,random_4639,random_cycle_chord,20260823,crossing_rich,2,200,4,8,11,6.417630253894099,True,True,,perf/incremental-yamada-frontier-order,1d8374f42cccbb16d78d44100a65ca603d7d1997,3.14.7,macOS-26.6.2-arm64-arm-64bit-Mach-O,arm,0.04487816710025072,0.17580395797267556,0.06193816696759313,0.012277415953576565,0.011703875032253563,0.02915333292912692,9.262491948902607e-05,0.01193612499628216,0.012252457905560732,0.0011835420737043023,0.05461808282416314,0.14061775000300258,0.0001177910016849637,0.1854679170064628,0.021896583028137684,0.2073645000346005,3.1207920983433723e-05,0.00014254206325858831,0.16251433303114027,0.38319645810406655,0.5739700410049409
4643,random_4640,random_cycle_chord,20260823,crossing_rich,2,200,4,10,13,5.624674302673208,True,True,,perf/incremental-yamada-frontier-order,1d8374f42cccbb16d78d44100a65ca603d7d1997,3.14.7,macOS-26.6.2-arm64-arm-64bit-Mach-O,arm,0.05273745802696794,0.18568512494675815,0.05890016700141132,0.010429083020426333,0.009986791992560029,0.019913709023967385,6.508291698992252e-05,0.010292874998413026,0.01076395798008889,0.0010805419879034162,0.04211616690736264,0.12146583304274827,0.00012212502770125866,0.1841584590729326,0.018671124940738082,0.20282958401367068,2.162496093660593e-05,0.0001231660135090351,0.14013695798348635,0.37855954095721245,0.5678277499973774
4644,random_4641,random_cycle_chord,20260823,crossing_rich,5,200,5,8,12,4.2711736968669545,True,True,,perf/incremental-yamada-frontier-order,1d8374f42cccbb16d78d44100a65ca603d7d1997,3.14.7,macOS-26.6.2-arm64-arm-64bit-Mach-O,arm,0.034190792008303106,0.16685808298643678,0.04766649997327477,0.01230287505313754,0.01401008409447968,0.02700574998743832,5.554093513637781e-05,0.014069291995838284,0.014543792000040412,0.001483666943386197,0.05715804186183959,0.13120241707656533,0.00031045801006257534,0.2880602090153843,0.03225495805963874,0.32031516707502306,4.087504930794239e-05,0.000193915911950171,0.16345737513620406,0.36450625013094395,0.6578860420268029
4645,random_4642,random_cycle_chord,20260823,crossing_rich,6,200,6,11,16,5.227212374187707,True,True,,perf/incremental-yamada-frontier-order,1d8374f42cccbb16d78d44100a65ca603d7d1997,3.14.7,macOS-26.6.2-arm64-arm-64bit-Mach-O,arm,0.053917584009468555,0.16407091601286083,0.05500774993561208,0.015035999938845634,0.014767584041692317,0.02912774996366352,6.120908074080944e-05,0.015026999986730516,0.015792416990734637,0.0017640829319134355,0.061772458953782916,0.14663400000426918,9.945896454155445e-05,0.2339934160700068,0.03565229196101427,0.26964570803102106,3.179104533046484e-05,0.0002007089788094163,0.18228629196528345,0.40027479198761284,0.639298333087936
4646,random_4643,random_cycle_chord,20260823,crossing_rich,3,200,4,8,11,4.2112950017580415,True,True,,perf/incremental-yamada-frontier-order,1d8374f42cccbb16d78d44100a65ca603d7d1997,3.14.7,macOS-26.6.2-arm64-arm-64bit-Mach-O,arm,0.03185462509281933,0.16596420796122402,0.04837654100265354,0.010966666974127293,0.012165708001703024,0.022917916998267174,7.458298932760954e-05,0.011937499977648258,0.012439000071026385,0.001167624955996871,0.0485366249922663,0.1201064590131864,0.00011199992150068283,0.2889353330247104,0.022674250067211688,0.3116095830919221,2.8582988306879997e-05,0.0001470409333705902,0.14278070908039808,0.34059954213444144,0.6342439580475911
4647,random_4644,random_cycle_chord,20260823,crossing_rich,2,200,4,8,11,6.593759906705869,True,True,,perf/incremental-yamada-frontier-order,1d8374f42cccbb16d78d44100a65ca603d7d1997,3.14.7,macOS-26.6.2-arm64-arm-64bit-Mach-O,arm,0.04861449997406453,0.18862108304165304,0.07082750007975847,0.01004616601858288,0.010027250042185187,0.01968899997882545,4.629208706319332e-05,0.010581666021607816,0.01099345798138529,0.001174125005491078,0.04248454107437283,0.13341799995396286,9.63329803198576e-05,0.16856895806267858,0.021728583960793912,0.1902975420234725,2.9082992114126682e-05,0.00013958290219306946,0.15514658391475677,0.39238216693047434,0.5663037090562284
4648,random_4645,random_cycle_chord,20260823,crossing_rich,5,200,5,8,12,4.157185262717718,True,True,,perf/incremental-yamada-frontier-order,1d8374f42cccbb16d78d44100a65ca603d7d1997,3.14.7,macOS-26.6.2-arm64-arm-64bit-Mach-O,arm,0.03614337497856468,0.17235004098620266,0.04817508300766349,0.014028833014890552,0.01548595807980746,0.03146337508223951,7.812492549419403e-05,0.015116749913431704,0.01583175000268966,0.0015667079715058208,0.06405670789536089,0.14181820896919817,0.0002753329463303089,0.20259387500118464,0.03515716700349003,0.23775104200467467,3.6334036849439144e-05,0.00020649994257837534,0.1769753759726882,0.38546879193745553,0.5937330840388313
4649,random_4646,random_cycle_chord,20260823,crossing_rich,3,200,5,10,14,5.461078078622466,True,True,,perf/incremental-yamada-frontier-order,1d8374f42cccbb16d78d44100a65ca603d7d1997,3.14.7,macOS-26.6.2-arm64-arm-64bit-Mach-O,arm,0.0640460419235751,0.205400750041008,0.07275729195680469,0.013682291959412396,0.01449374994263053,0.02869375003501773,8.587504271417856e-05,0.014383583096787333,0.016089666984044015,0.0018304999684914947,0.06108337512705475,0.16209887503646314,0.00014391704462468624,0.38225612498354167,0.02683420805260539,0.40909033303614706,2.9458897188305855e-05,0.00017441692762076855,0.18893308308906853,0.45837987505365163,0.8463605409488082
4650,random_4647,random_cycle_chord,20260823,baseline,0,200,3,10,12,4.69667868147383,True,True,,perf/incremental-yamada-frontier-order,1d8374f42cccbb16d78d44100a65ca603d7d1997,3.14.7,macOS-26.6.2-arm64-arm-64bit-Mach-O,arm,0.036753291031345725,0.1834093329962343,0.026717458036728203,0.0077837920980528,0.007695582928135991,0.01485745795071125,4.90840757265687e-05,0.007852124981582165,0.007996708038263023,0.0006187499966472387,0.031374125042930245,0.07362054206896573,9.533297270536423e-05,0.2011722499737516,0.011261834064498544,0.21243408403825015,2.1000043489038944e-05,9.3833077698946e-05,0.08488237613346428,0.3050450001610443,0.511283791041933
4651,random_4648,random_cycle_chord,20260823,crossing_rich,5,200,6,10,15,5.403654460608452,True,True,,perf/incremental-yamada-frontier-order,1d8374f42cccbb16d78d44100a65ca603d7d1997,3.14.7,macOS-26.6.2-arm64-arm-64bit-Mach-O,arm,0.05469291692133993,0.17538058303762227,0.06227666593622416,0.013629790977574885,0.015066291089169681,0.02930308401118964,0.0001038750633597374,0.015643374994397163,0.017342000035569072,0.0020415829494595528,0.06443391705397516,0.15548529208172113,0.000293583027087152,0.3873296669917181,0.05493550002574921,0.4422651670174673,5.7124998420476913e-05,0.00022899999748915434,0.21042079210747033,0.44049429206643254,0.8325298751005903
4652,random_4649,random_cycle_chord,20260823,crossing_rich,2,200,4,8,11,6.588370093995507,True,True,,perf/incremental-yamada-frontier-order,1d8374f42cccbb16d78d44100a65ca603d7d1997,3.14.7,macOS-26.6.2-arm64-arm-64bit-Mach-O,arm,0.05041212495416403,0.19960704108234495,0.07879812503233552,0.011742667062208056,0.01217133307363838,0.023535083048045635,6.437499541789293e-05,0.012014250038191676,0.012657375074923038,0.0014027089346200228,0.049673792091198266,0.15248120797332376,0.00011470797471702099,0.2119877920486033,0.029681083047762513,0.2416688750963658,5.195802077651024e-05,0.0002941660350188613,0.18216229102108628,0.43218145705759525,0.6503338329494
4653,random_4650,random_cycle_chord,20260823,crossing_rich,5,200,5,9,13,4.354509006946496,True,True,,perf/incremental-yamada-frontier-order,1d8374f42cccbb16d78d44100a65ca603d7d1997,3.14.7,macOS-26.6.2-arm64-arm-64bit-Mach-O,arm,0.055684832972474396,0.22244579100515693,0.05321229202672839,0.013846540939994156,0.015230833902023733,0.031046832911670208,8.170900400727987e-05,0.016921541071496904,0.018206542008556426,0.0019592500757426023,0.06821587507147342,0.15060295804869384,0.0001332499086856842,0.23715004103723913,0.03454791696276516,0.2716979580000043,3.533298149704933e-05,0.00019595806952565908,0.185150875011459,0.4632814989890903,0.7066612500930205
4654,random_4651,random_cycle_chord,20260823,baseline,0,200,3,9,11,5.436601850298312,True,True,,perf/incremental-yamada-frontier-order,1d8374f42cccbb16d78d44100a65ca603d7d1997,3.14.7,macOS-26.6.2-arm64-arm-64bit-Mach-O,arm,0.039706707932054996,0.17732395802158862,0.028847041889093816,0.00861495896242559,0.007411915925331414,0.015017042052932084,4.4625019654631615e-05,0.007788584101945162,0.007960458053275943,0.0006377919344231486,0.03144850116223097,0.07634737493935972,8.79999715834856e-05,0.18002566695213318,0.011797791928984225,0.1918234588811174,2.2792024537920952e-05,9.533308912068605e-05,0.08814516686834395,0.30517583282198757,0.4900383750209585
4655,random_4652,random_cycle_chord,20260823,crossing_rich,4,200,5,10,14,5.580841685269187,True,True,,perf/incremental-yamada-frontier-order,1d8374f42cccbb16d78d44100a65ca603d7d1997,3.14.7,macOS-26.6.2-arm64-arm-64bit-Mach-O,arm,0.05583174992352724,0.19993358303327113,0.0773355410201475,0.0137714579468593,0.014269375009462237,0.029522832948714495,9.229208808392286e-05,0.015806250041350722,0.01623533305246383,0.0017900830134749413,0.06344679114408791,0.1688938329461962,0.00012833299115300179,0.38063725002575666,0.07481412496417761,0.45545137498993427,0.010827583959326148,0.00025541603099554777,0.2437079579103738,0.4994732908671722,0.8970480840653181
4656,random_4653,random_cycle_chord,20260823,crossing_rich,7,200,7,13,19,4.253133601970781,True,True,,perf/incremental-yamada-frontier-order,1d8374f42cccbb16d78d44100a65ca603d7d1997,3.14.7,macOS-26.6.2-arm64-arm-64bit-Mach-O,arm,0.0756047919858247,0.24016325001139194,0.06476837501395494,0.02103687496855855,0.021776207955554128,0.043417499982751906,0.00015833298675715923,0.022555792005732656,0.02425716700963676,0.0028210000600665808,0.09320979204494506,0.20089541689958423,0.00018345797434449196,0.3815959580242634,0.04768470802810043,0.4292806660523638,4.904100205749273e-05,0.00024916697293519974,0.24858012492768466,0.5643481669249013,0.9534176660235971
4657,random_4654,random_cycle_chord,20260823,crossing_rich,3,200,4,8,11,4.115329685427952,True,True,,perf/incremental-yamada-frontier-order,1d8374f42cccbb16d78d44100a65ca603d7d1997,3.14.7,macOS-26.6.2-arm64-arm-64bit-Mach-O,arm,0.034223124966956675,0.17392008297611028,0.03599787503480911,0.010847083060070872,0.011618375079706311,0.02429637499153614,5.4999953135848045e-05,0.011913374997675419,0.012365416972897947,0.0010532500455155969,0.04968341696076095,0.10817845806013793,9.208288975059986e-05,0.1881326250731945,0.02469195902813226,0.21282458410132676,3.8209022022783756e-05,0.00015374994836747646,0.1328704170882702,0.34101362503133714,0.5342188329668716
4658,random_4655,random_cycle_chord,20260823,crossing_rich,2,200,4,8,11,6.602213937880456,True,True,,perf/incremental-yamada-frontier-order,1d8374f42cccbb16d78d44100a65ca603d7d1997,3.14.7,macOS-26.6.2-arm64-arm-64bit-Mach-O,arm,0.0552412080578506,0.20769599999766797,0.09334725001826882,0.012761082965880632,0.012691541924141347,0.024148875032551587,8.066592272371054e-05,0.012422290979884565,0.01253837498370558,0.0013514580205082893,0.05054166493937373,0.16940016602165997,0.0001080420333892107,0.2296583749121055,0.02487833402119577,0.25453670893330127,3.1250063329935074e-05,0.00019833305850625038,0.19427850004285574,0.4572157080983743,0.693501666886732
4659,random_4656,random_cycle_chord,20260823,crossing_rich,2,200,4,9,12,6.00467609751924,True,True,,perf/incremental-yamada-frontier-order,1d8374f42cccbb16d78d44100a65ca603d7d1997,3.14.7,macOS-26.6.2-arm64-arm-64bit-Mach-O,arm,0.0503344580065459,0.17592425004113466,0.05671058304142207,0.010215583024546504,0.010468208929523826,0.021334874909371138,7.1333022788167e-05,0.011263124994002283,0.011213292018510401,0.0010903329821303487,0.04497295792680234,0.12241183302830905,0.00011720799375325441,0.19121070904657245,0.019637709017843008,0.21084841806441545,3.0832947231829166e-05,0.00012941600289195776,0.14204954204615206,0.3683082500938326,0.5647425419883803
4660,random_4657,random_cycle_chord,20260823,crossing_rich,2,200,4,8,11,6.581409110372094,True,True,,perf/incremental-yamada-frontier-order,1d8374f42cccbb16d78d44100a65ca603d7d1997,3.14.7,macOS-26.6.2-arm64-arm-64bit-Mach-O,arm,0.04549770802259445,0.1987364999949932,0.06306816695723683,0.010395374963991344,0.009827584028244019,0.019321125000715256,3.3125048503279686e-05,0.010328124975785613,0.01058541692327708,0.001005958067253232,0.04127375001553446,0.12459812499582767,0.00011608400382101536,0.16844912490341812,0.016880834009498358,0.18532995891291648,2.5959103368222713e-05,0.0001239590346813202,0.14147895900532603,0.3857131670229137,0.5597497499547899
4661,random_4658,random_cycle_chord,20260823,baseline,0,200,4,11,14,4.106815656878855,True,True,,perf/incremental-yamada-frontier-order,1d8374f42cccbb16d78d44100a65ca603d7d1997,3.14.7,macOS-26.6.2-arm64-arm-64bit-Mach-O,arm,0.03859733394347131,0.1751636250410229,0.02149633294902742,0.00956879195291549,0.009462375077418983,0.01922487502451986,5.449994932860136e-05,0.010120458086021245,0.010196374962106347,0.0008398330537602305,0.040436041075736284,0.08099866705015302,0.00011895899660885334,0.2147146660136059,0.012792124995030463,0.22750679100863636,2.1875021047890186e-05,0.00010154210031032562,0.09379079204518348,0.3075517510296777,0.5272459170082584
4662,random_4659,random_cycle_chord,20260823,crossing_rich,6,200,6,12,17,4.881467892894271,True,True,,perf/incremental-yamada-frontier-order,1d8374f42cccbb16d78d44100a65ca603d7d1997,3.14.7,macOS-26.6.2-arm64-arm-64bit-Mach-O,arm,0.05370562500320375,0.16852933389600366,0.05380816594697535,0.015145207988098264,0.015037041041068733,0.029594624997116625,4.758394788950682e-05,0.015323124942369759,0.01628924999386072,0.0018418750260025263,0.06309645890723914,0.1471301669953391,0.00010854192078113556,0.25465091702062637,0.03733620804268867,0.29198712506331503,3.179104533046484e-05,0.00020233308896422386,0.18446637503802776,0.4067013339372352,0.6664745829766616
4663,random_4660,random_cycle_chord,20260823,baseline,0,200,4,10,13,4.649008939537969,True,True,,perf/incremental-yamada-frontier-order,1d8374f42cccbb16d78d44100a65ca603d7d1997,3.14.7,macOS-26.6.2-arm64-arm-64bit-Mach-O,arm,0.03794495796319097,0.16276779200416058,0.027550166007131338,0.008434082963503897,0.008431750000454485,0.01625195797532797,3.1333998776972294e-05,0.008485125028528273,0.008851499995216727,0.0007790829986333847,0.034398999996483326,0.07884475006721914,8.012494072318077e-05,0.19157483300659806,0.01453316689003259,0.20610799989663064,2.750009298324585e-05,0.00010837509762495756,0.09337791695725173,0.2940906669246033,0.49043679097667336
4664,random_4661,random_cycle_chord,20260823,crossing_rich,3,200,5,10,14,5.087138368972003,True,True,,perf/incremental-yamada-frontier-order,1d8374f42cccbb16d78d44100a65ca603d7d1997,3.14.7,macOS-26.6.2-arm64-arm-64bit-Mach-O,arm,0.048968874965794384,0.1765004579210654,0.05331616697367281,0.011697457986883819,0.012420957908034325,0.02447674993891269,0.0001315409317612648,0.012899333029054105,0.013697290909476578,0.001384458038955927,0.052589372848160565,0.1300797500880435,0.00012166600208729506,0.22140191704966128,0.02716262498870492,0.2485645420383662,3.524997737258673e-05,0.0001710830256342888,0.15724237507674843,0.3827117079636082,0.6094185840338469
4665,random_4662,random_cycle_chord,20260823,crossing_rich,5,200,5,9,13,4.216257082314745,True,True,,perf/incremental-yamada-frontier-order,1d8374f42cccbb16d78d44100a65ca603d7d1997,3.14.7,macOS-26.6.2-arm64-arm-64bit-Mach-O,arm,0.039966666023246944,0.17677195894066244,0.04886508302297443,0.013632709044031799,0.01454350003041327,0.028587416978552938,9.03749605640769e-05,0.015082874917425215,0.015663833008147776,0.0016432919073849916,0.061067791772075,0.13817491591908038,0.00011541706044226885,0.19604466599412262,0.030464665964245796,0.22650933195836842,2.795807085931301e-05,0.00017316697631031275,0.16863958188332617,0.38537820684723556,0.5867914169793949
4666,random_4663,random_cycle_chord,20260823,crossing_rich,2,200,4,9,12,5.914719733420187,True,True,,perf/incremental-yamada-frontier-order,1d8374f42cccbb16d78d44100a65ca603d7d1997,3.14.7,macOS-26.6.2-arm64-arm-64bit-Mach-O,arm,0.04225533304270357,0.170196249964647,0.0560428750468418,0.00990658299997449,0.009829665999859571,0.01959195896051824,4.9875001423060894e-05,0.010212791967205703,0.01096187497023493,0.001016792026348412,0.04183329292573035,0.11764520802535117,0.00010449998080730438,0.22435970802325755,0.020981583977118134,0.2453412920003757,2.4709035642445087e-05,0.0001287920167669654,0.1386267920024693,0.35107837500981987,0.5802449160255492
4667,random_4664,random_cycle_chord,20260823,crossing_rich,5,200,6,12,17,4.056821655739466,True,True,,perf/incremental-yamada-frontier-order,1d8374f42cccbb16d78d44100a65ca603d7d1997,3.14.7,macOS-26.6.2-arm64-arm-64bit-Mach-O,arm,0.05000845901668072,0.1675481660058722,0.05328158300835639,0.014709291979670525,0.01598033297341317,0.03137162502389401,8.970801718533039e-05,0.016310874954797328,0.016812208923511207,0.001763541018590331,0.06634795793797821,0.1504149999236688,0.00012637500185519457,0.2653870000503957,0.03380533296149224,0.29919233301188797,3.716605715453625e-05,0.00019329204224050045,0.18422033288516104,0.40177695790771395,0.6725339579861611
4668,random_4665,random_cycle_chord,20260823,crossing_rich,2,200,4,9,12,6.070301481022429,True,True,,perf/incremental-yamada-frontier-order,1d8374f42cccbb16d78d44100a65ca603d7d1997,3.14.7,macOS-26.6.2-arm64-arm-64bit-Mach-O,arm,0.04513712506741285,0.16600866604130715,0.05310162506066263,0.00934091699309647,0.009379624971188605,0.01882004097569734,3.124994691461325e-05,0.009774332982487977,0.010264042066410184,0.0010046249954029918,0.039894290966913104,0.11174550000578165,7.758301217108965e-05,0.1733640420716256,0.018099791021086276,0.19146383309271187,2.3999949917197227e-05,0.00013200007379055023,0.12984529102686793,0.34099108213558793,0.5192183339968324
4669,random_4666,random_cycle_chord,20260823,crossing_rich,4,200,5,10,14,5.5378754785740245,True,True,,perf/incremental-yamada-frontier-order,1d8374f42cccbb16d78d44100a65ca603d7d1997,3.14.7,macOS-26.6.2-arm64-arm-64bit-Mach-O,arm,0.04671208397485316,0.16358599998056889,0.05524674989283085,0.010798334027640522,0.011795457918196917,0.0231629170011729,4.6792090870440006e-05,0.011853292002342641,0.012491124914959073,0.0014017500216141343,0.04895587603095919,0.12684512499254197,9.174994193017483e-05,0.19914199993945658,0.025942625012248755,0.22508462495170534,2.6250025257468224e-05,0.00015637499745935202,0.15278775000479072,0.36308583396021277,0.5670143329771236
4670,random_4667,random_cycle_chord,20260823,crossing_rich,2,200,4,8,11,6.599365535745109,True,True,,perf/incremental-yamada-frontier-order,1d8374f42cccbb16d78d44100a65ca603d7d1997,3.14.7,macOS-26.6.2-arm64-arm-64bit-Mach-O,arm,0.04171595792286098,0.15771370800212026,0.05684845906216651,0.011481708963401616,0.009878207929432392,0.02008270798251033,5.4333009757101536e-05,0.010375416954047978,0.011009457986801863,0.0013032910646870732,0.042825206997804344,0.12108520802576095,0.00010829104576259851,0.17848470900207758,0.024557583034038544,0.20304229203611612,4.3166917748749256e-05,0.0001623749267309904,0.1456427910597995,0.34507245698478073,0.5283008330734447
4671,random_4668,random_cycle_chord,20260823,crossing_rich,2,200,4,10,13,5.6198771448151925,True,True,,perf/incremental-yamada-frontier-order,1d8374f42cccbb16d78d44100a65ca603d7d1997,3.14.7,macOS-26.6.2-arm64-arm-64bit-Mach-O,arm,0.04912637500092387,0.16783749999012798,0.048822624958120286,0.009536250028759241,0.009422082919627428,0.01901512499898672,4.2332918383181095e-05,0.009548083995468915,0.009913208079524338,0.0009701660601422191,0.039488916052505374,0.10729895799886435,8.225010242313147e-05,0.19315120903775096,0.01859979098662734,0.2117510000243783,2.666597720235586e-05,0.0001325419871136546,0.1258987489854917,0.34286262397654355,0.5407147499499843
4672,random_4669,random_cycle_chord,20260823,crossing_rich,6,200,6,13,18,4.567057352838905,True,True,,perf/incremental-yamada-frontier-order,1d8374f42cccbb16d78d44100a65ca603d7d1997,3.14.7,macOS-26.6.2-arm64-arm-64bit-Mach-O,arm,0.05295174999628216,0.16515579202678055,0.049936459050513804,0.014107875060290098,0.014601459028199315,0.028873957926407456,0.0001117499778047204,0.015920375008136034,0.016663540969602764,0.0018805420259013772,0.06345016590785235,0.14217004098463804,0.0001384579809382558,0.29567441705148667,0.04308166599366814,0.3387560830451548,3.829202614724636e-05,0.00020937493536621332,0.18525170697830617,0.4033592490013689,0.7048476249910891
4673,random_4670,random_cycle_chord,20260823,crossing_rich,4,200,5,10,14,5.42358600389332,True,True,,perf/incremental-yamada-frontier-order,1d8374f42cccbb16d78d44100a65ca603d7d1997,3.14.7,macOS-26.6.2-arm64-arm-64bit-Mach-O,arm,0.04917050001677126,0.17819179105572402,0.05494549998547882,0.011964542092755437,0.012954458012245595,0.024695541011169553,4.929106216877699e-05,0.012914457940496504,0.013550207950174809,0.0014530000044032931,0.052662497968412936,0.132577917072922,0.0001117080682888627,0.21536650008056313,0.02861795900389552,0.24398445908445865,3.124994691461325e-05,0.00017095799557864666,0.1611958760768175,0.3885581671493128,0.6093397079966962
4674,random_4671,random_cycle_chord,20260823,crossing_rich,4,200,5,8,12,6.583679583910934,True,True,,perf/incremental-yamada-frontier-order,1d8374f42cccbb16d78d44100a65ca603d7d1997,3.14.7,macOS-26.6.2-arm64-arm-64bit-Mach-O,arm,0.04834537499118596,0.19409237510990351,0.07225320802535862,0.011807666975073516,0.012303958064876497,0.024206375004723668,5.579204298555851e-05,0.012630417011678219,0.01341912499628961,0.0016569580184295774,0.051968667074106634,0.14837595797143877,0.00019587506540119648,0.18597724998835474,0.03413270798046142,0.22010995796881616,4.3625012040138245e-05,0.00019866705406457186,0.18250866595190018,0.42494641605298966,0.616535458015278
4675,random_4672,random_cycle_chord,20260823,baseline,0,200,3,8,10,6.127442913335127,True,True,,perf/incremental-yamada-frontier-order,1d8374f42cccbb16d78d44100a65ca603d7d1997,3.14.7,macOS-26.6.2-arm64-arm-64bit-Mach-O,arm,0.03908379201311618,0.17561654199380428,0.037413832964375615,0.008320500026457012,0.007875915965996683,0.015760250040329993,6.341596599668264e-05,0.007798457983881235,0.0077760000713169575,0.0006142499623820186,0.03201237402390689,0.08566970797255635,8.291704580187798e-05,0.1492157500470057,0.009835458011366427,0.15905120805837214,1.683307345956564e-05,8.274998981505632e-05,0.09550516598392278,0.31020549999084324,0.4641652919817716
4676,random_4673,random_cycle_chord,20260823,crossing_rich,5,200,6,11,16,4.700797838221373,True,True,,perf/incremental-yamada-frontier-order,1d8374f42cccbb16d78d44100a65ca603d7d1997,3.14.7,macOS-26.6.2-arm64-arm-64bit-Mach-O,arm,0.04647933307569474,0.1632798749487847,0.06470895791426301,0.014105250011198223,0.015381417004391551,0.03059049998410046,0.00010558392386883497,0.016060125082731247,0.017309583956375718,0.0036561250453814864,0.06772191799245775,0.16200195800047368,0.00038279208820313215,0.27578062494285405,0.03892908396665007,0.3147097089095041,4.299997817724943e-05,0.0001997910439968109,0.20093104196712375,0.4106902499916032,0.6926721669733524
4677,random_4674,random_cycle_chord,20260823,crossing_rich,5,200,5,8,12,4.199983683098638,True,True,,perf/incremental-yamada-frontier-order,1d8374f42cccbb16d78d44100a65ca603d7d1997,3.14.7,macOS-26.6.2-arm64-arm-64bit-Mach-O,arm,0.036802791990339756,0.17226487502921373,0.055526957963593304,0.013439458096399903,0.01605770899914205,0.029652124969288707,0.00010587496217340231,0.02033037506043911,0.018059166963212192,0.002278915955685079,0.07042645791079849,0.15555799996946007,0.00039008306339383125,0.39036137505900115,0.05671895807608962,0.44708033313509077,5.2749994210898876e-05,0.000218207947909832,0.2122769580455497,0.4213446250651032,0.8165128750260919
4678,random_4675,random_cycle_chord,20260823,crossing_rich,6,200,6,12,17,4.874326475353885,True,True,,perf/incremental-yamada-frontier-order,1d8374f42cccbb16d78d44100a65ca603d7d1997,3.14.7,macOS-26.6.2-arm64-arm-64bit-Mach-O,arm,0.06717125000432134,0.1817365410970524,0.05656779196579009,0.0161409160355106,0.016231499961577356,0.0319792500231415,7.195805665105581e-05,0.016833166009746492,0.019140582997351885,0.0020760000916197896,0.07010095717851073,0.159099290962331,0.00015874998643994331,0.3926428749691695,0.043550250004045665,0.43619312497321516,5.1208073273301125e-05,0.00023579108528792858,0.20264954096637666,0.4515573320677504,0.8500361250480637
4679,random_4676,random_cycle_chord,20260823,crossing_rich,6,200,6,13,18,4.234714827338552,True,True,,perf/incremental-yamada-frontier-order,1d8374f42cccbb16d78d44100a65ca603d7d1997,3.14.7,macOS-26.6.2-arm64-arm-64bit-Mach-O,arm,0.058046999969519675,0.2043992910766974,0.06712087499909103,0.020399042055942118,0.018479417078197002,0.035990457981824875,0.00012337497901171446,0.019433957990258932,0.02242329192813486,0.0022595840273424983,0.08023066690657288,0.18634062493219972,0.00016233394853770733,0.3404269580496475,0.04504654195625335,0.38547350000590086,3.729201853275299e-05,0.00021341699175536633,0.23138716688845307,0.49383345793467015,0.8409648750675842
4680,random_4677,random_cycle_chord,20260823,crossing_rich,2,200,4,9,12,5.691721787022482,True,True,,perf/incremental-yamada-frontier-order,1d8374f42cccbb16d78d44100a65ca603d7d1997,3.14.7,macOS-26.6.2-arm64-arm-64bit-Mach-O,arm,0.043822624953463674,0.20651241694577038,0.05170379194896668,0.010134291951544583,0.009803125052712858,0.019236667081713676,3.366696182638407e-05,0.00998354097828269,0.010421958053484559,0.0010119170183315873,0.0406877500936389,0.11236004205420613,9.074993431568146e-05,0.18645754095632583,0.020093791070394218,0.20655133202672005,2.6708003133535385e-05,0.0001479999627918005,0.13245383312460035,0.3827888750238344,0.5742972500156611
4681,random_4678,random_cycle_chord,20260823,crossing_rich,4,200,5,8,12,6.59626132957633,True,True,,perf/incremental-yamada-frontier-order,1d8374f42cccbb16d78d44100a65ca603d7d1997,3.14.7,macOS-26.6.2-arm64-arm-64bit-Mach-O,arm,0.052982292021624744,0.17966045800130814,0.07208354095928371,0.011349083040840924,0.011771582998335361,0.023165416903793812,4.1624996811151505e-05,0.012049584067426622,0.012882791925221682,0.0015272920718416572,0.049666709965094924,0.1449101670878008,0.00017308304086327553,0.18085691600572318,0.02995787502732128,0.21081479103304446,2.7791946195065975e-05,0.00017854198813438416,0.17486804211512208,0.40751079213805497,0.5935219579841942
4682,random_4679,random_cycle_chord,20260823,crossing_rich,9,200,7,14,20,4.2955730222535005,True,True,,perf/incremental-yamada-frontier-order,1d8374f42cccbb16d78d44100a65ca603d7d1997,3.14.7,macOS-26.6.2-arm64-arm-64bit-Mach-O,arm,0.057034124969504774,0.16182879207190126,0.05549891688860953,0.016186040942557156,0.018154292018152773,0.03516825009137392,5.412509199231863e-05,0.018315708031877875,0.01948837493546307,0.0023754999274387956,0.07540195807814598,0.16529024997726083,0.00012129195965826511,0.3029317499604076,0.054411582998000085,0.3573433329584077,4.75000124424696e-05,0.00025749998167157173,0.2197018329752609,0.43856475001666695,0.7468166659818962
4683,random_4680,random_cycle_chord,20260823,crossing_rich,2,200,4,9,12,6.071596485421508,True,True,,perf/incremental-yamada-frontier-order,1d8374f42cccbb16d78d44100a65ca603d7d1997,3.14.7,macOS-26.6.2-arm64-arm-64bit-Mach-O,arm,0.04296712495852262,0.1615731669589877,0.055651457980275154,0.00899500004015863,0.009311708970926702,0.018724458990618587,3.116705920547247e-05,0.009534249897114933,0.010313459089957178,0.001052166917361319,0.03965550195425749,0.11364208394661546,7.599999662488699e-05,0.17051025002729148,0.018610291997902095,0.18912054202519357,2.1541956812143326e-05,0.0001249159686267376,0.13225237594451755,0.3367926678620279,0.5117679159156978
4684,random_4681,random_cycle_chord,20260823,crossing_rich,3,200,4,9,12,4.51940686973687,True,True,,perf/incremental-yamada-frontier-order,1d8374f42cccbb16d78d44100a65ca603d7d1997,3.14.7,macOS-26.6.2-arm64-arm-64bit-Mach-O,arm,0.03418604098260403,0.1602448329795152,0.03976737498305738,0.009828457958064973,0.010491000022739172,0.02070012502372265,3.279093652963638e-05,0.01074754202272743,0.011443541967310011,0.0011023749830201268,0.04402637493330985,0.10414225002750754,7.920898497104645e-05,0.1738460409687832,0.02097170799970627,0.19481774896848947,2.2125081159174442e-05,0.0001307500060647726,0.1251139580272138,0.31954483198933303,0.4979323750594631
4685,random_4682,random_cycle_chord,20260823,crossing_rich,4,200,5,10,14,5.571651841582236,True,True,,perf/incremental-yamada-frontier-order,1d8374f42cccbb16d78d44100a65ca603d7d1997,3.14.7,macOS-26.6.2-arm64-arm-64bit-Mach-O,arm,0.04605258395895362,0.16232504090294242,0.06258737505413592,0.010509709012694657,0.011609415989369154,0.022736458922736347,3.9207981899380684e-05,0.01189525006338954,0.012637666892260313,0.0013719169655814767,0.04868050082586706,0.13342337496578693,8.545804303139448e-05,0.2011709170183167,0.027237667003646493,0.22840858402196318,2.5667017325758934e-05,0.00015350000467151403,0.16066104196943343,0.36903866683132946,0.5751621249364689
4686,random_4683,random_cycle_chord,20260823,crossing_rich,5,200,5,9,13,4.353836473052567,True,True,,perf/incremental-yamada-frontier-order,1d8374f42cccbb16d78d44100a65ca603d7d1997,3.14.7,macOS-26.6.2-arm64-arm-64bit-Mach-O,arm,0.03632824996020645,0.16008137504104525,0.04741387499962002,0.011444083997048438,0.012907625059597194,0.025494999950751662,4.254095256328583e-05,0.013546708039939404,0.01401508308481425,0.0014905000571161509,0.05458983208518475,0.12639070802833885,8.479098323732615e-05,0.3387535410001874,0.04194491694215685,0.38069845794234425,4.875008016824722e-05,0.0002488330937922001,0.1683356249704957,0.3647452499717474,0.7085869170259684
4687,random_4684,random_cycle_chord,20260823,crossing_rich,4,200,5,9,13,6.077408659825572,True,True,,perf/incremental-yamada-frontier-order,1d8374f42cccbb16d78d44100a65ca603d7d1997,3.14.7,macOS-26.6.2-arm64-arm-64bit-Mach-O,arm,0.12106941698584706,0.22551520902197808,0.07007762498687953,0.013624749961309135,0.013197500025853515,0.025974374962970614,4.445808008313179e-05,0.013514458085410297,0.014627500087954104,0.0016689159674569964,0.055829707183875144,0.15277000004425645,0.00010291708167642355,0.21647129103075713,0.03243670891970396,0.2489079999504611,3.329198807477951e-05,0.00019183300901204348,0.1852067089639604,0.5317913349717855,0.7539544589817524
4688,random_4685,random_cycle_chord,20260823,crossing_rich,3,200,4,8,11,4.238230129549116,True,True,,perf/incremental-yamada-frontier-order,1d8374f42cccbb16d78d44100a65ca603d7d1997,3.14.7,macOS-26.6.2-arm64-arm-64bit-Mach-O,arm,0.03668291703797877,0.20427020895294845,0.05020679102744907,0.013012290932238102,0.014574834029190242,0.02787458396051079,4.370801616460085e-05,0.014372957986779511,0.015793457976542413,0.0015222079819068313,0.05960691592190415,0.13743979204446077,0.00011233298573642969,0.21600033401045948,0.024162832996807992,0.24016316700726748,3.108300734311342e-05,0.00016287504695355892,0.16160262504126877,0.402555751032196,0.6243427080335096
4689,random_4686,random_cycle_chord,20260823,crossing_rich,5,200,5,8,12,4.1820755502654725,True,True,,perf/incremental-yamada-frontier-order,1d8374f42cccbb16d78d44100a65ca603d7d1997,3.14.7,macOS-26.6.2-arm64-arm-64bit-Mach-O,arm,0.0392512499820441,0.18220070900861174,0.04907475004438311,0.013394332956522703,0.015353291062638164,0.0305181669536978,7.666705641895533e-05,0.01579458301421255,0.01605900004506111,0.0016157920472323895,0.0640642091166228,0.1419490419793874,0.00022312498185783625,0.31085541704669595,0.03994579100981355,0.3508012080565095,3.850006032735109e-05,0.0001781670143827796,0.18189483298920095,0.4033467919798568,0.7189078339142725
4690,random_4687,random_cycle_chord,20260823,crossing_rich,4,200,5,8,12,6.583698869271739,True,True,,perf/incremental-yamada-frontier-order,1d8374f42cccbb16d78d44100a65ca603d7d1997,3.14.7,macOS-26.6.2-arm64-arm-64bit-Mach-O,arm,0.05046958290040493,0.17213654203806072,0.07250108302105218,0.011595207965001464,0.012313625076785684,0.024246999993920326,5.133403465151787e-05,0.012627959018573165,0.013551416923291981,0.0016596670029684901,0.05213737697340548,0.14860058401245624,0.00019633304327726364,0.19336366595234722,0.03254954202566296,0.22591320797801018,2.8916983865201473e-05,0.00018966698553413153,0.1811501260381192,0.40375625097658485,0.6023682500235736
4691,random_4688,random_cycle_chord,20260823,crossing_rich,4,200,5,9,13,6.073418800083127,True,True,,perf/incremental-yamada-frontier-order,1d8374f42cccbb16d78d44100a65ca603d7d1997,3.14.7,macOS-26.6.2-arm64-arm-64bit-Mach-O,arm,0.048992334050126374,0.16968912503216416,0.06614400004036725,0.011825792025774717,0.012948166928254068,0.04428129189182073,7.999991066753864e-05,0.015020333928987384,0.01834229100495577,0.0017784580122679472,0.07950237474869937,0.17046287504490465,0.00016412499826401472,0.27619437500834465,0.0310932919383049,0.30728766694664955,3.5624951124191284e-05,0.00018708303105086088,0.20155616698320955,0.4202376260655001,0.7021535000531003
4692,random_4689,random_cycle_chord,20260823,crossing_rich,3,200,5,11,15,4.39332470132662,True,True,,perf/incremental-yamada-frontier-order,1d8374f42cccbb16d78d44100a65ca603d7d1997,3.14.7,macOS-26.6.2-arm64-arm-64bit-Mach-O,arm,0.04618779197335243,0.21727720799390227,0.04888729099184275,0.01454070897307247,0.013750500045716763,0.028844624990597367,8.79999715834856e-05,0.01385462493635714,0.014536791015416384,0.0014765000669285655,0.05880054098088294,0.13604112493339926,0.00012850004713982344,0.24122245807666332,0.028128499980084598,0.2693509580567479,3.7125078961253166e-05,0.00018112501129508018,0.16416962491348386,0.42763462488073856,0.6761521669104695
4693,random_4690,random_cycle_chord,20260823,crossing_rich,4,200,5,9,13,6.071592759561342,True,True,,perf/incremental-yamada-frontier-order,1d8374f42cccbb16d78d44100a65ca603d7d1997,3.14.7,macOS-26.6.2-arm64-arm-64bit-Mach-O,arm,0.05133279098663479,0.18137175007723272,0.07601645798422396,0.023718415992334485,0.03418262500781566,0.06366370792966336,0.0001253749942407012,0.0203522079391405,0.019448000006377697,0.002147958963178098,0.10573724983260036,0.23984620801638812,0.0001765829510986805,0.27780795900616795,0.054351041093468666,0.3321590000996366,6.358290556818247e-05,0.00042066595051437616,0.2941972491098568,0.5269017901737243,0.8111761249601841
4694,random_4691,random_cycle_chord,20260823,crossing_rich,4,200,5,9,13,6.075265071191473,True,True,,perf/incremental-yamada-frontier-order,1d8374f42cccbb16d78d44100a65ca603d7d1997,3.14.7,macOS-26.6.2-arm64-arm-64bit-Mach-O,arm,0.07734870899002999,0.23773358296602964,0.07918929203879088,0.01313595799729228,0.014014541055075824,0.02727808291092515,6.070802919566631e-05,0.014150583068840206,0.014870208920910954,0.001727583003230393,0.05808716593310237,0.16449429199565202,0.000122333993203938,0.2180717500159517,0.03283545793965459,0.2509072079556063,3.658304922282696e-05,0.0001888340339064598,0.1973297499353066,0.5124120418913662,0.7377286249538884
4695,random_4692,random_cycle_chord,20260823,crossing_rich,2,200,4,9,12,6.069255339259065,True,True,,perf/incremental-yamada-frontier-order,1d8374f42cccbb16d78d44100a65ca603d7d1997,3.14.7,macOS-26.6.2-arm64-arm-64bit-Mach-O,arm,0.047594749950803816,0.19988020800519735,0.07527791697066277,0.014044999959878623,0.015987749909982085,0.030792332952842116,0.00010337494313716888,0.01434187509585172,0.014491125009953976,0.0013621250400319695,0.06109083304181695,0.1666137920692563,0.00012870901264250278,0.20492824993561953,0.02275766700040549,0.22768591693602502,3.3791991882026196e-05,0.00014833302702754736,0.1893714590696618,0.43684641702566296,0.6475285839987919
4696,random_4693,random_cycle_chord,20260823,crossing_rich,2,200,4,8,11,6.585851760805091,True,True,,perf/incremental-yamada-frontier-order,1d8374f42cccbb16d78d44100a65ca603d7d1997,3.14.7,macOS-26.6.2-arm64-arm-64bit-Mach-O,arm,0.05265962495468557,0.19310812500771135,0.06469216593541205,0.009785832953639328,0.009898209013044834,0.019513042061589658,3.4958007745444775e-05,0.010172708076424897,0.010793041903525591,0.0011924999998882413,0.04170625004917383,0.12611387495417148,0.00011362496297806501,0.29498416697606444,0.025852208025753498,0.32083637500181794,3.208301495760679e-05,0.00017158407717943192,0.15196608297992498,0.3977338329423219,0.6981414170004427
4697,random_4694,random_cycle_chord,20260823,crossing_rich,2,200,4,8,11,6.597527951198192,True,True,,perf/incremental-yamada-frontier-order,1d8374f42cccbb16d78d44100a65ca603d7d1997,3.14.7,macOS-26.6.2-arm64-arm-64bit-Mach-O,arm,0.059770667110569775,0.2179207089357078,0.0692600840702653,0.010561166913248599,0.010776915936730802,0.020200790953822434,4.012498538941145e-05,0.010304374969564378,0.014381042099557817,0.0015333748888224363,0.04645970789715648,0.13711120805237442,0.00011979206465184689,0.21866350003983825,0.027213083929382265,0.24587658396922052,5.15839783474803e-05,0.0001972910249605775,0.1643242919817567,0.44201566802803427,0.6665907079586759
4698,random_4695,random_cycle_chord,20260823,crossing_rich,2,200,4,8,11,6.393401408094489,True,True,,perf/incremental-yamada-frontier-order,1d8374f42cccbb16d78d44100a65ca603d7d1997,3.14.7,macOS-26.6.2-arm64-arm-64bit-Mach-O,arm,0.07414250005967915,0.20599741698242724,0.06756845791824162,0.011395832989364862,0.011626749997958541,0.021881458000279963,6.40420475974679e-05,0.011693582986481488,0.011692750034853816,0.001122041023336351,0.046453874092549086,0.13709695800207555,0.00011920800898224115,0.17948033404536545,0.020262790960259736,0.1997431250056252,3.2250070944428444e-05,0.00014487490989267826,0.1573597489623353,0.4374996660044417,0.6226514169247821
4699,random_4696,random_cycle_chord,20260823,crossing_rich,6,200,6,11,16,5.225634303979151,True,True,,perf/incremental-yamada-frontier-order,1d8374f42cccbb16d78d44100a65ca603d7d1997,3.14.7,macOS-26.6.2-arm64-arm-64bit-Mach-O,arm,0.05881858407519758,0.2238738329615444,0.10736925003584474,0.02596562507096678,0.025781042058952153,0.046389041002839804,0.00016649998724460602,0.02384954201988876,0.02296108298469335,0.002745750010944903,0.09611191600561142,0.2553545000264421,0.00019037502352148294,0.35307366598863155,0.10377779102418572,0.45685145701281726,6.258301436901093e-05,0.0003200840437784791,0.3591322910506278,0.6418247080873698,1.0027820830000564
4700,random_4697,random_cycle_chord,20260823,crossing_rich,5,200,5,8,12,4.135663661818678,True,True,,perf/incremental-yamada-frontier-order,1d8374f42cccbb16d78d44100a65ca603d7d1997,3.14.7,macOS-26.6.2-arm64-arm-64bit-Mach-O,arm,0.03420916700270027,0.19373462500516325,0.045110458973795176,0.02571212500333786,0.017809458076953888,0.04687591700349003,0.00011487491428852081,0.01871070801280439,0.017105292063206434,0.0018199170008301735,0.08462670899461955,0.1733532079961151,0.00029516592621803284,0.21660658391192555,0.032293041003867984,0.24889962491579354,3.108300734311342e-05,0.00019537494517862797,0.20564624899998307,0.4335900410078466,0.6554759161081165
4701,random_4698,random_cycle_chord,20260823,crossing_rich,11,200,8,15,22,4.046343262760804,True,True,,perf/incremental-yamada-frontier-order,1d8374f42cccbb16d78d44100a65ca603d7d1997,3.14.7,macOS-26.6.2-arm64-arm-64bit-Mach-O,arm,0.06873141694813967,0.16807812498882413,0.0656382089946419,0.023227375000715256,0.023440791061148047,0.05033033306244761,0.00017033307813107967,0.04167599999345839,0.03464845800772309,0.0034465420758351684,0.13027166621759534,0.24270362500101328,0.00020412507001310587,0.44780637498479337,0.09235466597601771,0.5401610409608111,9.27499495446682e-05,0.0003714580088853836,0.335058290977031,0.5718678329139948,1.0267082080245018
4702,random_4699,random_cycle_chord,20260823,baseline,0,200,4,11,14,4.0623145440072745,True,True,,perf/incremental-yamada-frontier-order,1d8374f42cccbb16d78d44100a65ca603d7d1997,3.14.7,macOS-26.6.2-arm64-arm-64bit-Mach-O,arm,0.05111474997829646,0.26203337498009205,0.042943958076648414,0.023547292104922235,0.016502790967933834,0.03471862501464784,9.51660331338644e-05,0.017765167052857578,0.017789500067010522,0.0012644169619306922,0.0716328751295805,0.15471875004004687,0.00015020801220089197,0.3924917499534786,0.027168542030267417,0.419660291983746,7.083395030349493e-05,0.0001634999644011259,0.1818872920703143,0.4950354170287028,0.8946931250393391
4703,random_4700,random_cycle_chord,20260823,crossing_rich,5,200,5,8,12,4.243397907011116,True,True,,perf/incremental-yamada-frontier-order,1d8374f42cccbb16d78d44100a65ca603d7d1997,3.14.7,macOS-26.6.2-arm64-arm-64bit-Mach-O,arm,0.058924166951328516,0.2262595830252394,0.05173916695639491,0.015710792038589716,0.018062958028167486,0.036159457988105714,8.450006134808064e-05,0.017439290997572243,0.017763082985766232,0.001697666011750698,0.07314399804454297,0.1587536670267582,0.0003567909589037299,0.5247167500201613,0.04184220894239843,0.5665589589625597,7.641699630767107e-05,0.00024387496523559093,0.20059587596915662,0.48577962594572455,1.0167258749715984
4704,random_4701,random_cycle_chord,20260823,crossing_rich,5,200,5,9,13,4.172584478733154,True,True,,perf/incremental-yamada-frontier-order,1d8374f42cccbb16d78d44100a65ca603d7d1997,3.14.7,macOS-26.6.2-arm64-arm-64bit-Mach-O,arm,0.06386979203671217,0.24788320891093463,0.06789420801214874,0.01539637497626245,0.016897041001357138,0.03327200002968311,8.92080133780837e-05,0.017457916983403265,0.020625208038836718,0.0020906670251861215,0.0735350000904873,0.17378395900595933,0.0001448750263080001,0.25800825003534555,0.036718124989420176,0.29472637502476573,3.458408173173666e-05,0.00020804197993129492,0.2105020839953795,0.5222550849430263,0.7879676660522819
4705,random_4702,random_cycle_chord,20260823,crossing_rich,4,200,5,9,13,6.07452029761567,True,True,,perf/incremental-yamada-frontier-order,1d8374f42cccbb16d78d44100a65ca603d7d1997,3.14.7,macOS-26.6.2-arm64-arm-64bit-Mach-O,arm,0.05467470898292959,0.1794347909744829,0.06718712509609759,0.011862957966513932,0.013000666978769004,0.02574370801448822,7.624994032084942e-05,0.013297582976520061,0.013963166973553598,0.001510834088549018,0.05459154199343175,0.14672141696792096,0.00012345891445875168,0.21189141704235226,0.03660283295903355,0.2484942500013858,5.008408334106207e-05,0.00020483299158513546,0.1833242499269545,0.417433749884367,0.6350646250648424
4706,random_4703,random_cycle_chord,20260823,baseline,0,200,3,10,12,5.627131892051301,True,True,,perf/incremental-yamada-frontier-order,1d8374f42cccbb16d78d44100a65ca603d7d1997,3.14.7,macOS-26.6.2-arm64-arm-64bit-Mach-O,arm,0.05054925009608269,0.1823112079873681,0.038684874889440835,0.008406416047364473,0.008460499928332865,0.01629733305890113,5.104194860905409e-05,0.008247958030551672,0.008977500023320317,0.0006575830047950149,0.03423141606617719,0.08982266602106392,9.412504732608795e-05,0.1758483329322189,0.011174166924320161,0.18702249985653907,1.9458006136119366e-05,9.337498340755701e-05,0.10099683294538409,0.3338572910288349,0.5150377079844475
4707,random_4704,random_cycle_chord,20260823,crossing_rich,2,200,4,10,13,5.386859984512486,True,True,,perf/incremental-yamada-frontier-order,1d8374f42cccbb16d78d44100a65ca603d7d1997,3.14.7,macOS-26.6.2-arm64-arm-64bit-Mach-O,arm,0.04612795799039304,0.17156583291944116,0.04927800002042204,0.009844416985288262,0.009906833991408348,0.01945337501820177,5.0040893256664276e-05,0.010409333044663072,0.010517708025872707,0.0010706670582294464,0.04150112404022366,0.11058637499809265,0.00010533304885029793,0.20362991699948907,0.019903582986444235,0.2235334999859333,2.8499984182417393e-05,0.00013037491589784622,0.1304899579845369,0.3481837488943711,0.5567165419925004
4708,random_4705,random_cycle_chord,20260823,crossing_rich,2,200,4,10,13,5.1137225425327175,True,True,,perf/incremental-yamada-frontier-order,1d8374f42cccbb16d78d44100a65ca603d7d1997,3.14.7,macOS-26.6.2-arm64-arm-64bit-Mach-O,arm,0.041943666990846395,0.16976612491998821,0.10870208300184458,0.022992500104010105,0.012992124888114631,0.02700274996459484,0.00028508296236395836,0.026341874967329204,0.03337779198773205,0.002536167041398585,0.08954366692341864,0.23430733301211149,0.0002644999185577035,0.23639812495093793,0.021041792002506554,0.2574399169534445,2.97910301014781e-05,0.0001485829707235098,0.25534912501461804,0.46705891692545265,0.7091779579641297
4709,random_4706,random_cycle_chord,20260823,crossing_rich,5,200,5,8,12,4.1578685544904035,True,True,,perf/incremental-yamada-frontier-order,1d8374f42cccbb16d78d44100a65ca603d7d1997,3.14.7,macOS-26.6.2-arm64-arm-64bit-Mach-O,arm,0.03649366705212742,0.182426166953519,0.04488362499978393,0.012707999907433987,0.013758208020590246,0.027265457902103662,4.112499300390482e-05,0.014060624991543591,0.014812291949056089,0.001472500036470592,0.05765199987217784,0.12903820804785937,0.00017704104539006948,0.1820748340105638,0.030905290972441435,0.21298012498300523,2.74579506367445e-05,0.0001691670622676611,0.1599434990203008,0.3788633330259472,0.5663890829309821
4710,random_4707,random_cycle_chord,20260823,baseline,0,200,3,10,12,4.62911291042233,True,True,,perf/incremental-yamada-frontier-order,1d8374f42cccbb16d78d44100a65ca603d7d1997,3.14.7,macOS-26.6.2-arm64-arm-64bit-Mach-O,arm,0.03792341588996351,0.17122300004120916,0.024988957913592458,0.007940584095194936,0.00881324999500066,0.01499566703569144,5.554093513637781e-05,0.007752000004984438,0.008520458010025322,0.0006555840373039246,0.0319792500231415,0.07378350000362843,9.383296128362417e-05,0.1787708749761805,0.01003875001333654,0.18880962498951703,1.7249956727027893e-05,8.662499021738768e-05,0.08382225001696497,0.29296866594813764,0.47664170793723315
4711,random_4708,random_cycle_chord,20260823,crossing_rich,2,200,4,8,11,6.5867792155494636,True,True,,perf/incremental-yamada-frontier-order,1d8374f42cccbb16d78d44100a65ca603d7d1997,3.14.7,macOS-26.6.2-arm64-arm-64bit-Mach-O,arm,0.0437672499101609,0.16264404100365937,0.05941491690464318,0.009351916029118001,0.009248833055607975,0.01841104100458324,0.00010829197708517313,0.011795790982432663,0.010996707947924733,0.0012178339529782534,0.04252966586500406,0.12057641695719212,0.00010958302300423384,0.179141917033121,0.022029958083294332,0.20117187511641532,2.64591071754694e-05,0.0001377500593662262,0.14260637504048645,0.3490176659543067,0.5329253330128267
4712,random_4709,random_cycle_chord,20260823,crossing_rich,3,200,4,8,11,4.1739449406974165,True,True,,perf/incremental-yamada-frontier-order,1d8374f42cccbb16d78d44100a65ca603d7d1997,3.14.7,macOS-26.6.2-arm64-arm-64bit-Mach-O,arm,0.03260699997190386,0.16553258302155882,0.0440946250455454,0.010878833010792732,0.01180712494533509,0.023306500050239265,5.954108200967312e-05,0.012223790981806815,0.012685541994869709,0.0011761250207200646,0.049451499129645526,0.11628004105295986,9.574997238814831e-05,0.17125604196917266,0.021554249920882285,0.19281029189005494,2.5374931283295155e-05,0.00013816601131111383,0.13783429097384214,0.3359738739673048,0.5120978329796344
4713,random_4710,random_cycle_chord,20260823,baseline,0,200,3,11,13,5.2249025471976,True,True,,perf/incremental-yamada-frontier-order,1d8374f42cccbb16d78d44100a65ca603d7d1997,3.14.7,macOS-26.6.2-arm64-arm-64bit-Mach-O,arm,0.045134374988265336,0.1689383340999484,0.02895954204723239,0.007806167006492615,0.007872791029512882,0.01543475000653416,2.404197584837675e-05,0.007991041988134384,0.008103832951746881,0.0006170000415295362,0.03217066696379334,0.07683020806871355,9.595800656825304e-05,0.19942016701679677,0.010057999985292554,0.20947816700208932,1.6666017472743988e-05,8.591695223003626e-05,0.0868882080540061,0.30096091714221984,0.5050969589501619
4714,random_4711,random_cycle_chord,20260823,baseline,0,200,3,8,10,6.128535162134716,True,True,,perf/incremental-yamada-frontier-order,1d8374f42cccbb16d78d44100a65ca603d7d1997,3.14.7,macOS-26.6.2-arm64-arm-64bit-Mach-O,arm,0.037120875087566674,0.16118808405008167,0.03581358399242163,0.0071928329998627305,0.007217624923214316,0.014153499971143901,2.3000058718025684e-05,0.0073777079815045,0.0075732090044766665,0.0005767090478911996,0.029704126063734293,0.07994850003160536,7.625005673617125e-05,0.15353708306793123,0.01020566700026393,0.16374275006819516,1.825008075684309e-05,8.31669894978404e-05,0.09015416703186929,0.28846312616951764,0.446573166991584
4715,random_4712,random_cycle_chord,20260823,crossing_rich,5,200,6,11,16,4.690923749757489,True,True,,perf/incremental-yamada-frontier-order,1d8374f42cccbb16d78d44100a65ca603d7d1997,3.14.7,macOS-26.6.2-arm64-arm-64bit-Mach-O,arm,0.048218750045634806,0.16063379193656147,0.05391883302945644,0.012086709029972553,0.013294416945427656,0.026646291953511536,8.425000123679638e-05,0.014832917018793523,0.016648499993607402,0.0019006250659003854,0.06011258403304964,0.13945645897183567,0.00013541604857891798,0.23437408299650997,0.03277300007175654,0.2671470830682665,3.354193177074194e-05,0.00020404206588864326,0.17222945904359221,0.3810820010257885,0.6206225829664618
4716,random_4713,random_cycle_chord,20260823,crossing_rich,4,200,5,9,13,6.069495822900024,True,True,,perf/incremental-yamada-frontier-order,1d8374f42cccbb16d78d44100a65ca603d7d1997,3.14.7,macOS-26.6.2-arm64-arm-64bit-Mach-O,arm,0.046132166986353695,0.159286041976884,0.06189766700845212,0.011022542021237314,0.012339042034000158,0.025224167038686574,8.020899258553982e-05,0.012184791965410113,0.013444292009808123,0.001536875031888485,0.052470335038378835,0.13779025000985712,0.00012183305807411671,0.19707250001374632,0.027588750002905726,0.22466125001665205,2.6999972760677338e-05,0.00016308296471834183,0.16537900001276284,0.37079720897600055,0.5728158749407157
4717,random_4714,random_cycle_chord,20260823,crossing_rich,2,200,4,8,11,6.602365779215316,True,True,,perf/incremental-yamada-frontier-order,1d8374f42cccbb16d78d44100a65ca603d7d1997,3.14.7,macOS-26.6.2-arm64-arm-64bit-Mach-O,arm,0.042639459017664194,0.16057870804797858,0.0586147919530049,0.008996334043331444,0.009247916983440518,0.018198124947957695,3.616593312472105e-05,0.009458790998905897,0.009877624921500683,0.0010867910459637642,0.03865749784745276,0.11554899998009205,7.229193579405546e-05,0.16471599997021258,0.024124874966219068,0.18884087493643165,3.5792007111012936e-05,0.0001532500609755516,0.13967387494631112,0.3428920420119539,0.5123099168995395
4718,random_4715,random_cycle_chord,20260823,crossing_rich,3,200,5,12,16,4.510545619232212,True,True,,perf/incremental-yamada-frontier-order,1d8374f42cccbb16d78d44100a65ca603d7d1997,3.14.7,macOS-26.6.2-arm64-arm-64bit-Mach-O,arm,0.048948916024528444,0.16648354195058346,0.04554399999324232,0.011072374996729195,0.011693792068399489,0.022513417061418295,7.416692096740007e-05,0.011943500023335218,0.011828791000880301,0.001312791951932013,0.04767266695853323,0.11604087497107685,0.00011237501166760921,0.22989700001198798,0.023811500053852797,0.2537085000658408,2.4916953407227993e-05,0.00014829100109636784,0.13985237502492964,0.35528483300004154,0.5904009999940172
4719,random_4716,random_cycle_chord,20260823,baseline,0,200,3,10,12,4.6206338811033145,True,True,,perf/incremental-yamada-frontier-order,1d8374f42cccbb16d78d44100a65ca603d7d1997,3.14.7,macOS-26.6.2-arm64-arm-64bit-Mach-O,arm,0.03428399993572384,0.15944245806895196,0.023415209027007222,0.007192249991931021,0.007042499957606196,0.013901833910495043,2.329191192984581e-05,0.007214541081339121,0.00747045804746449,0.0006214579334482551,0.029231582884676754,0.06690195796545595,6.779201794415712e-05,0.1666084169410169,0.010352374985814095,0.176960791926831,1.9249971956014633e-05,9.008299093693495e-05,0.07725433295127004,0.27098079095594585,0.44220820791088045
4720,random_4717,random_cycle_chord,20260823,crossing_rich,4,200,5,8,12,6.598574707293987,True,True,,perf/incremental-yamada-frontier-order,1d8374f42cccbb16d78d44100a65ca603d7d1997,3.14.7,macOS-26.6.2-arm64-arm-64bit-Mach-O,arm,0.04623725009150803,0.1751319169998169,0.07275708299130201,0.010768958018161356,0.0114998749922961,0.022821082966402173,4.025001544505358e-05,0.01198041602037847,0.012549040955491364,0.0015300000086426735,0.048920789966359735,0.143982500070706,0.00017441599629819393,0.17507608409505337,0.02795054204761982,0.2030266261426732,2.8499984182417393e-05,0.00017804093658924103,0.17193304211832583,0.39330220920965075,0.5733839590102434
4721,random_4718,random_cycle_chord,20260823,crossing_rich,5,200,5,8,12,4.147966976771803,True,True,,perf/incremental-yamada-frontier-order,1d8374f42cccbb16d78d44100a65ca603d7d1997,3.14.7,macOS-26.6.2-arm64-arm-64bit-Mach-O,arm,0.03347916703205556,0.1618580420035869,0.04388558305799961,0.011930958018638194,0.013479290995746851,0.02707437495701015,4.154094494879246e-05,0.013725917087867856,0.014702666085213423,0.0014672500547021627,0.057011749129742384,0.12634399998933077,0.00018579105380922556,0.1767337090568617,0.031212333007715642,0.20794604206457734,2.62079993262887e-05,0.00016725005116313696,0.1575563329970464,0.35289354203268886,0.534461791976355
4722,random_4719,random_cycle_chord,20260823,crossing_rich,5,200,5,8,12,4.178614098578514,True,True,,perf/incremental-yamada-frontier-order,1d8374f42cccbb16d78d44100a65ca603d7d1997,3.14.7,macOS-26.6.2-arm64-arm-64bit-Mach-O,arm,0.033203333034180105,0.1619924589758739,0.0373900409322232,0.012158666970208287,0.01341166696511209,0.026999959023669362,4.1041988879442215e-05,0.013902459060773253,0.014678959036245942,0.0014617920387536287,0.05708421114832163,0.12008229200728238,0.00017429201398044825,0.17659775004722178,0.03238141699694097,0.20897916704416275,3.333296626806259e-05,0.00018087506759911776,0.15246370900422335,0.34765950101427734,0.5294951669638976
4723,random_4720,random_cycle_chord,20260823,crossing_rich,5,200,5,9,13,4.283860175039109,True,True,,perf/incremental-yamada-frontier-order,1d8374f42cccbb16d78d44100a65ca603d7d1997,3.14.7,macOS-26.6.2-arm64-arm-64bit-Mach-O,arm,0.11081475007813424,0.17447441606782377,0.0489641249878332,0.012162292026914656,0.013221625005826354,0.02697712497320026,4.458299372345209e-05,0.013650915934704244,0.014199458062648773,0.0014798330375924706,0.0563519150018692,0.13073741691187024,8.658296428620815e-05,0.1932019169908017,0.028940999996848404,0.2221429169876501,2.7624890208244324e-05,0.0001718329731374979,0.15967841690871865,0.44496758305467665,0.6434532080311328
4724,random_4721,random_cycle_chord,20260823,crossing_rich,2,200,4,8,11,6.592982555300099,True,True,,perf/incremental-yamada-frontier-order,1d8374f42cccbb16d78d44100a65ca603d7d1997,3.14.7,macOS-26.6.2-arm64-arm-64bit-Mach-O,arm,0.0439471669960767,0.16624587506521493,0.05967141594737768,0.009398709051311016,0.009232582990080118,0.018749249982647598,3.4041935577988625e-05,0.009477750048972666,0.010270582977682352,0.001004124991595745,0.03953574993647635,0.11786804196890444,7.387495134025812e-05,0.15563774993643165,0.016869041952304542,0.1725067918887362,2.1125073544681072e-05,0.00011833396274596453,0.13473708392120898,0.3449301259825006,0.5053722920129076
4725,random_4722,random_cycle_chord,20260823,crossing_rich,3,200,4,8,11,4.098426922255134,True,True,,perf/incremental-yamada-frontier-order,1d8374f42cccbb16d78d44100a65ca603d7d1997,3.14.7,macOS-26.6.2-arm64-arm-64bit-Mach-O,arm,0.029638916021212935,0.1603682090062648,0.039253750001080334,0.009946709033101797,0.010723707964643836,0.02118495898321271,3.200001083314419e-05,0.010950167081318796,0.011446707998402417,0.0010376659920439124,0.04465150006581098,0.10460500000044703,7.179193198680878e-05,0.15619404206518084,0.02065595902968198,0.17685000109486282,2.066709566861391e-05,0.00012191594578325748,0.12526095903012902,0.31526808405760676,0.47621183295268565
4726,random_4723,random_cycle_chord,20260823,crossing_rich,2,200,4,11,14,5.020407867527259,True,True,,perf/incremental-yamada-frontier-order,1d8374f42cccbb16d78d44100a65ca603d7d1997,3.14.7,macOS-26.6.2-arm64-arm-64bit-Mach-O,arm,0.04146166692953557,0.15924383397214115,0.040966167114675045,0.009006000007502735,0.009167874930426478,0.018050207989290357,3.200001083314419e-05,0.009374041110277176,0.009804083034396172,0.000953707960434258,0.038214040105231106,0.0973826659610495,8.270808029919863e-05,0.19521354197058827,0.016944290953688323,0.2121578329242766,2.0749983377754688e-05,0.0001127920113503933,0.11432695691473782,0.31503245781641454,0.5147437920095399
4727,random_4724,random_cycle_chord,20260823,crossing_rich,5,200,5,8,12,4.251451383758453,True,True,,perf/incremental-yamada-frontier-order,1d8374f42cccbb16d78d44100a65ca603d7d1997,3.14.7,macOS-26.6.2-arm64-arm-64bit-Mach-O,arm,0.032802707981318235,0.16709679190535098,0.04432424996048212,0.012905542040243745,0.014043750008568168,0.027371249976567924,7.00830714777112e-05,0.01430050004273653,0.0149079579859972,0.0015708330320194364,0.0582206241087988,0.12954550003632903,0.0003184169763699174,0.3029660419560969,0.02932266693096608,0.33228870888706297,2.7125002816319466e-05,0.0001648329198360443,0.1588681669672951,0.35876766685396433,0.6668971669860184
4728,random_4725,random_cycle_chord,20260823,crossing_rich,2,200,4,10,13,5.382460425920593,True,True,,perf/incremental-yamada-frontier-order,1d8374f42cccbb16d78d44100a65ca603d7d1997,3.14.7,macOS-26.6.2-arm64-arm-64bit-Mach-O,arm,0.04419666703324765,0.1696922080591321,0.044864125084131956,0.009457624983042479,0.009219333063811064,0.017954958020709455,3.416591789573431e-05,0.009312250069342554,0.009711874998174608,0.0009584580548107624,0.03797170706093311,0.10154216701630503,8.324999362230301e-05,0.18165458308067173,0.015926333027891815,0.19758091610856354,2.0542065612971783e-05,0.00011654198169708252,0.11746850004419684,0.3313573751365766,0.5176568749593571
4729,random_4726,random_cycle_chord,20260823,crossing_rich,4,200,5,9,13,6.080840106814976,True,True,,perf/incremental-yamada-frontier-order,1d8374f42cccbb16d78d44100a65ca603d7d1997,3.14.7,macOS-26.6.2-arm64-arm-64bit-Mach-O,arm,0.04631795804016292,0.15945379191543907,0.05947929201647639,0.010305333998985589,0.011333958012983203,0.022360833012498915,3.9334059692919254e-05,0.011564083979465067,0.012363750021904707,0.0014680420281365514,0.04779604310169816,0.12895154196303338,0.00011575000826269388,0.19874604104552418,0.02816187497228384,0.22690791601780802,3.700004890561104e-05,0.00017383298836648464,0.15711341693531722,0.3628851668909192,0.5664951669750735
4730,random_4727,random_cycle_chord,20260823,baseline,0,200,4,11,14,4.08147558619848,True,True,,perf/incremental-yamada-frontier-order,1d8374f42cccbb16d78d44100a65ca603d7d1997,3.14.7,macOS-26.6.2-arm64-arm-64bit-Mach-O,arm,0.04259804205503315,0.17144012497738004,0.022109624929726124,0.008874999941326678,0.009388500009663403,0.018476166995242238,3.200001083314419e-05,0.00967962492723018,0.009742208058014512,0.0007316669216379523,0.038661666912958026,0.07906324998475611,9.833299554884434e-05,0.19593908300157636,0.01145670807454735,0.20739579107612371,2.37500062212348e-05,9.820901323109865e-05,0.09051995805930346,0.30455812509171665,0.5051653750706464
4731,random_4728,random_cycle_chord,20260823,crossing_rich,5,200,5,8,12,4.207230105450614,True,True,,perf/incremental-yamada-frontier-order,1d8374f42cccbb16d78d44100a65ca603d7d1997,3.14.7,macOS-26.6.2-arm64-arm-64bit-Mach-O,arm,0.03260766703169793,0.1597655420191586,0.04760166595224291,0.011585374944843352,0.013275958015583456,0.026285750092938542,4.000007174909115e-05,0.013609124929644167,0.014310416067019105,0.0014447920257225633,0.05569008318707347,0.1281931670382619,0.00020683393813669682,0.17547816690057516,0.033172625000588596,0.20865079190116376,3.0250055715441704e-05,0.00018154201097786427,0.1613657920388505,0.353739001089707,0.5345824579708278
4732,random_4729,random_cycle_chord,20260823,crossing_rich,2,200,4,8,11,6.603688126333495,True,True,,perf/incremental-yamada-frontier-order,1d8374f42cccbb16d78d44100a65ca603d7d1997,3.14.7,macOS-26.6.2-arm64-arm-64bit-Mach-O,arm,0.047848665970377624,0.1725294579518959,0.06937191693577915,0.009475999977439642,0.009616540977731347,0.018933875020593405,4.237494431436062e-05,0.010035291081294417,0.01030824996996671,0.0011369999265298247,0.04045679094269872,0.1289554169634357,0.00015733297914266586,0.15888150001410395,0.019669166998937726,0.17855066701304168,2.2249994799494743e-05,0.0001330419909209013,0.14862458396237344,0.36900270788464695,0.5329645830206573
4733,random_4730,random_cycle_chord,20260823,crossing_rich,2,200,4,8,11,6.3367460254633805,True,True,,perf/incremental-yamada-frontier-order,1d8374f42cccbb16d78d44100a65ca603d7d1997,3.14.7,macOS-26.6.2-arm64-arm-64bit-Mach-O,arm,0.041295791044831276,0.16063325002323836,0.06220725004095584,0.010123999905772507,0.01026299991644919,0.02035183401312679,5.9416983276605606e-05,0.011727083008736372,0.011029666988179088,0.001105333911255002,0.04427333490457386,0.12691308301873505,0.0001604580320417881,0.1761979580624029,0.020371166989207268,0.19656912505161017,2.450007013976574e-05,0.0001319999573752284,0.14728425000794232,0.34921329107601196,0.5300535829737782
4734,random_4731,random_cycle_chord,20260823,crossing_rich,8,200,7,13,19,4.42516032430519,True,True,,perf/incremental-yamada-frontier-order,1d8374f42cccbb16d78d44100a65ca603d7d1997,3.14.7,macOS-26.6.2-arm64-arm-64bit-Mach-O,arm,0.05511345900595188,0.16963424999266863,0.060153916012495756,0.01732629199977964,0.01868433295749128,0.039346792036667466,0.00013399997260421515,0.019136207993142307,0.020577499992214143,0.002615333069115877,0.08180983306374401,0.17809224990196526,0.00015879201237112284,1.4222217090427876,0.0497760419966653,1.4719977510394529,0.000124832964502275,0.00026095903012901545,0.22786829189863056,0.45261600089725107,1.8815277080284432
4735,random_4732,random_cycle_chord,20260823,crossing_rich,5,200,5,8,12,4.271358654669155,True,True,,perf/incremental-yamada-frontier-order,1d8374f42cccbb16d78d44100a65ca603d7d1997,3.14.7,macOS-26.6.2-arm64-arm-64bit-Mach-O,arm,0.035545208025723696,0.1724596250569448,0.04400941694620997,0.014020708971656859,0.013880625017918646,0.02733891597017646,4.1665975004434586e-05,0.01413070794660598,0.01468795898836106,0.0014596659457311034,0.05765891482587904,0.1296073750127107,0.0001787090441212058,0.6209994170349091,0.034984666970558465,0.6559840840054676,5.262496415525675e-05,0.00024233292788267136,0.16459204198326916,0.37259687506593764,0.9985779579728842
4736,random_4733,random_cycle_chord,20260823,crossing_rich,5,200,5,9,13,4.280348861710987,True,True,,perf/incremental-yamada-frontier-order,1d8374f42cccbb16d78d44100a65ca603d7d1997,3.14.7,macOS-26.6.2-arm64-arm-64bit-Mach-O,arm,0.0458574160002172,0.22791699995286763,0.04499091603793204,0.013808249961584806,0.014558374998159707,0.02803229191340506,4.1500083170831203e-05,0.014552416047081351,0.015358707983978093,0.0016053749714046717,0.05959029099904001,0.13298929098527879,0.0001027500256896019,0.20185404201038182,0.032024750020354986,0.2338787920307368,3.1374976970255375e-05,0.0001860000193119049,0.16501404100563377,0.4387884569587186,0.6458912499947473
4737,random_4734,random_cycle_chord,20260823,crossing_rich,4,200,5,8,12,6.584811385989013,True,True,,perf/incremental-yamada-frontier-order,1d8374f42cccbb16d78d44100a65ca603d7d1997,3.14.7,macOS-26.6.2-arm64-arm-64bit-Mach-O,arm,0.055445290985517204,0.19320670899469405,0.07566883298568428,0.013066916028037667,0.01318954094313085,0.025758250034414232,7.062510121613741e-05,0.013329833978787065,0.01410045800730586,0.0016880000475794077,0.0549471671693027,0.1569298329995945,0.00023162493016570807,0.19533166696783155,0.031660082982853055,0.2269917499506846,4.6625034883618355e-05,0.00019345898181200027,0.18858991598244756,0.4372419159626588,0.6382360419956967
4738,random_4735,random_cycle_chord,20260823,crossing_rich,3,200,5,12,16,4.88064448370209,True,True,,perf/incremental-yamada-frontier-order,1d8374f42cccbb16d78d44100a65ca603d7d1997,3.14.7,macOS-26.6.2-arm64-arm-64bit-Mach-O,arm,0.051869000075384974,0.1717553329654038,0.048448708024807274,0.012289416044950485,0.012547209043987095,0.02469775010831654,4.408392123878002e-05,0.012829208048060536,0.01350979192648083,0.0014577920082956553,0.05253862601239234,0.1258638750296086,0.0001011659624055028,0.35107408300973475,0.03555329202208668,0.38662737503182143,2.7208938263356686e-05,0.00015604100190103054,0.1614171670516953,0.38504150009248406,0.7405705420533195
4739,random_4736,random_cycle_chord,20260823,crossing_rich,3,200,5,10,14,5.170434126593008,True,True,,perf/incremental-yamada-frontier-order,1d8374f42cccbb16d78d44100a65ca603d7d1997,3.14.7,macOS-26.6.2-arm64-arm-64bit-Mach-O,arm,0.046306459000334144,0.16765162500087172,0.04744566697627306,0.011280917096883059,0.011393000022508204,0.022615000023506582,4.929106216877699e-05,0.011614457936957479,0.01247816695831716,0.0013175420463085175,0.048074458027258515,0.11823000002186745,9.7665935754776e-05,0.29591162491124123,0.02344329108018428,0.3193549159914255,2.820801455527544e-05,0.00014579191338270903,0.14167329110205173,0.3556313751032576,0.6562569580273703
4740,random_4737,random_cycle_chord,20260823,crossing_rich,3,200,5,10,14,4.95495708888986,True,True,,perf/incremental-yamada-frontier-order,1d8374f42cccbb16d78d44100a65ca603d7d1997,3.14.7,macOS-26.6.2-arm64-arm-64bit-Mach-O,arm,0.03890987497288734,0.1776255409931764,0.04186387499794364,0.010014166939072311,0.010601500049233437,0.021077999961562455,4.516600165516138e-05,0.01096637500450015,0.011631749919615686,0.001369666075333953,0.045090956962667406,0.10760391701478511,8.270808029919863e-05,0.27398462500423193,0.024583374965004623,0.29856799996923655,2.74579506367445e-05,0.0001508750719949603,0.13218729197978973,0.34872270794585347,0.6269290409982204
4741,random_4738,random_cycle_chord,20260823,baseline,0,200,4,10,13,4.6684345544017924,True,True,,perf/incremental-yamada-frontier-order,1d8374f42cccbb16d78d44100a65ca603d7d1997,3.14.7,macOS-26.6.2-arm64-arm-64bit-Mach-O,arm,0.037810000008903444,0.16451158304698765,0.02882437501102686,0.00864037498831749,0.008485083002597094,0.01681358297355473,6.595801096409559e-05,0.009015833027660847,0.009182792040519416,0.0008415000047534704,0.03591966605745256,0.08190070802811533,0.00010754202958196402,0.1916427919641137,0.012753708055242896,0.2043965000193566,3.350002225488424e-05,0.00010091601870954037,0.09465441608335823,0.2969759991392493,0.49325387505814433
4742,random_4739,random_cycle_chord,20260823,crossing_rich,3,200,4,8,11,4.147031278377858,True,True,,perf/incremental-yamada-frontier-order,1d8374f42cccbb16d78d44100a65ca603d7d1997,3.14.7,macOS-26.6.2-arm64-arm-64bit-Mach-O,arm,0.031201292062178254,0.16828841692768037,0.04199358297046274,0.01093291596043855,0.011820040992461145,0.023040042025968432,3.312493208795786e-05,0.011778625077567995,0.012500499957241118,0.0011121249990537763,0.04846441699191928,0.11324220895767212,8.066697046160698e-05,0.1683130000019446,0.020431458950042725,0.18874445895198733,3.91670037060976e-05,0.00013870792463421822,0.13367366790771484,0.33316337689757347,0.5063516659429297
4743,random_4740,random_cycle_chord,20260823,crossing_rich,3,200,5,10,14,5.082130278664668,True,True,,perf/incremental-yamada-frontier-order,1d8374f42cccbb16d78d44100a65ca603d7d1997,3.14.7,macOS-26.6.2-arm64-arm-64bit-Mach-O,arm,0.045003916951827705,0.1805834589758888,0.04893024999182671,0.011675125104375184,0.012314749998040497,0.023862416041083634,7.279100827872753e-05,0.012371541000902653,0.013028500019572675,0.001427166978828609,0.0507624150486663,0.12375374999828637,0.00011720799375325441,0.3751286669867113,0.040511249913834035,0.41563991690054536,6.220804061740637e-05,0.00021016702521592379,0.1642649999121204,0.3898523758398369,0.7699867079500109
4744,random_4741,random_cycle_chord,20260823,crossing_rich,4,200,5,10,14,5.619306623609822,True,True,,perf/incremental-yamada-frontier-order,1d8374f42cccbb16d78d44100a65ca603d7d1997,3.14.7,macOS-26.6.2-arm64-arm-64bit-Mach-O,arm,0.058788125053979456,0.18807420798111707,0.06644466705620289,0.012388959061354399,0.019577750004827976,0.035742040956392884,0.00010366702917963266,0.015311958966776729,0.015872167074121535,0.0017423329409211874,0.06877216696739197,0.1674237500410527,0.00014312495477497578,0.3075179159641266,0.04739016608800739,0.354908082052134,5.520798731595278e-05,0.00022566597908735275,0.2148139161290601,0.4616762491641566,0.7750693750567734
4745,random_4742,random_cycle_chord,20260823,crossing_rich,4,200,5,10,14,5.45399443389061,True,True,,perf/incremental-yamada-frontier-order,1d8374f42cccbb16d78d44100a65ca603d7d1997,3.14.7,macOS-26.6.2-arm64-arm-64bit-Mach-O,arm,0.06560729199554771,0.2614865420619026,0.079971041996032,0.014338082983158529,0.014580541988834739,0.029009124962612987,5.2292016334831715e-05,0.01474183308891952,0.01524520805105567,0.0016365419141948223,0.06068500003311783,0.16962812503334135,0.00012816593516618013,0.3339312910102308,0.04117466707248241,0.3751059580827132,3.166694659739733e-05,0.00017812498845160007,0.21080279210582376,0.537896626163274,0.8772539580240846
4746,random_4743,random_cycle_chord,20260823,crossing_rich,4,200,5,8,12,6.59807900617632,True,True,,perf/incremental-yamada-frontier-order,1d8374f42cccbb16d78d44100a65ca603d7d1997,3.14.7,macOS-26.6.2-arm64-arm-64bit-Mach-O,arm,0.05007100000511855,0.17157379200216383,0.07763187494128942,0.011533500044606626,0.012349333032034338,0.024183584027923644,4.437495954334736e-05,0.012575499946251512,0.013091959059238434,0.0015946670901030302,0.05149008508305997,0.15304491692222655,0.00018574995920062065,0.18006054195575416,0.02923633297905326,0.20929687493480742,3.2625044696033e-05,0.00018162501510232687,0.1822812499012798,0.4039260419085622,0.589213791070506
4747,random_4744,random_cycle_chord,20260823,crossing_rich,5,200,5,8,12,4.234504755289701,True,True,,perf/incremental-yamada-frontier-order,1d8374f42cccbb16d78d44100a65ca603d7d1997,3.14.7,macOS-26.6.2-arm64-arm-64bit-Mach-O,arm,0.03429379197768867,0.16223862499464303,0.05094662494957447,0.013086874969303608,0.014644292066805065,0.029848207952454686,9.52909467741847e-05,0.015495667001232505,0.015892709023319185,0.0016412080731242895,0.06297308299690485,0.14173329202458262,0.00033849989995360374,0.3134057919960469,0.04190674994606525,0.35531254194211215,3.2540992833673954e-05,0.00016954203601926565,0.18364004197064787,0.3801724589429796,0.6981572079239413
4748,random_4745,random_cycle_chord,20260823,crossing_rich,2,200,4,8,11,6.583736015069547,True,True,,perf/incremental-yamada-frontier-order,1d8374f42cccbb16d78d44100a65ca603d7d1997,3.14.7,macOS-26.6.2-arm64-arm-64bit-Mach-O,arm,0.044590833014808595,0.16124387504532933,0.057955500087700784,0.009491750039160252,0.00928041699808091,0.018274833098985255,3.250001464039087e-05,0.009781667031347752,0.010063582914881408,0.0010896660387516022,0.03924224909860641,0.11600095790345222,7.879198528826237e-05,0.17117570794653147,0.02020374999847263,0.1913794579450041,2.7082976885139942e-05,0.00013512501027435064,0.13620470790192485,0.3420394159620628,0.517763499985449
4749,random_4746,random_cycle_chord,20260823,crossing_rich,4,200,5,8,12,6.586732271129589,True,True,,perf/incremental-yamada-frontier-order,1d8374f42cccbb16d78d44100a65ca603d7d1997,3.14.7,macOS-26.6.2-arm64-arm-64bit-Mach-O,arm,0.047254208009690046,0.16374037507921457,0.0705813750391826,0.011206125025637448,0.012183999991975725,0.02379191608633846,8.712499402463436e-05,0.012050958001054823,0.012351874960586429,0.0014519999967887998,0.04973387403879315,0.1437742500565946,0.00019583397079259157,0.177439916995354,0.028573166928254068,0.20601308392360806,5.908298771828413e-05,0.00017404207028448582,0.17234741698484868,0.3833420000737533,0.5659603329841048
4750,random_4747,random_cycle_chord,20260823,crossing_rich,2,200,4,8,11,6.322399912454975,True,True,,perf/incremental-yamada-frontier-order,1d8374f42cccbb16d78d44100a65ca603d7d1997,3.14.7,macOS-26.6.2-arm64-arm-64bit-Mach-O,arm,0.0417797090485692,0.1591532500460744,0.05427587509620935,0.009198709041811526,0.0092975830193609,0.018236667034216225,3.2291049137711525e-05,0.009472791920416057,0.009988375008106232,0.0010172920301556587,0.038747417042031884,0.11154887499287724,7.912504952400923e-05,0.15885033295489848,0.01800904201809317,0.17685937497299165,2.5541987270116806e-05,0.00012704194523394108,0.1295579170109704,0.330490876105614,0.4938265420496464
4751,random_4748,random_cycle_chord,20260823,crossing_rich,2,200,4,9,12,6.076923142211051,True,True,,perf/incremental-yamada-frontier-order,1d8374f42cccbb16d78d44100a65ca603d7d1997,3.14.7,macOS-26.6.2-arm64-arm-64bit-Mach-O,arm,0.04575170809403062,0.15992620796896517,0.05793112493120134,0.008692875038832426,0.00876741693355143,0.01726895896717906,3.108300734311342e-05,0.008994582924060524,0.009466834017075598,0.001013625063933432,0.03677508397959173,0.11219508305657655,0.00010958302300423384,0.16889754205476493,0.018507458036765456,0.18740500009153038,2.0625069737434387e-05,0.00012054096441715956,0.130702541093342,0.3363804571563378,0.5097665829816833
4752,random_4749,random_cycle_chord,20260823,baseline,0,200,4,10,13,4.623937450851447,True,True,,perf/incremental-yamada-frontier-order,1d8374f42cccbb16d78d44100a65ca603d7d1997,3.14.7,macOS-26.6.2-arm64-arm-64bit-Mach-O,arm,0.036102417041547596,0.15551879105623811,0.02496862504631281,0.008365750079974532,0.008964749984443188,0.017645707936026156,3.14170029014349e-05,0.009165290975943208,0.009385540965013206,0.0007590409368276596,0.036986997816711664,0.07931499998085201,9.033398237079382e-05,0.18175137497019023,0.012853417079895735,0.19460479205008596,2.8083915822207928e-05,0.00010608299635350704,0.09216841706074774,0.28378962515853345,0.4700738340616226
4753,random_4750,random_cycle_chord,20260823,crossing_rich,6,200,6,11,16,5.219678958240184,True,True,,perf/incremental-yamada-frontier-order,1d8374f42cccbb16d78d44100a65ca603d7d1997,3.14.7,macOS-26.6.2-arm64-arm-64bit-Mach-O,arm,0.059953207965008914,0.1818962909746915,0.06494716601446271,0.013874916941858828,0.0151949169812724,0.029408666072413325,7.679103873670101e-05,0.015220874920487404,0.01610691600944847,0.0018945829942822456,0.06270783103536814,0.1567955840146169,0.00011862500105053186,0.25468579097650945,0.04365641705226153,0.298342208028771,5.391694139689207e-05,0.00023424997925758362,0.20045200106687844,0.44230150000657886,0.7033057919470593
4754,random_4751,random_cycle_chord,20260823,crossing_rich,2,200,4,9,12,5.805217110780976,True,True,,perf/incremental-yamada-frontier-order,1d8374f42cccbb16d78d44100a65ca603d7d1997,3.14.7,macOS-26.6.2-arm64-arm-64bit-Mach-O,arm,0.04555716703180224,0.17925475002266467,0.056358124944381416,0.01009008300025016,0.010567208984866738,0.020285625010728836,6.983301136642694e-05,0.01128641702234745,0.011070083011873066,0.0012565830256789923,0.04396854108199477,0.12105362501461059,0.00016166700515896082,0.18712162505835295,0.0188958749640733,0.20601750002242625,3.5499921068549156e-05,0.00013183301780372858,0.1399494999786839,0.3647614170331508,0.5568803329952061
4755,random_4752,random_cycle_chord,20260823,crossing_rich,4,200,5,10,14,5.446055033778952,True,True,,perf/incremental-yamada-frontier-order,1d8374f42cccbb16d78d44100a65ca603d7d1997,3.14.7,macOS-26.6.2-arm64-arm-64bit-Mach-O,arm,0.048859833041206,0.1721350000007078,0.05819941696245223,0.011060916003771126,0.012221165932714939,0.024121624999679625,4.35409601777792e-05,0.012443374958820641,0.013105500023812056,0.0014174999669194221,0.05113154090940952,0.13265087502077222,9.204191155731678e-05,0.21511466696392745,0.02907183300703764,0.2441864999709651,3.350002225488424e-05,0.000173417036421597,0.16172270802780986,0.38271754106972367,0.6027910419506952
4756,random_4753,random_cycle_chord,20260823,crossing_rich,4,200,5,10,14,5.620155338346073,True,True,,perf/incremental-yamada-frontier-order,1d8374f42cccbb16d78d44100a65ca603d7d1997,3.14.7,macOS-26.6.2-arm64-arm-64bit-Mach-O,arm,0.050095208920538425,0.17594200000166893,0.058070041006430984,0.01133854198269546,0.01217237499076873,0.024261250044219196,6.570795085281134e-05,0.012310041929595172,0.012979999999515712,0.0015000830171629786,0.05111708294134587,0.1327620840165764,0.00012087495997548103,0.2097244579344988,0.02843058400321752,0.2381550419377163,2.8582988306879997e-05,0.00016762502491474152,0.16119266801979393,0.3872298769420013,0.6019728750688955
4757,random_4754,random_cycle_chord,20260823,baseline,0,200,5,14,18,4.294241392360828,True,True,,perf/incremental-yamada-frontier-order,1d8374f42cccbb16d78d44100a65ca603d7d1997,3.14.7,macOS-26.6.2-arm64-arm-64bit-Mach-O,arm,0.04991125001106411,0.16444270894862711,0.02562837500590831,0.010078541934490204,0.011303917039185762,0.022089917096309364,6.17500627413392e-05,0.011456666979938745,0.012029999983496964,0.0010255000088363886,0.0466638341313228,0.09372395905666053,0.00012720900122076273,0.2596662499709055,0.0150049589574337,0.2746712089283392,2.7333036996424198e-05,0.0001264170277863741,0.10872891801409423,0.32308287697378546,0.5875724159413949
4758,random_4755,random_cycle_chord,20260823,crossing_rich,4,200,5,10,14,5.627691107651724,True,True,,perf/incremental-yamada-frontier-order,1d8374f42cccbb16d78d44100a65ca603d7d1997,3.14.7,macOS-26.6.2-arm64-arm-64bit-Mach-O,arm,0.047791500110179186,0.16393745900131762,0.06700187502428889,0.011333915987052023,0.012227416969835758,0.02449008298572153,5.504104774445295e-05,0.012674416066147387,0.013369625085033476,0.001382957911118865,0.05197212309576571,0.14258816605433822,0.00011358293704688549,0.2015739999478683,0.02648029092233628,0.22805429087020457,2.78339721262455e-05,0.0001593329943716526,0.1690684569766745,0.3807974160881713,0.5873312919866294
4759,random_4756,random_cycle_chord,20260823,crossing_rich,5,200,6,10,15,5.419002516281867,True,True,,perf/incremental-yamada-frontier-order,1d8374f42cccbb16d78d44100a65ca603d7d1997,3.14.7,macOS-26.6.2-arm64-arm-64bit-Mach-O,arm,0.04913483408745378,0.16105012502521276,0.05813958402723074,0.01193070795852691,0.012976416037417948,0.02559737500268966,4.825007636100054e-05,0.013272083015181124,0.01425916701555252,0.001686125062406063,0.05486300017219037,0.13795550004579127,0.00022391695529222488,0.3245671250624582,0.031235125032253563,0.3558022500947118,3.1624920666217804e-05,0.00018495810218155384,0.16919062507804483,0.3793755841907114,0.7086007909383625
4760,random_4757,random_cycle_chord,20260823,crossing_rich,8,200,7,15,21,4.052921742997033,True,True,,perf/incremental-yamada-frontier-order,1d8374f42cccbb16d78d44100a65ca603d7d1997,3.14.7,macOS-26.6.2-arm64-arm-64bit-Mach-O,arm,0.05793945805635303,0.1762860829476267,0.04728691698983312,0.01610720797907561,0.01793254096992314,0.03574270894750953,6.458302959799767e-05,0.018528291955590248,0.01973108306992799,0.002265124931000173,0.07633179193362594,0.15770858305040747,0.00013533292803913355,0.3213536669500172,0.05056841694749892,0.37192208389751613,5.995796527713537e-05,0.00026162504218518734,0.2082769999979064,0.44250254100188613,0.7694680830463767
4761,random_4758,random_cycle_chord,20260823,crossing_rich,5,200,5,9,13,4.260169091839459,True,True,,perf/incremental-yamada-frontier-order,1d8374f42cccbb16d78d44100a65ca603d7d1997,3.14.7,macOS-26.6.2-arm64-arm-64bit-Mach-O,arm,0.037012332933954895,0.16877104190643877,0.04884954204317182,0.012877665925770998,0.014384625013917685,0.02734312496613711,5.845795385539532e-05,0.014190208981744945,0.015468124998733401,0.0015809159958735108,0.058640832896344364,0.13481499999761581,0.00011933303903788328,0.2065840830327943,0.032782250083982944,0.23936633311677724,3.070896491408348e-05,0.00018491700757294893,0.16759725008159876,0.3733806249219924,0.5857638330198824
4762,random_4759,random_cycle_chord,20260823,crossing_rich,4,200,5,10,14,5.4667884546692935,True,True,,perf/incremental-yamada-frontier-order,1d8374f42cccbb16d78d44100a65ca603d7d1997,3.14.7,macOS-26.6.2-arm64-arm-64bit-Mach-O,arm,0.05014516704250127,0.1813891250640154,0.06640650006011128,0.01205312495585531,0.012647666968405247,0.024832208990119398,8.56249826028943e-05,0.013159000081941485,0.013580708066001534,0.0014841670636087656,0.05314170918427408,0.14430375001393259,0.00014566595200449228,0.21691158297471702,0.027178000076673925,0.24408958305139095,3.4125056117773056e-05,0.0001752919051796198,0.1714817500906065,0.40301604219712317,0.6255037089576945
4763,random_4760,random_cycle_chord,20260823,crossing_rich,4,200,5,11,15,4.634294535508033,True,True,,perf/incremental-yamada-frontier-order,1d8374f42cccbb16d78d44100a65ca603d7d1997,3.14.7,macOS-26.6.2-arm64-arm-64bit-Mach-O,arm,0.0460709169274196,0.17525466694496572,0.04830091597978026,0.012171750073321164,0.012664290959946811,0.024690291960723698,6.391596980392933e-05,0.012953124940395355,0.013729791040532291,0.0015052499948069453,0.05294237390626222,0.12614299997221678,0.00012729200534522533,0.23654445901047438,0.029093499993905425,0.2656379590043798,3.250001464039087e-05,0.000169833074323833,0.1552364999661222,0.37656208383850753,0.6186885839561
4764,random_4761,random_cycle_chord,20260823,crossing_rich,5,200,5,9,13,4.372450620461854,True,True,,perf/incremental-yamada-frontier-order,1d8374f42cccbb16d78d44100a65ca603d7d1997,3.14.7,macOS-26.6.2-arm64-arm-64bit-Mach-O,arm,0.03953916602768004,0.16845104203093797,0.046753124915994704,0.01204025000333786,0.01357433304656297,0.026795417070388794,4.5166932977735996e-05,0.013942334102466702,0.014685124973766506,0.0015253330348059535,0.05699337611440569,0.1294026670511812,9.374995715916157e-05,0.1956518751103431,0.030651999986730516,0.22630387509707361,2.8792070224881172e-05,0.00017241702880710363,0.1600546670379117,0.3680448750965297,0.5687780000735074
4765,random_4762,random_cycle_chord,20260823,crossing_rich,5,200,5,8,12,4.098578131168831,True,True,,perf/incremental-yamada-frontier-order,1d8374f42cccbb16d78d44100a65ca603d7d1997,3.14.7,macOS-26.6.2-arm64-arm-64bit-Mach-O,arm,0.033121708082035184,0.16064349992666394,0.0403351669665426,0.012438416015356779,0.013973499997518957,0.027125207940116525,4.1082967072725296e-05,0.014192666974849999,0.014542334014549851,0.0014801250072196126,0.05738141690380871,0.12416624999605119,0.00017674989067018032,0.1803737919544801,0.03101000003516674,0.21138379198964685,3.120803739875555e-05,0.00017804198432713747,0.15517625003121793,0.34894145803991705,0.5345460419775918
4766,random_4763,random_cycle_chord,20260823,crossing_rich,4,200,5,10,14,5.617713781919161,True,True,,perf/incremental-yamada-frontier-order,1d8374f42cccbb16d78d44100a65ca603d7d1997,3.14.7,macOS-26.6.2-arm64-arm-64bit-Mach-O,arm,0.04767408408224583,0.16204683296382427,0.05772483302280307,0.010745832929387689,0.011943000019527972,0.022779333987273276,5.9458077885210514e-05,0.012254166998900473,0.012951083946973085,0.0015121250180527568,0.0495561680290848,0.1300319159636274,0.0001372919650748372,0.19519545894581825,0.02904670895077288,0.22424216789659113,2.8792070224881172e-05,0.00016687496099621058,0.15907862491440028,0.3687995419604704,0.5689272090094164
4767,random_4764,random_cycle_chord,20260823,crossing_rich,2,200,4,8,11,6.6036226439091905,True,True,,perf/incremental-yamada-frontier-order,1d8374f42cccbb16d78d44100a65ca603d7d1997,3.14.7,macOS-26.6.2-arm64-arm-64bit-Mach-O,arm,0.044298833003267646,0.16226029105018824,0.06661229103337973,0.009820541949011385,0.009719040943309665,0.01904600008856505,4.395900759845972e-05,0.009548708912916481,0.010186708066612482,0.0010725000174716115,0.039897876093164086,0.1260804170742631,9.858398698270321e-05,0.1650215839035809,0.019816917018033564,0.18483850092161447,2.4333014152944088e-05,0.00012858293484896421,0.14589733409229666,0.35245645814575255,0.5222028329735622
4768,random_4765,random_cycle_chord,20260823,crossing_rich,3,200,4,8,11,4.123052608247909,True,True,,perf/incremental-yamada-frontier-order,1d8374f42cccbb16d78d44100a65ca603d7d1997,3.14.7,macOS-26.6.2-arm64-arm-64bit-Mach-O,arm,0.030679041985422373,0.16209945804439485,0.03420920902863145,0.010328166070394218,0.010997959063388407,0.021911083022132516,5.5292039178311825e-05,0.011497125029563904,0.01180233305785805,0.00104674999602139,0.04631258314475417,0.10188887489493936,9.329093154519796e-05,0.15907749999314547,0.019376749987713993,0.17845424998085946,2.2875028662383556e-05,0.0001302079763263464,0.12126562488265336,0.3140441249124706,0.4778330420376733
4769,random_4766,random_cycle_chord,20260823,crossing_rich,4,200,5,11,15,5.226521726367786,True,True,,perf/incremental-yamada-frontier-order,1d8374f42cccbb16d78d44100a65ca603d7d1997,3.14.7,macOS-26.6.2-arm64-arm-64bit-Mach-O,arm,0.047647750005126,0.1631336249411106,0.05246345803607255,0.011067125014960766,0.011967625003308058,0.023708999971859157,7.466692477464676e-05,0.012674250057898462,0.013136624940671027,0.0013885840307921171,0.05098312592599541,0.12652508390601724,0.00014387501869350672,0.21874416596256196,0.026721084024757147,0.2454652499873191,3.0082999728620052e-05,0.0001628330210223794,0.1532461679307744,0.364027542877011,0.58792750001885
4770,random_4767,random_cycle_chord,20260823,baseline,0,200,3,8,10,6.183345816534301,True,True,,perf/incremental-yamada-frontier-order,1d8374f42cccbb16d78d44100a65ca603d7d1997,3.14.7,macOS-26.6.2-arm64-arm-64bit-Mach-O,arm,0.037261333083733916,0.16267470794264227,0.033797499956563115,0.007518832921050489,0.0072376669850200415,0.014227041974663734,2.4499953724443913e-05,0.0074682499980553985,0.007674833061173558,0.0006317920051515102,0.030026416992768645,0.07860087498556823,6.933289114385843e-05,0.14227291697170585,0.010489334003068507,0.15276225097477436,1.7958111129701138e-05,9.129208046942949e-05,0.08909020898863673,0.2890262500150129,0.43594712496269494
4771,random_4768,random_cycle_chord,20260823,crossing_rich,2,200,4,10,13,5.42575826873056,True,True,,perf/incremental-yamada-frontier-order,1d8374f42cccbb16d78d44100a65ca603d7d1997,3.14.7,macOS-26.6.2-arm64-arm-64bit-Mach-O,arm,0.042779583018273115,0.16249779204372317,0.04356712498702109,0.009422792005352676,0.009877709089778364,0.018892499967478216,6.53750030323863e-05,0.010341041954234242,0.010868584038689733,0.0011062499834224582,0.041273750946857035,0.10421124997083098,0.00012133398558944464,0.19975841604173183,0.018992458004504442,0.21875087404623628,2.5999965146183968e-05,0.00012720900122076273,0.12320370797533542,0.3284810830373317,0.5329754169797525
4772,random_4769,random_cycle_chord,20260823,crossing_rich,4,200,5,8,12,6.603572635033085,True,True,,perf/incremental-yamada-frontier-order,1d8374f42cccbb16d78d44100a65ca603d7d1997,3.14.7,macOS-26.6.2-arm64-arm-64bit-Mach-O,arm,0.04919470800086856,0.1635610000230372,0.07031537499278784,0.011051542009226978,0.011771875084377825,0.023272749967873096,4.612503107637167e-05,0.012431749957613647,0.013224584050476551,0.0015972499968484044,0.05057245900388807,0.14377670898102224,0.0002014579949900508,0.17961758293677121,0.02994566608686,0.20956324902363122,2.8959009796380997e-05,0.0001807499211281538,0.17372237506788224,0.386478083091788,0.5712074170587584
4773,random_4770,random_cycle_chord,20260823,crossing_rich,4,200,5,10,14,5.485320734958531,True,True,,perf/incremental-yamada-frontier-order,1d8374f42cccbb16d78d44100a65ca603d7d1997,3.14.7,macOS-26.6.2-arm64-arm-64bit-Mach-O,arm,0.045300208032131195,0.17730345902964473,0.05787191691342741,0.011148250079713762,0.013505332986824214,0.02921612502541393,9.26250359043479e-05,0.026434500003233552,0.018041791976429522,0.0018407920142635703,0.07562583405524492,0.1582884999224916,0.00018412491772323847,0.24560433404985815,0.02988416701555252,0.2754885010654107,4.7457986511290073e-05,0.00020074995700269938,0.18817266693804413,0.41077633399982005,0.6620325420517474
4774,random_4771,random_cycle_chord,20260823,crossing_rich,5,200,6,11,16,4.630432612149189,True,True,,perf/incremental-yamada-frontier-order,1d8374f42cccbb16d78d44100a65ca603d7d1997,3.14.7,macOS-26.6.2-arm64-arm-64bit-Mach-O,arm,0.05048533296212554,0.1799829580122605,0.05128712498117238,0.013280541053973138,0.014438125072047114,0.03550412494223565,0.00012787501327693462,0.01868279103655368,0.023604582995176315,0.001885834033600986,0.07980520802084357,0.15888045891188085,0.00018070905935019255,0.25855558400508016,0.033986959024332464,0.2925425430294126,3.3832970075309277e-05,0.00018924998585134745,0.19286741793621331,0.42333570891059935,0.6878600419731811
4775,random_4772,random_cycle_chord,20260823,crossing_rich,6,200,6,12,17,4.876161485087215,True,True,,perf/incremental-yamada-frontier-order,1d8374f42cccbb16d78d44100a65ca603d7d1997,3.14.7,macOS-26.6.2-arm64-arm-64bit-Mach-O,arm,0.051119458046741784,0.16346312500536442,0.051669082953594625,0.012559707975015044,0.013748042052611709,0.02819112502038479,0.00011604104656726122,0.014731582952663302,0.015543167013674974,0.001753667020238936,0.06033558305352926,0.13836041698232293,0.0001437920145690441,0.24718316597864032,0.035419082967564464,0.2826022489462048,3.250001464039087e-05,0.00018808292225003242,0.1737794999498874,0.3883620830019936,0.6410640419926494
4776,random_4773,random_cycle_chord,20260823,crossing_rich,3,200,4,8,11,4.178755329890545,True,True,,perf/incremental-yamada-frontier-order,1d8374f42cccbb16d78d44100a65ca603d7d1997,3.14.7,macOS-26.6.2-arm64-arm-64bit-Mach-O,arm,0.029645124915987253,0.15927637496497482,0.035211749956943095,0.009942707954905927,0.010654832934960723,0.021075707976706326,3.733299672603607e-05,0.011174208018928766,0.011616457952186465,0.0010827910155057907,0.044986497960053384,0.10082491696812212,9.012501686811447e-05,0.2621355000883341,0.021381207974627614,0.2835167080629617,2.4250010028481483e-05,0.00013887498062103987,0.12220612494274974,0.3111276248237118,0.5777616669656709
4777,random_4774,random_cycle_chord,20260823,crossing_rich,2,200,4,8,11,6.331527897094525,True,True,,perf/incremental-yamada-frontier-order,1d8374f42cccbb16d78d44100a65ca603d7d1997,3.14.7,macOS-26.6.2-arm64-arm-64bit-Mach-O,arm,0.04482891596853733,0.17496191698592156,0.07248970796354115,0.010254374938085675,0.009914292022585869,0.019803040893748403,5.866598803550005e-05,0.010288250050507486,0.010851291008293629,0.0011349170235916972,0.042136164964176714,0.1348299999954179,0.0001082499511539936,0.17199970805086195,0.019999958924017847,0.1919996669748798,2.862501423805952e-05,0.0001325419871136546,0.15482995891943574,0.37462079187389463,0.5520742910448462
4778,random_4775,random_cycle_chord,20260823,crossing_rich,5,200,5,8,12,4.218468993591081,True,True,,perf/incremental-yamada-frontier-order,1d8374f42cccbb16d78d44100a65ca603d7d1997,3.14.7,macOS-26.6.2-arm64-arm-64bit-Mach-O,arm,0.035572457942180336,0.16486137500032783,0.04307258303742856,0.012955541955307126,0.014086709008552134,0.027420417056418955,6.60829246044159e-05,0.014448166941292584,0.014546582940965891,0.001504249987192452,0.0579854998504743,0.1281695420620963,0.00021262490190565586,0.28524587489664555,0.027845915989018977,0.3130917908856645,2.675002906471491e-05,0.00016458297614008188,0.15601545805111527,0.35644929099362344,0.6465956669999287
4779,random_4776,random_cycle_chord,20260823,baseline,0,200,4,14,17,4.296533907741417,True,True,,perf/incremental-yamada-frontier-order,1d8374f42cccbb16d78d44100a65ca603d7d1997,3.14.7,macOS-26.6.2-arm64-arm-64bit-Mach-O,arm,0.04596637492068112,0.16337291593663394,0.023432624991983175,0.009503207984380424,0.009175457991659641,0.018275875016115606,5.6832912378013134e-05,0.009483500034548342,0.009635041933506727,0.0008622499881312251,0.038313499884679914,0.08045737503562123,0.00011466699652373791,0.24777795805130154,0.012773458962328732,0.26055141701363027,2.1707965061068535e-05,0.00010529207065701485,0.09323083399794996,0.302570124855265,0.5550646670162678
4780,random_4777,random_cycle_chord,20260823,crossing_rich,12,200,8,14,21,4.292922402041211,True,True,,perf/incremental-yamada-frontier-order,1d8374f42cccbb16d78d44100a65ca603d7d1997,3.14.7,macOS-26.6.2-arm64-arm-64bit-Mach-O,arm,0.06637487502302974,0.2093185830162838,0.06093908310867846,0.019624250009655952,0.02248583291657269,0.043885207967832685,9.162502828985453e-05,0.022766917012631893,0.02424583409447223,0.002867374918423593,0.09385695902165025,0.19698145904112607,0.0004769170191138983,0.3272957920562476,0.07416687498334795,0.40146266703959554,4.558300133794546e-05,0.00030708289705216885,0.271148334024474,0.5468417920637876,0.8811497089918703
4781,random_4778,random_cycle_chord,20260823,crossing_rich,3,200,4,9,12,4.3905969746872735,True,True,,perf/incremental-yamada-frontier-order,1d8374f42cccbb16d78d44100a65ca603d7d1997,3.14.7,macOS-26.6.2-arm64-arm-64bit-Mach-O,arm,0.034248166950419545,0.15917612507473677,0.03927120903972536,0.009941000025719404,0.010334124905057251,0.020329375052824616,3.212492447346449e-05,0.010540542076341808,0.011032999958842993,0.0010755410185083747,0.043010583030991256,0.10258524992968887,7.912504952400923e-05,0.16749054205138236,0.020696582971140742,0.1881871250225231,1.970806624740362e-05,0.00012562493793666363,0.12328183290082961,0.31670612492598593,0.48870766593609005
4782,random_4779,random_cycle_chord,20260823,crossing_rich,2,200,4,9,12,5.875945150451575,True,True,,perf/incremental-yamada-frontier-order,1d8374f42cccbb16d78d44100a65ca603d7d1997,3.14.7,macOS-26.6.2-arm64-arm-64bit-Mach-O,arm,0.03908608399797231,0.1521659999853,0.051096374983899295,0.008566041011363268,0.00903179100714624,0.017844208050519228,3.058300353586674e-05,0.009262708015739918,0.009654249995946884,0.0009086669888347387,0.037700416054576635,0.10642187506891787,7.962493691593409e-05,0.15670358296483755,0.016026667086407542,0.1727302500512451,1.862493809312582e-05,0.00010041589848697186,0.12244854215532541,0.3137006261385977,0.47460924996994436
4783,random_4780,random_cycle_chord,20260823,crossing_rich,6,200,6,10,15,5.623806829345598,True,True,,perf/incremental-yamada-frontier-order,1d8374f42cccbb16d78d44100a65ca603d7d1997,3.14.7,macOS-26.6.2-arm64-arm-64bit-Mach-O,arm,0.045345833990722895,0.14945537503808737,0.057433708920143545,0.011301834019832313,0.012754124938510358,0.025139124947600067,4.708394408226013e-05,0.013013333082199097,0.013944999896921217,0.0017137090908363461,0.05385825096163899,0.13539087504614145,0.00022904190700501204,0.20215849997475743,0.0338071669684723,0.23596566694322973,2.875004429370165e-05,0.000183542026206851,0.16919804201461375,0.363999251043424,0.5708519590552896
4784,random_4781,random_cycle_chord,20260823,baseline,0,200,3,9,11,5.364506083427416,True,True,,perf/incremental-yamada-frontier-order,1d8374f42cccbb16d78d44100a65ca603d7d1997,3.14.7,macOS-26.6.2-arm64-arm-64bit-Mach-O,arm,0.031583791016601026,0.14776462502777576,0.02396262506954372,0.006766999955289066,0.006765458965674043,0.013309375033713877,2.1417043171823025e-05,0.00693483289796859,0.007147249998524785,0.000560375046916306,0.02797325002029538,0.06548716709949076,6.020802538841963e-05,0.14113645791076124,0.008896667044609785,0.15003312495537102,1.4292076230049133e-05,7.037504110485315e-05,0.07438383414410055,0.25373225018847734,0.39888849994167686
4785,random_4782,random_cycle_chord,20260823,crossing_rich,2,200,4,8,11,6.594517588356586,True,True,,perf/incremental-yamada-frontier-order,1d8374f42cccbb16d78d44100a65ca603d7d1997,3.14.7,macOS-26.6.2-arm64-arm-64bit-Mach-O,arm,0.038779707974754274,0.14904358400963247,0.05646033294033259,0.00825304095633328,0.008638374973088503,0.016982790897600353,2.9667047783732414e-05,0.008853334002196789,0.009362541954033077,0.001041291980072856,0.03626962588168681,0.10964829195290804,6.745907012373209e-05,0.14346016698982567,0.018228083034045994,0.16168825002387166,1.9167084246873856e-05,0.00011908402666449547,0.12787637498695403,0.3156996669713408,0.46332320803776383
4786,random_4783,random_cycle_chord,20260823,crossing_rich,5,200,5,8,12,4.096444490366357,True,True,,perf/incremental-yamada-frontier-order,1d8374f42cccbb16d78d44100a65ca603d7d1997,3.14.7,macOS-26.6.2-arm64-arm-64bit-Mach-O,arm,0.03012550005223602,0.14855266700033098,0.040626709000207484,0.01066899998113513,0.012477625044994056,0.024665666045621037,3.7125078961253166e-05,0.012689042021520436,0.013461040914990008,0.0013824580237269402,0.052235332084819674,0.11604274995625019,0.0001782500185072422,0.1635444579878822,0.02975829190108925,0.19330274988897145,2.3999949917197227e-05,0.00014925003051757812,0.14580104185733944,0.32447920890990645,0.4929399589309469
4787,random_4784,random_cycle_chord,20260823,crossing_rich,6,200,6,11,16,5.221099916569628,True,True,,perf/incremental-yamada-frontier-order,1d8374f42cccbb16d78d44100a65ca603d7d1997,3.14.7,macOS-26.6.2-arm64-arm-64bit-Mach-O,arm,0.045880582998506725,0.14888595894444734,0.05167483305558562,0.011427665944211185,0.012839165981858969,0.02535587502643466,4.7749956138432026e-05,0.013102791039273143,0.013987582991831005,0.0016732499934732914,0.05416724900715053,0.13014895899686962,0.00010750000365078449,0.21508658397942781,0.03650312498211861,0.2515897089615464,4.312500823289156e-05,0.00020604196470230818,0.16665208397898823,0.3614186259219423,0.581470042001456
4788,random_4785,random_cycle_chord,20260823,crossing_rich,3,200,4,9,12,4.505711872259161,True,True,,perf/incremental-yamada-frontier-order,1d8374f42cccbb16d78d44100a65ca603d7d1997,3.14.7,macOS-26.6.2-arm64-arm-64bit-Mach-O,arm,0.03534200007561594,0.16290470806416124,0.04337070800829679,0.010723208077251911,0.011090042069554329,0.021982416976243258,5.8750039897859097e-05,0.011492957943119109,0.011738084023818374,0.0010970409493893385,0.04636924993246794,0.11160529195331037,0.000106374965980649,0.17587108304724097,0.020552583038806915,0.1964236660860479,2.4124979972839355e-05,0.00013462500646710396,0.13215787499211729,0.33040458313189447,0.5108670420013368
4789,random_4786,random_cycle_chord,20260823,crossing_rich,4,200,5,9,13,6.075414895937375,True,True,,perf/incremental-yamada-frontier-order,1d8374f42cccbb16d78d44100a65ca603d7d1997,3.14.7,macOS-26.6.2-arm64-arm-64bit-Mach-O,arm,0.04853920801542699,0.17208354198373854,0.06762850005179644,0.016496666008606553,0.025287084048613906,0.02924208401236683,8.74579418450594e-05,0.014103458961471915,0.014737082994543016,0.0016397499712184072,0.05980983388144523,0.1693219580920413,0.00013420789036899805,0.21162991609890014,0.03824108396656811,0.24987100006546825,3.958400338888168e-05,0.00019512500148266554,0.20756304205860943,0.42818579205777496,0.6454100830014795
4790,random_4787,random_cycle_chord,20260823,crossing_rich,4,200,5,11,15,4.718280355458416,True,True,,perf/incremental-yamada-frontier-order,1d8374f42cccbb16d78d44100a65ca603d7d1997,3.14.7,macOS-26.6.2-arm64-arm-64bit-Mach-O,arm,0.05595879093743861,0.1772895420435816,0.05039262503851205,0.0125459999544546,0.013325874926522374,0.026386749930679798,6.566592492163181e-05,0.013823790941387415,0.014424707973375916,0.0015037090051919222,0.056204623775556684,0.1325365409720689,0.00013387494254857302,0.23475549998693168,0.029662457993254066,0.26441795798018575,3.483297768980265e-05,0.00017841707449406385,0.16219899896532297,0.3954473319463432,0.6354981668991968
4791,random_4788,random_cycle_chord,20260823,crossing_rich,3,200,4,8,11,4.14550223463897,True,True,,perf/incremental-yamada-frontier-order,1d8374f42cccbb16d78d44100a65ca603d7d1997,3.14.7,macOS-26.6.2-arm64-arm-64bit-Mach-O,arm,0.03936608391813934,0.18008495890535414,0.047281333012506366,0.011227582930587232,0.011896541924215853,0.02295745792798698,5.224999040365219e-05,0.012119999970309436,0.012646917020902038,0.0011024579871445894,0.048879082896746695,0.11934025003574789,9.862508159130812e-05,0.2023016670718789,0.026846208958886564,0.22914787603076547,3.674998879432678e-05,0.00015400000847876072,0.14618645899463445,0.36563750181812793,0.5734889169689268
4792,random_4789,random_cycle_chord,20260823,crossing_rich,3,200,4,8,11,4.160230415170991,True,True,,perf/incremental-yamada-frontier-order,1d8374f42cccbb16d78d44100a65ca603d7d1997,3.14.7,macOS-26.6.2-arm64-arm-64bit-Mach-O,arm,0.03868162492290139,0.2192730000242591,0.05668629100546241,0.013609750079922378,0.01362591702491045,0.026535707991570234,4.7332956455647945e-05,0.013147042016498744,0.013738499954342842,0.0012464579194784164,0.054715040838345885,0.1386780000757426,0.00011316710151731968,0.1796221670228988,0.022316624992527068,0.20193879201542586,2.54589831456542e-05,0.00013587495777755976,0.16099462506826967,0.41894925001543015,0.6093323749955744
4793,random_4790,random_cycle_chord,20260823,crossing_rich,5,200,5,8,12,4.208562202095029,True,True,,perf/incremental-yamada-frontier-order,1d8374f42cccbb16d78d44100a65ca603d7d1997,3.14.7,macOS-26.6.2-arm64-arm-64bit-Mach-O,arm,0.03631145798135549,0.1729061669902876,0.041987958014942706,0.012775082956068218,0.014481874997727573,0.02855341706890613,6.916699931025505e-05,0.01490141695830971,0.015559541992843151,0.0015493329847231507,0.060632876004092395,0.12993225001264364,0.00034008303191512823,0.31120462506078184,0.04240079200826585,0.3536054170690477,3.970798570662737e-05,0.0001694579841569066,0.1723330420209095,0.3815506669925526,0.6973972909618169
4794,random_4791,random_cycle_chord,20260823,crossing_rich,3,200,4,10,13,4.105385484641343,True,True,,perf/incremental-yamada-frontier-order,1d8374f42cccbb16d78d44100a65ca603d7d1997,3.14.7,macOS-26.6.2-arm64-arm-64bit-Mach-O,arm,0.03586175001692027,0.16233999992255121,0.038674790994264185,0.009613833972252905,0.01032337499782443,0.020262707956135273,3.179092891514301e-05,0.010556041961535811,0.011016667005605996,0.0010567500721663237,0.04292395792435855,0.10156570794060826,7.858301978558302e-05,0.19198145892005414,0.026559040998108685,0.21854049991816282,5.470798350870609e-05,0.0001546249259263277,0.12812474893871695,0.32632649887818843,0.5233284999849275
4795,random_4792,random_cycle_chord,20260823,crossing_rich,2,200,4,9,12,6.0710842891773575,True,True,,perf/incremental-yamada-frontier-order,1d8374f42cccbb16d78d44100a65ca603d7d1997,3.14.7,macOS-26.6.2-arm64-arm-64bit-Mach-O,arm,0.04730199999175966,0.16285133303608745,0.052737082936801016,0.009455124964006245,0.010189875029027462,0.019750499981455505,6.320804823189974e-05,0.010396250057965517,0.010468708002008498,0.0009275000775232911,0.04160616616718471,0.1140420000301674,9.237497579306364e-05,0.17017137503717095,0.0162046670448035,0.18637604208197445,2.0292005501687527e-05,0.00011074997019022703,0.1302466670749709,0.340400000102818,0.5151112079620361
4796,random_4793,random_cycle_chord,20260823,crossing_rich,5,200,5,9,13,4.319913282150792,True,True,,perf/incremental-yamada-frontier-order,1d8374f42cccbb16d78d44100a65ca603d7d1997,3.14.7,macOS-26.6.2-arm64-arm-64bit-Mach-O,arm,0.03627537493593991,0.16715045808814466,0.05036229197867215,0.01265054102987051,0.013470750069245696,0.02587958297226578,7.629196625202894e-05,0.013722624978981912,0.01422408304642886,0.001500000013038516,0.055402582976967096,0.13195583305787295,0.00010245805606245995,0.19260312500409782,0.03155850002076477,0.2241616250248626,3.275007475167513e-05,0.0001825409708544612,0.16351433307863772,0.3669401661027223,0.5647416251013055
4797,random_4794,random_cycle_chord,20260823,baseline,0,200,4,10,13,4.647914903694167,True,True,,perf/incremental-yamada-frontier-order,1d8374f42cccbb16d78d44100a65ca603d7d1997,3.14.7,macOS-26.6.2-arm64-arm-64bit-Mach-O,arm,0.03712387499399483,0.15897533297538757,0.02507137507200241,0.010024333954788744,0.009003457962535322,0.01731420902069658,6.762496195733547e-05,0.008781625074334443,0.008779708063229918,0.0008704999927431345,0.03581366711296141,0.07996033295057714,0.00014020793605595827,0.174102499964647,0.012573541956953704,0.1866760419216007,2.3165950551629066e-05,9.874999523162842e-05,0.09253387490753084,0.28863308287691325,0.46750887494999915
4798,random_4795,random_cycle_chord,20260823,crossing_rich,4,200,5,8,12,6.58470037147984,True,True,,perf/incremental-yamada-frontier-order,1d8374f42cccbb16d78d44100a65ca603d7d1997,3.14.7,macOS-26.6.2-arm64-arm-64bit-Mach-O,arm,0.05693616601638496,0.3046352920355275,0.08925954205915332,0.04045404202770442,0.03284866700414568,0.03145975002553314,9.991705883294344e-05,0.015451166895218194,0.015425542020238936,0.0018334169872105122,0.06426979298703372,0.22693987493403256,0.0002709589898586273,0.19843229197431356,0.03239666600711644,0.23082895798143,3.087508957833052e-05,0.0002854579361155629,0.259336540941149,0.6209079989930615,0.8257596659241244
4799,random_4796,random_cycle_chord,20260823,crossing_rich,6,200,6,12,17,4.8087522903791164,True,True,,perf/incremental-yamada-frontier-order,1d8374f42cccbb16d78d44100a65ca603d7d1997,3.14.7,macOS-26.6.2-arm64-arm-64bit-Mach-O,arm,0.058743333094753325,0.2068251249147579,0.06514958292245865,0.014091707998886704,0.015023375046439469,0.029429583926685154,6.929202936589718e-05,0.01521754206623882,0.016211625072173774,0.001954292063601315,0.06288233515806496,0.15720250003505498,0.00011791696306318045,0.26187904202379286,0.038228249992243946,0.3001072920160368,3.504205960780382e-05,0.00020224996842443943,0.19543075002729893,0.46099920803681016,0.728529250016436
4800,random_4797,random_cycle_chord,20260823,crossing_rich,3,200,5,10,14,5.627471520984426,True,True,,perf/incremental-yamada-frontier-order,1d8374f42cccbb16d78d44100a65ca603d7d1997,3.14.7,macOS-26.6.2-arm64-arm-64bit-Mach-O,arm,0.04238583310507238,0.1658965409733355,0.054967000032775104,0.009812791948206723,0.010117458063177764,0.01993725006468594,4.129204899072647e-05,0.010365832946263254,0.010980708990246058,0.0012232919689267874,0.042548376019112766,0.11748308304231614,9.041698649525642e-05,0.17331999994348735,0.02265183301642537,0.19597183295991272,2.475001383572817e-05,0.00013991701416671276,0.1401349160587415,0.3484172901371494,0.5263636249583215
4801,random_4798,random_cycle_chord,20260823,baseline,0,200,3,11,13,4.029104691973386,True,True,,perf/incremental-yamada-frontier-order,1d8374f42cccbb16d78d44100a65ca603d7d1997,3.14.7,macOS-26.6.2-arm64-arm-64bit-Mach-O,arm,0.031967290909960866,0.15011537494137883,0.01921491592656821,0.006770125008188188,0.00669641699641943,0.013228958006948233,2.1999934688210487e-05,0.00686012499500066,0.0069960419787094,0.0005254170391708612,0.027632541954517365,0.06033329199999571,6.545800715684891e-05,0.16686508303973824,0.008303624927066267,0.1751687079668045,1.4374963939189911e-05,6.629107519984245e-05,0.06863691692706198,0.2507195827784017,0.4215867919847369
4802,random_4799,random_cycle_chord,20260823,crossing_rich,5,200,5,8,12,4.127278396705949,True,True,,perf/incremental-yamada-frontier-order,1d8374f42cccbb16d78d44100a65ca603d7d1997,3.14.7,macOS-26.6.2-arm64-arm-64bit-Mach-O,arm,0.03031037503387779,0.14880741597153246,0.04016941599547863,0.010771541972644627,0.012541041942313313,0.024681916926056147,3.662507515400648e-05,0.012824250035919249,0.013430790975689888,0.0013412919361144304,0.05231487494893372,0.11582991702016443,0.00017837504856288433,0.1626321249641478,0.02740633289795369,0.1900384578621015,2.4166074581444263e-05,0.00014716701116412878,0.14323624991811812,0.3223540409235284,0.48947354091797024
4803,random_4800,random_cycle_chord,20260823,crossing_rich,5,200,5,8,12,4.184532248384478,True,True,,perf/incremental-yamada-frontier-order,1d8374f42cccbb16d78d44100a65ca603d7d1997,3.14.7,macOS-26.6.2-arm64-arm-64bit-Mach-O,arm,0.030765041010454297,0.14844079199247062,0.037343707983382046,0.010791833978146315,0.012434083968400955,0.024591125082224607,3.770901821553707e-05,0.012743250001221895,0.013341124984435737,0.001309624989517033,0.05202283407561481,0.11262666701804847,0.00016420905012637377,0.26568616600707173,0.03640824998728931,0.30209441599436104,2.37500062212348e-05,0.00014141702558845282,0.14903491700533777,0.3282407500082627,0.5977587499655783
4804,random_4801,random_cycle_chord,20260823,crossing_rich,5,200,6,12,17,4.506570834630976,True,True,,perf/incremental-yamada-frontier-order,1d8374f42cccbb16d78d44100a65ca603d7d1997,3.14.7,macOS-26.6.2-arm64-arm-64bit-Mach-O,arm,0.0433866250095889,0.14851291698869318,0.051823082962073386,0.011195917031727731,0.012655999977141619,0.024958375026471913,5.549995694309473e-05,0.012945374939590693,0.013641875004395843,0.0015544160269200802,0.05315554095432162,0.12887745804619044,0.00010895798914134502,0.22831287502776831,0.030913708033040166,0.2592265830608085,2.7540954761207104e-05,0.0001617909874767065,0.1597911660792306,0.3516907080775127,0.5850171248894185
4805,random_4802,random_cycle_chord,20260823,crossing_rich,5,200,5,9,13,4.286290905833505,True,True,,perf/incremental-yamada-frontier-order,1d8374f42cccbb16d78d44100a65ca603d7d1997,3.14.7,macOS-26.6.2-arm64-arm-64bit-Mach-O,arm,0.0332981669344008,0.15139437501784414,0.03940079198218882,0.010474208975210786,0.011929665924981236,0.023643124965019524,3.654195461422205e-05,0.012197833973914385,0.012988292030058801,0.0014050410827621818,0.050270834006369114,0.11210824991576374,9.320792742073536e-05,0.1763973330380395,0.028206333052366972,0.20460366609040648,2.4084001779556274e-05,0.0001507920678704977,0.1403145829681307,0.32500712492037565,0.5060203750617802
4806,random_4803,random_cycle_chord,20260823,crossing_rich,3,200,5,12,16,4.544553442386261,True,True,,perf/incremental-yamada-frontier-order,1d8374f42cccbb16d78d44100a65ca603d7d1997,3.14.7,macOS-26.6.2-arm64-arm-64bit-Mach-O,arm,0.04118166596163064,0.1484912500018254,0.04206166695803404,0.010149250039830804,0.01126954099163413,0.022140499902889132,3.837491385638714e-05,0.011484500020742416,0.012006334029138088,0.001167332986369729,0.04683704185299575,0.11035370803438127,8.804106619209051e-05,0.3351630410179496,0.020195291959680617,0.3553583329776302,2.316699828952551e-05,0.00011912500485777855,0.1305489999940619,0.3202219159575179,0.6594262080034241
4807,random_4804,random_cycle_chord,20260823,crossing_rich,4,200,5,11,15,4.5995846662076065,True,True,,perf/incremental-yamada-frontier-order,1d8374f42cccbb16d78d44100a65ca603d7d1997,3.14.7,macOS-26.6.2-arm64-arm-64bit-Mach-O,arm,0.03891245799604803,0.15016700001433492,0.04708666598889977,0.010131124989129603,0.01144475000910461,0.02254399994853884,3.9624981582164764e-05,0.011738457949832082,0.012262915959581733,0.001283916993997991,0.04786891583353281,0.11656637501437217,8.608296047896147e-05,0.19777104200329632,0.023832791950553656,0.22160383395384997,2.3416941985487938e-05,0.00013995799235999584,0.14039916696492583,0.3294786249753088,0.5316178339999169
4808,random_4805,random_cycle_chord,20260823,crossing_rich,3,200,4,9,12,6.082962290511966,True,True,,perf/incremental-yamada-frontier-order,1d8374f42cccbb16d78d44100a65ca603d7d1997,3.14.7,macOS-26.6.2-arm64-arm-64bit-Mach-O,arm,0.03925204195547849,0.15009187499526888,0.05612170905806124,0.008789457962848246,0.009514124947600067,0.018811582936905324,2.9957969672977924e-05,0.009717290988191962,0.010274500004015863,0.0010445419466122985,0.039877873845398426,0.11432975006755441,7.145898416638374e-05,0.16250233410391957,0.020184458000585437,0.182686792104505,2.0332983694970608e-05,0.00012212502770125866,0.13451420806813985,0.3238581250188872,0.49080699996557087
4809,random_4806,random_cycle_chord,20260823,crossing_rich,2,200,4,8,11,6.588577380169256,True,True,,perf/incremental-yamada-frontier-order,1d8374f42cccbb16d78d44100a65ca603d7d1997,3.14.7,macOS-26.6.2-arm64-arm-64bit-Mach-O,arm,0.040644458029419184,0.1578445420600474,0.05553554103244096,0.008572665974497795,0.00898691697511822,0.017785292002372444,3.1250063329935074e-05,0.009235083009116352,0.010008541983552277,0.0010672920616343617,0.03812745912000537,0.11125087505206466,7.195794023573399e-05,0.15460808400530368,0.01890970894601196,0.17351779295131564,2.0875013433396816e-05,0.00012833299115300179,0.13016058399807662,0.3286495840875432,0.48760899994522333
4810,random_4807,random_cycle_chord,20260823,crossing_rich,2,200,4,9,12,5.85188036223526,True,True,,perf/incremental-yamada-frontier-order,1d8374f42cccbb16d78d44100a65ca603d7d1997,3.14.7,macOS-26.6.2-arm64-arm-64bit-Mach-O,arm,0.041808375041000545,0.15994979196693748,0.0545997079461813,0.00909249996766448,0.009230625000782311,0.018147624912671745,3.320805262774229e-05,0.00948933302424848,0.009904332924634218,0.001050374936312437,0.03862487385049462,0.11157724994700402,8.395803160965443e-05,0.1723527079448104,0.01828895800281316,0.19064166594762355,2.116698306053877e-05,0.00011849997099488974,0.12986620794981718,0.3316243749577552,0.5085046660387889
4811,random_4808,random_cycle_chord,20260823,crossing_rich,2,200,4,8,11,6.591201913284423,True,True,,perf/incremental-yamada-frontier-order,1d8374f42cccbb16d78d44100a65ca603d7d1997,3.14.7,macOS-26.6.2-arm64-arm-64bit-Mach-O,arm,0.042857791064307094,0.16144304105546325,0.0594936249544844,0.009095999994315207,0.009182916022837162,0.01821033307351172,3.229198046028614e-05,0.009410165948793292,0.009896709001623094,0.0010365420021116734,0.038586042006500065,0.11638683301862329,7.416692096740007e-05,0.1562165420036763,0.01942174998112023,0.17563829198479652,2.3458036594092846e-05,0.0001222500577569008,0.13580858299974352,0.34010941511951387,0.5007751659722999
4812,random_4809,random_cycle_chord,20260823,crossing_rich,3,200,5,10,14,5.6241010989940525,True,True,,perf/incremental-yamada-frontier-order,1d8374f42cccbb16d78d44100a65ca603d7d1997,3.14.7,macOS-26.6.2-arm64-arm-64bit-Mach-O,arm,0.04601283394731581,0.16079320793505758,0.05466695793438703,0.010402249987237155,0.010788500076159835,0.021253291983157396,3.9082951843738556e-05,0.01104545802809298,0.011642458033747971,0.001251540961675346,0.04523183195851743,0.12112566700670868,8.620903827250004e-05,0.19489012495614588,0.021153084002435207,0.2160432089585811,2.504198346287012e-05,0.00013845902867615223,0.1422787510091439,0.3490847928915173,0.5486335000023246
4813,random_4810,random_cycle_chord,20260823,crossing_rich,5,200,5,9,13,4.309080787846467,True,True,,perf/incremental-yamada-frontier-order,1d8374f42cccbb16d78d44100a65ca603d7d1997,3.14.7,macOS-26.6.2-arm64-arm-64bit-Mach-O,arm,0.03608812508173287,0.16942516702692956,0.045006750035099685,0.01161145803052932,0.01317375001963228,0.026652875007130206,4.158297087997198e-05,0.013599125086329877,0.0143225840292871,0.001448916969820857,0.05606508406344801,0.125897541991435,9.241595398634672e-05,0.18990195903461426,0.028838249971158803,0.21874020900577307,2.6957946829497814e-05,0.00016766705084592104,0.1547357919625938,0.3602490840712562,0.5553104999708012
4814,random_4811,random_cycle_chord,20260823,crossing_rich,5,200,6,11,16,4.630709759822346,True,True,,perf/incremental-yamada-frontier-order,1d8374f42cccbb16d78d44100a65ca603d7d1997,3.14.7,macOS-26.6.2-arm64-arm-64bit-Mach-O,arm,0.045374957961030304,0.15693687507882714,0.05274545797146857,0.01160325005184859,0.012894041952677071,0.025391667033545673,4.5042019337415695e-05,0.013244124944321811,0.014038334018550813,0.0016582089010626078,0.05437737691681832,0.13166091695893556,0.00010025000665336847,0.22396508301608264,0.029943082947283983,0.2539081659633666,3.062502946704626e-05,0.0001735419500619173,0.16160399990621954,0.363915832946077,0.5927565000019968
4815,random_4812,random_cycle_chord,20260823,crossing_rich,2,200,4,8,11,6.393625789008004,True,True,,perf/incremental-yamada-frontier-order,1d8374f42cccbb16d78d44100a65ca603d7d1997,3.14.7,macOS-26.6.2-arm64-arm-64bit-Mach-O,arm,0.039389540906995535,0.1520697500091046,0.055193290929310024,0.008444666978903115,0.008899707929231226,0.01768312498461455,2.9791961424052715e-05,0.00923683401197195,0.009670334053225815,0.0009400000562891364,0.037560085067525506,0.11012454202864319,6.824999582022429e-05,0.14696754200849682,0.016448916983790696,0.16341645899228752,1.9125058315694332e-05,0.00010629196185618639,0.1265734590124339,0.31803274992853403,0.4692031251033768
4816,random_4813,random_cycle_chord,20260823,crossing_rich,6,200,6,13,18,4.56889634728986,True,True,,perf/incremental-yamada-frontier-order,1d8374f42cccbb16d78d44100a65ca603d7d1997,3.14.7,macOS-26.6.2-arm64-arm-64bit-Mach-O,arm,0.047332750051282346,0.149570457986556,0.04945983306970447,0.013585207983851433,0.014198417076840997,0.028082292061299086,4.5332941226661205e-05,0.014558541937731206,0.015358290984295309,0.0016142079839482903,0.05965866590850055,0.1369431250495836,0.00010050006676465273,0.24334808392450213,0.030923832906410098,0.27427191683091223,2.895807847380638e-05,0.0001725408947095275,0.1678669579559937,0.36477016599383205,0.6132352499989793
4817,random_4814,random_cycle_chord,20260823,baseline,0,200,3,9,11,5.384283574816757,True,True,,perf/incremental-yamada-frontier-order,1d8374f42cccbb16d78d44100a65ca603d7d1997,3.14.7,macOS-26.6.2-arm64-arm-64bit-Mach-O,arm,0.03248204092960805,0.14900020800996572,0.02728716703131795,0.0064771659672260284,0.006368458038195968,0.012539791991002858,2.1458021365106106e-05,0.00661466596648097,0.006791124935261905,0.000550250057131052,0.02651729097124189,0.06666937505360693,6.0999998822808266e-05,0.14379145903512836,0.008934332989156246,0.1527257920242846,1.4249933883547783e-05,6.908306386321783e-05,0.07560370804276317,0.25708595698233694,0.40495245798956603
4818,random_4815,random_cycle_chord,20260823,baseline,0,200,3,13,15,4.563265860994852,True,True,,perf/incremental-yamada-frontier-order,1d8374f42cccbb16d78d44100a65ca603d7d1997,3.14.7,macOS-26.6.2-arm64-arm-64bit-Mach-O,arm,0.038999958080239594,0.15009437501430511,0.022677124943584204,0.006840917048975825,0.006880042026750743,0.013486374984495342,2.174999099224806e-05,0.006988791050389409,0.007144250092096627,0.0005353329470381141,0.02817649906501174,0.06459408404771239,7.324991747736931e-05,0.19895333296153694,0.008538292022421956,0.2074916249839589,1.4208955690264702e-05,6.704195402562618e-05,0.07313237607013434,0.26222670916467905,0.46526954194996506
4819,random_4816,random_cycle_chord,20260823,crossing_rich,5,200,5,8,12,4.124786333711045,True,True,,perf/incremental-yamada-frontier-order,1d8374f42cccbb16d78d44100a65ca603d7d1997,3.14.7,macOS-26.6.2-arm64-arm-64bit-Mach-O,arm,0.03111320803873241,0.15193433302920312,0.04081254196353257,0.011211708071641624,0.013028542045503855,0.02583816705737263,3.799994010478258e-05,0.013392167049460113,0.014082125038839877,0.0014202080201357603,0.05477066710591316,0.11985737504437566,0.0002002089750021696,0.17242224991787225,0.028807250084355474,0.20122950000222772,2.5250017642974854e-05,0.00016354199033230543,0.14866462512873113,0.33171216619666666,0.5090036249021068
4820,random_4817,random_cycle_chord,20260823,crossing_rich,7,200,7,12,18,4.049510811731394,True,True,,perf/incremental-yamada-frontier-order,1d8374f42cccbb16d78d44100a65ca603d7d1997,3.14.7,macOS-26.6.2-arm64-arm-64bit-Mach-O,arm,0.04433933296240866,0.15898837498389184,0.05207612505182624,0.015916166943497956,0.015289750066585839,0.029765167040750384,6.574997678399086e-05,0.015635165967978537,0.016470666974782944,0.0019423749763518572,0.06387912493664771,0.14721625007223338,0.001076041953638196,0.3595872080186382,0.04600937489885837,0.40559658291749656,3.900006413459778e-05,0.0002079169498756528,0.19322562497109175,0.39655333291739225,0.7615827500121668
4821,random_4818,random_cycle_chord,20260823,baseline,0,200,3,8,10,6.15196908395277,True,True,,perf/incremental-yamada-frontier-order,1d8374f42cccbb16d78d44100a65ca603d7d1997,3.14.7,macOS-26.6.2-arm64-arm-64bit-Mach-O,arm,0.034063124912790954,0.15487466705963016,0.03369683295022696,0.006962290965020657,0.006964124972000718,0.01369687495753169,2.274999860674143e-05,0.007092083105817437,0.0072630830109119415,0.0005764160305261612,0.028651207103393972,0.07629462494514883,7.766601629555225e-05,0.13445241609588265,0.009434916079044342,0.143887332174927,1.4416989870369434e-05,7.154105696827173e-05,0.08572954102419317,0.2746673329966143,0.41336108301766217
4822,random_4819,random_cycle_chord,20260823,crossing_rich,5,200,5,9,13,4.372767767758633,True,True,,perf/incremental-yamada-frontier-order,1d8374f42cccbb16d78d44100a65ca603d7d1997,3.14.7,macOS-26.6.2-arm64-arm-64bit-Mach-O,arm,0.03549750009551644,0.15714687504805624,0.050130208022892475,0.011240041931159794,0.012589292018674314,0.024888791027478874,4.2041996493935585e-05,0.012901957961730659,0.013734749983996153,0.0015207499964162707,0.05308829096611589,0.1270832910668105,9.125005453824997e-05,0.18672245799098164,0.029845249955542386,0.21656770794652402,2.7667032554745674e-05,0.00017545802984386683,0.15692854102235287,0.34957291616592556,0.5409976670052856
4823,random_4820,random_cycle_chord,20260823,crossing_rich,3,200,5,12,16,4.81344278327601,True,True,,perf/incremental-yamada-frontier-order,1d8374f42cccbb16d78d44100a65ca603d7d1997,3.14.7,macOS-26.6.2-arm64-arm-64bit-Mach-O,arm,0.047446791897527874,0.16266899998299778,0.04537079203873873,0.010890541016124189,0.01149504107888788,0.023237292072735727,4.145794082432985e-05,0.012024792027659714,0.012367749935947359,0.0013282500440254807,0.04899954202119261,0.11679174995515496,9.345798753201962e-05,0.3370190840214491,0.024765125010162592,0.3617842090316117,2.6832916773855686e-05,0.00015216704923659563,0.14155687496531755,0.3516726668458432,0.6930935829877853
4824,random_4821,random_cycle_chord,20260823,crossing_rich,5,200,5,8,12,4.111886613925677,True,True,,perf/incremental-yamada-frontier-order,1d8374f42cccbb16d78d44100a65ca603d7d1997,3.14.7,macOS-26.6.2-arm64-arm-64bit-Mach-O,arm,0.03348870808258653,0.16342812508810312,0.044608416967093945,0.01195633306633681,0.013872166047804058,0.027909709024243057,9.466696064919233e-05,0.014834832982160151,0.015449374914169312,0.0015674580354243517,0.05985604191664606,0.13032987504266202,0.0002068330068141222,0.18088712496683002,0.03157108393497765,0.21245820890180767,2.8416980057954788e-05,0.00017841695807874203,0.16190095897763968,0.3588177921483293,0.5447229170240462
4825,random_4822,random_cycle_chord,20260823,crossing_rich,5,200,5,8,12,4.184558095856988,True,True,,perf/incremental-yamada-frontier-order,1d8374f42cccbb16d78d44100a65ca603d7d1997,3.14.7,macOS-26.6.2-arm64-arm-64bit-Mach-O,arm,0.03357125003822148,0.16431612509768456,0.04410733294207603,0.011650749947875738,0.01327691599726677,0.026648874976672232,4.449998959898949e-05,0.01353970798663795,0.014334416948258877,0.0014622920425608754,0.056029791943728924,0.12510129204019904,0.00020395801402628422,0.17386212502606213,0.03017591591924429,0.20403804094530642,2.604199107736349e-05,0.0001632090425118804,0.15527720795944333,0.35316458309534937,0.5319096250459552
4826,random_4823,random_cycle_chord,20260823,crossing_rich,3,200,5,11,15,5.034664156799248,True,True,,perf/incremental-yamada-frontier-order,1d8374f42cccbb16d78d44100a65ca603d7d1997,3.14.7,macOS-26.6.2-arm64-arm-64bit-Mach-O,arm,0.0452588340267539,0.1611020000418648,0.04461008310317993,0.011035208008252084,0.011518750106915832,0.022815958014689386,4.299997817724943e-05,0.011749458033591509,0.011977874906733632,0.0012775830691680312,0.04786387400235981,0.11506558302789927,9.754195343703032e-05,0.21015933400485665,0.02253470802679658,0.23269404203165323,2.4916953407227993e-05,0.00014716607984155416,0.13760029105469584,0.34396112512331456,0.5588112080004066
4827,random_4824,random_cycle_chord,20260823,baseline,0,200,3,9,11,5.355220182902562,True,True,,perf/incremental-yamada-frontier-order,1d8374f42cccbb16d78d44100a65ca603d7d1997,3.14.7,macOS-26.6.2-arm64-arm-64bit-Mach-O,arm,0.034734625020064414,0.1587717089569196,0.02610895805992186,0.007180584012530744,0.006854666979052126,0.013453749939799309,2.274999860674143e-05,0.006999625009484589,0.007198291947133839,0.0005784580716863275,0.028252874966710806,0.06841670896392316,6.445799954235554e-05,0.15186104201711714,0.009475541999563575,0.16133658401668072,1.49579718708992e-05,7.587496656924486e-05,0.07789225096348673,0.27139858494047076,0.4275877911131829
4828,random_4825,random_cycle_chord,20260823,crossing_rich,5,200,5,8,12,4.214619315269464,True,True,,perf/incremental-yamada-frontier-order,1d8374f42cccbb16d78d44100a65ca603d7d1997,3.14.7,macOS-26.6.2-arm64-arm-64bit-Mach-O,arm,0.0329527499852702,0.1589889999013394,0.044478542055003345,0.011637749965302646,0.013363874983042479,0.02590070792939514,3.970903344452381e-05,0.01341004204005003,0.014383708010427654,0.00145800004247576,0.05519216705579311,0.12470762489829212,0.0002772919833660126,0.27947137504816055,0.027741625090129673,0.3072130001382902,2.5833025574684143e-05,0.00015300000086426735,0.1524492499884218,0.3443909998750314,0.6284732499625534
4829,random_4826,random_cycle_chord,20260823,crossing_rich,4,200,5,8,12,6.589538076724843,True,True,,perf/incremental-yamada-frontier-order,1d8374f42cccbb16d78d44100a65ca603d7d1997,3.14.7,macOS-26.6.2-arm64-arm-64bit-Mach-O,arm,0.04482533398550004,0.15385687490925193,0.062268625013530254,0.00989945896435529,0.010898082982748747,0.02153274999000132,3.833300434052944e-05,0.011145917000249028,0.011924791964702308,0.0014520420227199793,0.046093833982013166,0.12919358408544213,0.00015954207628965378,0.1638316250173375,0.027862749993801117,0.19169437501113862,2.38749198615551e-05,0.0001557080540806055,0.15705633407924324,0.3557385429739952,0.524188540992327
4830,random_4827,random_cycle_chord,20260823,crossing_rich,2,200,4,9,12,6.084136321583199,True,True,,perf/incremental-yamada-frontier-order,1d8374f42cccbb16d78d44100a65ca603d7d1997,3.14.7,macOS-26.6.2-arm64-arm-64bit-Mach-O,arm,0.04020658403169364,0.15080262499395758,0.049260832951404154,0.00830450002104044,0.00864616606850177,0.017058958066627383,3.0166003853082657e-05,0.008871000027284026,0.009319874923676252,0.0009427500190213323,0.03622274904046208,0.10246104199904948,7.025001104921103e-05,0.15891708398703486,0.016497749951668084,0.17541483393870294,1.8625054508447647e-05,0.0001052080187946558,0.11895879195071757,0.3099680009763688,0.4730853330111131
4831,random_4828,random_cycle_chord,20260823,baseline,0,200,3,9,11,5.387984151522426,True,True,,perf/incremental-yamada-frontier-order,1d8374f42cccbb16d78d44100a65ca603d7d1997,3.14.7,macOS-26.6.2-arm64-arm-64bit-Mach-O,arm,0.03252237499691546,0.1499741249717772,0.02529187500476837,0.006553833023644984,0.006572167039848864,0.01289150002412498,2.2332998923957348e-05,0.006708625005558133,0.006849125027656555,0.0005424589617177844,0.02701404201798141,0.0654512500623241,7.445900700986385e-05,0.16929958306718618,0.010326292016543448,0.17962587508372962,2.350006252527237e-05,8.37499974295497e-05,0.07577754207886755,0.2582740420475602,0.43183241598308086
4832,random_4829,random_cycle_chord,20260823,crossing_rich,2,200,4,9,12,5.939961464264941,True,True,,perf/incremental-yamada-frontier-order,1d8374f42cccbb16d78d44100a65ca603d7d1997,3.14.7,macOS-26.6.2-arm64-arm-64bit-Mach-O,arm,0.045223374967463315,0.16614270803984255,0.05230366694740951,0.009668792015872896,0.009989082929678261,0.01929941598791629,3.712496254593134e-05,0.010211082990281284,0.010491583961993456,0.00102620804682374,0.0410654159495607,0.11306179198436439,9.137496817857027e-05,0.17558375000953674,0.017873500008136034,0.19345725001767278,2.237502485513687e-05,0.00012283306568861008,0.13093529199250042,0.3423013749998063,0.522747416049242
4833,random_4830,random_cycle_chord,20260823,crossing_rich,5,200,5,8,12,4.120861390794377,True,True,,perf/incremental-yamada-frontier-order,1d8374f42cccbb16d78d44100a65ca603d7d1997,3.14.7,macOS-26.6.2-arm64-arm-64bit-Mach-O,arm,0.033507458050735295,0.16341783304233104,0.04397724999580532,0.012090499978512526,0.01375562499742955,0.027602708083577454,5.5333017371594906e-05,0.014320584014058113,0.015100667020305991,0.0015612919814884663,0.05864058411680162,0.12850400002207607,0.00020520901307463646,0.1806232500821352,0.03231875004712492,0.21294200012926012,3.0542025342583656e-05,0.0001760409213602543,0.160822750069201,0.3577480411622673,0.5435835419921204
4834,random_4831,random_cycle_chord,20260823,crossing_rich,5,200,5,10,14,4.0392951890485715,True,True,,perf/incremental-yamada-frontier-order,1d8374f42cccbb16d78d44100a65ca603d7d1997,3.14.7,macOS-26.6.2-arm64-arm-64bit-Mach-O,arm,0.038625000044703484,0.16195950005203485,0.03922829101793468,0.011640999931842089,0.01313304202631116,0.026262625004164875,4.183303099125624e-05,0.013269499992020428,0.01436404197011143,0.001574584050104022,0.05551258404739201,0.11955320800188929,9.39579913392663e-05,0.20438820903655142,0.03007291699759662,0.23446112603414804,2.7166912332177162e-05,0.00017966609448194504,0.1496261249994859,0.35021062509622425,0.5596807500114664
4835,random_4832,random_cycle_chord,20260823,crossing_rich,5,200,5,9,13,4.14840181499366,True,True,,perf/incremental-yamada-frontier-order,1d8374f42cccbb16d78d44100a65ca603d7d1997,3.14.7,macOS-26.6.2-arm64-arm-64bit-Mach-O,arm,0.03533454204443842,0.16020170890260488,0.04275379201862961,0.011421457980759442,0.012888042023405433,0.025396499899215996,3.958307206630707e-05,0.01313375006429851,0.01393512508366257,0.0014647499192506075,0.05396970803849399,0.12106920802034438,8.749996777623892e-05,0.18831320793833584,0.030801541986875236,0.21911474992521107,2.6250025257468224e-05,0.00016520789358764887,0.1518707500072196,0.3474070009542629,0.5404326659627259
4836,random_4833,random_cycle_chord,20260823,crossing_rich,2,200,4,8,11,6.557064397970927,True,True,,perf/incremental-yamada-frontier-order,1d8374f42cccbb16d78d44100a65ca603d7d1997,3.14.7,macOS-26.6.2-arm64-arm-64bit-Mach-O,arm,0.042359207989647985,0.15992350003216416,0.0598555828910321,0.009091333020478487,0.009180583991110325,0.018163374974392354,3.204098902642727e-05,0.009419625042937696,0.009908625041134655,0.0010494999587535858,0.03857316600624472,0.11672974994871765,7.65839358791709e-05,0.15419033297803253,0.018434333964250982,0.1726246669422835,2.1125073544681072e-05,0.00012083293404430151,0.13516408391296864,0.3374467919347808,0.4961038330802694
4837,random_4834,random_cycle_chord,20260823,baseline,0,200,3,9,11,5.36040877469908,True,True,,perf/incremental-yamada-frontier-order,1d8374f42cccbb16d78d44100a65ca603d7d1997,3.14.7,macOS-26.6.2-arm64-arm-64bit-Mach-O,arm,0.033760166028514504,0.1569965840317309,0.02902654092758894,0.007273416966199875,0.007215250050649047,0.014345875009894371,2.3292028345167637e-05,0.007384416996501386,0.007565416977740824,0.0005473749479278922,0.02986637596040964,0.07340179197490215,6.270792800933123e-05,0.14631416706833988,0.008646166999824345,0.15496033406816423,1.4333054423332214e-05,6.787502206861973e-05,0.0820479589747265,0.2728047090349719,0.4234222079394385
4838,random_4835,random_cycle_chord,20260823,crossing_rich,5,200,5,8,12,4.18381967958046,True,True,,perf/incremental-yamada-frontier-order,1d8374f42cccbb16d78d44100a65ca603d7d1997,3.14.7,macOS-26.6.2-arm64-arm-64bit-Mach-O,arm,0.03203679097350687,0.15205029188655317,0.040763750090263784,0.011012917035259306,0.012752917013131082,0.02509337500669062,3.787491004914045e-05,0.01300487492699176,0.013679084018804133,0.0013675839873030782,0.053182792849838734,0.11774545896332711,0.00019820802845060825,0.16523649997543544,0.02813154098112136,0.1933680409565568,2.4333945475518703e-05,0.00014762498904019594,0.14587699994444847,0.3299640828045085,0.499770458904095
4839,random_4836,random_cycle_chord,20260823,crossing_rich,5,200,5,8,12,4.156698160429098,True,True,,perf/incremental-yamada-frontier-order,1d8374f42cccbb16d78d44100a65ca603d7d1997,3.14.7,macOS-26.6.2-arm64-arm-64bit-Mach-O,arm,0.030982165946625173,0.1494247920345515,0.041209458955563605,0.01072250003926456,0.012455999967642128,0.024591666064225137,3.783300053328276e-05,0.01276012510061264,0.013378458097577095,0.0013736669206991792,0.052141749183647335,0.11656337499152869,0.00015754206106066704,0.1654005420859903,0.025911541073583066,0.19131208315957338,2.395804040133953e-05,0.00014962500426918268,0.14247491606511176,0.32288187404628843,0.492892749956809
4840,random_4837,random_cycle_chord,20260823,baseline,0,200,3,9,11,5.382881696851063,True,True,,perf/incremental-yamada-frontier-order,1d8374f42cccbb16d78d44100a65ca603d7d1997,3.14.7,macOS-26.6.2-arm64-arm-64bit-Mach-O,arm,0.03246691601816565,0.1577415409265086,0.02609025000128895,0.006698374985717237,0.0064193750731647015,0.012622875045053661,2.1832995116710663e-05,0.006560417008586228,0.006719041964970529,0.0005395000334829092,0.026463667047210038,0.06569104106165469,6.683403626084328e-05,0.1414203749736771,0.008552707964554429,0.14997308293823153,1.591700129210949e-05,7.312500383704901e-05,0.07424374902620912,0.26445220597088337,0.4099895419785753
4841,random_4838,random_cycle_chord,20260823,crossing_rich,5,200,5,9,13,4.33122011927158,True,True,,perf/incremental-yamada-frontier-order,1d8374f42cccbb16d78d44100a65ca603d7d1997,3.14.7,macOS-26.6.2-arm64-arm-64bit-Mach-O,arm,0.033460875041782856,0.14895308297127485,0.04047345893923193,0.010658250073902309,0.012230833992362022,0.024136708001606166,3.758305683732033e-05,0.012493582908064127,0.01344370807055384,0.0014109170297160745,0.05152249906677753,0.11491895897779614,0.00014150002971291542,0.1810904589947313,0.03070033306721598,0.2117907920619473,2.7833040803670883e-05,0.00015995895955711603,0.14561929204501212,0.3280332500580698,0.5138128339312971
4842,random_4839,random_cycle_chord,20260823,crossing_rich,2,200,4,9,12,6.082099714946381,True,True,,perf/incremental-yamada-frontier-order,1d8374f42cccbb16d78d44100a65ca603d7d1997,3.14.7,macOS-26.6.2-arm64-arm-64bit-Mach-O,arm,0.04110883397515863,0.1601389170391485,0.05043933296110481,0.008598792017437518,0.008918125065974891,0.01732295798137784,5.066697485744953e-05,0.008964500040747225,0.009151624981313944,0.0009764579590409994,0.03646620793733746,0.10446491709444672,8.033402264118195e-05,0.16538158396724612,0.01883533305954188,0.184216917026788,2.637505531311035e-05,0.00012600002810359,0.1233002501539886,0.32454800116829574,0.4943667500047013
4843,random_4840,random_cycle_chord,20260823,crossing_rich,2,200,4,11,14,5.0394768005771775,True,True,,perf/incremental-yamada-frontier-order,1d8374f42cccbb16d78d44100a65ca603d7d1997,3.14.7,macOS-26.6.2-arm64-arm-64bit-Mach-O,arm,0.04153445898555219,0.2260607919888571,0.05807820800691843,0.011460209032520652,0.011386667029000819,0.021240124944597483,5.9875077567994595e-05,0.011220416985452175,0.011255041928961873,0.0009782089618965983,0.044753667898476124,0.1257176250219345,0.0001145420828834176,0.2230069579090923,0.016599667025730014,0.23960662493482232,2.6332912966609e-05,0.00012604205403476954,0.14231729204766452,0.4099125430220738,0.6394106660736725
4844,random_4841,random_cycle_chord,20260823,crossing_rich,5,200,5,8,12,4.294299960992665,True,True,,perf/incremental-yamada-frontier-order,1d8374f42cccbb16d78d44100a65ca603d7d1997,3.14.7,macOS-26.6.2-arm64-arm-64bit-Mach-O,arm,0.03606125002261251,0.16899158293381333,0.04971733293496072,0.012330374913290143,0.013767833006568253,0.027173707960173488,4.216702654957771e-05,0.013986958074383438,0.014777749893255532,0.0015148750972002745,0.05749545805156231,0.1333488329546526,0.00018395890947431326,0.20810170902404934,0.04108483309391886,0.2491865421179682,2.7667032554745674e-05,0.0001699579879641533,0.17443366604857147,0.3794864990049973,0.5924031659960747
4845,random_4842,random_cycle_chord,20260823,crossing_rich,3,200,4,8,11,4.129198188850164,True,True,,perf/incremental-yamada-frontier-order,1d8374f42cccbb16d78d44100a65ca603d7d1997,3.14.7,macOS-26.6.2-arm64-arm-64bit-Mach-O,arm,0.030653207912109792,0.16742599999997765,0.036544291069731116,0.010406375047750771,0.011265666922554374,0.02223208302166313,4.379195161163807e-05,0.011750834062695503,0.012288957950659096,0.0011689169332385063,0.04748458391986787,0.10573158401530236,8.508400060236454e-05,0.1630056669237092,0.021260290988720953,0.18426595791243017,2.2374908439815044e-05,0.00013479101471602917,0.1269918750040233,0.32507108291611075,0.4930450420361012
4846,random_4843,random_cycle_chord,20260823,crossing_rich,2,200,4,8,11,6.5574027217406305,True,True,,perf/incremental-yamada-frontier-order,1d8374f42cccbb16d78d44100a65ca603d7d1997,3.14.7,macOS-26.6.2-arm64-arm-64bit-Mach-O,arm,0.043100666953250766,0.398194000008516,0.06933345890138298,0.011292624985799193,0.010399958002381027,0.02082387509290129,9.208288975059986e-05,0.010608999989926815,0.011472207959741354,0.0012152079725638032,0.04421237390488386,0.13529583404306322,0.00011962500866502523,0.17458933300804347,0.020606375066563487,0.19519570807460696,2.3417058400809765e-05,0.00013937498442828655,0.1559022091096267,0.5971968760713935,0.7773754579247907
4847,random_4844,random_cycle_chord,20260823,crossing_rich,8,200,7,12,18,4.875360666571943,True,True,,perf/incremental-yamada-frontier-order,1d8374f42cccbb16d78d44100a65ca603d7d1997,3.14.7,macOS-26.6.2-arm64-arm-64bit-Mach-O,arm,0.0573078750167042,0.17462641699239612,0.06394495803397149,0.01671937492210418,0.017872125026769936,0.03504237497691065,8.908298332244158e-05,0.018087332951836288,0.020567415980622172,0.0023720419267192483,0.0761582488194108,0.17476212501060218,0.00033199996687471867,0.2890410419786349,0.051811916986480355,0.34085295896511525,4.7457986511290073e-05,0.00025258399546146393,0.22657404199708253,0.45850833400618285,0.753656291984953
4848,random_4845,random_cycle_chord,20260823,crossing_rich,3,200,4,9,12,4.443052028741302,True,True,,perf/incremental-yamada-frontier-order,1d8374f42cccbb16d78d44100a65ca603d7d1997,3.14.7,macOS-26.6.2-arm64-arm-64bit-Mach-O,arm,0.034425999969244,0.1664498329628259,0.04474179190583527,0.011370167019777,0.012304457952268422,0.02402404195163399,7.845798972994089e-05,0.011939540971070528,0.013083374942652881,0.0013061659410595894,0.05043158179614693,0.11892170901410282,0.00011124997399747372,0.19834645790979266,0.024633250082843006,0.22297970799263567,2.9082992114126682e-05,0.0001420000335201621,0.14355495909694582,0.3444307920290157,0.5479411670239642
4849,random_4846,random_cycle_chord,20260823,crossing_rich,5,200,5,9,13,4.3672107692110975,True,True,,perf/incremental-yamada-frontier-order,1d8374f42cccbb16d78d44100a65ca603d7d1997,3.14.7,macOS-26.6.2-arm64-arm-64bit-Mach-O,arm,0.04055079095996916,0.18005645798984915,0.05544741591438651,0.012494958005845547,0.013502040994353592,0.026870417059399188,8.416699711233377e-05,0.01394183305092156,0.014736457960680127,0.001515124924480915,0.05714799999259412,0.13863304199185222,0.0001152500044554472,0.19940283300820738,0.030961417010985315,0.2303642500191927,2.970790956169367e-05,0.0001735000405460596,0.16959445900283754,0.39020170795265585,0.5950708329910412
4850,random_4847,random_cycle_chord,20260823,crossing_rich,5,200,6,11,16,4.582807186031333,True,True,,perf/incremental-yamada-frontier-order,1d8374f42cccbb16d78d44100a65ca603d7d1997,3.14.7,macOS-26.6.2-arm64-arm-64bit-Mach-O,arm,0.04576124995946884,0.1653381249634549,0.04863575007766485,0.013232500059530139,0.01471712498459965,0.02884262497536838,7.445900700986385e-05,0.014428875059820712,0.015252250013872981,0.001703707966953516,0.06030191702302545,0.13696554210036993,0.00013866706285625696,0.2616476659895852,0.04575704096350819,0.3074047069530934,5.304196383804083e-05,0.0002127919578924775,0.18272258306387812,0.39382195798680186,0.6618099580518901
4851,random_4848,random_cycle_chord,20260823,crossing_rich,4,200,5,11,15,4.7236206468787305,True,True,,perf/incremental-yamada-frontier-order,1d8374f42cccbb16d78d44100a65ca603d7d1997,3.14.7,macOS-26.6.2-arm64-arm-64bit-Mach-O,arm,0.048533332999795675,0.1692345419432968,0.04842558305244893,0.011301708058454096,0.011995292035862803,0.02441216609440744,7.462501525878906e-05,0.013163167051970959,0.013672165921889246,0.0014750000555068254,0.05279712413903326,0.12456045800354332,0.00020670902449637651,0.302491124952212,0.03133641602471471,0.3338275409769267,3.495905548334122e-05,0.00017554196529090405,0.15589687402825803,0.3736647489713505,0.6830559170339257
4852,random_4849,random_cycle_chord,20260823,crossing_rich,5,200,5,9,13,4.277188463305619,True,True,,perf/incremental-yamada-frontier-order,1d8374f42cccbb16d78d44100a65ca603d7d1997,3.14.7,macOS-26.6.2-arm64-arm-64bit-Mach-O,arm,0.04097954195458442,0.17601579206530005,0.04925145802553743,0.01213687495328486,0.013524082954972982,0.02668020804412663,7.562502287328243e-05,0.01385691692121327,0.015059958095662296,0.0015624579973518848,0.05723516608122736,0.13221920898649842,0.00016845797654241323,0.21041666704695672,0.0308953340863809,0.24131200113333762,2.858403604477644e-05,0.0001674590166658163,0.16311454307287931,0.3801098770927638,0.5961250000400469
4853,random_4850,random_cycle_chord,20260823,baseline,0,200,3,14,16,4.2955924259980875,True,True,,perf/incremental-yamada-frontier-order,1d8374f42cccbb16d78d44100a65ca603d7d1997,3.14.7,macOS-26.6.2-arm64-arm-64bit-Mach-O,arm,0.0477839169325307,0.18416000006254762,0.022543416009284556,0.00830745801795274,0.008037292049266398,0.015155375003814697,4.729093052446842e-05,0.007748625008389354,0.008207625010982156,0.0006896670674905181,0.03184858302120119,0.07077850005589426,0.00011941709090024233,0.2439782089786604,0.013018209021538496,0.2569964180001989,2.266606315970421e-05,9.683298412710428e-05,0.08379670907743275,0.3157406260725111,0.5647369589423761
4854,random_4851,random_cycle_chord,20260823,crossing_rich,2,200,4,9,12,6.082306567055814,True,True,,perf/incremental-yamada-frontier-order,1d8374f42cccbb16d78d44100a65ca603d7d1997,3.14.7,macOS-26.6.2-arm64-arm-64bit-Mach-O,arm,0.047378333983942866,0.1638259580358863,0.05599100003018975,0.009210332995280623,0.00916145893279463,0.01760212506633252,3.287498839199543e-05,0.009084166958928108,0.009583209059201181,0.001047166995704174,0.03734954306855798,0.11174304189626127,7.89170153439045e-05,0.17967700003646314,0.01998283399734646,0.1996598340338096,2.595805563032627e-05,0.00013570894952863455,0.13172587589360774,0.3429301679134369,0.527345290989615
4855,random_4852,random_cycle_chord,20260823,crossing_rich,2,200,4,10,13,4.905560322075231,True,True,,perf/incremental-yamada-frontier-order,1d8374f42cccbb16d78d44100a65ca603d7d1997,3.14.7,macOS-26.6.2-arm64-arm-64bit-Mach-O,arm,0.04095441696699709,0.1614883339498192,0.043395542073994875,0.0093127500731498,0.00957912509329617,0.018840833916328847,3.1957984901964664e-05,0.009782916982658207,0.010195375070907176,0.0009391660569235682,0.03979025001171976,0.1021071249851957,8.91250092536211e-05,0.25929545797407627,0.017601792002096772,0.27689724997617304,2.5957939215004444e-05,0.00011770904529839754,0.11970891698729247,0.32215166790410876,0.5858825830509886
4856,random_4853,random_cycle_chord,20260823,baseline,0,200,3,10,12,4.655952551771213,True,True,,perf/incremental-yamada-frontier-order,1d8374f42cccbb16d78d44100a65ca603d7d1997,3.14.7,macOS-26.6.2-arm64-arm-64bit-Mach-O,arm,0.034714791108854115,0.16129045805428177,0.026217791950330138,0.0072121251141652465,0.007034916081465781,0.013909457949921489,2.3792032152414322e-05,0.007227957947179675,0.0074016660219058394,0.0005796250188723207,0.02914249897003174,0.0696287089958787,7.704203017055988e-05,0.15452179103158414,0.009061875054612756,0.1635836660861969,1.5916069969534874e-05,7.716589607298374e-05,0.07869058405049145,0.27469583321362734,0.4337656249990687
4857,random_4854,random_cycle_chord,20260823,crossing_rich,4,200,5,10,14,5.626864829988076,True,True,,perf/incremental-yamada-frontier-order,1d8374f42cccbb16d78d44100a65ca603d7d1997,3.14.7,macOS-26.6.2-arm64-arm-64bit-Mach-O,arm,0.04572850000113249,0.15807254100218415,0.06318391591776162,0.010418249992653728,0.01099141698796302,0.02162387501448393,3.9541046135127544e-05,0.011201458051800728,0.011896000010892749,0.001357291010208428,0.04611816513352096,0.13074754201807082,9.083293844014406e-05,0.20070424990262836,0.028478207997977734,0.2291824579006061,2.7250032871961594e-05,0.00016799999866634607,0.15922575001604855,0.3630267910193652,0.5685126670869067
4858,random_4855,random_cycle_chord,20260823,crossing_rich,2,200,4,9,12,5.772792008778421,True,True,,perf/incremental-yamada-frontier-order,1d8374f42cccbb16d78d44100a65ca603d7d1997,3.14.7,macOS-26.6.2-arm64-arm-64bit-Mach-O,arm,0.0405237089144066,0.15916033391840756,0.05029450007714331,0.008812875021249056,0.008823749958537519,0.01746412494685501,3.187498077750206e-05,0.009245333028957248,0.009610584005713463,0.0009719999507069588,0.03732391691301018,0.10528200003318489,9.125005453824997e-05,0.16491479193791747,0.017154208035208285,0.18206899997312576,1.9583036191761494e-05,0.00011529098264873028,0.12243620806839317,0.32212025090120733,0.4916845830157399
4859,random_4856,random_cycle_chord,20260823,crossing_rich,4,200,5,9,13,6.073789796759674,True,True,,perf/incremental-yamada-frontier-order,1d8374f42cccbb16d78d44100a65ca603d7d1997,3.14.7,macOS-26.6.2-arm64-arm-64bit-Mach-O,arm,0.044500374933704734,0.1547383340075612,0.05963820801116526,0.010192290996201336,0.011386082973331213,0.022453416022472084,3.925000783056021e-05,0.011663583922199905,0.012320499983616173,0.0013452079147100449,0.04782195785082877,0.12907270807772875,8.999998681247234e-05,0.17981716606300324,0.024942666990682483,0.20475983305368572,2.4374923668801785e-05,0.00014462496619671583,0.15401537506841123,0.35325408400967717,0.5377633749740198
4860,random_4857,random_cycle_chord,20260823,crossing_rich,3,200,4,8,11,4.152452644017742,True,True,,perf/incremental-yamada-frontier-order,1d8374f42cccbb16d78d44100a65ca603d7d1997,3.14.7,macOS-26.6.2-arm64-arm-64bit-Mach-O,arm,0.027642333996482193,0.15717637503985316,0.036979791009798646,0.009408707963302732,0.0100840829545632,0.019791209022514522,3.116694279015064e-05,0.010278999921865761,0.010760708013549447,0.001005791942588985,0.041867875843308866,0.0983682080404833,7.395795546472073e-05,0.23420412500854582,0.025859332992695272,0.2600634580012411,2.13750172406435e-05,0.00012345798313617706,0.12422754103317857,0.3090462500695139,0.5469870829256251
4861,random_4858,random_cycle_chord,20260823,crossing_rich,4,200,5,8,12,6.602004192471276,True,True,,perf/incremental-yamada-frontier-order,1d8374f42cccbb16d78d44100a65ca603d7d1997,3.14.7,macOS-26.6.2-arm64-arm-64bit-Mach-O,arm,0.044649875024333596,0.1552267080405727,0.06646374997217208,0.010259957984089851,0.011385667021386325,0.02235445799306035,4.391605034470558e-05,0.011615625000558794,0.012274250038899481,0.0014012500178068876,0.04768949910067022,0.13583762501366436,0.0001691670622676611,0.17380704102106392,0.027687916066497564,0.2014949570875615,2.7665984816849232e-05,0.0001682910369709134,0.16352554108016193,0.36340212414506823,0.5420240829698741
4862,random_4859,random_cycle_chord,20260823,crossing_rich,6,200,6,10,15,5.629523223052539,True,True,,perf/incremental-yamada-frontier-order,1d8374f42cccbb16d78d44100a65ca603d7d1997,3.14.7,macOS-26.6.2-arm64-arm-64bit-Mach-O,arm,0.05039320804644376,0.16157825000118464,0.06323745893314481,0.012779416982084513,0.013984582968987525,0.02767929108813405,4.958303179591894e-05,0.014552082982845604,0.015184041927568614,0.001891333027742803,0.05935633205808699,0.1494015830103308,0.00024212501011788845,0.20536674989853054,0.03654962498694658,0.24191637488547713,3.333296626806259e-05,0.0001973749604076147,0.18595120799727738,0.3979226660449058,0.6086137499660254
4863,random_4860,random_cycle_chord,20260823,crossing_rich,5,200,5,8,12,4.245359477864136,True,True,,perf/incremental-yamada-frontier-order,1d8374f42cccbb16d78d44100a65ca603d7d1997,3.14.7,macOS-26.6.2-arm64-arm-64bit-Mach-O,arm,0.033904458046890795,0.16163350001443177,0.04265825008042157,0.01183633308392018,0.013565083034336567,0.02683141699526459,4.0207989513874054e-05,0.01365595799870789,0.014348500058986247,0.0015022919978946447,0.056378375040367246,0.12447458296082914,0.0001776249846443534,0.28892204095609486,0.028665625024586916,0.3175876659806818,2.7875066734850407e-05,0.00016966694965958595,0.15314020798541605,0.3486781660467386,0.6422522080829367
4864,random_4861,random_cycle_chord,20260823,crossing_rich,4,200,5,11,15,5.22414086324133,True,True,,perf/incremental-yamada-frontier-order,1d8374f42cccbb16d78d44100a65ca603d7d1997,3.14.7,macOS-26.6.2-arm64-arm-64bit-Mach-O,arm,0.0469942920608446,0.1603624589042738,0.0490048750070855,0.011212332989089191,0.012012541992589831,0.02363970805890858,5.679100286215544e-05,0.012180999969132245,0.01273375004529953,0.0013708749320358038,0.049982124008238316,0.12225899996701628,9.200000204145908e-05,0.21476570796221495,0.026741040986962616,0.24150674894917756,2.5374931283295155e-05,0.0001520420191809535,0.1490000409539789,0.3563567919190973,0.5758739169687033
4865,random_4862,random_cycle_chord,20260823,crossing_rich,2,200,4,9,12,6.0756161685538395,True,True,,perf/incremental-yamada-frontier-order,1d8374f42cccbb16d78d44100a65ca603d7d1997,3.14.7,macOS-26.6.2-arm64-arm-64bit-Mach-O,arm,0.04198012501001358,0.1573707910720259,0.053886541980318725,0.008787957951426506,0.008667040965519845,0.017060125013813376,2.995808608829975e-05,0.008842749986797571,0.009319082950241864,0.000984499929472804,0.036236415966413915,0.10760587500408292,7.112498860806227e-05,0.16369754204060882,0.018070332938805223,0.18176787497941405,1.9875005818903446e-05,0.00011387502308934927,0.12567620794288814,0.3250271240249276,0.4931743750348687
4866,random_4863,random_cycle_chord,20260823,crossing_rich,5,200,5,9,13,4.351187640934438,True,True,,perf/incremental-yamada-frontier-order,1d8374f42cccbb16d78d44100a65ca603d7d1997,3.14.7,macOS-26.6.2-arm64-arm-64bit-Mach-O,arm,0.03474483301397413,0.1522484589368105,0.03971387504134327,0.010794374975375831,0.012258832924999297,0.02421695797238499,3.829202614724636e-05,0.01245966600254178,0.01330512494314462,0.0014952500350773335,0.05151529097929597,0.11431545810773969,7.937499321997166e-05,0.1776916249655187,0.029298292007297277,0.206989916972816,2.6250025257468224e-05,0.0001617498928681016,0.14361375011503696,0.3306070420658216,0.5128024170408025
4867,random_4864,random_cycle_chord,20260823,baseline,0,200,3,9,11,5.357965406243514,True,True,,perf/incremental-yamada-frontier-order,1d8374f42cccbb16d78d44100a65ca603d7d1997,3.14.7,macOS-26.6.2-arm64-arm-64bit-Mach-O,arm,0.032813250087201595,0.15027345903217793,0.024627708015032113,0.006809624959714711,0.007067542057484388,0.01398212497588247,2.237502485513687e-05,0.0073405420407652855,0.007455375045537949,0.0005336250178515911,0.029334042104892433,0.06785900006070733,6.17089681327343e-05,0.14272120804525912,0.008434583083726466,0.15115579112898558,1.3708951883018017e-05,6.762496195733547e-05,0.0762935831444338,0.2593802922638133,0.4061654170509428
4868,random_4865,random_cycle_chord,20260823,crossing_rich,3,200,5,11,15,4.989177004554668,True,True,,perf/incremental-yamada-frontier-order,1d8374f42cccbb16d78d44100a65ca603d7d1997,3.14.7,macOS-26.6.2-arm64-arm-64bit-Mach-O,arm,0.042486999998800457,0.1490934999892488,0.04195854195859283,0.010077000013552606,0.011168874916620553,0.02209325006697327,3.820890560746193e-05,0.01143966696690768,0.011977207963354886,0.0011972499778494239,0.04674558388069272,0.10998545901384205,8.783303201198578e-05,0.21249195805285126,0.022377584013156593,0.23486954206600785,2.4541979655623436e-05,0.0001472911098971963,0.13236304302699864,0.3239435430150479,0.5411302910652012
4869,random_4866,random_cycle_chord,20260823,crossing_rich,4,200,5,11,15,4.620244337443242,True,True,,perf/incremental-yamada-frontier-order,1d8374f42cccbb16d78d44100a65ca603d7d1997,3.14.7,macOS-26.6.2-arm64-arm-64bit-Mach-O,arm,0.040880917105823755,0.1515503330156207,0.04510195890907198,0.010489707929082215,0.011528584058396518,0.02270325005520135,4.0624989196658134e-05,0.011803583009168506,0.012343166978098452,0.0013351249508559704,0.04822574998252094,0.11538291594479233,8.662499021738768e-05,0.20280033408198506,0.02570070803631097,0.22850104211829603,2.420798409730196e-05,0.00014604197349399328,0.1410836239811033,0.33351487410254776,0.5411467909580097
4870,random_4867,random_cycle_chord,20260823,crossing_rich,3,200,5,11,15,5.1022792398504295,True,True,,perf/incremental-yamada-frontier-order,1d8374f42cccbb16d78d44100a65ca603d7d1997,3.14.7,macOS-26.6.2-arm64-arm-64bit-Mach-O,arm,0.04371895897202194,0.15169454191345721,0.04331541701685637,0.010045792092569172,0.01125675009097904,0.022439040942117572,7.758289575576782e-05,0.012488833046518266,0.013458875007927418,0.0013905420200899243,0.04985487391240895,0.11453416699077934,0.00012725009582936764,0.24719429202377796,0.028719583991914988,0.27591387601569295,3.741693217307329e-05,0.00018016702961176634,0.14325375098269433,0.3386672518681735,0.5905998749658465
4871,random_4868,random_cycle_chord,20260823,crossing_rich,4,200,5,10,14,5.624439903789563,True,True,,perf/incremental-yamada-frontier-order,1d8374f42cccbb16d78d44100a65ca603d7d1997,3.14.7,macOS-26.6.2-arm64-arm-64bit-Mach-O,arm,0.053019374958239496,0.20685441698879004,0.06951200007461011,0.013381832977756858,0.014304999960586429,0.02945608296431601,9.333400521427393e-05,0.015060915960930288,0.016106292023323476,0.0018222919898107648,0.06253891694359481,0.1599094169214368,0.00014729099348187447,0.25952320906799287,0.031248791026882827,0.2907720000948757,3.854092210531235e-05,0.000193667015992105,0.19115820794831961,0.45103199989534914,0.7165467080194503
4872,random_4869,random_cycle_chord,20260823,crossing_rich,5,200,6,11,16,4.620817976944466,True,True,,perf/incremental-yamada-frontier-order,1d8374f42cccbb16d78d44100a65ca603d7d1997,3.14.7,macOS-26.6.2-arm64-arm-64bit-Mach-O,arm,0.05080745799932629,0.17751112498808652,0.05229241691995412,0.013258125050924718,0.014386125025339425,0.02828470803797245,5.212496034801006e-05,0.014682875014841557,0.015645999927073717,0.0018445000750944018,0.060510208015330136,0.14049441693350673,0.00010716705583035946,0.2527207499369979,0.03885062492918223,0.2915713748661801,5.250005051493645e-05,0.0002174170222133398,0.17934504186268896,0.40766362485010177,0.6656805000966415
4873,random_4870,random_cycle_chord,20260823,baseline,0,200,4,15,18,4.048438924611978,True,True,,perf/incremental-yamada-frontier-order,1d8374f42cccbb16d78d44100a65ca603d7d1997,3.14.7,macOS-26.6.2-arm64-arm-64bit-Mach-O,arm,0.05248887499328703,0.1677750420058146,0.0231056249467656,0.008728667045943439,0.008998707984574139,0.017753374995663762,3.3458927646279335e-05,0.009222791995853186,0.00941762502770871,0.0008151669753715396,0.037242417922243476,0.07810554199386388,9.795802179723978e-05,0.26301020907703787,0.011950667016208172,0.27496087609324604,1.9875005818903446e-05,9.824999142438173e-05,0.09005620901007205,0.3103201260091737,0.5780119579285383
4874,random_4871,random_cycle_chord,20260823,crossing_rich,5,200,5,8,12,4.11971211783397,True,True,,perf/incremental-yamada-frontier-order,1d8374f42cccbb16d78d44100a65ca603d7d1997,3.14.7,macOS-26.6.2-arm64-arm-64bit-Mach-O,arm,0.03316833300050348,0.1601235830457881,0.0498199169524014,0.012544124969281256,0.01384754094760865,0.027617583982646465,6.700004450976849e-05,0.0142545000417158,0.015124458004720509,0.0015107919462025166,0.05857433401979506,0.1348445829935372,0.00022329192142933607,0.19046037504449487,0.03131624998059124,0.2217766250250861,2.7458067052066326e-05,0.00016883399803191423,0.16616083297412843,0.35945274902042,0.554859499912709
4875,random_4872,random_cycle_chord,20260823,crossing_rich,9,200,7,14,20,4.297818713799856,True,True,,perf/incremental-yamada-frontier-order,1d8374f42cccbb16d78d44100a65ca603d7d1997,3.14.7,macOS-26.6.2-arm64-arm-64bit-Mach-O,arm,0.05452604196034372,0.16200320806819946,0.11776516598183662,0.03636833291966468,0.04030012502335012,0.051791457924991846,0.00011608388740569353,0.03677620808593929,0.02800545794889331,0.0026005409890785813,0.11928974883630872,0.31385545805096626,0.00019595795311033726,0.5057235830463469,0.07706587493885309,0.5827894579852,7.79579859226942e-05,0.00030508392956107855,0.39092133298981935,0.6074505830183625,1.1178060419624671
4876,random_4873,random_cycle_chord,20260823,crossing_rich,5,200,6,11,16,4.646065462024646,True,True,,perf/incremental-yamada-frontier-order,1d8374f42cccbb16d78d44100a65ca603d7d1997,3.14.7,macOS-26.6.2-arm64-arm-64bit-Mach-O,arm,0.05275458307005465,0.17461833404377103,0.052619207999669015,0.013154541025869548,0.014110625023022294,0.027463709004223347,7.349997758865356e-05,0.014276167028583586,0.015191084006801248,0.0018443750450387597,0.058848835062235594,0.13879479200113565,0.0005578750278800726,0.28460008406545967,0.03606787498574704,0.3206679590512067,4.0790997445583344e-05,0.00019858393352478743,0.1748626669868827,0.40223558410070837,0.6928123750258237
4877,random_4874,random_cycle_chord,20260823,baseline,0,200,4,11,14,4.093730025174178,True,True,,perf/incremental-yamada-frontier-order,1d8374f42cccbb16d78d44100a65ca603d7d1997,3.14.7,macOS-26.6.2-arm64-arm-64bit-Mach-O,arm,0.04192674998193979,0.17555433395318687,0.02203975000884384,0.009508832939900458,0.008851415943354368,0.017688749940134585,5.1332986913621426e-05,0.00907662499230355,0.00930375000461936,0.0008123330771923065,0.03693279100116342,0.0773640830302611,0.00010179204400628805,0.20380733301863074,0.01265237492043525,0.216459707939066,2.274999860674143e-05,0.0001075830077752471,0.09001645795069635,0.307497541885823,0.5162389159668237
4878,random_4875,random_cycle_chord,20260823,crossing_rich,4,200,5,8,12,6.602375148569027,True,True,,perf/incremental-yamada-frontier-order,1d8374f42cccbb16d78d44100a65ca603d7d1997,3.14.7,macOS-26.6.2-arm64-arm-64bit-Mach-O,arm,0.047118542017415166,0.16436370799783617,0.0689449169440195,0.010837916983291507,0.0113518750295043,0.022842667065560818,5.708297248929739e-05,0.012119749910198152,0.013576957979239523,0.0015757079236209393,0.05017216585110873,0.14134383294731379,0.0002078750403597951,0.1935302090132609,0.03043558297213167,0.22396579198539257,3.033294342458248e-05,0.0001818330492824316,0.17177941591944546,0.3832616659346968,0.5824893329991028
4879,random_4876,random_cycle_chord,20260823,crossing_rich,3,200,4,8,11,4.165684739119185,True,True,,perf/incremental-yamada-frontier-order,1d8374f42cccbb16d78d44100a65ca603d7d1997,3.14.7,macOS-26.6.2-arm64-arm-64bit-Mach-O,arm,0.03033183398656547,0.16213866602629423,0.04234979103785008,0.011979374918155372,0.012155542033724487,0.0229574580444023,0.00011520902626216412,0.012506250059232116,0.012031459016725421,0.0010915419552475214,0.048701918101869524,0.11524129193276167,9.654194582253695e-05,0.17381070903502405,0.02109016594476998,0.19490087497979403,2.862501423805952e-05,0.0001368329394608736,0.13633145787753165,0.32880195789039135,0.5075508749578148
4880,random_4877,random_cycle_chord,20260823,crossing_rich,5,200,5,8,12,4.25074267915162,True,True,,perf/incremental-yamada-frontier-order,1d8374f42cccbb16d78d44100a65ca603d7d1997,3.14.7,macOS-26.6.2-arm64-arm-64bit-Mach-O,arm,0.03411091596353799,0.21951120905578136,0.04066400008741766,0.011708042002283037,0.012986583053134382,0.025335666025057435,4.63749747723341e-05,0.013035458978265524,0.013672584085725248,0.0013712499057874084,0.05346133396960795,0.11885524995159358,0.0001980409724637866,0.16552129201591015,0.030315040959976614,0.19583633297588676,3.850006032735109e-05,0.0003123750211670995,0.1491702909115702,0.40279241593088955,0.5742307920008898
4881,random_4878,random_cycle_chord,20260823,crossing_rich,2,200,4,10,13,5.38208226218052,True,True,,perf/incremental-yamada-frontier-order,1d8374f42cccbb16d78d44100a65ca603d7d1997,3.14.7,macOS-26.6.2-arm64-arm-64bit-Mach-O,arm,0.03983304102439433,0.15061295800842345,0.06669454195071012,0.0138352089561522,0.009673583903349936,0.019046833040192723,5.791697185486555e-05,0.010783000034280121,0.010128875030204654,0.0010043750517070293,0.04102100012823939,0.13126349996309727,9.474996477365494e-05,0.26456150005105883,0.01863179204519838,0.2831932920962572,2.337503246963024e-05,0.0001223749713972211,0.14989529200829566,0.34034129104111344,0.6091058340389282
4882,random_4879,random_cycle_chord,20260823,crossing_rich,5,200,5,9,13,4.273574426462513,True,True,,perf/incremental-yamada-frontier-order,1d8374f42cccbb16d78d44100a65ca603d7d1997,3.14.7,macOS-26.6.2-arm64-arm-64bit-Mach-O,arm,0.03621037502307445,0.15819787501823157,0.04299399990122765,0.011215541046112776,0.012988166068680584,0.025730042019858956,4.0583894588053226e-05,0.013218292035162449,0.014051874983124435,0.0014818330528214574,0.05452262598555535,0.12175625003874302,8.237489964812994e-05,0.18326141603756696,0.028465916053391993,0.21172733209095895,2.5000073947012424e-05,0.00015616696327924728,0.150222166092135,0.34463041613344103,0.5326230420032516
4883,random_4880,random_cycle_chord,20260823,crossing_rich,8,200,7,13,19,4.563139232626613,True,True,,perf/incremental-yamada-frontier-order,1d8374f42cccbb16d78d44100a65ca603d7d1997,3.14.7,macOS-26.6.2-arm64-arm-64bit-Mach-O,arm,0.0517439580289647,0.16786129190586507,0.05650487507227808,0.018012875108979642,0.01943108392879367,0.03736391698475927,0.00012566696386784315,0.019096291973255575,0.020011959015391767,0.0022977080661803484,0.0788955430034548,0.17295333300717175,0.0001425830414518714,0.2857624579919502,0.041900541982613504,0.3276629999745637,4.5042019337415695e-05,0.00023887492716312408,0.21485387498978525,0.434459124924615,0.7259415419539437
4884,random_4881,random_cycle_chord,20260823,crossing_rich,5,200,5,9,13,4.356159370592609,True,True,,perf/incremental-yamada-frontier-order,1d8374f42cccbb16d78d44100a65ca603d7d1997,3.14.7,macOS-26.6.2-arm64-arm-64bit-Mach-O,arm,0.036599374958314,0.17024795804172754,0.053651749971322715,0.012752000009641051,0.013353000045754015,0.025698582991026342,4.824995994567871e-05,0.013306166976690292,0.014085083035752177,0.0014893339248374104,0.0546274168882519,0.13443095900584012,9.291607420891523e-05,0.21073349996004254,0.035529208020307124,0.24626270798034966,3.01670515909791e-05,0.00018920795992016792,0.16996016702614725,0.3768075000261888,0.5927665419876575
4885,random_4882,random_cycle_chord,20260823,crossing_rich,5,200,6,11,16,4.586638074263765,True,True,,perf/incremental-yamada-frontier-order,1d8374f42cccbb16d78d44100a65ca603d7d1997,3.14.7,macOS-26.6.2-arm64-arm-64bit-Mach-O,arm,0.04542974999640137,0.15959458402357996,0.05167950002942234,0.01191654207650572,0.013015750097110868,0.026181041030213237,5.124998278915882e-05,0.013586958055384457,0.014501541969366372,0.0016569580184295774,0.0559777490561828,0.13263416709378362,0.00010158296208828688,0.23017462505958974,0.10876350000035018,0.3389381250599399,6.208301056176424e-05,0.0004953749012202024,0.2413976670941338,0.4464220011141151,0.682022541994229
4886,random_4883,random_cycle_chord,20260823,crossing_rich,4,200,5,12,16,4.031221576422419,True,True,,perf/incremental-yamada-frontier-order,1d8374f42cccbb16d78d44100a65ca603d7d1997,3.14.7,macOS-26.6.2-arm64-arm-64bit-Mach-O,arm,0.06869066599756479,0.16952316707465798,0.04168212506920099,0.01162445789668709,0.012344542075879872,0.024641750031150877,4.0624989196658134e-05,0.012596874963492155,0.013272250071167946,0.0013359999284148216,0.05188749998342246,0.11757375008892268,9.379198309034109e-05,0.3646552920108661,0.0335652920184657,0.3982205840293318,2.7582980692386627e-05,0.0001550000160932541,0.15113904210738838,0.38935287517961115,0.7580586250405759
4887,random_4884,random_cycle_chord,20260823,crossing_rich,2,200,4,13,16,4.122717839417091,True,True,,perf/incremental-yamada-frontier-order,1d8374f42cccbb16d78d44100a65ca603d7d1997,3.14.7,macOS-26.6.2-arm64-arm-64bit-Mach-O,arm,0.04266233404632658,0.15788708406034857,0.031021750066429377,0.009256707970052958,0.009553499985486269,0.01879912498407066,4.1792052797973156e-05,0.009701749891974032,0.010111541952937841,0.0009314999915659428,0.03958570887334645,0.0894509160425514,8.929101750254631e-05,0.21674575004726648,0.016759500023908913,0.2335052500711754,1.966592390090227e-05,0.000111832981929183,0.10621041606646031,0.30675983417313546,0.5279958749888465
4888,random_4885,random_cycle_chord,20260823,baseline,0,200,3,9,11,5.354440903548588,True,True,,perf/incremental-yamada-frontier-order,1d8374f42cccbb16d78d44100a65ca603d7d1997,3.14.7,macOS-26.6.2-arm64-arm-64bit-Mach-O,arm,0.03309129097033292,0.15304912510327995,0.02446091698948294,0.006522791925817728,0.006449250038713217,0.012702916050329804,2.1915999241173267e-05,0.006586375064216554,0.006816999986767769,0.0005728329997509718,0.026701040100306273,0.06415379198733717,6.337498780339956e-05,0.1458995840512216,0.00934674998279661,0.15524633403401822,1.4208024367690086e-05,7.420801557600498e-05,0.07350054197013378,0.25964095804374665,0.40963024995289743
4889,random_4886,random_cycle_chord,20260823,crossing_rich,3,200,4,8,11,4.140211091691943,True,True,,perf/incremental-yamada-frontier-order,1d8374f42cccbb16d78d44100a65ca603d7d1997,3.14.7,macOS-26.6.2-arm64-arm-64bit-Mach-O,arm,0.028250708943232894,0.15125112503301352,0.03563858300913125,0.009320292039774358,0.010235792025923729,0.020219082944095135,3.020802978426218e-05,0.010454291943460703,0.010879750014282763,0.0009772919584065676,0.04256062489002943,0.09778312500566244,7.029192056506872e-05,0.14920845802407712,0.019543707952834666,0.16875216597691178,1.9458006136119366e-05,0.00011137500405311584,0.11732683295849711,0.2968286669347435,0.4505418339977041
4890,random_4887,random_cycle_chord,20260823,baseline,0,200,3,11,13,5.232557982148914,True,True,,perf/incremental-yamada-frontier-order,1d8374f42cccbb16d78d44100a65ca603d7d1997,3.14.7,macOS-26.6.2-arm64-arm-64bit-Mach-O,arm,0.03804658306762576,0.15064683300442994,0.024056458030827343,0.006666332948952913,0.006710459012538195,0.01315483299549669,2.2500054910779e-05,0.006811542087234557,0.007007332984358072,0.000541832996532321,0.02753804111853242,0.064990459010005,6.912497337907553e-05,0.16979858302511275,0.008670374983921647,0.1784689580090344,1.3874960131943226e-05,6.674998439848423e-05,0.07366083399392664,0.26235425006598234,0.4362396659562364
4891,random_4888,random_cycle_chord,20260823,crossing_rich,2,200,4,8,11,6.6026069729393795,True,True,,perf/incremental-yamada-frontier-order,1d8374f42cccbb16d78d44100a65ca603d7d1997,3.14.7,macOS-26.6.2-arm64-arm-64bit-Mach-O,arm,0.040200207964517176,0.15250962506979704,0.05505049997009337,0.008597124950028956,0.008871625061146915,0.017515583895146847,3.0166935175657272e-05,0.009963209042325616,0.010484083089977503,0.0011811669683083892,0.03917420993093401,0.11172274989075959,0.0001026670215651393,0.15857504098676145,0.020508625078946352,0.1790836660657078,2.2417050786316395e-05,0.00013924995437264442,0.13223137496970594,0.32494120800402015,0.48795187496580184
4892,random_4889,random_cycle_chord,20260823,crossing_rich,5,200,6,12,17,4.0805157217682915,True,True,,perf/incremental-yamada-frontier-order,1d8374f42cccbb16d78d44100a65ca603d7d1997,3.14.7,macOS-26.6.2-arm64-arm-64bit-Mach-O,arm,0.04652741702739149,0.1595260000322014,0.04556108301039785,0.012613041093572974,0.013626082916744053,0.02684800000861287,5.0332979299128056e-05,0.013961791060864925,0.014739375095814466,0.0016688330797478557,0.05726833222433925,0.1291180830448866,0.00012325006537139416,0.24625133397057652,0.03219120902940631,0.27844254299998283,3.416696563363075e-05,0.00019225000869482756,0.1613092920742929,0.3673627091338858,0.6186004999326542
4893,random_4890,random_cycle_chord,20260823,baseline,0,200,4,14,17,4.293364235717925,True,True,,perf/incremental-yamada-frontier-order,1d8374f42cccbb16d78d44100a65ca603d7d1997,3.14.7,macOS-26.6.2-arm64-arm-64bit-Mach-O,arm,0.046906957984901965,0.16017024999018759,0.026744665927253664,0.008979500038549304,0.009483249974437058,0.01876604196149856,3.287498839199543e-05,0.009703250019811094,0.0099514169851318,0.0008142919978126884,0.039267875952646136,0.08450408396311104,0.00010770896915346384,0.23606837494298816,0.01212491700425744,0.2481932919472456,2.0499923266470432e-05,9.354192297905684e-05,0.09662900096736848,0.30370620894245803,0.544314166996628
4894,random_4891,random_cycle_chord,20260823,crossing_rich,5,200,6,10,15,5.427812258551911,True,True,,perf/incremental-yamada-frontier-order,1d8374f42cccbb16d78d44100a65ca603d7d1997,3.14.7,macOS-26.6.2-arm64-arm-64bit-Mach-O,arm,0.04820545797701925,0.16120262502226979,0.06432854197919369,0.011744832969270647,0.01289825001731515,0.025434625102207065,4.829105455428362e-05,0.013212291058152914,0.014066666946746409,0.001678875065408647,0.05444074922706932,0.14345566695556045,0.00021258299238979816,0.32131874992046505,0.03194591694045812,0.35326466686092317,3.162503708153963e-05,0.0001822920748963952,0.17540158389601856,0.3848096668953076,0.7108328330796212
4895,random_4892,random_cycle_chord,20260823,crossing_rich,5,200,5,9,13,4.346498198680292,True,True,,perf/incremental-yamada-frontier-order,1d8374f42cccbb16d78d44100a65ca603d7d1997,3.14.7,macOS-26.6.2-arm64-arm-64bit-Mach-O,arm,0.03647675004322082,0.1594852920388803,0.04254300007596612,0.011545707937330008,0.012947125011123717,0.025538375019095838,4.058296326547861e-05,0.013272666954435408,0.014040375011973083,0.0015145830111578107,0.05440658295992762,0.12147820799145848,8.537503890693188e-05,0.1854763749288395,0.029834333108738065,0.21531070803757757,2.6540947146713734e-05,0.00016620801761746407,0.15131254110019654,0.34727458318229765,0.5375094999326393
4896,random_4893,random_cycle_chord,20260823,crossing_rich,3,200,4,8,11,4.221900536042318,True,True,,perf/incremental-yamada-frontier-order,1d8374f42cccbb16d78d44100a65ca603d7d1997,3.14.7,macOS-26.6.2-arm64-arm-64bit-Mach-O,arm,0.03060491697397083,0.15659312496427447,0.03386695799417794,0.00976320798508823,0.010638499981723726,0.020889375009573996,3.158301115036011e-05,0.010783124947920442,0.01123783306684345,0.0010174160124734044,0.04395933204796165,0.09825687506236136,7.258402183651924e-05,0.2444173329276964,0.02677624998614192,0.2711935829138383,1.9666971638798714e-05,0.0001130829332396388,0.12503312504850328,0.3122311669867486,0.5605460420483723
4897,random_4894,random_cycle_chord,20260823,crossing_rich,2,200,4,8,11,6.328342620904633,True,True,,perf/incremental-yamada-frontier-order,1d8374f42cccbb16d78d44100a65ca603d7d1997,3.14.7,macOS-26.6.2-arm64-arm-64bit-Mach-O,arm,0.03965645795688033,0.15376041608396918,0.05357512494083494,0.008460249984636903,0.008871875004842877,0.017527541029267013,3.14170029014349e-05,0.00911966699641198,0.00952424993738532,0.0009829170303419232,0.03718579199630767,0.10812154097948223,7.266702596098185e-05,0.149784000008367,0.01803920790553093,0.16782320791389793,1.958396751433611e-05,0.00011179200373589993,0.12616074888501316,0.31957762292586267,0.4736691670259461
4898,random_4895,random_cycle_chord,20260823,crossing_rich,3,200,4,8,11,4.231611721946046,True,True,,perf/incremental-yamada-frontier-order,1d8374f42cccbb16d78d44100a65ca603d7d1997,3.14.7,macOS-26.6.2-arm64-arm-64bit-Mach-O,arm,0.029293374973349273,0.15158583293668926,0.03687941702082753,0.009330708999186754,0.010219665942713618,0.020305917016230524,3.116694279015064e-05,0.01048024999909103,0.01091483305208385,0.0009856250835582614,0.042717792093753815,0.09917491697706282,6.866699550300837e-05,0.1517501660855487,0.01981137495022267,0.17156154103577137,2.4124979972839355e-05,0.00013149995356798172,0.11898629192728549,0.299865499837324,0.4559070001123473
4899,random_4896,random_cycle_chord,20260823,crossing_rich,3,200,5,10,14,5.487907099586744,True,True,,perf/incremental-yamada-frontier-order,1d8374f42cccbb16d78d44100a65ca603d7d1997,3.14.7,macOS-26.6.2-arm64-arm-64bit-Mach-O,arm,0.0480583329917863,0.16399333300068974,0.05184437497518957,0.010297374916262925,0.010653916047886014,0.020973625010810792,3.991695120930672e-05,0.010915709077380598,0.011520792031660676,0.0012887920020148158,0.04473883507307619,0.11757079197559506,9.195797611027956e-05,0.2906447499990463,0.0221894170390442,0.3128341670380905,2.7833040803670883e-05,0.0001502500381320715,0.13976020901463926,0.3518118750071153,0.6468573339516297
4900,random_4897,random_cycle_chord,20260823,crossing_rich,5,200,5,9,13,4.254301294065718,True,True,,perf/incremental-yamada-frontier-order,1d8374f42cccbb16d78d44100a65ca603d7d1997,3.14.7,macOS-26.6.2-arm64-arm-64bit-Mach-O,arm,0.03467112500220537,0.1642596669262275,0.042565708979964256,0.011072583962231874,0.012375249993056059,0.024440042092464864,3.837491385638714e-05,0.012696332996711135,0.013467209064401686,0.0014342919457703829,0.052076251013204455,0.11812666605692357,9.120791219174862e-05,0.18810087500605732,0.030229750089347363,0.21833062509540468,2.7209054678678513e-05,0.00016854202840477228,0.14835641614627093,0.3472872080747038,0.5406076250365004
4901,random_4898,random_cycle_chord,20260823,crossing_rich,5,200,5,8,12,4.247509776485624,True,True,,perf/incremental-yamada-frontier-order,1d8374f42cccbb16d78d44100a65ca603d7d1997,3.14.7,macOS-26.6.2-arm64-arm-64bit-Mach-O,arm,0.03291291696950793,0.15954620798584074,0.04939908301457763,0.011870916932821274,0.013301708037033677,0.026233750046230853,3.966700751334429e-05,0.013583958963863552,0.014250792097300291,0.0014181660953909159,0.055526334210298955,0.13013316597789526,0.00028133299201726913,0.2800103749614209,0.03746700007468462,0.3174773750361055,2.5875051505863667e-05,0.00015758303925395012,0.16760016605257988,0.36005929100792855,0.6443152079591528
4902,random_4899,random_cycle_chord,20260823,crossing_rich,4,200,5,10,14,5.619988954216239,True,True,,perf/incremental-yamada-frontier-order,1d8374f42cccbb16d78d44100a65ca603d7d1997,3.14.7,macOS-26.6.2-arm64-arm-64bit-Mach-O,arm,0.04624420800246298,0.16068466601427644,0.06330362509470433,0.01078887504991144,0.011455749976448715,0.022560957935638726,4.2458996176719666e-05,0.011794458026997745,0.012442749924957752,0.0014252089895308018,0.048265833873301744,0.1338537079282105,0.00010529090650379658,0.19954612490255386,0.02670983294956386,0.22625595785211772,2.6709050871431828e-05,0.00016199995297938585,0.16056354087777436,0.3674924148945138,0.5717797920806333
4903,random_4900,random_cycle_chord,20260823,crossing_rich,3,200,4,8,11,4.162707986632834,True,True,,perf/incremental-yamada-frontier-order,1d8374f42cccbb16d78d44100a65ca603d7d1997,3.14.7,macOS-26.6.2-arm64-arm-64bit-Mach-O,arm,0.0298220420954749,0.16208804200869054,0.04431062494404614,0.010140499914996326,0.010790833039209247,0.021598750026896596,3.224995452910662e-05,0.011190208024345338,0.011522541986778378,0.001036291942000389,0.04538004193454981,0.11065124999731779,7.395900320261717e-05,0.24866725003812462,0.01870929100550711,0.26737654104363173,2.395804040133953e-05,0.00012033397797495127,0.1293605410028249,0.32127062510699034,0.5742007920052856
4904,random_4901,random_cycle_chord,20260823,crossing_rich,2,200,4,8,11,6.59462032977463,True,True,,perf/incremental-yamada-frontier-order,1d8374f42cccbb16d78d44100a65ca603d7d1997,3.14.7,macOS-26.6.2-arm64-arm-64bit-Mach-O,arm,0.042834124993532896,0.15911320806480944,0.06432495801709592,0.008939916966482997,0.008904166985303164,0.01755645906087011,3.191595897078514e-05,0.00914370792452246,0.009583458071574569,0.0010141660459339619,0.037329707061871886,0.11952691699843854,6.991706322878599e-05,0.15161141694989055,0.017755166976712644,0.1693665839266032,1.9374885596334934e-05,0.00011554092634469271,0.13728208397515118,0.3392294170334935,0.4952715419931337
4905,random_4902,random_cycle_chord,20260823,crossing_rich,4,200,5,11,15,4.717254497791636,True,True,,perf/incremental-yamada-frontier-order,1d8374f42cccbb16d78d44100a65ca603d7d1997,3.14.7,macOS-26.6.2-arm64-arm-64bit-Mach-O,arm,0.041926790960133076,0.15346516703721136,0.04606041603256017,0.010325457900762558,0.011315249954350293,0.022212916985154152,4.9875001423060894e-05,0.011432791012339294,0.012019833084195852,0.0013477080501616001,0.04706312413327396,0.1148174999980256,8.833303581923246e-05,0.20555208309087902,0.025739707984030247,0.23129179107490927,2.4499953724443913e-05,0.00014762498904019594,0.14055720798205584,0.3359491659794003,0.5459819999523461
4906,random_4903,random_cycle_chord,20260823,crossing_rich,3,200,5,11,15,4.643632368272768,True,True,,perf/incremental-yamada-frontier-order,1d8374f42cccbb16d78d44100a65ca603d7d1997,3.14.7,macOS-26.6.2-arm64-arm-64bit-Mach-O,arm,0.039822750026360154,0.15050724998582155,0.043969708029180765,0.00978974997997284,0.010731916991062462,0.021140750031918287,3.833393566310406e-05,0.010979957995004952,0.011507959105074406,0.001211834023706615,0.044878835091367364,0.10940483293961734,8.812500163912773e-05,0.2018159159924835,0.021889832918532193,0.2237057489110157,2.3833010345697403e-05,0.00013191602192819118,0.13129466585814953,0.32162466587033123,0.5278491250937805
4907,random_4904,random_cycle_chord,20260823,crossing_rich,4,200,5,9,13,6.074818159606899,True,True,,perf/incremental-yamada-frontier-order,1d8374f42cccbb16d78d44100a65ca603d7d1997,3.14.7,macOS-26.6.2-arm64-arm-64bit-Mach-O,arm,0.042984250001609325,0.15022370894439518,0.056822750018909574,0.009653083980083466,0.0104041249724105,0.02072754199616611,4.141696263104677e-05,0.010804624995216727,0.01149312499910593,0.0013304579770192504,0.044397166930139065,0.12131508404854685,7.875007577240467e-05,0.17573879205156118,0.025070250034332275,0.20080904208589345,2.4333945475518703e-05,0.00014595896936953068,0.14638533408287913,0.33959329302888364,0.5198139169951901
4908,random_4905,random_cycle_chord,20260823,crossing_rich,2,200,4,8,11,6.591179439005088,True,True,,perf/incremental-yamada-frontier-order,1d8374f42cccbb16d78d44100a65ca603d7d1997,3.14.7,macOS-26.6.2-arm64-arm-64bit-Mach-O,arm,0.03961016598623246,0.15001016610767692,0.054559290991164744,0.00836787500884384,0.008583917049691081,0.016902082948945463,2.9084039852023125e-05,0.008796792011708021,0.009338042000308633,0.0010493749286979437,0.036115375929512084,0.10765283403452486,6.883300375193357e-05,0.14709154202137142,0.019005583017133176,0.1660971250385046,2.058397512882948e-05,0.00012970902025699615,0.12665841705165803,0.3162787491455674,0.46757949993479997
4909,random_4906,random_cycle_chord,20260823,crossing_rich,5,200,5,8,12,4.222960217587175,True,True,,perf/incremental-yamada-frontier-order,1d8374f42cccbb16d78d44100a65ca603d7d1997,3.14.7,macOS-26.6.2-arm64-arm-64bit-Mach-O,arm,0.03140404203440994,0.14959649997763336,0.0476554170018062,0.010940499952994287,0.01265970803797245,0.025067124981433153,3.783300053328276e-05,0.012933082995004952,0.01354062499012798,0.0013220419641584158,0.052900707931257784,0.12419216707348824,0.0002705829683691263,0.27132183394860476,0.03750799992121756,0.3088298338698223,2.4582957848906517e-05,0.0001462089130654931,0.1617001669947058,0.3427007090067491,0.6180255840299651
4910,random_4907,random_cycle_chord,20260823,crossing_rich,9,200,7,15,21,4.04935784220081,True,True,,perf/incremental-yamada-frontier-order,1d8374f42cccbb16d78d44100a65ca603d7d1997,3.14.7,macOS-26.6.2-arm64-arm-64bit-Mach-O,arm,0.054306000005453825,0.1536835830193013,0.04598633304703981,0.015342083061113954,0.01744133303873241,0.03438154107425362,5.849997978657484e-05,0.017841791966930032,0.0189803329994902,0.002174499910324812,0.07343666593078524,0.15226058289408684,0.00012445799075067043,0.3048532500397414,0.05144983297213912,0.3563030830118805,4.120892845094204e-05,0.00023629097267985344,0.20371041586622596,0.4116999988909811,0.7217181660234928
4911,random_4908,random_cycle_chord,20260823,crossing_rich,3,200,4,8,11,4.22144506214112,True,True,,perf/incremental-yamada-frontier-order,1d8374f42cccbb16d78d44100a65ca603d7d1997,3.14.7,macOS-26.6.2-arm64-arm-64bit-Mach-O,arm,0.02982287493068725,0.158404832938686,0.03511504200287163,0.0100780000211671,0.01077312498819083,0.02133016602601856,3.216695040464401e-05,0.011014125077053905,0.011460208101198077,0.001022582990117371,0.04485924914479256,0.10085483302827924,7.950002327561378e-05,0.2565419590100646,0.02755579201038927,0.28409775102045387,2.104195300489664e-05,0.00011812499724328518,0.1284106250386685,0.3166383329080418,0.5771558750420809
4912,random_4909,random_cycle_chord,20260823,crossing_rich,2,200,4,8,11,6.336774147606403,True,True,,perf/incremental-yamada-frontier-order,1d8374f42cccbb16d78d44100a65ca603d7d1997,3.14.7,macOS-26.6.2-arm64-arm-64bit-Mach-O,arm,0.0403835839824751,0.1606109580025077,0.054775457945652306,0.009141582995653152,0.00948654196690768,0.018929249956272542,3.300001844763756e-05,0.009922332945279777,0.010255249915644526,0.0009597500320523977,0.04009958286769688,0.11353212501853704,8.237501606345177e-05,0.15561549994163215,0.017618624959141016,0.17323412490077317,2.0709005184471607e-05,0.00011204194743186235,0.13115074997767806,0.33214529196266085,0.49234250001609325
4913,random_4910,random_cycle_chord,20260823,crossing_rich,3,200,4,8,11,4.206862266095889,True,True,,perf/incremental-yamada-frontier-order,1d8374f42cccbb16d78d44100a65ca603d7d1997,3.14.7,macOS-26.6.2-arm64-arm-64bit-Mach-O,arm,0.029738000012002885,0.15948649996425956,0.034038917045108974,0.010045084054581821,0.010758125106804073,0.02128208300564438,3.2125040888786316e-05,0.01097483397461474,0.011413292028009892,0.001011208980344236,0.044713543029502034,0.09958383406046778,8.074997458606958e-05,0.19868333300109953,0.018604791024699807,0.21728812402579933,2.0707957446575165e-05,0.00011720904149115086,0.11818862508516759,0.30741312506143004,0.5108768749050796
4914,random_4911,random_cycle_chord,20260823,crossing_rich,5,200,5,8,12,4.200734575076684,True,True,,perf/incremental-yamada-frontier-order,1d8374f42cccbb16d78d44100a65ca603d7d1997,3.14.7,macOS-26.6.2-arm64-arm-64bit-Mach-O,arm,0.032999625080265105,0.16016508301254362,0.04055358294863254,0.011923708952963352,0.013367540901526809,0.02645358396694064,4.2041996493935585e-05,0.013693833025172353,0.014348457916639745,0.0014623330207541585,0.056000249926000834,0.12188487499952316,0.00028912501875311136,0.2843813330400735,0.028826999943703413,0.3132083329837769,2.645899076014757e-05,0.0001646669115871191,0.15071187494322658,0.3438765830360353,0.6330074169673026
4915,random_4912,random_cycle_chord,20260823,crossing_rich,2,200,4,8,11,6.592350060616265,True,True,,perf/incremental-yamada-frontier-order,1d8374f42cccbb16d78d44100a65ca603d7d1997,3.14.7,macOS-26.6.2-arm64-arm-64bit-Mach-O,arm,0.04191408306360245,0.15574783296324313,0.05805299989879131,0.008454750059172511,0.008726875064894557,0.017284916015341878,2.9957969672977924e-05,0.009110125014558434,0.009655250003561378,0.001006915932521224,0.03708716493565589,0.11234854103531688,7.395900320261717e-05,0.14935370802413672,0.019175250083208084,0.1685289581073448,2.579099964350462e-05,0.0001307919155806303,0.13152379111852497,0.32918570714537054,0.48294591705780476
4916,random_4913,random_cycle_chord,20260823,crossing_rich,5,200,5,9,13,4.32347175890948,True,True,,perf/incremental-yamada-frontier-order,1d8374f42cccbb16d78d44100a65ca603d7d1997,3.14.7,macOS-26.6.2-arm64-arm-64bit-Mach-O,arm,0.03730116703081876,0.17275179096031934,0.04762875009328127,0.01226737501565367,0.013094208086840808,0.026342750061303377,5.129107739776373e-05,0.013380707940086722,0.014463708037510514,0.0014931249897927046,0.05573158210609108,0.1287637079367414,9.137496817857027e-05,0.19191637495532632,0.02954120805952698,0.2214575830148533,2.675002906471491e-05,0.00016041705384850502,0.1583049159962684,0.3683578739874065,0.5669065839610994
4917,random_4914,random_cycle_chord,20260823,baseline,0,200,3,10,12,4.720997542928766,True,True,,perf/incremental-yamada-frontier-order,1d8374f42cccbb16d78d44100a65ca603d7d1997,3.14.7,macOS-26.6.2-arm64-arm-64bit-Mach-O,arm,0.03362816700246185,0.16335491696372628,0.024106250028125942,0.007276292075403035,0.006979499943554401,0.013728291029110551,2.2709020413458347e-05,0.007132416940294206,0.00730783399194479,0.0005753749283030629,0.028766625910066068,0.0671490840613842,7.120892405509949e-05,0.1691142920171842,0.010486249928362668,0.17960054194554687,2.5124987587332726e-05,0.00010658300016075373,0.07763533398974687,0.274618417955935,0.44855095795355737
4918,random_4915,random_cycle_chord,20260823,crossing_rich,3,200,4,8,11,4.224766350268548,True,True,,perf/incremental-yamada-frontier-order,1d8374f42cccbb16d78d44100a65ca603d7d1997,3.14.7,macOS-26.6.2-arm64-arm-64bit-Mach-O,arm,0.033289291081018746,0.1730439169332385,0.045061209006235003,0.010763917001895607,0.011268291040323675,0.022147250012494624,3.38749960064888e-05,0.011520124971866608,0.011955374968238175,0.0010374169796705246,0.04669404192827642,0.11382299999240786,7.566704880446196e-05,0.2646495830267668,0.02185025007929653,0.2864998331060633,2.8999987989664078e-05,0.00013724993914365768,0.1356732500717044,0.34200645808596164,0.6115328749874607
4919,random_4916,random_cycle_chord,20260823,baseline,0,200,3,8,10,6.150070769290367,True,True,,perf/incremental-yamada-frontier-order,1d8374f42cccbb16d78d44100a65ca603d7d1997,3.14.7,macOS-26.6.2-arm64-arm-64bit-Mach-O,arm,0.03834833297878504,0.16741695802193135,0.03365362505428493,0.00789570901542902,0.007405958021990955,0.014315292006358504,3.3415970392525196e-05,0.0073227910324931145,0.00771495804656297,0.0006402499275282025,0.030026706983335316,0.07900370797142386,7.02079851180315e-05,0.14491412497591227,0.010408499976620078,0.15532262495253235,1.9958941265940666e-05,8.987495675683022e-05,0.08941220794804394,0.29517749894876033,0.44463179202284664
4920,random_4917,random_cycle_chord,20260823,crossing_rich,5,200,5,9,13,4.390328009671081,True,True,,perf/incremental-yamada-frontier-order,1d8374f42cccbb16d78d44100a65ca603d7d1997,3.14.7,macOS-26.6.2-arm64-arm-64bit-Mach-O,arm,0.03387145895976573,0.17649787501432002,0.04117770795710385,0.012745916959829628,0.013104291982017457,0.024044124991632998,3.929203376173973e-05,0.013910416979342699,0.01320845796726644,0.0013894999865442514,0.05259179195854813,0.11965975002385676,8.258398156613111e-05,0.18000429193489254,0.02932545798830688,0.20932974992319942,2.5541987270116806e-05,0.00016195804346352816,0.14898520801216364,0.3593545419862494,0.5440371669828892
4921,random_4918,random_cycle_chord,20260823,crossing_rich,5,200,6,11,16,4.673013470734208,True,True,,perf/incremental-yamada-frontier-order,1d8374f42cccbb16d78d44100a65ca603d7d1997,3.14.7,macOS-26.6.2-arm64-arm-64bit-Mach-O,arm,0.043663332937285304,0.15537033299915493,0.05229983292520046,0.011411875020712614,0.012890958925709128,0.0253979159751907,4.912493750452995e-05,0.013208666001446545,0.013980041956529021,0.0015913750976324081,0.054227123968303204,0.13087133399676532,0.00010129192378371954,0.22882529196795076,0.03181658301036805,0.2606418749783188,3.26669542118907e-05,0.00017841695807874203,0.16268791700713336,0.3617215829435736,0.5955339580541477
4922,random_4919,random_cycle_chord,20260823,crossing_rich,5,200,5,8,12,4.120309353729455,True,True,,perf/incremental-yamada-frontier-order,1d8374f42cccbb16d78d44100a65ca603d7d1997,3.14.7,macOS-26.6.2-arm64-arm-64bit-Mach-O,arm,0.03253820794634521,0.1601592079969123,0.037647749995812774,0.01174287497997284,0.013282416970469058,0.02658075001090765,4.179193638265133e-05,0.013627125066705048,0.01470033300574869,0.0014340000925585628,0.0563840001123026,0.11909383290912956,0.0001865000231191516,0.17631633300334215,0.03145287500228733,0.20776920800562948,2.6333029381930828e-05,0.00016858393792062998,0.1505467079114169,0.3432441238546744,0.5246297919657081
4923,random_4920,random_cycle_chord,20260823,crossing_rich,5,200,5,8,12,4.269264398217963,True,True,,perf/incremental-yamada-frontier-order,1d8374f42cccbb16d78d44100a65ca603d7d1997,3.14.7,macOS-26.6.2-arm64-arm-64bit-Mach-O,arm,0.03333954210393131,0.16061570798046887,0.043526874971576035,0.011992875020951033,0.013453666935674846,0.026340291951783,3.9958045817911625e-05,0.013920916942879558,0.014263625023886561,0.0014459589729085565,0.05601075093727559,0.12502079096157104,0.0001735000405460596,0.2923127911053598,0.04038545803632587,0.33269824914168566,2.8416980057954788e-05,0.0001655840314924717,0.1654062489978969,0.3593614990822971,0.6558170419884846
4924,random_4921,random_cycle_chord,20260823,crossing_rich,4,200,5,9,13,6.073450974435879,True,True,,perf/incremental-yamada-frontier-order,1d8374f42cccbb16d78d44100a65ca603d7d1997,3.14.7,macOS-26.6.2-arm64-arm-64bit-Mach-O,arm,0.04726708307862282,0.1615651249885559,0.06169041607063264,0.010601832997053862,0.011443124967627227,0.023337541962973773,7.458392065018415e-05,0.012423958047293127,0.013137834030203521,0.0015371249755844474,0.05051104293670505,0.13428716594353318,0.0001169589813798666,0.1892837919294834,0.026410541962832212,0.21569433389231563,2.8458074666559696e-05,0.00016279099509119987,0.1606977079063654,0.3695299159735441,0.5635902499780059
4925,random_4922,random_cycle_chord,20260823,crossing_rich,5,200,5,9,13,4.26376071077531,True,True,,perf/incremental-yamada-frontier-order,1d8374f42cccbb16d78d44100a65ca603d7d1997,3.14.7,macOS-26.6.2-arm64-arm-64bit-Mach-O,arm,0.035805583000183105,0.1593557910528034,0.045639125048182905,0.011908625019714236,0.012871499988250434,0.025637042010203004,4.3874955736100674e-05,0.013234541984274983,0.014018542016856372,0.0014712080592289567,0.05440520902629942,0.12486695894040167,8.9708948507905e-05,0.1922675840323791,0.03031950001604855,0.22258708404842764,2.6082969270646572e-05,0.00015833298675715923,0.15518645895645022,0.3503478330094367,0.5474724589148536
4926,random_4923,random_cycle_chord,20260823,crossing_rich,2,200,4,8,11,6.413035812148589,True,True,,perf/incremental-yamada-frontier-order,1d8374f42cccbb16d78d44100a65ca603d7d1997,3.14.7,macOS-26.6.2-arm64-arm-64bit-Mach-O,arm,0.04074891691561788,0.15752899996005,0.05779933405574411,0.008963708998635411,0.009184665977954865,0.01812599995173514,3.183400258421898e-05,0.009409542079083622,0.009911915985867381,0.0010104590328410268,0.03848975105211139,0.11446658300701529,7.266702596098185e-05,0.14972308289725333,0.018427791073918343,0.16815087397117168,2.004194539040327e-05,0.00011483393609523773,0.13289437408093363,0.3311722909566015,0.4852721670176834
4927,random_4924,random_cycle_chord,20260823,crossing_rich,2,200,4,8,11,6.349898017840353,True,True,,perf/incremental-yamada-frontier-order,1d8374f42cccbb16d78d44100a65ca603d7d1997,3.14.7,macOS-26.6.2-arm64-arm-64bit-Mach-O,arm,0.039206958026625216,0.1537394169718027,0.05585804197471589,0.008393540978431702,0.008663083077408373,0.017037500045262277,2.9791961424052715e-05,0.008870374993421137,0.00923050008714199,0.0009279580553993583,0.036096125142648816,0.1090382500551641,6.991601549088955e-05,0.14656637504231185,0.01699387503322214,0.16356025007553399,1.9583036191761494e-05,0.00010620907414704561,0.12603212508838624,0.31897850008681417,0.46983933297451586
4928,random_4925,random_cycle_chord,20260823,crossing_rich,2,200,4,8,11,6.484445943582016,True,True,,perf/incremental-yamada-frontier-order,1d8374f42cccbb16d78d44100a65ca603d7d1997,3.14.7,macOS-26.6.2-arm64-arm-64bit-Mach-O,arm,0.03895604098215699,0.1511647499864921,0.05676374991890043,0.008488915977068245,0.009057500050403178,0.03444087505340576,0.00016412499826401472,0.02086325001437217,0.017246457980945706,0.00245795794762671,0.07517266599461436,0.14951450005173683,0.00029020803049206734,0.2997478749603033,0.017892958945594728,0.31764083390589803,2.3416941985487938e-05,0.00011937494855374098,0.16740745899733156,0.35752824996598065,0.661650332971476
4929,random_4926,random_cycle_chord,20260823,crossing_rich,2,200,4,8,11,6.58688131178982,True,True,,perf/incremental-yamada-frontier-order,1d8374f42cccbb16d78d44100a65ca603d7d1997,3.14.7,macOS-26.6.2-arm64-arm-64bit-Mach-O,arm,0.04263666702900082,0.15997429203707725,0.06320433295331895,0.009528332971967757,0.00939341599587351,0.020024416968226433,7.816695142537355e-05,0.011539667029865086,0.011310208006761968,0.0012173339491710067,0.04416979290544987,0.12632929091341794,0.00012554205022752285,0.16853945900220424,0.02042250009253621,0.18896195909474045,2.8667040169239044e-05,0.00014095893129706383,0.14675179100595415,0.3493627500720322,0.522498165955767
4930,random_4927,random_cycle_chord,20260823,crossing_rich,5,200,5,8,12,4.1167939005168,True,True,,perf/incremental-yamada-frontier-order,1d8374f42cccbb16d78d44100a65ca603d7d1997,3.14.7,macOS-26.6.2-arm64-arm-64bit-Mach-O,arm,0.034376666066236794,0.1619134999345988,0.037217707955278456,0.01193916704505682,0.013494332903064787,0.026613165973685682,4.7291978262364864e-05,0.013751500053331256,0.014638666063547134,0.001516958000138402,0.05656758206896484,0.11925695789977908,0.00023120897822082043,0.17730087495874614,0.03419537504669279,0.21149625000543892,3.250001464039087e-05,0.00018691702280193567,0.15345233294647187,0.34974249894730747,0.5321671249112114
4931,random_4928,random_cycle_chord,20260823,crossing_rich,5,200,5,10,14,4.116656313023226,True,True,,perf/incremental-yamada-frontier-order,1d8374f42cccbb16d78d44100a65ca603d7d1997,3.14.7,macOS-26.6.2-arm64-arm-64bit-Mach-O,arm,0.039943667012266815,0.1608652089489624,0.04173345793969929,0.01217450003605336,0.013034500065259635,0.025668582995422184,4.116701893508434e-05,0.013345625018700957,0.014163083047606051,0.0014864170225337148,0.05470487510319799,0.12168458302039653,0.0001027500256896019,0.2048584580188617,0.02932033292017877,0.23417879093904048,2.7292058803141117e-05,0.0001699170097708702,0.1510049159405753,0.3518137919018045,0.5614081670064479
4932,random_4929,random_cycle_chord,20260823,crossing_rich,3,200,5,11,15,5.015322365501681,True,True,,perf/incremental-yamada-frontier-order,1d8374f42cccbb16d78d44100a65ca603d7d1997,3.14.7,macOS-26.6.2-arm64-arm-64bit-Mach-O,arm,0.04434437502641231,0.1576024160021916,0.05233741702977568,0.01125091698486358,0.011975290952250361,0.023484667064622045,4.0584011003375053e-05,0.012244666926562786,0.012836916954256594,0.001294667017646134,0.049901501974090934,0.1255034579662606,9.933300316333771e-05,0.228906917036511,0.026723959017544985,0.255630876054056,2.837507054209709e-05,0.00015649991109967232,0.1522274169838056,0.3541742080124095,0.5879455829272047
4933,random_4930,random_cycle_chord,20260823,crossing_rich,5,200,5,8,12,4.202984541000543,True,True,,perf/incremental-yamada-frontier-order,1d8374f42cccbb16d78d44100a65ca603d7d1997,3.14.7,macOS-26.6.2-arm64-arm-64bit-Mach-O,arm,0.035061666974797845,0.16304854198824614,0.04614450002554804,0.011968874954618514,0.01339879201259464,0.02642283297609538,4.1499966755509377e-05,0.013676666072569788,0.014506749925203621,0.0014508330496028066,0.0560985819902271,0.1276473340112716,0.00028554198797792196,0.2865687080193311,0.029214875074103475,0.31578358309343457,2.7249916456639767e-05,0.00016495794989168644,0.15686220908537507,0.35497241804841906,0.6463234159164131
4934,random_4931,random_cycle_chord,20260823,crossing_rich,2,200,4,8,11,6.602723676308838,True,True,,perf/incremental-yamada-frontier-order,1d8374f42cccbb16d78d44100a65ca603d7d1997,3.14.7,macOS-26.6.2-arm64-arm-64bit-Mach-O,arm,0.04219225002452731,0.15890708297956735,0.06401758396532387,0.008830875041894615,0.009010499925352633,0.017850375035777688,3.200001083314419e-05,0.009197707986459136,0.00964095804374665,0.001010540989227593,0.03773158206604421,0.11961991700809449,7.287494372576475e-05,0.15017695806454867,0.01849587506148964,0.1686728331260383,2.0125065930187702e-05,0.00011683302000164986,0.13811579206958413,0.3392151250736788,0.49389433301985264
4935,random_4932,random_cycle_chord,20260823,crossing_rich,4,200,5,9,13,6.08407059556293,True,True,,perf/incremental-yamada-frontier-order,1d8374f42cccbb16d78d44100a65ca603d7d1997,3.14.7,macOS-26.6.2-arm64-arm-64bit-Mach-O,arm,0.04405604093335569,0.15234116709325463,0.05699087493121624,0.01019641594029963,0.011357916984707117,0.02243104192893952,3.79589619114995e-05,0.011603959021158516,0.012199625023640692,0.0012750419555231929,0.04754762689117342,0.12612754199653864,7.954100146889687e-05,0.1763556250371039,0.02472437499091029,0.20108000002801418,2.337503246963024e-05,0.00013737508561462164,0.15085191698744893,0.34724912501405925,0.5280791660770774
4936,random_4933,random_cycle_chord,20260823,crossing_rich,2,200,4,9,12,6.077779178488483,True,True,,perf/incremental-yamada-frontier-order,1d8374f42cccbb16d78d44100a65ca603d7d1997,3.14.7,macOS-26.6.2-arm64-arm-64bit-Mach-O,arm,0.03965287492610514,0.1502002909546718,0.053007999900728464,0.008325790986418724,0.008586499956436455,0.016952708014287055,3.087497316300869e-05,0.00881237501744181,0.00930579099804163,0.0010096660116687417,0.036111415014602244,0.1060594170121476,7.204199209809303e-05,0.15904587495606393,0.016768041998147964,0.1758139169542119,1.979200169444084e-05,0.00011058291420340538,0.12282745901029557,0.3126806248910725,0.47599770792294294
4937,random_4934,random_cycle_chord,20260823,crossing_rich,12,200,8,15,22,4.047354062456353,True,True,,perf/incremental-yamada-frontier-order,1d8374f42cccbb16d78d44100a65ca603d7d1997,3.14.7,macOS-26.6.2-arm64-arm-64bit-Mach-O,arm,0.05567866691853851,0.14926641597412527,0.04591870796866715,0.016315957996994257,0.020101958070881665,0.03970337507780641,9.391701314598322e-05,0.020269874949008226,0.021660833968780935,0.002604624954983592,0.08433262596372515,0.16674300003796816,0.00012112490367144346,0.3196804999606684,0.06595445796847343,0.3856349579291418,4.316598642617464e-05,0.0002744169905781746,0.2326974580064416,0.43764254089910537,0.7625973329413682
4938,random_4935,random_cycle_chord,20260823,crossing_rich,4,200,6,12,17,4.529364699085401,True,True,,perf/incremental-yamada-frontier-order,1d8374f42cccbb16d78d44100a65ca603d7d1997,3.14.7,macOS-26.6.2-arm64-arm-64bit-Mach-O,arm,0.044549375073984265,0.14925820799544454,0.04897716699633747,0.011574332951568067,0.012791333021596074,0.025204624980688095,5.487492308020592e-05,0.01299545809160918,0.013779083034023643,0.001525708008557558,0.05355974903795868,0.12695008306764066,9.44170169532299e-05,0.22982712497469038,0.02922449994366616,0.25905162491835654,2.7957954443991184e-05,0.00016020808834582567,0.15617458301130682,0.3499821660807356,0.5843571251025423
4939,random_4936,random_cycle_chord,20260823,crossing_rich,7,200,6,13,18,4.173776690912297,True,True,,perf/incremental-yamada-frontier-order,1d8374f42cccbb16d78d44100a65ca603d7d1997,3.14.7,macOS-26.6.2-arm64-arm-64bit-Mach-O,arm,0.045656415983103216,0.15049212495796382,0.04259970795828849,0.014334375038743019,0.015103999990969896,0.029705584049224854,4.549999721348286e-05,0.015394916059449315,0.016361166955903172,0.00178454106207937,0.0632917081238702,0.13537154195364565,0.00010045897215604782,0.249707916053012,0.03781195904593915,0.28751987509895116,2.9667047783732414e-05,0.00018933392129838467,0.1731835009995848,0.36933204194065183,0.6241094169672579
4940,random_4937,random_cycle_chord,20260823,crossing_rich,2,200,4,8,11,6.600862556436751,True,True,,perf/incremental-yamada-frontier-order,1d8374f42cccbb16d78d44100a65ca603d7d1997,3.14.7,macOS-26.6.2-arm64-arm-64bit-Mach-O,arm,0.03936516703106463,0.16001749993301928,0.05831595801282674,0.008831124985590577,0.008864542003720999,0.017536125029437244,5.0332979299128056e-05,0.009198458050377667,0.009553208015859127,0.0009842499857768416,0.03732237406075001,0.11336245795246214,7.854204159229994e-05,0.15277449996210635,0.017992875073105097,0.17076737503521144,2.254103310406208e-05,0.00012012501247227192,0.13135533302556723,0.33073799998965114,0.4878144169924781
4941,random_4938,random_cycle_chord,20260823,crossing_rich,5,200,5,8,12,4.209732750235585,True,True,,perf/incremental-yamada-frontier-order,1d8374f42cccbb16d78d44100a65ca603d7d1997,3.14.7,macOS-26.6.2-arm64-arm-64bit-Mach-O,arm,0.03229275008197874,0.15218229196034372,0.043478333042003214,0.011498916079290211,0.01299095805734396,0.025668082991614938,3.8458965718746185e-05,0.013269832939840853,0.0139872080180794,0.0014461670070886612,0.0544097499223426,0.12241449998691678,0.00016783399041742086,0.31287974992301315,0.03433966694865376,0.3472194168716669,3.362505231052637e-05,0.00019149994477629662,0.15675416693557054,0.341229208977893,0.6584978339960799
4942,random_4939,random_cycle_chord,20260823,crossing_rich,5,200,5,8,12,4.103470375491604,True,True,,perf/incremental-yamada-frontier-order,1d8374f42cccbb16d78d44100a65ca603d7d1997,3.14.7,macOS-26.6.2-arm64-arm-64bit-Mach-O,arm,0.0359018329763785,0.17100445798132569,0.04951220902148634,0.015587541973218322,0.015780124929733574,0.03198450000490993,0.00010200007818639278,0.01632304210215807,0.017032083007507026,0.0017313749995082617,0.06717300019226968,0.14813391701318324,0.00026704196352511644,0.19545941706746817,0.03225741605274379,0.22771683312021196,2.916704397648573e-05,0.0001775840064510703,0.18039133306592703,0.3872976240236312,0.5883403749903664
4943,random_4940,random_cycle_chord,20260823,baseline,0,200,3,11,13,5.2197954680951915,True,True,,perf/incremental-yamada-frontier-order,1d8374f42cccbb16d78d44100a65ca603d7d1997,3.14.7,macOS-26.6.2-arm64-arm-64bit-Mach-O,arm,0.04347349994350225,0.17404025001451373,0.030593625036999583,0.008562417002394795,0.008227583020925522,0.01618112507276237,3.741704858839512e-05,0.008467208012007177,0.008643124951049685,0.0006086670327931643,0.03393754211720079,0.0813464579405263,0.00010212510824203491,0.19362066697794944,0.009113790933042765,0.2027344579109922,1.6584061086177826e-05,7.974996697157621e-05,0.09046024887356907,0.30797399883158505,0.5064991250401363
4944,random_4941,random_cycle_chord,20260823,crossing_rich,4,200,5,11,15,4.589442236370074,True,True,,perf/incremental-yamada-frontier-order,1d8374f42cccbb16d78d44100a65ca603d7d1997,3.14.7,macOS-26.6.2-arm64-arm-64bit-Mach-O,arm,0.04490570805501193,0.16342679096851498,0.04562345799058676,0.012069916003383696,0.012805874925106764,0.025362915941514075,6.466603372246027e-05,0.013317208038643003,0.014157791971229017,0.0015222919173538685,0.05442487390246242,0.12497512507252395,0.0001140419626608491,0.23115479201078415,0.030421874951571226,0.2615766669623554,3.345904406160116e-05,0.00016908394172787666,0.15539700002409518,0.3637294990476221,0.600051625049673
4945,random_4942,random_cycle_chord,20260823,crossing_rich,5,200,6,12,17,4.104354928123638,True,True,,perf/incremental-yamada-frontier-order,1d8374f42cccbb16d78d44100a65ca603d7d1997,3.14.7,macOS-26.6.2-arm64-arm-64bit-Mach-O,arm,0.048861625022254884,0.16743537492584437,0.0551584999775514,0.013150625047273934,0.016805542050860822,0.036846915958449244,0.00016900000628083944,0.01828716602176428,0.016705958056263626,0.0018928330391645432,0.07390187308192253,0.1591337500140071,0.0001914160093292594,0.26515058404766023,0.034050374990329146,0.2992009590379894,4.10410575568676e-05,0.0002062919083982706,0.19318412500433624,0.4094811249524355,0.6800794580485672
4946,random_4943,random_cycle_chord,20260823,crossing_rich,4,200,5,11,15,4.595226363887474,True,True,,perf/incremental-yamada-frontier-order,1d8374f42cccbb16d78d44100a65ca603d7d1997,3.14.7,macOS-26.6.2-arm64-arm-64bit-Mach-O,arm,0.04354904196225107,0.1653611249057576,0.04752783302683383,0.013254667050205171,0.012773792026564479,0.02701083302963525,8.354207966476679e-05,0.013574208016507328,0.014242541044950485,0.0014751250855624676,0.0563862492563203,0.12998675007838756,0.0001485419925302267,0.23499062506016344,0.025350583950057626,0.26034120901022106,2.7833040803670883e-05,0.00015854195225983858,0.15533733402844518,0.36424750089645386,0.6044730830471963
4947,random_4944,random_cycle_chord,20260823,crossing_rich,3,200,4,8,11,4.260312383263227,True,True,,perf/incremental-yamada-frontier-order,1d8374f42cccbb16d78d44100a65ca603d7d1997,3.14.7,macOS-26.6.2-arm64-arm-64bit-Mach-O,arm,0.030648582964204252,0.15915391698945314,0.03922591602895409,0.010069499956443906,0.010745959007181227,0.021115959039889276,3.245903644710779e-05,0.010964791988953948,0.011472624959424138,0.0010509999701753259,0.044636834994889796,0.10470749996602535,7.570791058242321e-05,0.157048917026259,0.02087891602423042,0.17792783305048943,2.1832995116710663e-05,0.00012841704301536083,0.12558641599025577,0.31538891594391316,0.4773784999269992
4948,random_4945,random_cycle_chord,20260823,crossing_rich,4,200,5,9,13,6.084457692240591,True,True,,perf/incremental-yamada-frontier-order,1d8374f42cccbb16d78d44100a65ca603d7d1997,3.14.7,macOS-26.6.2-arm64-arm-64bit-Mach-O,arm,0.04611187498085201,0.157737624947913,0.05797708407044411,0.010145958047360182,0.010773666086606681,0.021366833010688424,4.35409601777792e-05,0.011014832998625934,0.011712874984368682,0.0013608330627903342,0.045498915016651154,0.12443129206076264,8.358398918062449e-05,0.18050158396363258,0.026064041070640087,0.20656562503427267,2.454104833304882e-05,0.00015316600911319256,0.15049533313140273,0.35434483306016773,0.5399552499875426
4949,random_4946,random_cycle_chord,20260823,crossing_rich,5,200,5,8,12,4.177342466391329,True,True,,perf/incremental-yamada-frontier-order,1d8374f42cccbb16d78d44100a65ca603d7d1997,3.14.7,macOS-26.6.2-arm64-arm-64bit-Mach-O,arm,0.031494249938987195,0.16686224995646626,0.044862624956294894,0.012000791961327195,0.013394791982136667,0.026468709111213684,6.066600326448679e-05,0.013767624972388148,0.014440083992667496,0.0014770000707358122,0.05621408415026963,0.12651983299292624,0.00019733398221433163,0.1731147919781506,0.028390666004270315,0.20150545798242092,2.6084017008543015e-05,0.0001645000884309411,0.15491049899719656,0.35326699889265,0.531551375053823
4950,random_4947,random_cycle_chord,20260823,crossing_rich,2,200,4,10,13,5.401992725244705,True,True,,perf/incremental-yamada-frontier-order,1d8374f42cccbb16d78d44100a65ca603d7d1997,3.14.7,macOS-26.6.2-arm64-arm-64bit-Mach-O,arm,0.039164209039881825,0.15395099995657802,0.04908841697033495,0.008436874952167273,0.008663084008730948,0.017078042030334473,3.066600766032934e-05,0.009038625052198768,0.009477667044848204,0.0009517919970676303,0.036576792132109404,0.1027924579102546,7.595797069370747e-05,0.25655937497504056,0.016681000008247793,0.27324037498328835,2.008303999900818e-05,0.00010837498120963573,0.11947345791850239,0.31258866691496223,0.5733707919716835
4951,random_4948,random_cycle_chord,20260823,crossing_rich,5,200,5,8,12,4.218535912255091,True,True,,perf/incremental-yamada-frontier-order,1d8374f42cccbb16d78d44100a65ca603d7d1997,3.14.7,macOS-26.6.2-arm64-arm-64bit-Mach-O,arm,0.03120937489438802,0.23396733298432082,0.046904916991479695,0.012530417065136135,0.013527666917070746,0.0267566250404343,5.483301356434822e-05,0.014231416978873312,0.014664457994513214,0.0014961250126361847,0.05720345804002136,0.13021941599436104,0.00019066594541072845,0.3074981669196859,0.043224583962000906,0.3507227508816868,4.000007174909115e-05,0.00017891591414809227,0.17344399995636195,0.4386207078350708,0.7506499999435619
4952,random_4949,random_cycle_chord,20260823,crossing_rich,5,200,5,8,12,4.243208462037793,True,True,,perf/incremental-yamada-frontier-order,1d8374f42cccbb16d78d44100a65ca603d7d1997,3.14.7,macOS-26.6.2-arm64-arm-64bit-Mach-O,arm,0.03577891690656543,0.16627258399967104,0.046761457924731076,0.013907875050790608,0.014943334041163325,0.029396082973107696,7.924996316432953e-05,0.014997667050920427,0.015756625100038946,0.0015765830175951123,0.06180620810482651,0.13750599999912083,0.0003495409619063139,0.3227190829347819,0.043273249990306795,0.3659923329250887,4.700000863522291e-05,0.00017854105681180954,0.18077924998942763,0.3828307508956641,0.7105393330566585
4953,random_4950,random_cycle_chord,20260823,crossing_rich,3,200,4,8,11,4.094756978759422,True,True,,perf/incremental-yamada-frontier-order,1d8374f42cccbb16d78d44100a65ca603d7d1997,3.14.7,macOS-26.6.2-arm64-arm-64bit-Mach-O,arm,0.03266499994788319,0.17923458304721862,0.0490737910149619,0.011870292015373707,0.013359208009205759,0.07586470805108547,9.487499482929707e-05,0.016153624979779124,0.01766787504311651,0.002244084025733173,0.11202516709454358,0.18640279199462384,0.00013658299576491117,0.21140295907389373,0.02714283298701048,0.2385457920609042,4.1624996811151505e-05,0.00015175004955381155,0.21354562498163432,0.42544520797673613,0.6423950829776004
4954,random_4951,random_cycle_chord,20260823,crossing_rich,5,200,5,9,13,4.2904077179919105,True,True,,perf/incremental-yamada-frontier-order,1d8374f42cccbb16d78d44100a65ca603d7d1997,3.14.7,macOS-26.6.2-arm64-arm-64bit-Mach-O,arm,0.046842874959111214,0.18831616698298603,0.049506874987855554,0.016105541959404945,0.016015874920412898,0.030319583020173013,7.745798211544752e-05,0.015783541020937264,0.01612670801114291,0.001616374938748777,0.06392366497311741,0.1456078749615699,0.00010966695845127106,0.22146912501193583,0.03890099993441254,0.26037012494634837,3.9082951843738556e-05,0.0002013749908655882,0.18450887489598244,0.4196679168380797,0.6470022080466151
4955,random_4952,random_cycle_chord,20260823,crossing_rich,4,200,5,11,15,4.591456241264127,True,True,,perf/incremental-yamada-frontier-order,1d8374f42cccbb16d78d44100a65ca603d7d1997,3.14.7,macOS-26.6.2-arm64-arm-64bit-Mach-O,arm,0.052230749977752566,0.18458895897492766,0.04800279205664992,0.012397125014103949,0.012848249985836446,0.025433292030356824,6.262492388486862e-05,0.012955790967680514,0.01376308302860707,0.0015183750074356794,0.05373316595796496,0.12702174996957183,0.00010899989865720272,0.22423099994193763,0.03181249997578561,0.25604349991772324,3.699993249028921e-05,0.00017950008623301983,0.15883424994535744,0.39565395889803767,0.6252439999952912
4956,random_4953,random_cycle_chord,20260823,crossing_rich,2,200,4,8,11,6.33269410418888,True,True,,perf/incremental-yamada-frontier-order,1d8374f42cccbb16d78d44100a65ca603d7d1997,3.14.7,macOS-26.6.2-arm64-arm-64bit-Mach-O,arm,0.04570791695732623,0.17338887497317046,0.06999350001569837,0.010567040997557342,0.01024333294481039,0.0197095419280231,4.158297087997198e-05,0.010507667087949812,0.010924250003881752,0.001117417006753385,0.04230045899748802,0.13314583303872496,0.00010008295066654682,0.1703799170209095,0.022033083019778132,0.19241300004068762,3.0084047466516495e-05,0.000136125017888844,0.1551789160585031,0.3742757079889998,0.5499229999259114
4957,random_4954,random_cycle_chord,20260823,crossing_rich,5,200,6,12,17,4.033837950197918,True,True,,perf/incremental-yamada-frontier-order,1d8374f42cccbb16d78d44100a65ca603d7d1997,3.14.7,macOS-26.6.2-arm64-arm-64bit-Mach-O,arm,0.05213358299806714,0.23695370799396187,0.05133212497457862,0.014953959034755826,0.016225166036747396,0.03125250001903623,0.00012599991168826818,0.016403916059061885,0.016217999975197017,0.0018685410032048821,0.06586895696818829,0.14846875006332994,0.00015908293426036835,0.27129258296918124,0.033614750020205975,0.3049073329893872,3.587501123547554e-05,0.00019433291163295507,0.1820835000835359,0.4711707910755649,0.7486860420322046
4958,random_4955,random_cycle_chord,20260823,crossing_rich,2,200,4,8,11,6.597163629607338,True,True,,perf/incremental-yamada-frontier-order,1d8374f42cccbb16d78d44100a65ca603d7d1997,3.14.7,macOS-26.6.2-arm64-arm-64bit-Mach-O,arm,0.044154625036753714,0.17697037500329316,0.0550855410983786,0.009184541995637119,0.009027249994687736,0.017813125043176115,3.0249939300119877e-05,0.009273917065002024,0.00974470900837332,0.001017875038087368,0.03787987609393895,0.11120491696055979,7.30419997125864e-05,0.15030216705054045,0.01753333304077387,0.16783550009131432,2.058397512882948e-05,0.00011337501928210258,0.12873825000133365,0.3498632500413805,0.5047783749178052
4959,random_4956,random_cycle_chord,20260823,crossing_rich,6,200,6,10,15,5.626528405440958,True,True,,perf/incremental-yamada-frontier-order,1d8374f42cccbb16d78d44100a65ca603d7d1997,3.14.7,macOS-26.6.2-arm64-arm-64bit-Mach-O,arm,0.04745883296709508,0.16232387500349432,0.07279970904346555,0.013135167071595788,0.014006374985910952,0.027482665958814323,8.083297871053219e-05,0.014296249952167273,0.015424833982251585,0.0019308329792693257,0.05921541585121304,0.15920291701331735,0.00029029196593910456,0.2207387499511242,0.03966383298393339,0.2604025829350576,4.283303860574961e-05,0.00020954199135303497,0.19886674999725074,0.40864945796784014,0.6350870410678908
4960,random_4957,random_cycle_chord,20260823,crossing_rich,4,200,5,8,12,6.5969544421392525,True,True,,perf/incremental-yamada-frontier-order,1d8374f42cccbb16d78d44100a65ca603d7d1997,3.14.7,macOS-26.6.2-arm64-arm-64bit-Mach-O,arm,0.05229258397594094,0.19107058295048773,0.0715786669170484,0.01139166601933539,0.012465166975744069,0.025854790932498872,0.00010416703298687935,0.012931874953210354,0.01386437495239079,0.0028920420445501804,0.055647249915637076,0.15116658294573426,0.0002590829972177744,0.20037216693162918,0.034948958083987236,0.23532112501561642,3.98330157622695e-05,0.00019604188855737448,0.1861155410297215,0.4294787079561502,0.6352740839356557
4961,random_4958,random_cycle_chord,20260823,crossing_rich,4,200,5,8,12,6.591642903675357,True,True,,perf/incremental-yamada-frontier-order,1d8374f42cccbb16d78d44100a65ca603d7d1997,3.14.7,macOS-26.6.2-arm64-arm-64bit-Mach-O,arm,0.0538710409309715,0.16645804210565984,0.06749741709791124,0.010993332951329648,0.011607666965574026,0.023101125028915703,4.691607318818569e-05,0.011970708961598575,0.012619042070582509,0.0015187500976026058,0.04925654223188758,0.13939670799300075,0.0001858751056715846,0.17499008297454566,0.027473416063003242,0.2024634990375489,2.662499900907278e-05,0.00016850000247359276,0.166870124056004,0.38719920709263533,0.5670599170261994
4962,random_4959,random_cycle_chord,20260823,crossing_rich,5,200,5,8,12,4.119492376090686,True,True,,perf/incremental-yamada-frontier-order,1d8374f42cccbb16d78d44100a65ca603d7d1997,3.14.7,macOS-26.6.2-arm64-arm-64bit-Mach-O,arm,0.033105208072811365,0.17164187505841255,0.0481185830431059,0.01483558292966336,0.014802541001699865,0.02862229198217392,6.187497638165951e-05,0.01475483295507729,0.01569058303721249,0.0015842500142753124,0.06071383296512067,0.1385412079980597,0.00020999996922910213,0.19171020900830626,0.03728837496601045,0.22899858397431672,3.324996214359999e-05,0.00018983404152095318,0.17582958296407014,0.38057666609529406,0.5778185420203954
4963,random_4960,random_cycle_chord,20260823,crossing_rich,2,200,4,10,13,5.626373764405588,True,True,,perf/incremental-yamada-frontier-order,1d8374f42cccbb16d78d44100a65ca603d7d1997,3.14.7,macOS-26.6.2-arm64-arm-64bit-Mach-O,arm,0.0489533330546692,0.17687104095239192,0.05618029192555696,0.0105639579705894,0.010830459068529308,0.020765500026755035,4.412501584738493e-05,0.010745250037871301,0.011000874917954206,0.0009757089428603649,0.04353145894128829,0.12115429097320884,9.80000477284193e-05,0.17672945791855454,0.016879708971828222,0.19360916689038277,2.1208077669143677e-05,0.00011587503831833601,0.13803399994503707,0.3638583739520982,0.5454246249282733
4964,random_4961,random_cycle_chord,20260823,crossing_rich,2,200,4,8,11,6.584667531388948,True,True,,perf/incremental-yamada-frontier-order,1d8374f42cccbb16d78d44100a65ca603d7d1997,3.14.7,macOS-26.6.2-arm64-arm-64bit-Mach-O,arm,0.04322550003416836,0.1736602078890428,0.07552804204169661,0.010720166028477252,0.010517667047679424,0.021598708000965416,8.620903827250004e-05,0.011667583021335304,0.01338350004516542,0.0015751250321045518,0.04831112513784319,0.1451431669993326,0.00016383302863687277,0.182240542024374,0.021963333943858743,0.20420387596823275,3.245798870921135e-05,0.00014299992471933365,0.16710650094319135,0.3839922088664025,0.5714016249403358
4965,random_4962,random_cycle_chord,20260823,crossing_rich,4,200,5,8,12,6.603680937276412,True,True,,perf/incremental-yamada-frontier-order,1d8374f42cccbb16d78d44100a65ca603d7d1997,3.14.7,macOS-26.6.2-arm64-arm-64bit-Mach-O,arm,0.05114016600418836,0.17196237505413592,0.07007079210598022,0.011144833057187498,0.011778166983276606,0.02299000008497387,4.7541921958327293e-05,0.012155291042290628,0.01249308290425688,0.0015259579522535205,0.04921187390573323,0.1422466249205172,0.00017195800319314003,0.19066887500230223,0.03456916706636548,0.2252380420686677,3.470899537205696e-05,0.00019670906476676464,0.1768157919868827,0.39991833304520696,0.5956406659679487
4966,random_4963,random_cycle_chord,20260823,crossing_rich,3,200,4,10,13,4.256326989031691,True,True,,perf/incremental-yamada-frontier-order,1d8374f42cccbb16d78d44100a65ca603d7d1997,3.14.7,macOS-26.6.2-arm64-arm-64bit-Mach-O,arm,0.04017566691618413,0.2321382500231266,0.04130829207133502,0.010906334035098553,0.011524833040311933,0.02232158393599093,5.4292031563818455e-05,0.011610749992541969,0.012143749976530671,0.0011274160351604223,0.04725779197178781,0.11105587496422231,0.00010779104195535183,0.1815613330109045,0.020354332984425128,0.20191566599532962,2.345792017877102e-05,0.00014216708950698376,0.13141020794864744,0.40372412488795817,0.5901522500207648
4967,random_4964,random_cycle_chord,20260823,crossing_rich,5,200,5,8,12,4.2145284247684,True,True,,perf/incremental-yamada-frontier-order,1d8374f42cccbb16d78d44100a65ca603d7d1997,3.14.7,macOS-26.6.2-arm64-arm-64bit-Mach-O,arm,0.033200584002770483,0.1587388749467209,0.04587329097557813,0.012141124927438796,0.013338125078007579,0.026039874996058643,3.8375030271708965e-05,0.013283959007821977,0.013970499974675477,0.0013977499911561608,0.054730458999983966,0.12611879198811948,0.00027424993459135294,0.2444197089644149,0.02802887500729412,0.272448583971709,2.662499900907278e-05,0.00016133300960063934,0.1541476669954136,0.346087125944905,0.5956192910671234
4968,random_4965,random_cycle_chord,20260823,crossing_rich,4,200,5,11,15,5.0465830348806815,True,True,,perf/incremental-yamada-frontier-order,1d8374f42cccbb16d78d44100a65ca603d7d1997,3.14.7,macOS-26.6.2-arm64-arm-64bit-Mach-O,arm,0.0430079170037061,0.15357595798559487,0.04372487496584654,0.010477917036041617,0.01159129198640585,0.022714124992489815,4.924996756017208e-05,0.01173316698987037,0.01239970896858722,0.0013972920132800937,0.04829354293178767,0.1141276250127703,8.883292321115732e-05,0.2025103340856731,0.026088332990184426,0.22859866707585752,2.4165958166122437e-05,0.00015604100190103054,0.14021595800295472,0.3367998329922557,0.543754291953519
4969,random_4966,random_cycle_chord,20260823,crossing_rich,5,200,6,11,16,4.612179148952881,True,True,,perf/incremental-yamada-frontier-order,1d8374f42cccbb16d78d44100a65ca603d7d1997,3.14.7,macOS-26.6.2-arm64-arm-64bit-Mach-O,arm,0.04247762495651841,0.14968174998648465,0.04424616601318121,0.011696791974827647,0.013166915974579751,0.0259129999903962,5.533394869416952e-05,0.013468791963532567,0.014163207961246371,0.001522707985714078,0.05512304184958339,0.12427854095585644,9.241607040166855e-05,0.21582720801234245,0.030094292014837265,0.24592150002717972,2.78339721262455e-05,0.0001610829494893551,0.1543728329706937,0.34653220791369677,0.5669132500188425
4970,random_4967,random_cycle_chord,20260823,crossing_rich,6,200,6,10,15,5.6240557677553875,True,True,,perf/incremental-yamada-frontier-order,1d8374f42cccbb16d78d44100a65ca603d7d1997,3.14.7,macOS-26.6.2-arm64-arm-64bit-Mach-O,arm,0.04687479208223522,0.149688542005606,0.05867237492930144,0.011272334028035402,0.012700499966740608,0.025043791974894702,4.337495192885399e-05,0.01298908400349319,0.013977208058349788,0.0016963750822469592,0.053749834070913494,0.1364347089547664,0.00022070901468396187,0.20168670802377164,0.03324324998538941,0.23492995800916106,2.920802216976881e-05,0.00018091604579240084,0.1696779589401558,0.366241293027997,0.5729252079036087
4971,random_4968,random_cycle_chord,20260823,crossing_rich,3,200,5,10,14,5.047097599805189,True,True,,perf/incremental-yamada-frontier-order,1d8374f42cccbb16d78d44100a65ca603d7d1997,3.14.7,macOS-26.6.2-arm64-arm-64bit-Mach-O,arm,0.03976433398202062,0.1496417080052197,0.04481387499254197,0.009767916984856129,0.010630292003042996,0.02112229203339666,3.7917052395641804e-05,0.010986749897710979,0.011586333042941988,0.0012631660792976618,0.04499645810574293,0.11024224990978837,8.133403025567532e-05,0.27949283295311034,0.023167875013314188,0.3026607079664245,2.466596197336912e-05,0.00013883307110518217,0.13341012492310256,0.32281616691034287,0.6064447920070961
4972,random_4969,random_cycle_chord,20260823,baseline,0,200,3,11,13,4.100047020608787,True,True,,perf/incremental-yamada-frontier-order,1d8374f42cccbb16d78d44100a65ca603d7d1997,3.14.7,macOS-26.6.2-arm64-arm-64bit-Mach-O,arm,0.03296158311422914,0.15138337505050004,0.020964541006833315,0.007111583021469414,0.007026499952189624,0.013828207971528172,2.3541972041130066e-05,0.007178416941314936,0.007288666907697916,0.0005517920944839716,0.028870625887066126,0.06399229192174971,6.787502206861973e-05,0.17672774998936802,0.009069583960808814,0.18579733395017684,1.5290919691324234e-05,7.129204459488392e-05,0.07306187588255852,0.2574068340472877,0.43834270793013275
4973,random_4970,random_cycle_chord,20260823,crossing_rich,5,200,5,8,12,4.177802586054654,True,True,,perf/incremental-yamada-frontier-order,1d8374f42cccbb16d78d44100a65ca603d7d1997,3.14.7,macOS-26.6.2-arm64-arm-64bit-Mach-O,arm,0.03229370899498463,0.156274790992029,0.04500141693279147,0.011806249967776239,0.013339625089429319,0.027029957971535623,0.00010116701014339924,0.015354375005699694,0.01604699995368719,0.0015174589352682233,0.06004995887633413,0.13023529096972197,0.00023008394055068493,0.30182570905890316,0.028903708909638226,0.3307294179685414,2.9959017410874367e-05,0.0001806250074878335,0.1591389998793602,0.34770749986637384,0.6541906660422683
4974,random_4971,random_cycle_chord,20260823,crossing_rich,2,200,4,9,12,5.957403830500096,True,True,,perf/incremental-yamada-frontier-order,1d8374f42cccbb16d78d44100a65ca603d7d1997,3.14.7,macOS-26.6.2-arm64-arm-64bit-Mach-O,arm,0.04232899995986372,0.1617964580655098,0.06038733304012567,0.009208375005982816,0.009278291021473706,0.01864674990065396,3.224995452910662e-05,0.009586249943822622,0.010292958002537489,0.0010046249954029918,0.03956283279694617,0.11846566700842232,7.704203017055988e-05,0.17207820795010775,0.018517208052799106,0.19059541600290686,2.0832987502217293e-05,0.0001242910511791706,0.13698287506122142,0.34110833308659494,0.5176835000747815
4975,random_4972,random_cycle_chord,20260823,crossing_rich,5,200,5,8,12,4.111619730219459,True,True,,perf/incremental-yamada-frontier-order,1d8374f42cccbb16d78d44100a65ca603d7d1997,3.14.7,macOS-26.6.2-arm64-arm-64bit-Mach-O,arm,0.033711375086568296,0.16166529199108481,0.04379062494263053,0.012455290998332202,0.013889541034586728,0.027365542016923428,5.76250022277236e-05,0.014758459059521556,0.015357709024101496,0.00209866592194885,0.05963800102472305,0.1298139999853447,0.00036345794796943665,0.1866162499645725,0.029029458994045854,0.21564570895861834,2.916704397648573e-05,0.00017383298836648464,0.15884345897939056,0.35422012605704367,0.5459526249906048
4976,random_4973,random_cycle_chord,20260823,crossing_rich,5,200,5,8,12,4.109140549165668,True,True,,perf/incremental-yamada-frontier-order,1d8374f42cccbb16d78d44100a65ca603d7d1997,3.14.7,macOS-26.6.2-arm64-arm-64bit-Mach-O,arm,0.033244083053432405,0.21773408295121044,0.047805459005758166,0.01748170901555568,0.020848541986197233,0.04248337505850941,0.00016966601833701134,0.01791066594887525,0.017294333083555102,0.0017032499890774488,0.07956129009835422,0.16579995793290436,0.00026333308778703213,0.20205129100941122,0.03341224999167025,0.23546354100108147,4.083290696144104e-05,0.0001965840347111225,0.1992122079245746,0.45019037392921746,0.6580851670587435
4977,random_4974,random_cycle_chord,20260823,crossing_rich,5,200,6,12,17,4.0223354274687315,True,True,,perf/incremental-yamada-frontier-order,1d8374f42cccbb16d78d44100a65ca603d7d1997,3.14.7,macOS-26.6.2-arm64-arm-64bit-Mach-O,arm,0.049908958026207983,0.17412666697055101,0.04158333293162286,0.013796709012240171,0.01522441697306931,0.02815645805094391,6.404193118214607e-05,0.014501666999422014,0.015340958023443818,0.0017642080783843994,0.05982733308337629,0.13050908292643726,0.00013566704001277685,0.2666391250677407,0.037559333024546504,0.3041984580922872,4.6083005145192146e-05,0.00020791601855307817,0.16806841595098376,0.39210404094774276,0.664560041972436
4978,random_4975,random_cycle_chord,20260823,crossing_rich,5,200,5,8,12,4.284725429715022,True,True,,perf/incremental-yamada-frontier-order,1d8374f42cccbb16d78d44100a65ca603d7d1997,3.14.7,macOS-26.6.2-arm64-arm-64bit-Mach-O,arm,0.09742333297617733,0.344293792033568,0.06699420907534659,0.020606208010576665,0.019967625034041703,0.039420833927579224,0.00011704093776643276,0.022334165987558663,0.021264875074848533,0.0024702090304344893,0.08560712495818734,0.1932735830778256,0.0004218339454382658,0.3182013329351321,0.053459165967069566,0.37166049890220165,5.366699770092964e-05,0.00028250005561858416,0.24673274904489517,0.6884498740546405,1.01477404194884
4979,random_4976,random_cycle_chord,20260823,crossing_rich,2,200,4,8,11,6.58400108799801,True,True,,perf/incremental-yamada-frontier-order,1d8374f42cccbb16d78d44100a65ca603d7d1997,3.14.7,macOS-26.6.2-arm64-arm-64bit-Mach-O,arm,0.0815417499979958,0.3249685000628233,0.08529045793693513,0.011889624991454184,0.01180620794184506,0.022898999974131584,5.608296487480402e-05,0.012093707919120789,0.012711375020444393,0.0013505000388249755,0.049110665917396545,0.1581570829730481,0.00012520805466920137,0.18974408297799528,0.024113790947012603,0.21385787392500788,3.316695801913738e-05,0.00015608302783221006,0.1822708739200607,0.5887811239808798,0.7854458340443671
4980,random_4977,random_cycle_chord,20260823,crossing_rich,2,200,4,9,12,6.075640457834864,True,True,,perf/incremental-yamada-frontier-order,1d8374f42cccbb16d78d44100a65ca603d7d1997,3.14.7,macOS-26.6.2-arm64-arm-64bit-Mach-O,arm,0.039371500024572015,0.17974895902443677,0.05162545794155449,0.008620499982498586,0.008747957996092737,0.0172143749659881,3.0957977287471294e-05,0.008975959033705294,0.009278459008783102,0.0008866250282153487,0.036386376013979316,0.10540808306541294,7.654097862541676e-05,0.15699970803689212,0.015444457996636629,0.17244416603352875,2.0459061488509178e-05,0.0001028749393299222,0.12085254106204957,0.33997300011105835,0.5012256250483915
4981,random_4978,random_cycle_chord,20260823,crossing_rich,4,200,5,8,12,6.589569951003085,True,True,,perf/incremental-yamada-frontier-order,1d8374f42cccbb16d78d44100a65ca603d7d1997,3.14.7,macOS-26.6.2-arm64-arm-64bit-Mach-O,arm,0.043740166001953185,0.15303041599690914,0.06120204192120582,0.009825333021581173,0.01067129208240658,0.02101045905146748,3.745791036635637e-05,0.010923750000074506,0.011696540983393788,0.001425999915227294,0.04509420786052942,0.12682645895984024,0.00015774997882544994,0.16078408306930214,0.02697912510484457,0.1877632081741467,2.3916014470160007e-05,0.00015324994456022978,0.1538055840646848,0.35057616606354713,0.5158042500261217
4982,random_4979,random_cycle_chord,20260823,crossing_rich,4,200,5,11,15,4.7218618595056,True,True,,perf/incremental-yamada-frontier-order,1d8374f42cccbb16d78d44100a65ca603d7d1997,3.14.7,macOS-26.6.2-arm64-arm-64bit-Mach-O,arm,0.040126250009052455,0.14858579193241894,0.04794741596560925,0.010086624999530613,0.01114750001579523,0.021962834056466818,3.7624966353178024e-05,0.011412542080506682,0.012038082932122052,0.001330625033006072,0.0467817090684548,0.11599783308338374,8.899997919797897e-05,0.20151958300266415,0.025978416902944446,0.2274979999056086,2.516701351851225e-05,0.00015241699293255806,0.14197624998632818,0.3306882919277996,0.5366674170363694
4983,random_4980,random_cycle_chord,20260823,crossing_rich,5,200,6,11,16,4.654558245891464,True,True,,perf/incremental-yamada-frontier-order,1d8374f42cccbb16d78d44100a65ca603d7d1997,3.14.7,macOS-26.6.2-arm64-arm-64bit-Mach-O,arm,0.04360512504354119,0.15270445798523724,0.04540779103990644,0.011431375052779913,0.01272637490183115,0.025007291929796338,4.641700070351362e-05,0.012986000045202672,0.013913415954448283,0.0016951250145211816,0.05364824994467199,0.12325620802585036,0.00010520906653255224,0.24034487502649426,0.03740662499330938,0.27775150001980364,4.641606938093901e-05,0.0002169999061152339,0.16066283301915973,0.35697241604793817,0.6022397079505026
4984,random_4981,random_cycle_chord,20260823,crossing_rich,5,200,5,8,12,4.296295935621798,True,True,,perf/incremental-yamada-frontier-order,1d8374f42cccbb16d78d44100a65ca603d7d1997,3.14.7,macOS-26.6.2-arm64-arm-64bit-Mach-O,arm,0.03536433388944715,0.1687194579280913,0.04436966706998646,0.012392165954224765,0.014106458984315395,0.027664166991598904,4.87080542370677e-05,0.014335124986246228,0.015072167036123574,0.001585833029821515,0.05870600009802729,0.12962383404374123,0.00020108302123844624,0.19147733296267688,0.03766987507697195,0.22914720803964883,6.233400199562311e-05,0.00019958300981670618,0.16729370912071317,0.3713775009382516,0.5679924580035731
4985,random_4982,random_cycle_chord,20260823,crossing_rich,2,200,4,9,12,5.6617361456482245,True,True,,perf/incremental-yamada-frontier-order,1d8374f42cccbb16d78d44100a65ca603d7d1997,3.14.7,macOS-26.6.2-arm64-arm-64bit-Mach-O,arm,0.04465445794630796,0.1759888749802485,0.05883162503596395,0.011111082974821329,0.010814041015692055,0.020813875016756356,7.104198448359966e-05,0.010780083015561104,0.010706624947488308,0.0010469169355928898,0.04341854189988226,0.12423737498465925,0.00010325002949684858,0.24904366594273597,0.035439041908830404,0.2844827078515664,3.704102709889412e-05,0.00016270799096673727,0.15967641689348966,0.3803197498200461,0.6347229999955744
4986,random_4983,random_cycle_chord,20260823,baseline,0,200,4,11,14,4.110657109939887,True,True,,perf/incremental-yamada-frontier-order,1d8374f42cccbb16d78d44100a65ca603d7d1997,3.14.7,macOS-26.6.2-arm64-arm-64bit-Mach-O,arm,0.04915329103823751,0.18119083298370242,0.02454833302181214,0.009134083054959774,0.009066791972145438,0.01769733300898224,4.970806185156107e-05,0.009176083956845105,0.009406000026501715,0.0008344999514520168,0.03716362500563264,0.07995937496889383,9.92499990388751e-05,0.20853533304762095,0.012315499945543706,0.22085083299316466,2.2916938178241253e-05,0.00010370905511081219,0.09227487491443753,0.32261899893637747,0.5360493749612942
4987,random_4984,random_cycle_chord,20260823,crossing_rich,5,200,5,8,12,4.2297256501389775,True,True,,perf/incremental-yamada-frontier-order,1d8374f42cccbb16d78d44100a65ca603d7d1997,3.14.7,macOS-26.6.2-arm64-arm-64bit-Mach-O,arm,0.03536987502593547,0.17058691603597254,0.04960874991957098,0.013271749950945377,0.014251166023314,0.02882820798549801,5.387491546571255e-05,0.0148308330681175,0.015421916032209992,0.0015375829534605145,0.06067241495475173,0.13785766705404967,0.00031704199500381947,0.29317279101815075,0.028975167078897357,0.3221479580970481,2.945796586573124e-05,0.00016975007019937038,0.16683283413294703,0.37278962519485503,0.670784458052367
4988,random_4985,random_cycle_chord,20260823,crossing_rich,4,200,5,9,13,6.0752814082923585,True,True,,perf/incremental-yamada-frontier-order,1d8374f42cccbb16d78d44100a65ca603d7d1997,3.14.7,macOS-26.6.2-arm64-arm-64bit-Mach-O,arm,0.04662233300041407,0.16194850008469075,0.06526950001716614,0.011020291945897043,0.012180707999505103,0.024354833061806858,4.754203837364912e-05,0.012590125086717308,0.013547166949138045,0.0014114159857854247,0.051951083121821284,0.14048304199241102,9.837502148002386e-05,0.190741749946028,0.02770683402195573,0.21844858396798372,2.90420139208436e-05,0.00016912491992115974,0.16818987601436675,0.37676070909947157,0.5723713749321178
4989,random_4986,random_cycle_chord,20260823,crossing_rich,4,200,5,9,13,6.076638474074208,True,True,,perf/incremental-yamada-frontier-order,1d8374f42cccbb16d78d44100a65ca603d7d1997,3.14.7,macOS-26.6.2-arm64-arm-64bit-Mach-O,arm,0.046694832970388234,0.15973770804703236,0.059352667070925236,0.010792708955705166,0.011583292041905224,0.023009958094917238,4.033301956951618e-05,0.012159334030002356,0.012672499986365438,0.0013804160989820957,0.04926254122983664,0.13102695893030614,8.416699711233377e-05,0.1827435839222744,0.02712654194328934,0.20987012586556375,2.479099202901125e-05,0.00015374994836747646,0.15815350087359548,0.36458604189101607,0.5520433750934899
4990,random_4987,random_cycle_chord,20260823,crossing_rich,5,200,5,8,12,4.265373579719895,True,True,,perf/incremental-yamada-frontier-order,1d8374f42cccbb16d78d44100a65ca603d7d1997,3.14.7,macOS-26.6.2-arm64-arm-64bit-Mach-O,arm,0.032062332960776985,0.15340050007216632,0.04021175007801503,0.011282416991889477,0.012775917071849108,0.025376665988005698,3.9207981899380684e-05,0.012950125033967197,0.013692707987502217,0.0013970410218462348,0.05345574801322073,0.11776150006335229,0.00017429189756512642,0.26836650003679097,0.03826729208230972,0.3066337921191007,2.4292035959661007e-05,0.0001522080274298787,0.156028792145662,0.3414916251786053,0.6138434580061585
4991,random_4988,random_cycle_chord,20260823,crossing_rich,2,200,4,9,12,5.950796671651436,True,True,,perf/incremental-yamada-frontier-order,1d8374f42cccbb16d78d44100a65ca603d7d1997,3.14.7,macOS-26.6.2-arm64-arm-64bit-Mach-O,arm,0.03969050000887364,0.15076312504243106,0.05575987498741597,0.0083181670634076,0.008845000062137842,0.017436541966162622,3.075005952268839e-05,0.009055416914634407,0.009468291071243584,0.0009346670703962445,0.036925667081959546,0.10987612488679588,7.254094816744328e-05,0.16008641698863357,0.01658416702412069,0.17667058401275426,1.9042054191231728e-05,0.00010583305265754461,0.12646029191091657,0.31691391696222126,0.48120933293830603
4992,random_4989,random_cycle_chord,20260823,crossing_rich,5,200,6,11,16,4.681603018211956,True,True,,perf/incremental-yamada-frontier-order,1d8374f42cccbb16d78d44100a65ca603d7d1997,3.14.7,macOS-26.6.2-arm64-arm-64bit-Mach-O,arm,0.043490540934726596,0.1492561249760911,0.045179958920925856,0.011538250022567809,0.012990833027288318,0.025909499963745475,5.9832935221493244e-05,0.013357542105950415,0.014172499999403954,0.0016334170941263437,0.05513279209844768,0.12489558290690184,9.908294305205345e-05,0.21821966697461903,0.031815084046684206,0.25003475102130324,2.8916983865201473e-05,0.00017354206647723913,0.15671066695358604,0.3494573328644037,0.5727570840390399
4993,random_4990,random_cycle_chord,20260823,crossing_rich,4,200,5,8,12,6.602223687238643,True,True,,perf/incremental-yamada-frontier-order,1d8374f42cccbb16d78d44100a65ca603d7d1997,3.14.7,macOS-26.6.2-arm64-arm-64bit-Mach-O,arm,0.04449074994772673,0.15211650007404387,0.07656125002540648,0.009988000034354627,0.010875500040128827,0.02143750002142042,3.8624973967671394e-05,0.011199375032447278,0.011936416965909302,0.0014285000506788492,0.04604041704442352,0.14349841594230384,0.00016833306290209293,0.1667976250173524,0.02802450000308454,0.19482212502043694,2.5374931283295155e-05,0.00015716697089374065,0.17152291594538838,0.368130165967159,0.5395104169147089
4994,random_4991,random_cycle_chord,20260823,crossing_rich,2,200,4,8,11,6.591397456359038,True,True,,perf/incremental-yamada-frontier-order,1d8374f42cccbb16d78d44100a65ca603d7d1997,3.14.7,macOS-26.6.2-arm64-arm-64bit-Mach-O,arm,0.04047675000037998,0.15544662496540695,0.05782383296173066,0.008732249960303307,0.009020125027745962,0.017723041935823858,3.391609061509371e-05,0.009243333013728261,0.009693542029708624,0.0010461669880896807,0.03774000005796552,0.11334691697265953,7.275003008544445e-05,0.1532812089426443,0.01881487504579127,0.17209608398843557,2.062495332211256e-05,0.00012370804324746132,0.1321617920184508,0.32808516698423773,0.48570012499112636
4995,random_4992,random_cycle_chord,20260823,crossing_rich,2,200,4,9,12,5.817800832318168,True,True,,perf/incremental-yamada-frontier-order,1d8374f42cccbb16d78d44100a65ca603d7d1997,3.14.7,macOS-26.6.2-arm64-arm-64bit-Mach-O,arm,0.03994787496048957,0.16083029098808765,0.05498487502336502,0.00916724989656359,0.009294250048696995,0.018336541950702667,3.316602669656277e-05,0.009506749920547009,0.01022525003645569,0.00106712500564754,0.03916883294004947,0.11264333303552121,8.620892185717821e-05,0.1719739589607343,0.019544165930710733,0.19151812489144504,2.1208077669143677e-05,0.00012233294546604156,0.13218749896623194,0.33296566491480917,0.5096040830248967
4996,random_4993,random_cycle_chord,20260823,crossing_rich,2,200,4,9,12,6.074048373120019,True,True,,perf/incremental-yamada-frontier-order,1d8374f42cccbb16d78d44100a65ca603d7d1997,3.14.7,macOS-26.6.2-arm64-arm-64bit-Mach-O,arm,0.04277262499090284,0.16155308298766613,0.05327458295505494,0.009687833953648806,0.009882915997877717,0.019428999978117645,3.483297768980265e-05,0.01033612503670156,0.01045000005979091,0.0009789579780772328,0.04122891603037715,0.11410508293192834,7.933296728879213e-05,0.17120129195973277,0.016817291965708137,0.1880185839254409,2.0749983377754688e-05,0.000116499955765903,0.13092237489763647,0.33524808287620544,0.5109532079659402
4997,random_4994,random_cycle_chord,20260823,crossing_rich,5,200,5,8,12,4.23546247195093,True,True,,perf/incremental-yamada-frontier-order,1d8374f42cccbb16d78d44100a65ca603d7d1997,3.14.7,macOS-26.6.2-arm64-arm-64bit-Mach-O,arm,0.03353833395522088,0.16315429203677922,0.05310033296700567,0.013070916989818215,0.014553124899975955,0.028870333917438984,0.00010329089127480984,0.015041125006973743,0.015824791975319386,0.0016304170712828636,0.061469958862289786,0.14229454204905778,0.00024633307475596666,0.3131448329659179,0.04332116700243205,0.35646599996834993,3.708305303007364e-05,0.0002176659181714058,0.18561570905148983,0.38230833504348993,0.6999688750365749
4998,random_4995,random_cycle_chord,20260823,crossing_rich,3,200,4,10,13,4.082635613329366,True,True,,perf/incremental-yamada-frontier-order,1d8374f42cccbb16d78d44100a65ca603d7d1997,3.14.7,macOS-26.6.2-arm64-arm-64bit-Mach-O,arm,0.03618012508377433,0.16433091601356864,0.039034334011375904,0.010571707971394062,0.010730458074249327,0.02105662494432181,3.37500823661685e-05,0.011063124984502792,0.01128637499641627,0.0010712920920923352,0.04451116709969938,0.10487754200585186,9.208405390381813e-05,0.18900845805183053,0.020027999999001622,0.20903645805083215,2.1791900508105755e-05,0.0001277499832212925,0.12490554200485349,0.32541658310219646,0.5192651670658961
4999,random_4996,random_cycle_chord,20260823,crossing_rich,5,200,5,8,12,4.2017010604947,True,True,,perf/incremental-yamada-frontier-order,1d8374f42cccbb16d78d44100a65ca603d7d1997,3.14.7,macOS-26.6.2-arm64-arm-64bit-Mach-O,arm,0.033551375032402575,0.1620227500097826,0.04482904204633087,0.012030582991428673,0.013392584049142897,0.026442541973665357,4.354200791567564e-05,0.013674541027285159,0.014925124938599765,0.0014372500590980053,0.05652300000656396,0.12681270902976394,0.000298250000923872,0.291195125086233,0.02802237495779991,0.31921750004403293,2.675002906471491e-05,0.00016058399342000484,0.15483508398756385,0.35040920902974904,0.6462418750161305
